2.039999999999999984e-04 2.555258750915527344e+00
3.847000000000000159e-03 2.555258750915527344e+00
7.159999999999999698e-03 2.555258750915527344e+00
1.046799999999999987e-02 2.555258750915527344e+00
1.376299999999999919e-02 2.555258750915527344e+00
1.704400000000000012e-02 2.555258750915527344e+00
2.036500000000000116e-02 2.555258750915527344e+00
2.364499999999999935e-02 2.560433387756347656e+00
2.694099999999999967e-02 2.560433387756347656e+00
3.024500000000000105e-02 2.560433387756347656e+00
3.352999999999999731e-02 2.560433387756347656e+00
3.683299999999999769e-02 2.560433387756347656e+00
4.015900000000000025e-02 2.560433387756347656e+00
4.358700000000000074e-02 2.560433387756347656e+00
4.703299999999999842e-02 2.560433387756347656e+00
5.034500000000000086e-02 2.560433387756347656e+00
5.378399999999999848e-02 2.560433387756347656e+00
5.731800000000000089e-02 2.560433387756347656e+00
6.328999999999999904e-02 2.560433387756347656e+00
6.674099999999999477e-02 2.565608024597167969e+00
7.002999999999999503e-02 2.560433387756347656e+00
7.349100000000000077e-02 2.555258750915527344e+00
7.693500000000000338e-02 2.555258750915527344e+00
8.038900000000000212e-02 2.555258750915527344e+00
8.367900000000000338e-02 2.550084114074707031e+00
8.701599999999999613e-02 2.550084114074707031e+00
9.032999999999999363e-02 2.555258750915527344e+00
9.407100000000000184e-02 2.555258750915527344e+00
9.753900000000000070e-02 2.555258750915527344e+00
1.009950000000000014e-01 2.555258750915527344e+00
1.042789999999999967e-01 2.550084114074707031e+00
1.075789999999999941e-01 2.550084114074707031e+00
1.110410000000000008e-01 2.550084114074707031e+00
1.143379999999999952e-01 2.550084114074707031e+00
1.177860000000000018e-01 2.550084114074707031e+00
1.210890000000000022e-01 2.555258750915527344e+00
1.245369999999999949e-01 2.560433387756347656e+00
1.279849999999999877e-01 2.560433387756347656e+00
1.312979999999999980e-01 2.560433387756347656e+00
1.347349999999999937e-01 2.560433387756347656e+00
1.380419999999999980e-01 2.560433387756347656e+00
1.413379999999999914e-01 2.560433387756347656e+00
1.447789999999999910e-01 2.560433387756347656e+00
1.480710000000000082e-01 2.560433387756347656e+00
1.513799999999999868e-01 2.560433387756347656e+00
1.546740000000000059e-01 2.560433387756347656e+00
1.579780000000000073e-01 2.565608024597167969e+00
1.612699999999999967e-01 2.560433387756347656e+00
1.645649999999999891e-01 2.560433387756347656e+00
1.678570000000000062e-01 2.560433387756347656e+00
1.735750000000000071e-01 2.555258750915527344e+00
1.768990000000000007e-01 2.555258750915527344e+00
1.803760000000000085e-01 2.555258750915527344e+00
1.836969999999999992e-01 2.555258750915527344e+00
1.871470000000000078e-01 2.555258750915527344e+00
1.904440000000000022e-01 2.550084114074707031e+00
1.937439999999999996e-01 2.550084114074707031e+00
1.970330000000000137e-01 2.550084114074707031e+00
2.003459999999999963e-01 2.550084114074707031e+00
2.037930000000000019e-01 2.550084114074707031e+00
2.070849999999999913e-01 2.550084114074707031e+00
2.105489999999999862e-01 2.550084114074707031e+00
2.138460000000000083e-01 2.555258750915527344e+00
2.169649999999999912e-01 2.550084114074707031e+00
2.202800000000000036e-01 2.555258750915527344e+00
2.237149999999999972e-01 2.555258750915527344e+00
2.271660000000000068e-01 2.560433387756347656e+00
2.304650000000000032e-01 2.560433387756347656e+00
2.339120000000000088e-01 2.560433387756347656e+00
2.373639999999999917e-01 2.565608024597167969e+00
2.406729999999999980e-01 2.565608024597167969e+00
2.439600000000000102e-01 2.560433387756347656e+00
2.472679999999999878e-01 2.560433387756347656e+00
2.505530000000000257e-01 2.560433387756347656e+00
2.538329999999999753e-01 2.560433387756347656e+00
2.571550000000000225e-01 2.565608024597167969e+00
2.604819999999999913e-01 2.565608024597167969e+00
2.639020000000000254e-01 2.565608024597167969e+00
2.673409999999999953e-01 2.560433387756347656e+00
2.706470000000000264e-01 2.555258750915527344e+00
2.739369999999999861e-01 2.555258750915527344e+00
2.824249999999999816e-01 2.550084114074707031e+00
2.935229999999999784e-01 2.550084114074707031e+00
3.002020000000000244e-01 2.550084114074707031e+00
3.035370000000000013e-01 2.550084114074707031e+00
3.068420000000000036e-01 2.550084114074707031e+00
3.102079999999999838e-01 2.555258750915527344e+00
3.136030000000000206e-01 2.550084114074707031e+00
3.168949999999999823e-01 2.555258750915527344e+00
3.203570000000000029e-01 2.560433387756347656e+00
3.236410000000000120e-01 2.565608024597167969e+00
3.269449999999999856e-01 2.565608024597167969e+00
3.304030000000000022e-01 2.565608024597167969e+00
3.336839999999999806e-01 2.560433387756347656e+00
3.369840000000000058e-01 2.565608024597167969e+00
3.402910000000000101e-01 2.565608024597167969e+00
3.437359999999999860e-01 2.565608024597167969e+00
3.471879999999999966e-01 2.565608024597167969e+00
3.504959999999999742e-01 2.560433387756347656e+00
3.539379999999999749e-01 2.560433387756347656e+00
3.573870000000000102e-01 2.560433387756347656e+00
3.606980000000000186e-01 2.560433387756347656e+00
3.641429999999999945e-01 2.560433387756347656e+00
3.675899999999999723e-01 2.560433387756347656e+00
3.710539999999999949e-01 2.550084114074707031e+00
3.743819999999999926e-01 2.550084114074707031e+00
3.776720000000000077e-01 2.550084114074707031e+00
3.809770000000000101e-01 2.550084114074707031e+00
3.842690000000000272e-01 2.550084114074707031e+00
3.875689999999999968e-01 2.550084114074707031e+00
3.910259999999999847e-01 2.550084114074707031e+00
3.943189999999999751e-01 2.550084114074707031e+00
3.977700000000000125e-01 2.555258750915527344e+00
4.010699999999999821e-01 2.550084114074707031e+00
4.076250000000000151e-01 2.555258750915527344e+00
4.108660000000000090e-01 2.555258750915527344e+00
4.141679999999999806e-01 2.555258750915527344e+00
4.174629999999999730e-01 2.550084114074707031e+00
4.207719999999999794e-01 2.560433387756347656e+00
4.240610000000000213e-01 2.560433387756347656e+00
4.273580000000000156e-01 2.560433387756347656e+00
4.306650000000000200e-01 2.565608024597167969e+00
4.341010000000000146e-01 2.565608024597167969e+00
4.375530000000000252e-01 2.560433387756347656e+00
4.410049999999999804e-01 2.560433387756347656e+00
4.443039999999999767e-01 2.560433387756347656e+00
4.477559999999999873e-01 2.565608024597167969e+00
4.512189999999999812e-01 2.560433387756347656e+00
4.545040000000000191e-01 2.555258750915527344e+00
4.579559999999999742e-01 2.560433387756347656e+00
4.612519999999999953e-01 2.560433387756347656e+00
4.645540000000000225e-01 2.560433387756347656e+00
4.678530000000000189e-01 2.560433387756347656e+00
4.711859999999999937e-01 2.550084114074707031e+00
4.744700000000000029e-01 2.555258750915527344e+00
4.777699999999999725e-01 2.555258750915527344e+00
4.810630000000000184e-01 2.550084114074707031e+00
4.843640000000000168e-01 2.555258750915527344e+00
4.876570000000000071e-01 2.560433387756347656e+00
4.909560000000000035e-01 2.560433387756347656e+00
4.942480000000000206e-01 2.555258750915527344e+00
4.975399999999999823e-01 2.555258750915527344e+00
5.009959999999999969e-01 2.555258750915527344e+00
5.042919999999999625e-01 2.555258750915527344e+00
5.076070000000000304e-01 2.560433387756347656e+00
5.111959999999999837e-01 2.555258750915527344e+00
5.147310000000000496e-01 2.555258750915527344e+00
5.205530000000000435e-01 2.560433387756347656e+00
5.238479999999999803e-01 2.565608024597167969e+00
5.271500000000000075e-01 2.565608024597167969e+00
5.304349999999999898e-01 2.565608024597167969e+00
5.337319999999999842e-01 2.560433387756347656e+00
5.371970000000000356e-01 2.565608024597167969e+00
5.404940000000000300e-01 2.565608024597167969e+00
5.439349999999999463e-01 2.565608024597167969e+00
5.473909999999999609e-01 2.565608024597167969e+00
5.506860000000000088e-01 2.565608024597167969e+00
5.541409999999999947e-01 2.565608024597167969e+00
5.575860000000000261e-01 2.565608024597167969e+00
5.610479999999999912e-01 2.560433387756347656e+00
5.643380000000000063e-01 2.560433387756347656e+00
5.676700000000000079e-01 2.565608024597167969e+00
5.709800000000000431e-01 2.560433387756347656e+00
5.742650000000000254e-01 2.560433387756347656e+00
5.775599999999999623e-01 2.560433387756347656e+00
5.810089999999999977e-01 2.560433387756347656e+00
5.843080000000000496e-01 2.560433387756347656e+00
5.877609999999999779e-01 2.560433387756347656e+00
5.910520000000000218e-01 2.560433387756347656e+00
5.943530000000000202e-01 2.560433387756347656e+00
5.976479999999999571e-01 2.560433387756347656e+00
6.009379999999999722e-01 2.560433387756347656e+00
6.043939999999999868e-01 2.560433387756347656e+00
6.076869999999999772e-01 2.560433387756347656e+00
6.109850000000000003e-01 2.555258750915527344e+00
6.142849999999999699e-01 2.555258750915527344e+00
6.177359999999999518e-01 2.555258750915527344e+00
6.211959999999999704e-01 2.560433387756347656e+00
6.244880000000000431e-01 2.565608024597167969e+00
6.303490000000000482e-01 2.565608024597167969e+00
6.337019999999999875e-01 2.565608024597167969e+00
6.371400000000000396e-01 2.565608024597167969e+00
6.404410000000000380e-01 2.565608024597167969e+00
6.437359999999999749e-01 2.565608024597167969e+00
6.471839999999999815e-01 2.565608024597167969e+00
6.504860000000000086e-01 2.565608024597167969e+00
6.539319999999999578e-01 2.565608024597167969e+00
6.573860000000000259e-01 2.570782661437988281e+00
6.606959999999999500e-01 2.565608024597167969e+00
6.641700000000000381e-01 2.565608024597167969e+00
6.674639999999999462e-01 2.570782661437988281e+00
6.707659999999999734e-01 2.560433387756347656e+00
6.740570000000000173e-01 2.560433387756347656e+00
6.773620000000000196e-01 2.560433387756347656e+00
6.806659999999999933e-01 2.560433387756347656e+00
6.839520000000000044e-01 2.560433387756347656e+00
6.872460000000000235e-01 2.560433387756347656e+00
6.905520000000000547e-01 2.560433387756347656e+00
6.938379999999999548e-01 2.555258750915527344e+00
6.971349999999999492e-01 2.555258750915527344e+00
7.006210000000000493e-01 2.555258750915527344e+00
7.039020000000000277e-01 2.555258750915527344e+00
7.073369999999999935e-01 2.555258750915527344e+00
7.106249999999999512e-01 2.555258750915527344e+00
7.139299999999999535e-01 2.555258750915527344e+00
7.173869999999999969e-01 2.555258750915527344e+00
7.206909999999999705e-01 2.560433387756347656e+00
7.239830000000000432e-01 2.565608024597167969e+00
7.272729999999999473e-01 2.565608024597167969e+00
7.305859999999999577e-01 2.565608024597167969e+00
7.338710000000000511e-01 2.565608024597167969e+00
7.402440000000000131e-01 2.565608024597167969e+00
7.436880000000000157e-01 2.565608024597167969e+00
7.471280000000000143e-01 2.565608024597167969e+00
7.505849999999999467e-01 2.565608024597167969e+00
7.538759999999999906e-01 2.565608024597167969e+00
7.570519999999999472e-01 2.565608024597167969e+00
7.603670000000000151e-01 2.570782661437988281e+00
7.636450000000000182e-01 2.565608024597167969e+00
7.669430000000000414e-01 2.570782661437988281e+00
7.702390000000000070e-01 2.565608024597167969e+00
7.735600000000000254e-01 2.570782661437988281e+00
7.769989999999999952e-01 2.741543769836425781e+00
7.802930000000000144e-01 4.790682792663574219e+00
7.837410000000000210e-01 4.790682792663574219e+00
7.871970000000000356e-01 4.790682792663574219e+00
7.904930000000000012e-01 4.790682792663574219e+00
7.939380000000000326e-01 4.790682792663574219e+00
7.973890000000000144e-01 4.790682792663574219e+00
8.006990000000000496e-01 1.784244537353515625e+00
8.041490000000000027e-01 1.908434867858886719e+00
8.075900000000000301e-01 1.960180282592773438e+00
8.110270000000000534e-01 1.986053466796875000e+00
8.143399999999999528e-01 2.001577377319335938e+00
8.177900000000000169e-01 2.022275924682617188e+00
8.210880000000000400e-01 2.042974472045898438e+00
8.242340000000000222e-01 2.058497428894042969e+00
8.275320000000000453e-01 2.074021339416503906e+00
8.309760000000000479e-01 2.084370613098144531e+00
8.342709999999999848e-01 2.094719886779785156e+00
8.375700000000000367e-01 2.110243797302246094e+00
8.410330000000000306e-01 2.120593070983886719e+00
8.473889999999999478e-01 2.524210929870605469e+00
8.510010000000000074e-01 1.856688499450683594e+00
8.543250000000000011e-01 1.996402740478515625e+00
8.577700000000000324e-01 1.980878829956054688e+00
8.610640000000000516e-01 1.980878829956054688e+00
8.645190000000000374e-01 2.534560203552246094e+00
8.679729999999999945e-01 2.006752014160156250e+00
8.712699999999999889e-01 2.063672065734863281e+00
8.745680000000000121e-01 2.058497428894042969e+00
8.778599999999999737e-01 2.053322792053222656e+00
8.811649999999999761e-01 2.032625198364257812e+00
8.844490000000000407e-01 2.027450561523437500e+00
8.877509999999999568e-01 2.017101287841796875e+00
8.912120000000000042e-01 2.011926651000976562e+00
8.945039999999999658e-01 2.001577377319335938e+00
8.979570000000000052e-01 1.996402740478515625e+00
9.012459999999999916e-01 1.991228103637695312e+00
9.045450000000000434e-01 1.986053466796875000e+00
9.078370000000000051e-01 1.986053466796875000e+00
9.112829999999999542e-01 1.980878829956054688e+00
9.147480000000000055e-01 1.975704193115234375e+00
9.182869999999999644e-01 1.970529556274414062e+00
9.265660000000000007e-01 1.980878829956054688e+00
9.299239999999999728e-01 3.145162582397460938e+00
9.401469999999999549e-01 2.182687759399414062e+00
9.491000000000000547e-01 2.151640892028808594e+00
9.575839999999999907e-01 2.120593070983886719e+00
9.609389999999999876e-01 2.094719886779785156e+00
9.642889999999999517e-01 2.079195976257324219e+00
9.677210000000000534e-01 2.074021339416503906e+00
9.711790000000000145e-01 2.063672065734863281e+00
9.744690000000000296e-01 2.058497428894042969e+00
9.777639999999999665e-01 2.048149108886718750e+00
9.810659999999999936e-01 2.048149108886718750e+00
9.843650000000000455e-01 2.063672065734863281e+00
9.876530000000000031e-01 2.694972991943359375e+00
9.909550000000000303e-01 2.255132675170898438e+00
9.942389999999999839e-01 2.234434127807617188e+00
9.975380000000000358e-01 2.270656585693359375e+00
1.001004000000000005e+00 2.270656585693359375e+00
1.006383999999999945e+00 2.260307312011718750e+00
1.010539999999999994e+00 2.249958038330078125e+00
1.014899999999999913e+00 2.234434127807617188e+00
1.020996999999999932e+00 2.224084854125976562e+00
1.025050999999999934e+00 2.218910217285156250e+00
1.029091999999999896e+00 2.213735580444335938e+00
1.033161999999999914e+00 2.203386306762695312e+00
1.037212999999999941e+00 2.198211669921875000e+00
1.041277999999999926e+00 2.193037033081054688e+00
1.045311000000000101e+00 2.187862396240234375e+00
1.049338000000000104e+00 2.182687759399414062e+00
1.053438000000000097e+00 2.270656585693359375e+00
1.057488999999999901e+00 2.938179016113281250e+00
1.061542999999999903e+00 2.156815528869628906e+00
1.068637000000000059e+00 2.281004905700683594e+00
1.072861999999999982e+00 2.291354179382324219e+00
1.076907000000000059e+00 2.281004905700683594e+00
1.081023000000000067e+00 2.270656585693359375e+00
1.085058000000000078e+00 2.260307312011718750e+00
1.089107000000000047e+00 2.255132675170898438e+00
1.093193999999999999e+00 2.244783401489257812e+00
1.097244000000000108e+00 2.239608764648437500e+00
1.101326000000000027e+00 2.234434127807617188e+00
1.105380000000000029e+00 2.218910217285156250e+00
1.109440999999999899e+00 2.213735580444335938e+00
1.113618999999999915e+00 2.208560943603515625e+00
1.117817999999999978e+00 2.203386306762695312e+00
1.121906999999999988e+00 2.198211669921875000e+00
1.125985999999999931e+00 2.218910217285156250e+00
1.130114000000000063e+00 4.785508155822753906e+00
1.134147999999999934e+00 2.130942344665527344e+00
1.138268000000000058e+00 2.291354179382324219e+00
1.142460000000000031e+00 2.322402000427246094e+00
1.146560000000000024e+00 2.322402000427246094e+00
1.150733000000000006e+00 2.327576637268066406e+00
1.154816999999999982e+00 2.327576637268066406e+00
1.158911000000000024e+00 2.322402000427246094e+00
1.163084999999999924e+00 2.317227363586425781e+00
1.167183999999999999e+00 2.312052726745605469e+00
1.171324000000000032e+00 2.301703453063964844e+00
1.175442000000000098e+00 2.296528816223144531e+00
1.182960999999999929e+00 2.286179542541503906e+00
1.187243999999999966e+00 2.270656585693359375e+00
1.191468999999999889e+00 2.275830268859863281e+00
1.195596000000000103e+00 2.374148368835449219e+00
1.199716999999999922e+00 2.607005119323730469e+00
1.203926000000000052e+00 2.358624458312988281e+00
1.208051999999999904e+00 2.244783401489257812e+00
1.212279000000000106e+00 2.306878089904785156e+00
1.216417000000000082e+00 2.337925910949707031e+00
1.220763000000000043e+00 2.358624458312988281e+00
1.224912000000000001e+00 2.374148368835449219e+00
1.229052000000000033e+00 2.379323005676269531e+00
1.233222000000000040e+00 2.384497642517089844e+00
1.237374999999999892e+00 2.384497642517089844e+00
1.241541999999999923e+00 2.389671325683593750e+00
1.245700000000000029e+00 2.389671325683593750e+00
1.249868999999999897e+00 2.389671325683593750e+00
1.254096000000000100e+00 2.389671325683593750e+00
1.258256999999999959e+00 2.394845962524414062e+00
1.262497999999999898e+00 2.389671325683593750e+00
1.266672000000000020e+00 2.389671325683593750e+00
1.270925000000000082e+00 2.384497642517089844e+00
1.275114000000000081e+00 2.379323005676269531e+00
1.279398000000000035e+00 2.384497642517089844e+00
1.287592999999999988e+00 1.716974258422851562e+00
1.304991000000000012e+00 2.265481948852539062e+00
1.315310999999999897e+00 2.317227363586425781e+00
1.320584999999999898e+00 2.322402000427246094e+00
1.324815999999999994e+00 2.332751274108886719e+00
1.329024999999999901e+00 2.332751274108886719e+00
1.333315999999999946e+00 2.332751274108886719e+00
1.337580999999999909e+00 2.332751274108886719e+00
1.341822000000000070e+00 2.337925910949707031e+00
1.346030999999999977e+00 2.337925910949707031e+00
1.350327000000000055e+00 2.337925910949707031e+00
1.354565999999999937e+00 2.332751274108886719e+00
1.358788000000000107e+00 2.332751274108886719e+00
1.363089999999999913e+00 2.353449821472167969e+00
1.367318000000000033e+00 2.808814048767089844e+00
1.371606000000000103e+00 2.348275184631347656e+00
1.375847999999999960e+00 2.213735580444335938e+00
1.380160999999999971e+00 2.260307312011718750e+00
1.384419999999999984e+00 2.296528816223144531e+00
1.388655999999999890e+00 2.306878089904785156e+00
1.392975999999999992e+00 2.317227363586425781e+00
1.397226999999999997e+00 2.322402000427246094e+00
1.401494000000000018e+00 2.327576637268066406e+00
1.405751999999999891e+00 2.327576637268066406e+00
1.410004999999999953e+00 2.337925910949707031e+00
1.414288999999999907e+00 2.343100547790527344e+00
1.418568000000000051e+00 2.343100547790527344e+00
1.426179000000000086e+00 2.348275184631347656e+00
1.430609000000000020e+00 2.348275184631347656e+00
1.434887000000000024e+00 2.348275184631347656e+00
1.439211999999999936e+00 2.348275184631347656e+00
1.443546999999999914e+00 2.348275184631347656e+00
1.447831000000000090e+00 2.343100547790527344e+00
1.452148999999999912e+00 2.343100547790527344e+00
1.455395999999999912e+00 2.798464775085449219e+00
1.459664999999999990e+00 4.707889556884765625e+00
1.464032000000000000e+00 2.120593070983886719e+00
1.468339000000000061e+00 2.198211669921875000e+00
1.472739999999999938e+00 2.218910217285156250e+00
1.477060000000000040e+00 2.229259490966796875e+00
1.481400000000000050e+00 2.239608764648437500e+00
1.485713000000000061e+00 2.239608764648437500e+00
1.490024999999999933e+00 2.239608764648437500e+00
1.494493000000000071e+00 2.244783401489257812e+00
1.498817000000000066e+00 2.239608764648437500e+00
1.503317000000000014e+00 2.239608764648437500e+00
1.507656000000000107e+00 2.244783401489257812e+00
1.512008999999999936e+00 2.239608764648437500e+00
1.516342999999999996e+00 2.239608764648437500e+00
1.520755999999999997e+00 2.239608764648437500e+00
1.525233000000000061e+00 2.244783401489257812e+00
1.529585999999999890e+00 2.239608764648437500e+00
1.534728000000000092e+00 2.239608764648437500e+00
1.542453000000000074e+00 2.239608764648437500e+00
1.546823999999999977e+00 2.234434127807617188e+00
1.551236999999999977e+00 2.234434127807617188e+00
1.555631999999999904e+00 2.234434127807617188e+00
1.560014000000000012e+00 2.234434127807617188e+00
1.564427000000000012e+00 2.229259490966796875e+00
1.568821000000000021e+00 2.234434127807617188e+00
1.573283999999999905e+00 2.224084854125976562e+00
1.577677999999999914e+00 2.224084854125976562e+00
1.582071000000000005e+00 2.224084854125976562e+00
1.586478000000000055e+00 2.224084854125976562e+00
1.590969999999999995e+00 2.234434127807617188e+00
1.595388000000000028e+00 2.327576637268066406e+00
1.599792000000000103e+00 3.905827522277832031e+00
1.604241000000000028e+00 4.402588844299316406e+00
1.608657999999999921e+00 2.374148368835449219e+00
1.613175000000000026e+00 2.218910217285156250e+00
1.617596000000000034e+00 2.255132675170898438e+00
1.622028000000000025e+00 2.286179542541503906e+00
1.626487000000000016e+00 2.317227363586425781e+00
1.631021000000000054e+00 2.327576637268066406e+00
1.635458000000000078e+00 2.343100547790527344e+00
1.639969000000000010e+00 2.363799095153808594e+00
1.644066000000000027e+00 2.368973731994628906e+00
1.649645000000000028e+00 2.374148368835449219e+00
1.653772999999999938e+00 2.379323005676269531e+00
1.657548000000000021e+00 2.384497642517089844e+00
1.660555999999999921e+00 2.389671325683593750e+00
1.664247999999999950e+00 2.394845962524414062e+00
1.668036000000000074e+00 2.394845962524414062e+00
1.671834000000000042e+00 2.394845962524414062e+00
1.675618999999999970e+00 2.394845962524414062e+00
1.679408999999999930e+00 2.389671325683593750e+00
1.683219000000000021e+00 2.394845962524414062e+00
1.687014999999999931e+00 2.394845962524414062e+00
1.690863999999999923e+00 2.389671325683593750e+00
1.694661999999999891e+00 2.394845962524414062e+00
1.698458999999999941e+00 2.394845962524414062e+00
1.702326999999999924e+00 2.389671325683593750e+00
1.706123000000000056e+00 2.389671325683593750e+00
1.709932999999999925e+00 2.389671325683593750e+00
1.713724999999999943e+00 2.389671325683593750e+00
1.717533999999999894e+00 2.389671325683593750e+00
1.721351000000000075e+00 2.394845962524414062e+00
1.725160999999999945e+00 2.394845962524414062e+00
1.729033999999999960e+00 2.394845962524414062e+00
1.732853999999999894e+00 2.400020599365234375e+00
1.736669999999999936e+00 2.394845962524414062e+00
1.740544000000000091e+00 2.394845962524414062e+00
1.744355000000000100e+00 2.394845962524414062e+00
1.748175000000000034e+00 2.405195236206054688e+00
1.752070999999999934e+00 2.886432647705078125e+00
1.758175999999999961e+00 3.284876823425292969e+00
1.762285000000000101e+00 2.726019859313964844e+00
1.766119999999999912e+00 2.260307312011718750e+00
1.769943000000000044e+00 2.358624458312988281e+00
1.773819000000000035e+00 2.379323005676269531e+00
1.777652000000000010e+00 2.394845962524414062e+00
1.781665000000000054e+00 2.405195236206054688e+00
1.785509999999999931e+00 2.410369873046875000e+00
1.789349000000000078e+00 2.420719146728515625e+00
1.793218999999999896e+00 2.425893783569335938e+00
1.797066000000000052e+00 2.425893783569335938e+00
1.800925000000000109e+00 2.425893783569335938e+00
1.804772999999999961e+00 2.425893783569335938e+00
1.808640000000000025e+00 2.431068420410156250e+00
1.812569000000000097e+00 2.425893783569335938e+00
1.816418000000000088e+00 2.431068420410156250e+00
1.820332999999999979e+00 2.431068420410156250e+00
1.824200000000000044e+00 2.436243057250976562e+00
1.828308000000000044e+00 2.431068420410156250e+00
1.832273999999999958e+00 2.431068420410156250e+00
1.836141999999999941e+00 2.431068420410156250e+00
1.840006000000000030e+00 2.431068420410156250e+00
1.843876000000000071e+00 2.436243057250976562e+00
1.847733999999999988e+00 2.431068420410156250e+00
1.851639999999999953e+00 2.431068420410156250e+00
1.855515999999999943e+00 2.431068420410156250e+00
1.859386999999999901e+00 2.425893783569335938e+00
1.863256999999999941e+00 2.425893783569335938e+00
1.867202000000000028e+00 2.425893783569335938e+00
1.873029999999999973e+00 2.415544509887695312e+00
1.877137999999999973e+00 2.410369873046875000e+00
1.881057999999999897e+00 2.410369873046875000e+00
1.884964000000000084e+00 2.410369873046875000e+00
1.888865000000000016e+00 2.410369873046875000e+00
1.892856000000000094e+00 2.410369873046875000e+00
1.896776000000000018e+00 2.410369873046875000e+00
1.900748000000000104e+00 2.410369873046875000e+00
1.904668000000000028e+00 2.405195236206054688e+00
1.908587000000000033e+00 2.405195236206054688e+00
1.912565999999999988e+00 2.405195236206054688e+00
1.916490999999999945e+00 2.405195236206054688e+00
1.919578999999999924e+00 2.410369873046875000e+00
1.925143999999999966e+00 2.420719146728515625e+00
1.933100000000000041e+00 2.410369873046875000e+00
1.937009999999999899e+00 2.405195236206054688e+00
1.940962000000000076e+00 2.410369873046875000e+00
1.944895999999999958e+00 2.410369873046875000e+00
1.948836000000000013e+00 2.410369873046875000e+00
1.951978999999999909e+00 2.405195236206054688e+00
1.955819999999999892e+00 2.405195236206054688e+00
1.959765999999999897e+00 2.405195236206054688e+00
1.967082999999999915e+00 2.405195236206054688e+00
1.973017999999999939e+00 3.585002899169921875e+00
1.987873999999999919e+00 2.249958038330078125e+00
1.992228000000000110e+00 2.260307312011718750e+00
1.996186999999999934e+00 2.255132675170898438e+00
2.000208999999999904e+00 2.255132675170898438e+00
2.004160999999999859e+00 2.244783401489257812e+00
2.008119999999999905e+00 2.239608764648437500e+00
2.012162000000000006e+00 2.234434127807617188e+00
2.016121000000000052e+00 2.218910217285156250e+00
2.020138999999999907e+00 2.218910217285156250e+00
2.024105000000000043e+00 2.218910217285156250e+00
2.028074999999999850e+00 2.218910217285156250e+00
2.032134000000000107e+00 2.213735580444335938e+00
2.036160999999999888e+00 2.213735580444335938e+00
2.040249000000000201e+00 2.208560943603515625e+00
2.043340999999999852e+00 2.208560943603515625e+00
2.047212000000000032e+00 2.208560943603515625e+00
2.051213999999999871e+00 2.208560943603515625e+00
2.055184000000000122e+00 2.208560943603515625e+00
2.059171999999999780e+00 2.213735580444335938e+00
2.063156999999999908e+00 2.213735580444335938e+00
2.067143000000000175e+00 2.213735580444335938e+00
2.071140000000000203e+00 2.208560943603515625e+00
2.075126000000000026e+00 2.208560943603515625e+00
2.079120000000000079e+00 2.834687232971191406e+00
2.083112999999999992e+00 1.597959518432617188e+00
2.087104000000000070e+00 2.167163848876953125e+00
2.090101999999999904e+00 2.203386306762695312e+00
2.093993000000000215e+00 2.213735580444335938e+00
2.099933000000000050e+00 2.224084854125976562e+00
2.103994999999999838e+00 2.229259490966796875e+00
2.107997000000000121e+00 2.229259490966796875e+00
2.112105000000000121e+00 2.224084854125976562e+00
2.116124000000000116e+00 2.224084854125976562e+00
2.120185999999999904e+00 2.218910217285156250e+00
2.124203000000000063e+00 2.224084854125976562e+00
2.128220999999999918e+00 2.218910217285156250e+00
2.132321999999999829e+00 2.213735580444335938e+00
2.136369999999999880e+00 2.213735580444335938e+00
2.140458999999999889e+00 2.218910217285156250e+00
2.143572999999999951e+00 2.218910217285156250e+00
2.147508999999999890e+00 2.213735580444335938e+00
2.151569999999999983e+00 2.213735580444335938e+00
2.155593999999999788e+00 2.213735580444335938e+00
2.159619999999999873e+00 2.213735580444335938e+00
2.163637000000000032e+00 2.218910217285156250e+00
2.167701000000000100e+00 2.218910217285156250e+00
2.171781999999999879e+00 2.213735580444335938e+00
2.175812000000000079e+00 2.213735580444335938e+00
2.179863999999999802e+00 2.213735580444335938e+00
2.183914999999999829e+00 2.213735580444335938e+00
2.187975999999999921e+00 2.213735580444335938e+00
2.192063000000000095e+00 2.213735580444335938e+00
2.196117999999999792e+00 2.208560943603515625e+00
2.200238999999999834e+00 2.213735580444335938e+00
2.203354000000000035e+00 2.208560943603515625e+00
2.207333000000000212e+00 2.208560943603515625e+00
2.213375000000000092e+00 2.208560943603515625e+00
2.217664000000000080e+00 2.208560943603515625e+00
2.221757999999999900e+00 2.208560943603515625e+00
2.225829000000000057e+00 2.213735580444335938e+00
2.228944999999999954e+00 2.213735580444335938e+00
2.232993000000000006e+00 2.213735580444335938e+00
2.237106999999999957e+00 2.213735580444335938e+00
2.241211999999999982e+00 2.218910217285156250e+00
2.245296000000000181e+00 2.374148368835449219e+00
2.249379999999999935e+00 4.588873863220214844e+00
2.253448999999999813e+00 2.244783401489257812e+00
2.256613000000000202e+00 2.198211669921875000e+00
2.260667000000000204e+00 2.218910217285156250e+00
2.264778000000000180e+00 2.239608764648437500e+00
2.268872000000000000e+00 2.244783401489257812e+00
2.273035000000000139e+00 2.249958038330078125e+00
2.276155999999999846e+00 2.255132675170898438e+00
2.280203999999999898e+00 2.249958038330078125e+00
2.286636999999999809e+00 2.249958038330078125e+00
2.293086999999999875e+00 2.249958038330078125e+00
2.299872000000000138e+00 2.244783401489257812e+00
2.304270999999999958e+00 2.244783401489257812e+00
2.309895000000000032e+00 2.239608764648437500e+00
2.314130000000000020e+00 2.239608764648437500e+00
2.318277999999999839e+00 2.234434127807617188e+00
2.324367000000000072e+00 2.239608764648437500e+00
2.328717000000000148e+00 2.239608764648437500e+00
2.332933999999999841e+00 2.239608764648437500e+00
2.337108999999999881e+00 2.239608764648437500e+00
2.341263999999999790e+00 2.244783401489257812e+00
2.345455999999999985e+00 2.244783401489257812e+00
2.350375000000000103e+00 2.255132675170898438e+00
2.355354999999999865e+00 2.472465515136718750e+00
2.360411000000000037e+00 3.171035766601562500e+00
2.365399000000000029e+00 4.790682792663574219e+00
2.370438000000000045e+00 2.534560203552246094e+00
2.375401000000000096e+00 2.322402000427246094e+00
2.380454999999999988e+00 2.348275184631347656e+00
2.385444000000000120e+00 2.358624458312988281e+00
2.390498000000000012e+00 2.363799095153808594e+00
2.395481000000000193e+00 2.368973731994628906e+00
2.400542000000000176e+00 2.368973731994628906e+00
2.405565000000000175e+00 2.368973731994628906e+00
2.410616999999999788e+00 2.374148368835449219e+00
2.415629000000000026e+00 2.368973731994628906e+00
2.420700000000000074e+00 2.374148368835449219e+00
2.425699999999999967e+00 2.379323005676269531e+00
2.430775000000000130e+00 2.368973731994628906e+00
2.438817999999999930e+00 2.358624458312988281e+00
2.444091999999999931e+00 2.348275184631347656e+00
2.448856999999999839e+00 2.348275184631347656e+00
2.453095999999999943e+00 2.343100547790527344e+00
2.457285000000000164e+00 2.332751274108886719e+00
2.461485999999999841e+00 2.291354179382324219e+00
2.465675000000000061e+00 2.213735580444335938e+00
2.469863999999999837e+00 2.141291618347167969e+00
2.474088000000000065e+00 2.105069160461425781e+00
2.478275000000000006e+00 2.094719886779785156e+00
2.482531999999999961e+00 2.089545249938964844e+00
2.486727999999999827e+00 2.068846702575683594e+00
2.491006000000000054e+00 1.965354919433593750e+00
2.495197999999999805e+00 1.727323532104492188e+00
2.498362000000000194e+00 1.390974998474121094e+00
2.502553999999999945e+00 1.323705673217773438e+00
2.506762999999999852e+00 1.582435607910156250e+00
2.509945000000000093e+00 2.167163848876953125e+00
2.514161999999999786e+00 4.713064193725585938e+00
2.518371000000000137e+00 1.737672805786132812e+00
2.522644000000000108e+00 1.944656372070312500e+00
2.526851000000000180e+00 2.296528816223144531e+00
2.531095000000000095e+00 3.243479728698730469e+00
2.535305000000000142e+00 4.149033546447753906e+00
2.539524000000000115e+00 4.438810348510742188e+00
2.543778000000000095e+00 4.019668579101562500e+00
2.546974000000000071e+00 3.041670799255371094e+00
2.553265000000000118e+00 2.301703453063964844e+00
2.557717999999999936e+00 1.158118247985839844e+00
2.561980000000000146e+00 8.942146301269531250e-01
2.566211000000000020e+00 8.269443511962890625e-01
2.570520999999999834e+00 1.215039253234863281e+00
2.574783000000000044e+00 1.722148895263671875e+00
2.579019000000000172e+00 2.115418434143066406e+00
2.583272000000000013e+00 2.384497642517089844e+00
2.587521000000000182e+00 2.498338699340820312e+00
2.591801999999999939e+00 2.508687019348144531e+00
2.596054999999999779e+00 2.462116241455078125e+00
2.600363000000000202e+00 2.405195236206054688e+00
2.604620999999999853e+00 2.405195236206054688e+00
2.608880000000000088e+00 2.456941604614257812e+00
2.613204999999999778e+00 2.493164062500000000e+00
2.617462999999999873e+00 2.503512382507324219e+00
2.621735000000000149e+00 2.508687019348144531e+00
2.625998000000000054e+00 2.508687019348144531e+00
2.630326999999999860e+00 2.508687019348144531e+00
2.634614000000000011e+00 2.508687019348144531e+00
2.638879000000000197e+00 2.508687019348144531e+00
2.643216999999999928e+00 2.508687019348144531e+00
2.647556999999999938e+00 2.508687019348144531e+00
2.651872000000000007e+00 2.508687019348144531e+00
2.656153000000000208e+00 2.508687019348144531e+00
2.660496000000000194e+00 2.513861656188964844e+00
2.666650000000000187e+00 2.508687019348144531e+00
2.671184999999999921e+00 2.508687019348144531e+00
2.675467999999999957e+00 2.503512382507324219e+00
2.679765000000000175e+00 2.503512382507324219e+00
2.684053000000000022e+00 2.503512382507324219e+00
2.688353999999999910e+00 2.503512382507324219e+00
2.692734999999999879e+00 2.503512382507324219e+00
2.697030999999999956e+00 2.503512382507324219e+00
2.701338999999999935e+00 2.503512382507324219e+00
2.704517000000000060e+00 2.503512382507324219e+00
2.708721999999999852e+00 2.508687019348144531e+00
2.713112000000000190e+00 2.503512382507324219e+00
2.717432000000000070e+00 2.498338699340820312e+00
2.721766000000000130e+00 2.503512382507324219e+00
2.726106000000000140e+00 2.508687019348144531e+00
2.729344000000000214e+00 2.508687019348144531e+00
2.733677999999999830e+00 2.508687019348144531e+00
2.738005999999999940e+00 2.503512382507324219e+00
2.742385000000000073e+00 2.508687019348144531e+00
2.746843999999999841e+00 2.508687019348144531e+00
2.751132999999999829e+00 2.508687019348144531e+00
2.755468000000000028e+00 2.508687019348144531e+00
2.759802999999999784e+00 2.513861656188964844e+00
2.764117000000000157e+00 2.513861656188964844e+00
2.768444999999999823e+00 2.513861656188964844e+00
2.772857999999999823e+00 2.503512382507324219e+00
2.778936999999999991e+00 2.503512382507324219e+00
2.783573000000000075e+00 2.503512382507324219e+00
2.787938000000000027e+00 2.503512382507324219e+00
2.792380999999999780e+00 2.503512382507324219e+00
2.796745000000000037e+00 2.498338699340820312e+00
2.801140999999999881e+00 2.498338699340820312e+00
2.805539000000000005e+00 2.498338699340820312e+00
2.809912000000000187e+00 2.503512382507324219e+00
2.814332999999999974e+00 2.493164062500000000e+00
2.818712000000000106e+00 2.498338699340820312e+00
2.823139999999999983e+00 2.503512382507324219e+00
2.827519000000000116e+00 2.508687019348144531e+00
2.831926999999999861e+00 2.508687019348144531e+00
2.836304999999999854e+00 2.508687019348144531e+00
2.839526000000000217e+00 2.513861656188964844e+00
2.843958000000000208e+00 2.513861656188964844e+00
2.848371999999999904e+00 2.508687019348144531e+00
2.852793000000000134e+00 2.513861656188964844e+00
2.857158000000000087e+00 2.513861656188964844e+00
2.861546999999999841e+00 2.513861656188964844e+00
2.866044000000000036e+00 2.513861656188964844e+00
2.870493000000000183e+00 2.508687019348144531e+00
2.873762999999999845e+00 2.503512382507324219e+00
2.878073000000000103e+00 2.503512382507324219e+00
2.882549000000000028e+00 2.498338699340820312e+00
2.888803999999999927e+00 2.493164062500000000e+00
2.893489999999999895e+00 2.498338699340820312e+00
2.897889000000000159e+00 2.498338699340820312e+00
2.902382999999999935e+00 2.493164062500000000e+00
2.906787000000000010e+00 2.498338699340820312e+00
2.911194000000000059e+00 2.498338699340820312e+00
2.915613000000000010e+00 2.498338699340820312e+00
2.922341999999999995e+00 2.503512382507324219e+00
2.936821000000000126e+00 2.508687019348144531e+00
2.945227000000000039e+00 2.513861656188964844e+00
2.954651999999999834e+00 2.508687019348144531e+00
2.960869999999999891e+00 2.513861656188964844e+00
2.965308999999999973e+00 2.503512382507324219e+00
2.969727999999999923e+00 2.503512382507324219e+00
2.974190000000000111e+00 2.498338699340820312e+00
2.978626999999999914e+00 2.498338699340820312e+00
2.983133000000000035e+00 2.498338699340820312e+00
2.987566000000000166e+00 2.498338699340820312e+00
2.992026000000000074e+00 2.498338699340820312e+00
2.996475999999999917e+00 2.498338699340820312e+00
3.003157999999999994e+00 2.493164062500000000e+00
3.007716999999999974e+00 2.498338699340820312e+00
3.012192999999999898e+00 2.503512382507324219e+00
3.016631999999999980e+00 2.503512382507324219e+00
3.021152999999999977e+00 2.503512382507324219e+00
3.025605000000000100e+00 2.513861656188964844e+00
3.030113000000000056e+00 2.513861656188964844e+00
3.034555000000000113e+00 2.508687019348144531e+00
3.039016000000000162e+00 2.513861656188964844e+00
3.043492999999999782e+00 2.513861656188964844e+00
3.047953999999999830e+00 2.508687019348144531e+00
3.052521000000000040e+00 2.508687019348144531e+00
3.056973000000000162e+00 2.508687019348144531e+00
3.061463999999999963e+00 2.508687019348144531e+00
3.065935000000000077e+00 2.508687019348144531e+00
3.070476999999999901e+00 2.503512382507324219e+00
3.074943000000000204e+00 2.498338699340820312e+00
3.079397999999999858e+00 2.493164062500000000e+00
3.083982999999999919e+00 2.498338699340820312e+00
3.088461999999999819e+00 2.498338699340820312e+00
3.093008999999999897e+00 2.503512382507324219e+00
3.097482999999999986e+00 2.503512382507324219e+00
3.101966000000000001e+00 2.498338699340820312e+00
3.106453000000000131e+00 2.498338699340820312e+00
3.111022000000000176e+00 2.503512382507324219e+00
3.117550000000000043e+00 2.503512382507324219e+00
3.122164000000000161e+00 2.508687019348144531e+00
3.126653999999999822e+00 2.508687019348144531e+00
3.131206999999999852e+00 2.508687019348144531e+00
3.134570000000000078e+00 2.508687019348144531e+00
3.138980000000000103e+00 2.503512382507324219e+00
3.143524999999999903e+00 2.508687019348144531e+00
3.148028000000000048e+00 2.503512382507324219e+00
3.152705999999999786e+00 2.503512382507324219e+00
3.158243999999999829e+00 2.508687019348144531e+00
3.163809999999999789e+00 2.503512382507324219e+00
3.169334999999999791e+00 2.503512382507324219e+00
3.174980000000000135e+00 2.498338699340820312e+00
3.180560999999999972e+00 2.503512382507324219e+00
3.186075000000000212e+00 2.498338699340820312e+00
3.191676999999999875e+00 2.503512382507324219e+00
3.197207999999999828e+00 2.503512382507324219e+00
3.202738999999999780e+00 2.498338699340820312e+00
3.208263999999999783e+00 2.503512382507324219e+00
3.213868999999999865e+00 2.498338699340820312e+00
3.219383999999999801e+00 2.493164062500000000e+00
3.225049999999999972e+00 2.503512382507324219e+00
3.233575999999999784e+00 2.503512382507324219e+00
3.239196999999999882e+00 2.503512382507324219e+00
3.244893999999999945e+00 2.503512382507324219e+00
3.250531000000000059e+00 2.508687019348144531e+00
3.256114000000000175e+00 2.503512382507324219e+00
3.260817999999999994e+00 2.513861656188964844e+00
3.265439000000000203e+00 2.513861656188964844e+00
3.270086000000000048e+00 2.503512382507324219e+00
3.274687000000000126e+00 2.503512382507324219e+00
3.279291000000000178e+00 2.503512382507324219e+00
3.283900000000000041e+00 2.503512382507324219e+00
3.291021000000000196e+00 2.498338699340820312e+00
3.297642999999999880e+00 2.498338699340820312e+00
3.305029999999999912e+00 2.493164062500000000e+00
3.311914999999999942e+00 2.498338699340820312e+00
3.316809999999999814e+00 2.498338699340820312e+00
3.321480999999999906e+00 2.498338699340820312e+00
3.326130000000000031e+00 2.503512382507324219e+00
3.330837999999999965e+00 2.508687019348144531e+00
3.335485999999999951e+00 2.508687019348144531e+00
3.340231999999999868e+00 2.508687019348144531e+00
3.344984000000000179e+00 2.513861656188964844e+00
3.351526999999999923e+00 2.513861656188964844e+00
3.356437999999999811e+00 2.508687019348144531e+00
3.361222000000000154e+00 2.513861656188964844e+00
3.365869000000000000e+00 2.508687019348144531e+00
3.370607999999999826e+00 2.503512382507324219e+00
3.375248000000000026e+00 2.498338699340820312e+00
3.379884000000000110e+00 2.498338699340820312e+00
3.384525000000000006e+00 2.498338699340820312e+00
3.389171999999999851e+00 2.493164062500000000e+00
3.392561999999999856e+00 2.498338699340820312e+00
3.397126999999999786e+00 2.498338699340820312e+00
3.401803000000000132e+00 2.493164062500000000e+00
3.406461999999999879e+00 2.493164062500000000e+00
3.411159000000000052e+00 2.498338699340820312e+00
3.414560999999999957e+00 2.493164062500000000e+00
3.419141000000000208e+00 2.493164062500000000e+00
3.423799999999999955e+00 2.508687019348144531e+00
3.428450999999999915e+00 2.513861656188964844e+00
3.433158999999999850e+00 2.508687019348144531e+00
3.437777000000000083e+00 2.508687019348144531e+00
3.442518000000000189e+00 2.508687019348144531e+00
3.447191999999999812e+00 2.508687019348144531e+00
3.451875999999999944e+00 2.508687019348144531e+00
3.456611999999999796e+00 2.508687019348144531e+00
3.461494000000000071e+00 2.508687019348144531e+00
3.468408999999999853e+00 2.508687019348144531e+00
3.473235999999999990e+00 2.498338699340820312e+00
3.477917999999999843e+00 2.498338699340820312e+00
3.482791999999999888e+00 2.493164062500000000e+00
3.487477000000000160e+00 2.493164062500000000e+00
3.492196999999999996e+00 2.493164062500000000e+00
3.496896000000000004e+00 2.493164062500000000e+00
3.501599000000000128e+00 2.493164062500000000e+00
3.506283999999999956e+00 2.493164062500000000e+00
3.511060000000000070e+00 2.498338699340820312e+00
3.515763000000000194e+00 2.498338699340820312e+00
3.519153999999999893e+00 2.498338699340820312e+00
3.523794000000000093e+00 2.508687019348144531e+00
3.528490999999999822e+00 2.508687019348144531e+00
3.531991000000000103e+00 2.508687019348144531e+00
3.536618999999999957e+00 2.513861656188964844e+00
3.541341000000000072e+00 2.513861656188964844e+00
3.546005000000000074e+00 2.508687019348144531e+00
3.550809999999999800e+00 2.508687019348144531e+00
3.555553000000000186e+00 2.498338699340820312e+00
3.560629000000000044e+00 2.503512382507324219e+00
3.565348000000000184e+00 2.508687019348144531e+00
3.568789000000000211e+00 2.503512382507324219e+00
3.573624999999999829e+00 2.498338699340820312e+00
3.580694999999999961e+00 2.493164062500000000e+00
3.585465000000000124e+00 2.498338699340820312e+00
3.590272999999999826e+00 2.493164062500000000e+00
3.595003999999999866e+00 2.498338699340820312e+00
3.599737000000000187e+00 2.498338699340820312e+00
3.604439999999999866e+00 2.498338699340820312e+00
3.609210000000000029e+00 2.498338699340820312e+00
3.613936999999999955e+00 2.498338699340820312e+00
3.617382999999999793e+00 2.498338699340820312e+00
3.622075000000000156e+00 2.503512382507324219e+00
3.626752999999999894e+00 2.508687019348144531e+00
3.631464999999999943e+00 2.508687019348144531e+00
3.636198999999999959e+00 2.508687019348144531e+00
3.640991000000000088e+00 2.508687019348144531e+00
3.645738000000000145e+00 2.503512382507324219e+00
3.650501999999999914e+00 2.503512382507324219e+00
3.655305999999999944e+00 2.503512382507324219e+00
3.660168000000000088e+00 2.503512382507324219e+00
3.664934999999999832e+00 2.503512382507324219e+00
3.668398999999999965e+00 2.503512382507324219e+00
3.673137999999999792e+00 2.498338699340820312e+00
3.676524999999999821e+00 2.498338699340820312e+00
3.681246999999999936e+00 2.498338699340820312e+00
3.686107999999999940e+00 2.498338699340820312e+00
3.692854000000000081e+00 2.503512382507324219e+00
3.697922000000000153e+00 2.498338699340820312e+00
3.702808999999999795e+00 2.498338699340820312e+00
3.707587999999999884e+00 2.498338699340820312e+00
3.712390000000000079e+00 2.498338699340820312e+00
3.717156000000000127e+00 2.498338699340820312e+00
3.721960000000000157e+00 2.498338699340820312e+00
3.726738999999999802e+00 2.508687019348144531e+00
3.731545999999999808e+00 2.503512382507324219e+00
3.736329000000000011e+00 2.503512382507324219e+00
3.739774999999999849e+00 2.503512382507324219e+00
3.744641999999999804e+00 2.503512382507324219e+00
3.749429999999999819e+00 2.508687019348144531e+00
3.754226000000000063e+00 2.503512382507324219e+00
3.759631999999999863e+00 2.508687019348144531e+00
3.764791000000000221e+00 2.508687019348144531e+00
3.769566000000000194e+00 2.508687019348144531e+00
3.774432000000000009e+00 2.503512382507324219e+00
3.779711999999999961e+00 2.498338699340820312e+00
3.784586000000000006e+00 2.493164062500000000e+00
3.789397999999999822e+00 2.498338699340820312e+00
3.794235000000000024e+00 2.498338699340820312e+00
3.799052000000000096e+00 2.498338699340820312e+00
3.806084999999999940e+00 2.493164062500000000e+00
3.811360000000000081e+00 2.493164062500000000e+00
3.816190000000000193e+00 2.493164062500000000e+00
3.821080999999999950e+00 2.498338699340820312e+00
3.825905000000000111e+00 2.503512382507324219e+00
3.830811999999999884e+00 2.503512382507324219e+00
3.835669000000000217e+00 2.508687019348144531e+00
3.839144999999999808e+00 2.503512382507324219e+00
3.843973999999999780e+00 2.503512382507324219e+00
3.848819000000000212e+00 2.508687019348144531e+00
3.852400999999999964e+00 2.508687019348144531e+00
3.857177000000000078e+00 2.513861656188964844e+00
3.862032000000000131e+00 2.513861656188964844e+00
3.867213000000000012e+00 2.508687019348144531e+00
3.872082999999999942e+00 2.503512382507324219e+00
3.876911999999999914e+00 2.503512382507324219e+00
3.881819000000000131e+00 2.498338699340820312e+00
3.886992999999999920e+00 2.493164062500000000e+00
3.891866999999999965e+00 2.498338699340820312e+00
3.895389999999999908e+00 2.493164062500000000e+00
3.900274000000000019e+00 2.498338699340820312e+00
3.905092999999999925e+00 2.487989425659179688e+00
3.909949000000000119e+00 2.493164062500000000e+00
3.916897000000000073e+00 2.493164062500000000e+00
3.924516000000000115e+00 2.503512382507324219e+00
3.931735000000000202e+00 2.508687019348144531e+00
3.938660000000000050e+00 2.508687019348144531e+00
3.954680999999999891e+00 2.508687019348144531e+00
3.959708000000000006e+00 2.508687019348144531e+00
3.964641999999999999e+00 2.508687019348144531e+00
3.969917000000000140e+00 2.503512382507324219e+00
3.974864000000000175e+00 2.498338699340820312e+00
3.978406000000000109e+00 2.493164062500000000e+00
3.983319999999999972e+00 2.493164062500000000e+00
3.988227000000000189e+00 2.493164062500000000e+00
3.993211000000000066e+00 2.498338699340820312e+00
3.998104999999999798e+00 2.493164062500000000e+00
4.003114000000000061e+00 2.493164062500000000e+00
4.008024999999999949e+00 2.493164062500000000e+00
4.013011999999999802e+00 2.498338699340820312e+00
4.017910999999999788e+00 2.498338699340820312e+00
4.022916000000000381e+00 2.508687019348144531e+00
4.029827000000000048e+00 2.508687019348144531e+00
4.034856000000000442e+00 2.508687019348144531e+00
4.038359999999999950e+00 2.508687019348144531e+00
4.041953999999999603e+00 2.508687019348144531e+00
4.046801999999999566e+00 2.508687019348144531e+00
4.051699000000000161e+00 2.508687019348144531e+00
4.056626999999999761e+00 2.503512382507324219e+00
4.061524000000000356e+00 2.503512382507324219e+00
4.066449000000000424e+00 2.503512382507324219e+00
4.071485000000000021e+00 2.498338699340820312e+00
4.076412000000000369e+00 2.498338699340820312e+00
4.079959999999999809e+00 2.493164062500000000e+00
4.084876000000000396e+00 2.493164062500000000e+00
4.089799000000000184e+00 2.493164062500000000e+00
4.094702999999999982e+00 2.493164062500000000e+00
4.099634000000000000e+00 2.503512382507324219e+00
4.104603000000000002e+00 2.498338699340820312e+00
4.109516000000000169e+00 2.503512382507324219e+00
4.114481999999999751e+00 2.503512382507324219e+00
4.119418999999999720e+00 2.503512382507324219e+00
4.124479000000000006e+00 2.513861656188964844e+00
4.129419999999999646e+00 2.508687019348144531e+00
4.132941999999999894e+00 2.508687019348144531e+00
4.137833999999999790e+00 2.508687019348144531e+00
4.144912999999999847e+00 2.508687019348144531e+00
4.150216000000000349e+00 2.503512382507324219e+00
4.153783999999999921e+00 2.508687019348144531e+00
4.158686000000000327e+00 2.503512382507324219e+00
4.163729000000000013e+00 2.503512382507324219e+00
4.168675999999999604e+00 2.508687019348144531e+00
4.172463999999999729e+00 2.493164062500000000e+00
4.177368999999999666e+00 2.493164062500000000e+00
4.182343000000000366e+00 2.498338699340820312e+00
4.187311000000000227e+00 2.498338699340820312e+00
4.192288999999999710e+00 2.498338699340820312e+00
4.197268000000000221e+00 2.498338699340820312e+00
4.202258999999999745e+00 2.498338699340820312e+00
4.207222999999999935e+00 2.498338699340820312e+00
4.212200000000000166e+00 2.498338699340820312e+00
4.217557000000000222e+00 2.498338699340820312e+00
4.222646000000000122e+00 2.503512382507324219e+00
4.227646000000000015e+00 2.508687019348144531e+00
4.232721999999999873e+00 2.503512382507324219e+00
4.237707999999999586e+00 2.503512382507324219e+00
4.242772000000000432e+00 2.508687019348144531e+00
4.247781999999999947e+00 2.503512382507324219e+00
4.255396000000000178e+00 2.503512382507324219e+00
4.260863999999999763e+00 2.503512382507324219e+00
4.265868000000000215e+00 2.503512382507324219e+00
4.270942999999999934e+00 2.503512382507324219e+00
4.276830000000000354e+00 2.498338699340820312e+00
4.281868000000000229e+00 2.498338699340820312e+00
4.287189999999999834e+00 2.498338699340820312e+00
4.294800999999999647e+00 2.498338699340820312e+00
4.303622999999999976e+00 2.498338699340820312e+00
4.322127000000000052e+00 2.493164062500000000e+00
4.328946000000000183e+00 2.503512382507324219e+00
4.334041000000000032e+00 2.503512382507324219e+00
4.339088000000000278e+00 2.503512382507324219e+00
4.344527000000000250e+00 2.508687019348144531e+00
4.350254999999999761e+00 2.513861656188964844e+00
4.355303000000000146e+00 2.508687019348144531e+00
4.360991000000000284e+00 2.508687019348144531e+00
4.368047999999999931e+00 2.508687019348144531e+00
4.373446000000000389e+00 2.498338699340820312e+00
4.378781000000000034e+00 2.498338699340820312e+00
4.383952999999999989e+00 2.498338699340820312e+00
4.387552000000000341e+00 2.498338699340820312e+00
4.392536999999999914e+00 2.498338699340820312e+00
4.397579999999999600e+00 2.493164062500000000e+00
4.402783999999999587e+00 2.493164062500000000e+00
4.407795000000000130e+00 2.493164062500000000e+00
4.412918999999999592e+00 2.493164062500000000e+00
4.417984999999999829e+00 2.498338699340820312e+00
4.423141000000000211e+00 2.498338699340820312e+00
4.428171999999999997e+00 2.508687019348144531e+00
4.433297999999999739e+00 2.508687019348144531e+00
4.438347000000000264e+00 2.513861656188964844e+00
4.443459999999999965e+00 2.508687019348144531e+00
4.448535999999999824e+00 2.508687019348144531e+00
4.452155000000000307e+00 2.508687019348144531e+00
4.457146999999999970e+00 2.503512382507324219e+00
4.462234999999999729e+00 2.513861656188964844e+00
4.467312999999999867e+00 2.513861656188964844e+00
4.472401999999999767e+00 2.503512382507324219e+00
4.477676999999999907e+00 2.498338699340820312e+00
4.485393000000000185e+00 2.493164062500000000e+00
4.490631999999999735e+00 2.493164062500000000e+00
4.495748999999999995e+00 2.498338699340820312e+00
4.500918000000000418e+00 2.493164062500000000e+00
4.506026000000000309e+00 2.493164062500000000e+00
4.511218000000000394e+00 2.498338699340820312e+00
4.516338000000000186e+00 2.493164062500000000e+00
4.521563999999999695e+00 2.503512382507324219e+00
4.525147999999999726e+00 2.508687019348144531e+00
4.530229000000000283e+00 2.508687019348144531e+00
4.535355000000000025e+00 2.508687019348144531e+00
4.540490000000000137e+00 2.508687019348144531e+00
4.545556000000000374e+00 2.508687019348144531e+00
4.550753000000000270e+00 2.508687019348144531e+00
4.555845999999999840e+00 2.508687019348144531e+00
4.561017999999999795e+00 2.503512382507324219e+00
4.566141000000000005e+00 2.508687019348144531e+00
4.572017999999999915e+00 2.498338699340820312e+00
4.577314000000000327e+00 2.498338699340820312e+00
4.582481999999999722e+00 2.493164062500000000e+00
4.587633000000000294e+00 2.493164062500000000e+00
4.594710000000000072e+00 2.493164062500000000e+00
4.600151999999999575e+00 2.493164062500000000e+00
4.605267000000000444e+00 2.498338699340820312e+00
4.610457000000000249e+00 2.498338699340820312e+00
4.615573999999999621e+00 2.498338699340820312e+00
4.620758999999999617e+00 2.503512382507324219e+00
4.625879000000000296e+00 2.508687019348144531e+00
4.631048999999999971e+00 2.508687019348144531e+00
4.636154999999999582e+00 2.508687019348144531e+00
4.641346999999999667e+00 2.508687019348144531e+00
4.646469999999999878e+00 2.503512382507324219e+00
4.651626000000000261e+00 2.503512382507324219e+00
4.656760000000000232e+00 2.503512382507324219e+00
4.661921999999999677e+00 2.503512382507324219e+00
4.667050999999999839e+00 2.503512382507324219e+00
4.672202000000000410e+00 2.493164062500000000e+00
4.677336999999999634e+00 2.493164062500000000e+00
4.680943000000000076e+00 2.493164062500000000e+00
4.686048999999999687e+00 2.498338699340820312e+00
4.691249000000000002e+00 2.498338699340820312e+00
4.696392000000000344e+00 2.498338699340820312e+00
4.701576000000000199e+00 2.498338699340820312e+00
4.708544999999999980e+00 2.498338699340820312e+00
4.713986000000000232e+00 2.498338699340820312e+00
4.719134000000000384e+00 2.498338699340820312e+00
4.724351000000000411e+00 2.508687019348144531e+00
4.729498999999999675e+00 2.508687019348144531e+00
4.733198999999999934e+00 2.503512382507324219e+00
4.736805000000000376e+00 2.503512382507324219e+00
4.741910999999999987e+00 2.503512382507324219e+00
4.747080000000000410e+00 2.503512382507324219e+00
4.752266999999999797e+00 2.503512382507324219e+00
4.755962000000000245e+00 2.503512382507324219e+00
4.759557000000000038e+00 2.503512382507324219e+00
4.764814000000000327e+00 2.503512382507324219e+00
4.769975999999999772e+00 2.503512382507324219e+00
4.775155999999999956e+00 2.498338699340820312e+00
4.780414000000000385e+00 2.498338699340820312e+00
4.785693000000000197e+00 2.498338699340820312e+00
4.790934000000000026e+00 2.498338699340820312e+00
4.796111999999999931e+00 2.498338699340820312e+00
4.799757999999999747e+00 2.498338699340820312e+00
4.804912999999999990e+00 2.498338699340820312e+00
4.808487999999999651e+00 2.498338699340820312e+00
4.813679999999999737e+00 2.493164062500000000e+00
4.818897999999999904e+00 2.493164062500000000e+00
4.825965000000000060e+00 2.503512382507324219e+00
4.831470000000000375e+00 2.503512382507324219e+00
4.836674999999999613e+00 2.503512382507324219e+00
4.840379999999999683e+00 2.503512382507324219e+00
4.845515999999999934e+00 2.503512382507324219e+00
4.850794999999999746e+00 2.503512382507324219e+00
4.856008000000000102e+00 2.508687019348144531e+00
4.861273999999999873e+00 2.508687019348144531e+00
4.866476999999999720e+00 2.508687019348144531e+00
4.871718999999999689e+00 2.498338699340820312e+00
4.876920000000000144e+00 2.498338699340820312e+00
4.882144000000000261e+00 2.498338699340820312e+00
4.887393000000000320e+00 2.498338699340820312e+00
4.892754000000000048e+00 2.498338699340820312e+00
4.897979000000000305e+00 2.493164062500000000e+00
4.903265000000000207e+00 2.493164062500000000e+00
4.908492999999999995e+00 2.487989425659179688e+00
4.913780000000000037e+00 2.493164062500000000e+00
4.919014999999999915e+00 2.493164062500000000e+00
4.924331999999999709e+00 2.503512382507324219e+00
4.931585000000000107e+00 2.503512382507324219e+00
4.947680000000000078e+00 2.508687019348144531e+00
4.954899000000000164e+00 2.503512382507324219e+00
4.966175999999999924e+00 2.513861656188964844e+00
4.971836999999999840e+00 2.498338699340820312e+00
4.977110999999999841e+00 2.503512382507324219e+00
4.982408999999999644e+00 2.493164062500000000e+00
4.987726999999999578e+00 2.493164062500000000e+00
4.993127999999999567e+00 2.493164062500000000e+00
4.998403999999999847e+00 2.493164062500000000e+00
5.003833000000000197e+00 2.493164062500000000e+00
5.009140999999999622e+00 2.493164062500000000e+00
5.014431000000000083e+00 2.493164062500000000e+00
5.019734999999999836e+00 2.498338699340820312e+00
5.025095000000000312e+00 2.508687019348144531e+00
5.030433999999999628e+00 2.508687019348144531e+00
5.035739999999999661e+00 2.508687019348144531e+00
5.041120000000000267e+00 2.508687019348144531e+00
5.046418000000000070e+00 2.508687019348144531e+00
5.051733999999999725e+00 2.508687019348144531e+00
5.058919000000000388e+00 2.508687019348144531e+00
5.064499999999999780e+00 2.508687019348144531e+00
5.069780999999999871e+00 2.498338699340820312e+00
5.075123999999999747e+00 2.493164062500000000e+00
5.080452000000000190e+00 2.487989425659179688e+00
5.084165999999999741e+00 2.493164062500000000e+00
5.089408999999999850e+00 2.493164062500000000e+00
5.094833999999999641e+00 2.493164062500000000e+00
5.100177000000000405e+00 2.493164062500000000e+00
5.105470000000000397e+00 2.493164062500000000e+00
5.110837000000000074e+00 2.498338699340820312e+00
5.116133999999999737e+00 2.498338699340820312e+00
5.121497999999999884e+00 2.498338699340820312e+00
5.126792000000000016e+00 2.508687019348144531e+00
5.132107000000000419e+00 2.508687019348144531e+00
5.137400000000000411e+00 2.508687019348144531e+00
5.142769000000000368e+00 2.508687019348144531e+00
5.148075999999999652e+00 2.503512382507324219e+00
5.153430000000000177e+00 2.503512382507324219e+00
5.157162999999999720e+00 2.503512382507324219e+00
5.162420000000000009e+00 2.503512382507324219e+00
5.167754999999999654e+00 2.503512382507324219e+00
5.175371000000000166e+00 2.493164062500000000e+00
5.180915999999999855e+00 2.493164062500000000e+00
5.186257999999999591e+00 2.493164062500000000e+00
5.191685999999999801e+00 2.493164062500000000e+00
5.197043999999999997e+00 2.498338699340820312e+00
5.202384000000000341e+00 2.498338699340820312e+00
5.207696999999999576e+00 2.498338699340820312e+00
5.213090000000000224e+00 2.498338699340820312e+00
5.218422999999999590e+00 2.498338699340820312e+00
5.223848000000000269e+00 2.508687019348144531e+00
5.229178000000000104e+00 2.508687019348144531e+00
5.234524999999999650e+00 2.503512382507324219e+00
5.239881999999999707e+00 2.503512382507324219e+00
5.245256000000000363e+00 2.508687019348144531e+00
5.250650000000000261e+00 2.503512382507324219e+00
5.255997999999999948e+00 2.503512382507324219e+00
5.261400000000000077e+00 2.503512382507324219e+00
5.266759000000000412e+00 2.503512382507324219e+00
5.272109000000000378e+00 2.493164062500000000e+00
5.277464000000000155e+00 2.498338699340820312e+00
5.285275999999999641e+00 2.498338699340820312e+00
5.291077999999999726e+00 2.498338699340820312e+00
5.299178000000000388e+00 2.498338699340820312e+00
5.308126999999999818e+00 2.498338699340820312e+00
5.316694000000000031e+00 2.493164062500000000e+00
5.323686999999999614e+00 2.498338699340820312e+00
5.329302000000000206e+00 2.503512382507324219e+00
5.334768999999999650e+00 2.503512382507324219e+00
5.340250000000000163e+00 2.503512382507324219e+00
5.345661999999999914e+00 2.503512382507324219e+00
5.351145999999999958e+00 2.503512382507324219e+00
5.356573000000000029e+00 2.503512382507324219e+00
5.360375000000000334e+00 2.508687019348144531e+00
5.365717000000000070e+00 2.508687019348144531e+00
5.371209999999999596e+00 2.503512382507324219e+00
5.376628000000000185e+00 2.498338699340820312e+00
5.382057999999999787e+00 2.493164062500000000e+00
5.387481000000000186e+00 2.493164062500000000e+00
5.393002000000000073e+00 2.493164062500000000e+00
5.400436000000000014e+00 2.498338699340820312e+00
5.406134999999999913e+00 2.493164062500000000e+00
5.411608000000000196e+00 2.493164062500000000e+00
5.417012999999999856e+00 2.493164062500000000e+00
5.422447000000000017e+00 2.498338699340820312e+00
5.427888000000000268e+00 2.508687019348144531e+00
5.433373999999999704e+00 2.503512382507324219e+00
5.438781999999999783e+00 2.503512382507324219e+00
5.444253999999999927e+00 2.508687019348144531e+00
5.449665000000000425e+00 2.508687019348144531e+00
5.455207999999999835e+00 2.508687019348144531e+00
5.460700000000000109e+00 2.508687019348144531e+00
5.466126000000000040e+00 2.513861656188964844e+00
5.471621999999999986e+00 2.503512382507324219e+00
5.477064999999999628e+00 2.498338699340820312e+00
5.482515000000000249e+00 2.498338699340820312e+00
5.487955000000000361e+00 2.493164062500000000e+00
5.493494000000000099e+00 2.493164062500000000e+00
5.498966000000000243e+00 2.493164062500000000e+00
5.504482000000000319e+00 2.493164062500000000e+00
5.509953999999999574e+00 2.493164062500000000e+00
5.517401000000000444e+00 2.493164062500000000e+00
5.523147999999999946e+00 2.498338699340820312e+00
5.528596000000000288e+00 2.508687019348144531e+00
5.534125000000000405e+00 2.508687019348144531e+00
5.539589999999999570e+00 2.508687019348144531e+00
5.545103000000000115e+00 2.508687019348144531e+00
5.550613000000000241e+00 2.508687019348144531e+00
5.556096000000000146e+00 2.508687019348144531e+00
5.561636000000000024e+00 2.508687019348144531e+00
5.567107000000000028e+00 2.508687019348144531e+00
5.572625000000000384e+00 2.493164062500000000e+00
5.578095000000000248e+00 2.493164062500000000e+00
5.583625999999999756e+00 2.493164062500000000e+00
5.589109999999999800e+00 2.493164062500000000e+00
5.594660000000000188e+00 2.493164062500000000e+00
5.600215000000000387e+00 2.493164062500000000e+00
5.605705999999999634e+00 2.493164062500000000e+00
5.611246000000000400e+00 2.498338699340820312e+00
5.616731999999999836e+00 2.493164062500000000e+00
5.622221999999999831e+00 2.503512382507324219e+00
5.627775999999999890e+00 2.508687019348144531e+00
5.635150000000000325e+00 2.508687019348144531e+00
5.640969000000000122e+00 2.508687019348144531e+00
5.646475999999999829e+00 2.508687019348144531e+00
5.651987000000000094e+00 2.503512382507324219e+00
5.657485000000000319e+00 2.503512382507324219e+00
5.663078999999999752e+00 2.503512382507324219e+00
5.668563999999999936e+00 2.498338699340820312e+00
5.674123999999999945e+00 2.493164062500000000e+00
5.677964000000000233e+00 2.493164062500000000e+00
5.681721999999999717e+00 2.493164062500000000e+00
5.687193999999999861e+00 2.493164062500000000e+00
5.692707000000000406e+00 2.493164062500000000e+00
5.698252000000000095e+00 2.498338699340820312e+00
5.703935000000000421e+00 2.498338699340820312e+00
5.709450000000000358e+00 2.498338699340820312e+00
5.715035000000000309e+00 2.498338699340820312e+00
5.720646000000000342e+00 2.498338699340820312e+00
5.726162999999999670e+00 2.503512382507324219e+00
5.731755999999999851e+00 2.508687019348144531e+00
5.737280000000000157e+00 2.508687019348144531e+00
5.742914999999999992e+00 2.503512382507324219e+00
5.750543999999999656e+00 2.503512382507324219e+00
5.756244999999999834e+00 2.498338699340820312e+00
5.761786999999999992e+00 2.503512382507324219e+00
5.767329000000000150e+00 2.503512382507324219e+00
5.772944999999999993e+00 2.493164062500000000e+00
5.778493000000000102e+00 2.498338699340820312e+00
5.784118000000000315e+00 2.498338699340820312e+00
5.789672000000000374e+00 2.493164062500000000e+00
5.795249000000000095e+00 2.498338699340820312e+00
5.800858999999999988e+00 2.498338699340820312e+00
5.806563999999999837e+00 2.493164062500000000e+00
5.812123999999999846e+00 2.503512382507324219e+00
5.817682999999999716e+00 2.498338699340820312e+00
5.823317000000000299e+00 2.498338699340820312e+00
5.828897000000000439e+00 2.503512382507324219e+00
5.834526999999999575e+00 2.503512382507324219e+00
5.840167000000000108e+00 2.503512382507324219e+00
5.845723999999999698e+00 2.508687019348144531e+00
5.851352000000000331e+00 2.503512382507324219e+00
5.856920999999999822e+00 2.503512382507324219e+00
5.864709000000000394e+00 2.508687019348144531e+00
5.870599999999999596e+00 2.503512382507324219e+00
5.876178999999999597e+00 2.498338699340820312e+00
5.881793000000000049e+00 2.498338699340820312e+00
5.887361000000000288e+00 2.498338699340820312e+00
5.893049999999999677e+00 2.498338699340820312e+00
5.898648999999999809e+00 2.498338699340820312e+00
5.904283999999999644e+00 2.493164062500000000e+00
5.909964999999999691e+00 2.493164062500000000e+00
5.915568000000000382e+00 2.493164062500000000e+00
5.921219999999999928e+00 2.498338699340820312e+00
5.926821000000000339e+00 2.503512382507324219e+00
5.934442999999999913e+00 2.503512382507324219e+00
5.944588000000000427e+00 2.508687019348144531e+00
5.954074000000000311e+00 2.503512382507324219e+00
5.968154000000000181e+00 2.508687019348144531e+00
5.977852999999999639e+00 2.498338699340820312e+00
5.988335000000000186e+00 2.493164062500000000e+00
5.994089999999999918e+00 2.493164062500000000e+00
5.999721000000000082e+00 2.493164062500000000e+00
6.005391000000000368e+00 2.493164062500000000e+00
6.011149999999999771e+00 2.493164062500000000e+00
6.016778999999999655e+00 2.493164062500000000e+00
6.022465999999999653e+00 2.498338699340820312e+00
6.028131000000000128e+00 2.503512382507324219e+00
6.033853999999999829e+00 2.503512382507324219e+00
6.039502999999999844e+00 2.503512382507324219e+00
6.045342999999999911e+00 2.503512382507324219e+00
6.051033000000000328e+00 2.503512382507324219e+00
6.056682999999999595e+00 2.503512382507324219e+00
6.060594000000000037e+00 2.508687019348144531e+00
6.066197999999999979e+00 2.508687019348144531e+00
6.071825999999999723e+00 2.498338699340820312e+00
6.077488999999999919e+00 2.493164062500000000e+00
6.083254000000000161e+00 2.493164062500000000e+00
6.087174000000000085e+00 2.487989425659179688e+00
6.092810000000000059e+00 2.493164062500000000e+00
6.100557000000000230e+00 2.493164062500000000e+00
6.106402000000000108e+00 2.493164062500000000e+00
6.112104000000000426e+00 2.493164062500000000e+00
6.117786999999999864e+00 2.498338699340820312e+00
6.123543999999999876e+00 2.503512382507324219e+00
6.129227000000000203e+00 2.508687019348144531e+00
6.134980999999999796e+00 2.508687019348144531e+00
6.140730999999999717e+00 2.503512382507324219e+00
6.146415000000000184e+00 2.508687019348144531e+00
6.152134000000000214e+00 2.508687019348144531e+00
6.157827000000000162e+00 2.503512382507324219e+00
6.163580999999999754e+00 2.503512382507324219e+00
6.169271000000000171e+00 2.503512382507324219e+00
6.174974999999999881e+00 2.493164062500000000e+00
6.180725999999999942e+00 2.493164062500000000e+00
6.186436999999999742e+00 2.493164062500000000e+00
6.192150999999999961e+00 2.493164062500000000e+00
6.197848999999999720e+00 2.493164062500000000e+00
6.203688999999999787e+00 2.498338699340820312e+00
6.211566999999999616e+00 2.493164062500000000e+00
6.217495999999999690e+00 2.498338699340820312e+00
6.223290999999999684e+00 2.503512382507324219e+00
6.229042999999999886e+00 2.508687019348144531e+00
6.232940000000000147e+00 2.508687019348144531e+00
6.238588000000000022e+00 2.503512382507324219e+00
6.244392000000000387e+00 2.503512382507324219e+00
6.250161000000000300e+00 2.503512382507324219e+00
6.255927999999999933e+00 2.498338699340820312e+00
6.261745999999999590e+00 2.503512382507324219e+00
6.267477999999999660e+00 2.503512382507324219e+00
6.273310000000000386e+00 2.493164062500000000e+00
6.279048000000000407e+00 2.493164062500000000e+00
6.284806999999999810e+00 2.493164062500000000e+00
6.290618000000000265e+00 2.498338699340820312e+00
6.298358000000000345e+00 2.498338699340820312e+00
6.306098000000000425e+00 2.498338699340820312e+00
6.314288000000000345e+00 2.493164062500000000e+00
6.325345999999999691e+00 2.498338699340820312e+00
6.336183000000000121e+00 2.503512382507324219e+00
6.341987999999999737e+00 2.498338699340820312e+00
6.347756000000000398e+00 2.503512382507324219e+00
6.353608000000000366e+00 2.503512382507324219e+00
6.359384999999999621e+00 2.503512382507324219e+00
6.365267000000000230e+00 2.508687019348144531e+00
6.371152999999999622e+00 2.498338699340820312e+00
6.376943999999999946e+00 2.498338699340820312e+00
6.382753000000000121e+00 2.498338699340820312e+00
6.388544999999999696e+00 2.498338699340820312e+00
6.394385999999999903e+00 2.498338699340820312e+00
6.398371000000000031e+00 2.498338699340820312e+00
6.404175000000000395e+00 2.498338699340820312e+00
6.409972999999999921e+00 2.493164062500000000e+00
6.416050000000000253e+00 2.493164062500000000e+00
6.421940000000000204e+00 2.498338699340820312e+00
6.427743999999999680e+00 2.503512382507324219e+00
6.433600000000000207e+00 2.503512382507324219e+00
6.437539000000000122e+00 2.498338699340820312e+00
6.445712000000000330e+00 2.503512382507324219e+00
6.451691000000000287e+00 2.508687019348144531e+00
6.457459000000000060e+00 2.508687019348144531e+00
6.463315999999999839e+00 2.508687019348144531e+00
6.469102999999999604e+00 2.503512382507324219e+00
6.474943999999999811e+00 2.498338699340820312e+00
6.480787000000000297e+00 2.498338699340820312e+00
6.484776000000000096e+00 2.498338699340820312e+00
6.490540000000000198e+00 2.493164062500000000e+00
6.496338999999999864e+00 2.493164062500000000e+00
6.502123000000000097e+00 2.493164062500000000e+00
6.507935999999999943e+00 2.493164062500000000e+00
6.511982999999999855e+00 2.493164062500000000e+00
6.517716000000000065e+00 2.493164062500000000e+00
6.523661999999999850e+00 2.493164062500000000e+00
6.529457999999999984e+00 2.503512382507324219e+00
6.535814000000000235e+00 2.503512382507324219e+00
6.539797000000000082e+00 2.508687019348144531e+00
6.545653999999999861e+00 2.508687019348144531e+00
6.551580000000000403e+00 2.508687019348144531e+00
6.557436000000000043e+00 2.503512382507324219e+00
6.565252000000000088e+00 2.508687019348144531e+00
6.571430000000000327e+00 2.503512382507324219e+00
6.577255000000000074e+00 2.493164062500000000e+00
6.583177000000000056e+00 2.493164062500000000e+00
6.587170999999999665e+00 2.493164062500000000e+00
6.593028999999999584e+00 2.493164062500000000e+00
6.598854000000000219e+00 2.487989425659179688e+00
6.604771000000000392e+00 2.493164062500000000e+00
6.610661000000000342e+00 2.487989425659179688e+00
6.616492000000000040e+00 2.493164062500000000e+00
6.622357000000000049e+00 2.503512382507324219e+00
6.628332000000000335e+00 2.503512382507324219e+00
6.634222000000000286e+00 2.508687019348144531e+00
6.640098000000000056e+00 2.508687019348144531e+00
6.645894000000000190e+00 2.508687019348144531e+00
6.651784000000000141e+00 2.508687019348144531e+00
6.657632000000000438e+00 2.508687019348144531e+00
6.663535000000000430e+00 2.503512382507324219e+00
6.669404000000000110e+00 2.498338699340820312e+00
6.675336999999999854e+00 2.493164062500000000e+00
6.683315000000000339e+00 2.493164062500000000e+00
6.689315999999999818e+00 2.493164062500000000e+00
6.695256999999999792e+00 2.493164062500000000e+00
6.701177000000000383e+00 2.493164062500000000e+00
6.707033000000000023e+00 2.498338699340820312e+00
6.712911000000000072e+00 2.498338699340820312e+00
6.718793999999999933e+00 2.498338699340820312e+00
6.724713999999999636e+00 2.508687019348144531e+00
6.730783999999999878e+00 2.508687019348144531e+00
6.736664000000000208e+00 2.508687019348144531e+00
6.742556000000000438e+00 2.503512382507324219e+00
6.748464000000000240e+00 2.498338699340820312e+00
6.754400000000000404e+00 2.503512382507324219e+00
6.760340000000000238e+00 2.503512382507324219e+00
6.766212999999999589e+00 2.503512382507324219e+00
6.772153999999999563e+00 2.498338699340820312e+00
6.778059999999999974e+00 2.493164062500000000e+00
6.784157999999999689e+00 2.493164062500000000e+00
6.788185000000000358e+00 2.493164062500000000e+00
6.796170000000000044e+00 2.493164062500000000e+00
6.802356999999999765e+00 2.498338699340820312e+00
6.808316999999999730e+00 2.498338699340820312e+00
6.814373999999999931e+00 2.498338699340820312e+00
6.820388999999999591e+00 2.498338699340820312e+00
6.826361000000000345e+00 2.503512382507324219e+00
6.832360999999999684e+00 2.503512382507324219e+00
6.838319000000000258e+00 2.498338699340820312e+00
6.844382000000000410e+00 2.503512382507324219e+00
6.850412000000000390e+00 2.498338699340820312e+00
6.856378000000000306e+00 2.498338699340820312e+00
6.862383000000000344e+00 2.503512382507324219e+00
6.868426000000000364e+00 2.503512382507324219e+00
6.874451999999999785e+00 2.498338699340820312e+00
6.880480000000000373e+00 2.498338699340820312e+00
6.886425000000000018e+00 2.493164062500000000e+00
6.892377999999999894e+00 2.493164062500000000e+00
6.898341000000000278e+00 2.498338699340820312e+00
6.904359999999999609e+00 2.498338699340820312e+00
6.912296999999999692e+00 2.493164062500000000e+00
6.918505999999999823e+00 2.493164062500000000e+00
6.924504999999999910e+00 2.498338699340820312e+00
6.928538999999999781e+00 2.503512382507324219e+00
6.934531999999999918e+00 2.503512382507324219e+00
6.942294000000000409e+00 2.503512382507324219e+00
6.953356000000000314e+00 2.503512382507324219e+00
6.968817999999999735e+00 2.503512382507324219e+00
6.981194000000000344e+00 2.498338699340820312e+00
6.987152000000000029e+00 2.493164062500000000e+00
6.993184000000000289e+00 2.493164062500000000e+00
6.999126999999999654e+00 2.493164062500000000e+00
7.005150000000000432e+00 2.493164062500000000e+00
7.011192999999999564e+00 2.493164062500000000e+00
7.017135999999999818e+00 2.493164062500000000e+00
7.025064000000000419e+00 2.498338699340820312e+00
7.031448000000000143e+00 2.503512382507324219e+00
7.037619000000000291e+00 2.508687019348144531e+00
7.043722999999999956e+00 2.508687019348144531e+00
7.049731000000000414e+00 2.508687019348144531e+00
7.055749999999999744e+00 2.508687019348144531e+00
7.061833000000000027e+00 2.508687019348144531e+00
7.067838000000000065e+00 2.508687019348144531e+00
7.073897999999999797e+00 2.498338699340820312e+00
7.077949000000000268e+00 2.498338699340820312e+00
7.083966000000000207e+00 2.493164062500000000e+00
7.089968999999999966e+00 2.487989425659179688e+00
7.095989999999999576e+00 2.493164062500000000e+00
7.102045000000000385e+00 2.493164062500000000e+00
7.108068000000000275e+00 2.487989425659179688e+00
7.114162000000000319e+00 2.493164062500000000e+00
7.120243000000000322e+00 2.498338699340820312e+00
7.126269999999999882e+00 2.503512382507324219e+00
7.132305999999999813e+00 2.508687019348144531e+00
7.140395999999999965e+00 2.508687019348144531e+00
7.146644000000000219e+00 2.508687019348144531e+00
7.152676999999999730e+00 2.508687019348144531e+00
7.158685000000000187e+00 2.503512382507324219e+00
7.164734000000000158e+00 2.508687019348144531e+00
7.170808000000000071e+00 2.503512382507324219e+00
7.176829999999999821e+00 2.493164062500000000e+00
7.182864999999999611e+00 2.493164062500000000e+00
7.186944999999999695e+00 2.493164062500000000e+00
7.192915000000000170e+00 2.493164062500000000e+00
7.198938000000000059e+00 2.493164062500000000e+00
7.205017999999999923e+00 2.487989425659179688e+00
7.211096000000000394e+00 2.493164062500000000e+00
7.217147999999999897e+00 2.498338699340820312e+00
7.223268000000000022e+00 2.503512382507324219e+00
7.229300000000000281e+00 2.508687019348144531e+00
7.235375000000000334e+00 2.503512382507324219e+00
7.241553999999999824e+00 2.508687019348144531e+00
7.247626000000000346e+00 2.503512382507324219e+00
7.255580000000000140e+00 2.503512382507324219e+00
7.261930000000000440e+00 2.503512382507324219e+00
7.267962999999999951e+00 2.534560203552246094e+00
7.274074999999999847e+00 2.674274444580078125e+00
7.280183000000000071e+00 4.780333518981933594e+00
7.286253999999999564e+00 4.785508155822753906e+00
7.292316999999999716e+00 4.795857429504394531e+00
7.298401000000000138e+00 4.790682792663574219e+00
7.307316000000000145e+00 4.790682792663574219e+00
7.317052999999999585e+00 4.790682792663574219e+00
7.327086000000000432e+00 4.795857429504394531e+00
7.335243000000000180e+00 4.795857429504394531e+00
7.339380000000000237e+00 4.795857429504394531e+00
7.345629999999999882e+00 4.795857429504394531e+00
7.351790000000000269e+00 4.795857429504394531e+00
7.357899999999999885e+00 4.801032066345214844e+00
7.364078000000000124e+00 4.795857429504394531e+00
7.372296000000000404e+00 4.790682792663574219e+00
7.378669000000000366e+00 4.790682792663574219e+00
7.384876000000000218e+00 4.795857429504394531e+00
7.391026000000000096e+00 4.795857429504394531e+00
7.397127000000000230e+00 4.795857429504394531e+00
7.403285000000000338e+00 4.795857429504394531e+00
7.409384000000000192e+00 4.795857429504394531e+00
7.415586000000000233e+00 4.790682792663574219e+00
7.421753999999999962e+00 4.795857429504394531e+00
7.427857000000000376e+00 4.795857429504394531e+00
7.434025000000000105e+00 4.795857429504394531e+00
7.440192999999999834e+00 4.795857429504394531e+00
7.446456999999999660e+00 4.795857429504394531e+00
7.452592000000000105e+00 4.795857429504394531e+00
7.458700999999999581e+00 4.795857429504394531e+00
7.464879999999999960e+00 4.801032066345214844e+00
7.471048999999999829e+00 4.790682792663574219e+00
7.477191000000000365e+00 4.795857429504394531e+00
7.483433999999999919e+00 4.795857429504394531e+00
7.491454000000000057e+00 4.790682792663574219e+00
7.497883999999999993e+00 4.795857429504394531e+00
7.504097999999999935e+00 4.790682792663574219e+00
7.510302000000000255e+00 4.795857429504394531e+00
7.516446000000000183e+00 4.790682792663574219e+00
7.522610000000000241e+00 4.795857429504394531e+00
7.528757999999999839e+00 4.795857429504394531e+00
7.532961000000000240e+00 4.795857429504394531e+00
7.539038999999999824e+00 4.795857429504394531e+00
7.545221999999999873e+00 4.801032066345214844e+00
7.551562999999999803e+00 4.795857429504394531e+00
7.557711000000000290e+00 4.795857429504394531e+00
7.563944000000000223e+00 4.801032066345214844e+00
7.570153000000000354e+00 4.795857429504394531e+00
7.576461000000000112e+00 4.790682792663574219e+00
7.582620000000000360e+00 4.790682792663574219e+00
7.588764000000000287e+00 4.790682792663574219e+00
7.595005999999999702e+00 4.790682792663574219e+00
7.601263999999999577e+00 4.790682792663574219e+00
7.609573000000000143e+00 4.790682792663574219e+00
7.616061000000000192e+00 4.790682792663574219e+00
7.622238000000000291e+00 4.790682792663574219e+00
7.628416999999999781e+00 4.801032066345214844e+00
7.634674999999999656e+00 4.795857429504394531e+00
7.640937000000000090e+00 4.801032066345214844e+00
