8.200000000000000095e-05 2.591481208801269531e+00
3.553999999999999868e-03 2.591481208801269531e+00
6.864999999999999575e-03 2.596655845642089844e+00
1.022400000000000045e-02 2.601830482482910156e+00
1.381899999999999969e-02 2.596655845642089844e+00
1.742000000000000146e-02 2.596655845642089844e+00
2.106399999999999939e-02 2.591481208801269531e+00
2.467099999999999849e-02 2.596655845642089844e+00
2.827500000000000152e-02 2.596655845642089844e+00
3.202800000000000091e-02 2.596655845642089844e+00
3.563199999999999701e-02 2.596655845642089844e+00
4.482400000000000273e-02 2.591481208801269531e+00
4.834100000000000202e-02 2.591481208801269531e+00
5.210999999999999660e-02 2.596655845642089844e+00
5.556699999999999834e-02 2.596655845642089844e+00
5.915900000000000325e-02 2.591481208801269531e+00
6.275600000000000622e-02 2.591481208801269531e+00
6.635499999999999732e-02 2.591481208801269531e+00
7.011499999999999677e-02 2.591481208801269531e+00
7.356799999999999451e-02 2.591481208801269531e+00
7.716299999999999548e-02 2.596655845642089844e+00
8.075799999999999645e-02 2.591481208801269531e+00
8.435600000000000043e-02 2.591481208801269531e+00
8.796099999999999752e-02 2.591481208801269531e+00
9.188499999999999446e-02 2.591481208801269531e+00
9.548199999999999743e-02 2.591481208801269531e+00
9.909199999999999953e-02 2.591481208801269531e+00
1.026949999999999946e-01 2.586306571960449219e+00
1.062939999999999996e-01 2.591481208801269531e+00
1.100570000000000020e-01 2.591481208801269531e+00
1.137940000000000063e-01 2.596655845642089844e+00
1.171220000000000039e-01 2.596655845642089844e+00
1.205790000000000056e-01 2.596655845642089844e+00
1.240300000000000014e-01 2.596655845642089844e+00
1.273209999999999897e-01 2.596655845642089844e+00
1.307740000000000014e-01 2.596655845642089844e+00
1.342279999999999862e-01 2.596655845642089844e+00
1.375230000000000063e-01 2.596655845642089844e+00
1.409710000000000130e-01 2.596655845642089844e+00
1.444320000000000048e-01 2.601830482482910156e+00
1.477279999999999982e-01 2.596655845642089844e+00
1.552489999999999981e-01 2.596655845642089844e+00
1.587880000000000125e-01 2.596655845642089844e+00
1.622300000000000131e-01 2.591481208801269531e+00
1.655250000000000055e-01 2.591481208801269531e+00
1.689720000000000111e-01 2.591481208801269531e+00
1.724179999999999879e-01 2.591481208801269531e+00
1.757120000000000071e-01 2.591481208801269531e+00
1.791719999999999979e-01 2.591481208801269531e+00
1.826160000000000005e-01 2.586306571960449219e+00
1.859079999999999899e-01 2.586306571960449219e+00
1.901380000000000015e-01 2.586306571960449219e+00
1.935939999999999883e-01 2.586306571960449219e+00
1.970310000000000117e-01 2.586306571960449219e+00
2.005000000000000115e-01 2.591481208801269531e+00
2.039700000000000124e-01 2.586306571960449219e+00
2.073760000000000048e-01 2.596655845642089844e+00
2.107090000000000074e-01 2.596655845642089844e+00
2.141669999999999963e-01 2.596655845642089844e+00
2.176240000000000119e-01 2.596655845642089844e+00
2.209099999999999953e-01 2.596655845642089844e+00
2.243640000000000079e-01 2.596655845642089844e+00
2.278129999999999877e-01 2.601830482482910156e+00
2.312659999999999993e-01 2.601830482482910156e+00
2.347140000000000060e-01 2.601830482482910156e+00
2.381620000000000126e-01 2.596655845642089844e+00
2.417680000000000107e-01 2.601830482482910156e+00
2.452259999999999995e-01 2.601830482482910156e+00
2.488360000000000016e-01 2.601830482482910156e+00
2.521300000000000208e-01 2.601830482482910156e+00
2.555870000000000086e-01 2.596655845642089844e+00
2.588809999999999722e-01 2.591481208801269531e+00
2.623199999999999976e-01 2.591481208801269531e+00
2.699199999999999933e-01 2.586306571960449219e+00
2.733630000000000226e-01 2.586306571960449219e+00
2.768090000000000273e-01 2.591481208801269531e+00
2.801009999999999889e-01 2.586306571960449219e+00
2.835550000000000015e-01 2.586306571960449219e+00
2.877719999999999723e-01 2.586306571960449219e+00
2.913769999999999971e-01 2.586306571960449219e+00
2.946690000000000142e-01 2.591481208801269531e+00
2.981099999999999861e-01 2.586306571960449219e+00
3.017159999999999842e-01 2.591481208801269531e+00
3.052090000000000081e-01 2.591481208801269531e+00
3.085010000000000252e-01 2.596655845642089844e+00
3.119460000000000011e-01 2.596655845642089844e+00
3.154040000000000177e-01 2.596655845642089844e+00
3.187789999999999790e-01 2.596655845642089844e+00
3.221470000000000167e-01 2.596655845642089844e+00
3.256040000000000045e-01 2.596655845642089844e+00
3.289059999999999762e-01 2.601830482482910156e+00
3.323570000000000135e-01 2.601830482482910156e+00
3.358050000000000201e-01 2.601830482482910156e+00
3.391020000000000145e-01 2.596655845642089844e+00
3.425449999999999884e-01 2.601830482482910156e+00
3.459929999999999950e-01 2.596655845642089844e+00
3.492970000000000241e-01 2.596655845642089844e+00
3.527379999999999960e-01 2.596655845642089844e+00
3.561920000000000086e-01 2.596655845642089844e+00
3.596489999999999965e-01 2.586306571960449219e+00
3.630979999999999763e-01 2.586306571960449219e+00
3.665419999999999789e-01 2.586306571960449219e+00
3.699939999999999896e-01 2.586306571960449219e+00
3.732940000000000147e-01 2.586306571960449219e+00
3.768440000000000123e-01 2.586306571960449219e+00
3.846269999999999967e-01 2.586306571960449219e+00
3.880750000000000033e-01 2.586306571960449219e+00
3.916760000000000241e-01 2.591481208801269531e+00
3.951069999999999860e-01 2.591481208801269531e+00
3.985779999999999879e-01 2.591481208801269531e+00
4.021910000000000207e-01 2.596655845642089844e+00
4.055190000000000183e-01 2.596655845642089844e+00
4.089740000000000042e-01 2.601830482482910156e+00
4.124160000000000048e-01 2.596655845642089844e+00
4.157080000000000219e-01 2.601830482482910156e+00
4.191719999999999891e-01 2.601830482482910156e+00
4.226170000000000204e-01 2.596655845642089844e+00
4.259129999999999860e-01 2.601830482482910156e+00
4.293680000000000274e-01 2.601830482482910156e+00
4.328139999999999765e-01 2.596655845642089844e+00
4.361099999999999977e-01 2.591481208801269531e+00
4.397260000000000058e-01 2.596655845642089844e+00
4.431760000000000144e-01 2.601830482482910156e+00
4.466229999999999922e-01 2.596655845642089844e+00
4.499230000000000174e-01 2.596655845642089844e+00
4.533690000000000220e-01 2.596655845642089844e+00
4.566600000000000104e-01 2.586306571960449219e+00
4.601140000000000230e-01 2.591481208801269531e+00
4.635670000000000068e-01 2.591481208801269531e+00
4.670170000000000154e-01 2.591481208801269531e+00
4.703160000000000118e-01 2.591481208801269531e+00
4.737669999999999937e-01 2.591481208801269531e+00
4.772250000000000103e-01 2.591481208801269531e+00
4.805159999999999987e-01 2.591481208801269531e+00
4.839640000000000053e-01 2.596655845642089844e+00
4.874180000000000179e-01 2.591481208801269531e+00
4.907130000000000103e-01 2.591481208801269531e+00
4.983440000000000092e-01 2.591481208801269531e+00
5.019390000000000240e-01 2.596655845642089844e+00
5.053999999999999604e-01 2.596655845642089844e+00
5.087399999999999700e-01 2.601830482482910156e+00
5.121329999999999494e-01 2.601830482482910156e+00
5.155880000000000463e-01 2.601830482482910156e+00
5.188869999999999871e-01 2.601830482482910156e+00
5.223339999999999650e-01 2.596655845642089844e+00
5.257810000000000539e-01 2.596655845642089844e+00
5.290799999999999947e-01 2.596655845642089844e+00
5.325239999999999974e-01 2.591481208801269531e+00
5.359730000000000327e-01 2.596655845642089844e+00
5.392730000000000024e-01 2.596655845642089844e+00
5.427170000000000050e-01 2.596655845642089844e+00
5.461759999999999948e-01 2.596655845642089844e+00
5.496299999999999519e-01 2.596655845642089844e+00
5.529239999999999711e-01 2.596655845642089844e+00
5.563749999999999529e-01 2.591481208801269531e+00
5.598239999999999883e-01 2.591481208801269531e+00
5.631340000000000234e-01 2.591481208801269531e+00
5.665710000000000468e-01 2.596655845642089844e+00
5.700309999999999544e-01 2.591481208801269531e+00
5.733310000000000350e-01 2.591481208801269531e+00
5.767839999999999634e-01 2.591481208801269531e+00
5.800720000000000320e-01 2.596655845642089844e+00
5.835200000000000387e-01 2.596655845642089844e+00
5.869729999999999670e-01 2.591481208801269531e+00
5.904260000000000064e-01 2.596655845642089844e+00
5.937670000000000448e-01 2.596655845642089844e+00
5.972129999999999939e-01 2.596655845642089844e+00
6.004960000000000298e-01 2.596655845642089844e+00
6.039670000000000316e-01 2.591481208801269531e+00
6.117380000000000040e-01 2.596655845642089844e+00
6.151469999999999994e-01 2.596655845642089844e+00
6.186169999999999725e-01 2.596655845642089844e+00
6.222210000000000241e-01 2.596655845642089844e+00
6.255150000000000432e-01 2.596655845642089844e+00
6.289740000000000331e-01 2.601830482482910156e+00
6.324159999999999782e-01 2.596655845642089844e+00
6.357070000000000221e-01 2.596655845642089844e+00
6.391750000000000487e-01 2.596655845642089844e+00
6.426209999999999978e-01 2.601830482482910156e+00
6.459139999999999882e-01 2.601830482482910156e+00
6.493750000000000355e-01 2.601830482482910156e+00
6.528199999999999559e-01 2.607005119323730469e+00
6.561179999999999790e-01 2.596655845642089844e+00
6.597290000000000099e-01 2.596655845642089844e+00
6.631770000000000165e-01 2.596655845642089844e+00
6.664700000000000069e-01 2.596655845642089844e+00
6.699159999999999560e-01 2.591481208801269531e+00
6.733670000000000488e-01 2.591481208801269531e+00
6.768220000000000347e-01 2.596655845642089844e+00
6.801270000000000371e-01 2.596655845642089844e+00
6.835710000000000397e-01 2.596655845642089844e+00
6.870209999999999928e-01 2.591481208801269531e+00
6.903569999999999984e-01 2.591481208801269531e+00
6.938090000000000090e-01 2.591481208801269531e+00
6.971019999999999994e-01 2.591481208801269531e+00
7.005419999999999980e-01 2.591481208801269531e+00
7.040110000000000534e-01 2.591481208801269531e+00
7.073009999999999575e-01 2.596655845642089844e+00
7.107529999999999681e-01 2.596655845642089844e+00
7.142150000000000443e-01 2.596655845642089844e+00
7.175010000000000554e-01 2.601830482482910156e+00
7.250929999999999875e-01 2.601830482482910156e+00
7.285460000000000269e-01 2.601830482482910156e+00
7.321520000000000250e-01 2.601830482482910156e+00
7.355939999999999701e-01 2.607005119323730469e+00
7.389000000000000012e-01 2.607005119323730469e+00
7.423359999999999959e-01 2.601830482482910156e+00
7.457909999999999817e-01 2.607005119323730469e+00
7.490940000000000376e-01 2.607005119323730469e+00
7.525330000000000075e-01 2.601830482482910156e+00
7.559869999999999646e-01 2.601830482482910156e+00
7.592910000000000492e-01 2.601830482482910156e+00
7.627350000000000518e-01 2.596655845642089844e+00
7.661940000000000417e-01 2.596655845642089844e+00
7.696389999999999620e-01 2.591481208801269531e+00
7.730789999999999607e-01 2.591481208801269531e+00
7.765260000000000495e-01 2.591481208801269531e+00
7.799800000000000066e-01 2.591481208801269531e+00
7.832780000000000298e-01 2.591481208801269531e+00
7.867570000000000396e-01 2.591481208801269531e+00
7.902150000000000007e-01 2.591481208801269531e+00
7.935079999999999911e-01 2.591481208801269531e+00
7.969559999999999977e-01 2.591481208801269531e+00
8.005470000000000086e-01 2.591481208801269531e+00
8.040249999999999897e-01 2.591481208801269531e+00
8.073129999999999473e-01 2.596655845642089844e+00
8.107649999999999579e-01 2.601830482482910156e+00
8.142200000000000548e-01 2.601830482482910156e+00
8.175160000000000204e-01 2.601830482482910156e+00
8.209649999999999448e-01 2.607005119323730469e+00
8.244209999999999594e-01 2.607005119323730469e+00
8.277120000000000033e-01 2.607005119323730469e+00
8.311589999999999812e-01 2.607005119323730469e+00
8.385939999999999506e-01 2.601830482482910156e+00
8.422119999999999607e-01 2.607005119323730469e+00
8.455019999999999758e-01 2.601830482482910156e+00
8.489510000000000112e-01 2.607005119323730469e+00
8.524049999999999683e-01 2.607005119323730469e+00
8.556949999999999834e-01 2.596655845642089844e+00
8.591539999999999733e-01 2.591481208801269531e+00
8.626049999999999551e-01 2.591481208801269531e+00
8.658959999999999990e-01 2.591481208801269531e+00
8.693560000000000176e-01 2.591481208801269531e+00
8.728000000000000203e-01 2.591481208801269531e+00
8.770860000000000323e-01 2.596655845642089844e+00
8.805790000000000006e-01 2.591481208801269531e+00
8.838770000000000238e-01 2.591481208801269531e+00
8.942170000000000396e-01 2.591481208801269531e+00
8.997460000000000457e-01 2.596655845642089844e+00
9.069890000000000452e-01 2.596655845642089844e+00
9.104119999999999990e-01 2.607005119323730469e+00
9.140160000000000506e-01 2.607005119323730469e+00
9.173130000000000450e-01 2.607005119323730469e+00
9.207729999999999526e-01 2.607005119323730469e+00
9.240939999999999710e-01 2.607005119323730469e+00
9.275430000000000064e-01 2.607005119323730469e+00
9.309990000000000210e-01 2.607005119323730469e+00
9.342930000000000401e-01 2.607005119323730469e+00
9.377349999999999852e-01 2.601830482482910156e+00
9.413519999999999666e-01 2.601830482482910156e+00
9.488119999999999887e-01 2.601830482482910156e+00
9.520790000000000086e-01 2.601830482482910156e+00
9.555150000000000032e-01 2.596655845642089844e+00
9.589720000000000466e-01 2.596655845642089844e+00
9.624310000000000365e-01 2.596655845642089844e+00
9.657219999999999693e-01 2.596655845642089844e+00
9.691819999999999879e-01 2.596655845642089844e+00
9.724669999999999703e-01 2.591481208801269531e+00
9.759480000000000377e-01 2.591481208801269531e+00
9.794140000000000068e-01 2.596655845642089844e+00
9.826989999999999892e-01 2.596655845642089844e+00
9.861509999999999998e-01 2.596655845642089844e+00
9.895960000000000312e-01 2.596655845642089844e+00
9.928919999999999968e-01 2.596655845642089844e+00
9.963459999999999539e-01 2.596655845642089844e+00
9.999019999999999575e-01 2.596655845642089844e+00
1.004223000000000088e+00 2.596655845642089844e+00
1.008320000000000105e+00 2.601830482482910156e+00
1.012477999999999989e+00 2.607005119323730469e+00
1.016543999999999892e+00 2.607005119323730469e+00
1.020607000000000042e+00 2.601830482482910156e+00
1.024656000000000011e+00 2.601830482482910156e+00
1.028761000000000037e+00 2.601830482482910156e+00
1.032837999999999923e+00 2.601830482482910156e+00
1.036864000000000008e+00 2.601830482482910156e+00
1.041020999999999974e+00 2.601830482482910156e+00
1.045090000000000074e+00 2.601830482482910156e+00
1.049223000000000017e+00 2.601830482482910156e+00
1.053328999999999960e+00 2.601830482482910156e+00
1.061719000000000079e+00 2.596655845642089844e+00
1.066178000000000070e+00 2.601830482482910156e+00
1.070300999999999947e+00 2.601830482482910156e+00
1.074386999999999981e+00 2.596655845642089844e+00
1.078467000000000064e+00 2.596655845642089844e+00
1.082634000000000096e+00 2.596655845642089844e+00
1.086697000000000024e+00 2.596655845642089844e+00
1.090878999999999932e+00 2.596655845642089844e+00
1.094978999999999925e+00 2.601830482482910156e+00
1.099155000000000104e+00 2.596655845642089844e+00
1.103337000000000012e+00 2.601830482482910156e+00
1.107467999999999897e+00 2.601830482482910156e+00
1.111660000000000093e+00 2.601830482482910156e+00
1.115761999999999921e+00 2.601830482482910156e+00
1.119863999999999971e+00 2.601830482482910156e+00
1.123973000000000111e+00 2.601830482482910156e+00
1.128058000000000005e+00 2.607005119323730469e+00
1.132335000000000091e+00 2.601830482482910156e+00
1.136446000000000067e+00 2.601830482482910156e+00
1.140617999999999910e+00 2.601830482482910156e+00
1.144709999999999894e+00 2.607005119323730469e+00
1.148916999999999966e+00 2.607005119323730469e+00
1.153049999999999908e+00 2.612179756164550781e+00
1.157181000000000015e+00 2.596655845642089844e+00
1.161397999999999930e+00 2.601830482482910156e+00
1.165548999999999946e+00 2.596655845642089844e+00
1.169696999999999987e+00 2.601830482482910156e+00
1.178048999999999902e+00 2.596655845642089844e+00
1.182762000000000091e+00 2.596655845642089844e+00
1.186938999999999966e+00 2.596655845642089844e+00
1.191845000000000043e+00 2.596655845642089844e+00
1.196023000000000058e+00 2.591481208801269531e+00
1.200218000000000007e+00 2.596655845642089844e+00
1.204558000000000018e+00 2.591481208801269531e+00
1.208989000000000091e+00 2.596655845642089844e+00
1.213203000000000031e+00 2.601830482482910156e+00
1.217381999999999964e+00 2.601830482482910156e+00
1.221646000000000010e+00 2.601830482482910156e+00
1.225848000000000049e+00 2.601830482482910156e+00
1.230067000000000021e+00 2.601830482482910156e+00
1.234255000000000102e+00 2.607005119323730469e+00
1.238442000000000043e+00 2.607005119323730469e+00
1.242779999999999996e+00 2.607005119323730469e+00
1.246969999999999912e+00 2.607005119323730469e+00
1.251249000000000056e+00 2.607005119323730469e+00
1.255427000000000071e+00 2.607005119323730469e+00
1.259694000000000091e+00 2.596655845642089844e+00
1.263892999999999933e+00 2.596655845642089844e+00
1.268100999999999923e+00 2.601830482482910156e+00
1.271457000000000059e+00 2.596655845642089844e+00
1.275701999999999892e+00 2.596655845642089844e+00
1.279913999999999996e+00 2.596655845642089844e+00
1.284140000000000059e+00 2.596655845642089844e+00
1.292697999999999903e+00 2.591481208801269531e+00
1.297312999999999938e+00 2.596655845642089844e+00
1.301635000000000097e+00 2.591481208801269531e+00
1.306035000000000057e+00 2.596655845642089844e+00
1.310300000000000020e+00 2.601830482482910156e+00
1.314554999999999918e+00 2.601830482482910156e+00
1.318913999999999920e+00 2.607005119323730469e+00
1.323166999999999982e+00 2.607005119323730469e+00
1.327420999999999962e+00 2.612179756164550781e+00
1.331761999999999890e+00 2.607005119323730469e+00
1.336024000000000100e+00 2.607005119323730469e+00
1.340314999999999923e+00 2.607005119323730469e+00
1.344554000000000027e+00 2.612179756164550781e+00
1.348899000000000070e+00 2.607005119323730469e+00
1.353177000000000074e+00 2.612179756164550781e+00
1.357455999999999996e+00 2.596655845642089844e+00
1.361796000000000006e+00 2.596655845642089844e+00
1.366052999999999962e+00 2.596655845642089844e+00
1.370427999999999980e+00 2.596655845642089844e+00
1.374721000000000082e+00 2.591481208801269531e+00
1.379078000000000026e+00 2.591481208801269531e+00
1.383370999999999906e+00 2.591481208801269531e+00
1.387664999999999926e+00 2.591481208801269531e+00
1.392065000000000108e+00 2.596655845642089844e+00
1.396379999999999955e+00 2.591481208801269531e+00
1.401105999999999963e+00 2.596655845642089844e+00
1.411353999999999997e+00 2.607005119323730469e+00
1.415745000000000031e+00 2.607005119323730469e+00
1.420090000000000074e+00 2.607005119323730469e+00
1.424401999999999946e+00 2.607005119323730469e+00
1.428749000000000047e+00 2.607005119323730469e+00
1.432064000000000004e+00 2.612179756164550781e+00
1.436390999999999973e+00 2.612179756164550781e+00
1.440747999999999918e+00 2.612179756164550781e+00
1.445078000000000085e+00 2.607005119323730469e+00
1.449475000000000069e+00 2.601830482482910156e+00
1.453788000000000080e+00 2.601830482482910156e+00
1.458136000000000099e+00 2.596655845642089844e+00
1.462685999999999931e+00 2.596655845642089844e+00
1.467036999999999924e+00 2.596655845642089844e+00
1.471451000000000064e+00 2.591481208801269531e+00
1.475813000000000041e+00 2.596655845642089844e+00
1.480183999999999944e+00 2.591481208801269531e+00
1.484536999999999995e+00 2.596655845642089844e+00
1.488942999999999905e+00 2.596655845642089844e+00
1.493300000000000072e+00 2.601830482482910156e+00
1.497664000000000106e+00 2.596655845642089844e+00
1.502121000000000040e+00 2.596655845642089844e+00
1.506499999999999950e+00 2.607005119323730469e+00
1.510993000000000031e+00 2.607005119323730469e+00
1.515567000000000109e+00 2.607005119323730469e+00
1.522378999999999927e+00 2.607005119323730469e+00
1.526278999999999941e+00 2.607005119323730469e+00
1.530022999999999911e+00 2.607005119323730469e+00
1.533733000000000013e+00 2.601830482482910156e+00
1.537442999999999893e+00 2.601830482482910156e+00
1.541218999999999895e+00 2.607005119323730469e+00
1.544923999999999964e+00 2.607005119323730469e+00
1.548634999999999984e+00 2.607005119323730469e+00
1.552465999999999902e+00 2.607005119323730469e+00
1.556187999999999905e+00 2.596655845642089844e+00
1.559930999999999957e+00 2.596655845642089844e+00
1.563652000000000042e+00 2.591481208801269531e+00
1.567369000000000012e+00 2.596655845642089844e+00
1.571167999999999898e+00 2.596655845642089844e+00
1.574888999999999983e+00 2.601830482482910156e+00
1.578624999999999945e+00 2.601830482482910156e+00
1.582386000000000070e+00 2.601830482482910156e+00
1.586130999999999958e+00 2.601830482482910156e+00
1.589890000000000025e+00 2.601830482482910156e+00
1.593625000000000069e+00 2.601830482482910156e+00
1.597353000000000023e+00 2.596655845642089844e+00
1.601151999999999909e+00 2.601830482482910156e+00
1.604881000000000002e+00 2.601830482482910156e+00
1.608624000000000054e+00 2.607005119323730469e+00
1.612524999999999986e+00 2.601830482482910156e+00
1.616284999999999972e+00 2.601830482482910156e+00
1.620054000000000105e+00 2.601830482482910156e+00
1.623807999999999918e+00 2.607005119323730469e+00
1.627574000000000076e+00 2.607005119323730469e+00
1.634093000000000018e+00 2.601830482482910156e+00
1.637950999999999935e+00 2.601830482482910156e+00
1.641823999999999950e+00 2.607005119323730469e+00
1.645596999999999976e+00 2.601830482482910156e+00
1.649442000000000075e+00 2.607005119323730469e+00
1.653219999999999912e+00 2.612179756164550781e+00
1.656992000000000020e+00 2.601830482482910156e+00
1.660870999999999986e+00 2.601830482482910156e+00
1.664647999999999906e+00 2.601830482482910156e+00
1.668425999999999965e+00 2.596655845642089844e+00
1.672268000000000088e+00 2.601830482482910156e+00
1.676045000000000007e+00 2.601830482482910156e+00
1.679870999999999892e+00 2.596655845642089844e+00
1.683666000000000107e+00 2.596655845642089844e+00
1.687456000000000067e+00 2.596655845642089844e+00
1.691311999999999927e+00 2.601830482482910156e+00
1.695100000000000051e+00 2.596655845642089844e+00
1.698965999999999976e+00 2.596655845642089844e+00
1.702779999999999960e+00 2.596655845642089844e+00
1.706577000000000011e+00 2.596655845642089844e+00
1.710383999999999904e+00 2.607005119323730469e+00
1.714264999999999928e+00 2.607005119323730469e+00
1.718072000000000044e+00 2.607005119323730469e+00
1.721961000000000075e+00 2.601830482482910156e+00
1.725769000000000108e+00 2.607005119323730469e+00
1.729589999999999961e+00 2.607005119323730469e+00
1.733400000000000052e+00 2.607005119323730469e+00
1.737224000000000101e+00 2.607005119323730469e+00
1.741098999999999952e+00 2.607005119323730469e+00
1.744186000000000014e+00 2.612179756164550781e+00
1.752372000000000041e+00 2.612179756164550781e+00
1.756234000000000073e+00 2.601830482482910156e+00
1.760121000000000047e+00 2.596655845642089844e+00
1.763959999999999972e+00 2.601830482482910156e+00
1.767798999999999898e+00 2.601830482482910156e+00
1.771681999999999979e+00 2.596655845642089844e+00
1.775527000000000077e+00 2.601830482482910156e+00
1.779460000000000042e+00 2.596655845642089844e+00
1.783303000000000083e+00 2.596655845642089844e+00
1.787158999999999942e+00 2.596655845642089844e+00
1.791068000000000104e+00 2.596655845642089844e+00
1.794923000000000046e+00 2.596655845642089844e+00
1.798834999999999962e+00 2.596655845642089844e+00
1.802696000000000076e+00 2.596655845642089844e+00
1.806556999999999968e+00 2.601830482482910156e+00
1.810440000000000049e+00 2.607005119323730469e+00
1.814356000000000080e+00 2.607005119323730469e+00
1.818233999999999906e+00 2.607005119323730469e+00
1.822192999999999952e+00 2.607005119323730469e+00
1.826071999999999917e+00 2.607005119323730469e+00
1.829960999999999949e+00 2.607005119323730469e+00
1.833838999999999997e+00 2.607005119323730469e+00
1.837727000000000110e+00 2.612179756164550781e+00
1.841658999999999935e+00 2.612179756164550781e+00
1.845541000000000098e+00 2.612179756164550781e+00
1.849506000000000094e+00 2.607005119323730469e+00
1.853391999999999928e+00 2.612179756164550781e+00
1.857286999999999910e+00 2.601830482482910156e+00
1.866244999999999932e+00 2.596655845642089844e+00
1.870332000000000106e+00 2.591481208801269531e+00
1.874231999999999898e+00 2.596655845642089844e+00
1.878135000000000110e+00 2.601830482482910156e+00
1.882119000000000097e+00 2.596655845642089844e+00
1.885167999999999955e+00 2.596655845642089844e+00
1.889121999999999968e+00 2.596655845642089844e+00
1.893059000000000047e+00 2.596655845642089844e+00
1.900714000000000015e+00 2.591481208801269531e+00
1.909407999999999994e+00 2.607005119323730469e+00
1.914921000000000095e+00 2.607005119323730469e+00
1.920962999999999976e+00 2.607005119323730469e+00
1.925238000000000005e+00 2.612179756164550781e+00
1.929243999999999959e+00 2.612179756164550781e+00
1.933178000000000063e+00 2.607005119323730469e+00
1.937106999999999912e+00 2.607005119323730469e+00
1.940231000000000039e+00 2.612179756164550781e+00
1.944158000000000053e+00 2.607005119323730469e+00
1.948088000000000042e+00 2.607005119323730469e+00
1.952147000000000077e+00 2.601830482482910156e+00
1.956082000000000098e+00 2.601830482482910156e+00
1.960042999999999980e+00 2.601830482482910156e+00
1.963970999999999911e+00 2.596655845642089844e+00
1.967918000000000056e+00 2.596655845642089844e+00
1.971959000000000017e+00 2.596655845642089844e+00
1.978898000000000046e+00 2.596655845642089844e+00
1.982917000000000041e+00 2.596655845642089844e+00
1.986879999999999979e+00 2.596655845642089844e+00
1.990064000000000055e+00 2.601830482482910156e+00
1.994024000000000019e+00 2.607005119323730469e+00
1.997970999999999941e+00 2.601830482482910156e+00
2.002029999999999976e+00 2.601830482482910156e+00
2.005974999999999842e+00 2.601830482482910156e+00
2.009932000000000052e+00 2.612179756164550781e+00
2.013891000000000098e+00 2.612179756164550781e+00
2.018003999999999909e+00 2.612179756164550781e+00
2.022097000000000033e+00 2.607005119323730469e+00
2.026051999999999964e+00 2.612179756164550781e+00
2.030035999999999952e+00 2.612179756164550781e+00
2.033997999999999973e+00 2.607005119323730469e+00
2.037967000000000084e+00 2.607005119323730469e+00
2.042060999999999904e+00 2.607005119323730469e+00
2.046018999999999810e+00 2.607005119323730469e+00
2.050015000000000143e+00 2.607005119323730469e+00
2.053990999999999900e+00 2.607005119323730469e+00
2.057967000000000102e+00 2.601830482482910156e+00
2.061996000000000162e+00 2.596655845642089844e+00
2.065973000000000059e+00 2.591481208801269531e+00
2.069958000000000187e+00 2.596655845642089844e+00
2.073945000000000149e+00 2.601830482482910156e+00
2.077935999999999783e+00 2.601830482482910156e+00
2.082009999999999916e+00 2.596655845642089844e+00
2.086002999999999830e+00 2.601830482482910156e+00
2.090085999999999888e+00 2.601830482482910156e+00
2.096915000000000084e+00 2.601830482482910156e+00
2.101153000000000048e+00 2.607005119323730469e+00
2.105153000000000052e+00 2.607005119323730469e+00
2.109214999999999840e+00 2.612179756164550781e+00
2.113213000000000008e+00 2.612179756164550781e+00
2.117296000000000067e+00 2.607005119323730469e+00
2.121373999999999871e+00 2.607005119323730469e+00
2.125395000000000145e+00 2.607005119323730469e+00
2.129481000000000179e+00 2.607005119323730469e+00
2.133500999999999870e+00 2.607005119323730469e+00
2.137522000000000144e+00 2.601830482482910156e+00
2.141615999999999964e+00 2.607005119323730469e+00
2.145645000000000024e+00 2.607005119323730469e+00
2.149693000000000076e+00 2.607005119323730469e+00
2.152792999999999957e+00 2.607005119323730469e+00
2.156823000000000157e+00 2.607005119323730469e+00
2.159997000000000167e+00 2.607005119323730469e+00
2.164016999999999857e+00 2.601830482482910156e+00
2.168095000000000105e+00 2.601830482482910156e+00
2.172292000000000112e+00 2.596655845642089844e+00
2.176340000000000163e+00 2.601830482482910156e+00
2.180387000000000075e+00 2.601830482482910156e+00
2.184439999999999937e+00 2.601830482482910156e+00
2.188576999999999995e+00 2.596655845642089844e+00
2.192898000000000014e+00 2.601830482482910156e+00
2.197095000000000020e+00 2.601830482482910156e+00
2.201347999999999860e+00 2.596655845642089844e+00
2.205878999999999923e+00 2.596655845642089844e+00
2.214640000000000164e+00 2.607005119323730469e+00
2.218831000000000220e+00 2.607005119323730469e+00
2.221982999999999819e+00 2.607005119323730469e+00
2.227075000000000138e+00 2.607005119323730469e+00
2.232108000000000203e+00 2.607005119323730469e+00
2.237063000000000024e+00 2.607005119323730469e+00
2.242109999999999825e+00 2.607005119323730469e+00
2.247097000000000122e+00 2.612179756164550781e+00
2.252145000000000064e+00 2.612179756164550781e+00
2.257105000000000139e+00 2.612179756164550781e+00
2.262178000000000022e+00 2.601830482482910156e+00
2.267144000000000048e+00 2.601830482482910156e+00
2.272189000000000014e+00 2.601830482482910156e+00
2.277175000000000171e+00 2.601830482482910156e+00
2.282224999999999948e+00 2.601830482482910156e+00
2.287195999999999785e+00 2.596655845642089844e+00
2.292234000000000105e+00 2.596655845642089844e+00
2.297204999999999941e+00 2.596655845642089844e+00
2.302223000000000130e+00 2.596655845642089844e+00
2.307218999999999909e+00 2.601830482482910156e+00
2.312377000000000127e+00 2.607005119323730469e+00
2.317371000000000070e+00 2.607005119323730469e+00
2.325892000000000071e+00 2.607005119323730469e+00
2.330334000000000128e+00 2.612179756164550781e+00
2.334473000000000020e+00 2.607005119323730469e+00
2.338585000000000136e+00 2.607005119323730469e+00
2.342756000000000061e+00 2.607005119323730469e+00
2.346874000000000127e+00 2.612179756164550781e+00
2.351074999999999804e+00 2.612179756164550781e+00
2.354222000000000037e+00 2.612179756164550781e+00
2.357364000000000015e+00 2.607005119323730469e+00
2.361587000000000103e+00 2.601830482482910156e+00
2.365718000000000210e+00 2.601830482482910156e+00
2.369880000000000209e+00 2.596655845642089844e+00
2.373003999999999891e+00 2.596655845642089844e+00
2.377149999999999874e+00 2.601830482482910156e+00
2.380367999999999817e+00 2.596655845642089844e+00
2.384511999999999965e+00 2.596655845642089844e+00
2.388653999999999833e+00 2.596655845642089844e+00
2.392846000000000029e+00 2.596655845642089844e+00
2.396011999999999809e+00 2.596655845642089844e+00
2.400164000000000186e+00 2.601830482482910156e+00
2.404314999999999980e+00 2.596655845642089844e+00
2.408462999999999798e+00 2.607005119323730469e+00
2.412701999999999902e+00 2.607005119323730469e+00
2.416854999999999976e+00 2.612179756164550781e+00
2.421079999999999899e+00 2.612179756164550781e+00
2.425371000000000166e+00 2.617353439331054688e+00
2.429669000000000079e+00 2.612179756164550781e+00
2.434365999999999808e+00 2.612179756164550781e+00
2.441822000000000159e+00 2.612179756164550781e+00
2.446095999999999826e+00 2.612179756164550781e+00
2.450308000000000153e+00 2.607005119323730469e+00
2.454498000000000069e+00 2.607005119323730469e+00
2.458727999999999803e+00 2.601830482482910156e+00
2.462995999999999963e+00 2.596655845642089844e+00
2.467185000000000183e+00 2.596655845642089844e+00
2.470346999999999849e+00 2.596655845642089844e+00
2.474552999999999781e+00 2.596655845642089844e+00
2.478823000000000221e+00 2.596655845642089844e+00
2.483044000000000029e+00 2.591481208801269531e+00
2.487251000000000101e+00 2.596655845642089844e+00
2.491527000000000047e+00 2.596655845642089844e+00
2.495827999999999935e+00 2.607005119323730469e+00
2.500089000000000006e+00 2.601830482482910156e+00
2.504302000000000028e+00 2.601830482482910156e+00
2.508513000000000215e+00 2.612179756164550781e+00
2.512858000000000036e+00 2.612179756164550781e+00
2.517053999999999903e+00 2.612179756164550781e+00
2.521326000000000178e+00 2.612179756164550781e+00
2.525590999999999919e+00 2.617353439331054688e+00
2.528811999999999838e+00 2.612179756164550781e+00
2.533024999999999860e+00 2.612179756164550781e+00
2.536160999999999888e+00 2.607005119323730469e+00
2.540395999999999876e+00 2.607005119323730469e+00
2.544684000000000168e+00 2.607005119323730469e+00
2.549317999999999973e+00 2.607005119323730469e+00
2.556735000000000202e+00 2.601830482482910156e+00
2.559994999999999798e+00 2.596655845642089844e+00
2.564280999999999811e+00 2.596655845642089844e+00
2.568534000000000095e+00 2.596655845642089844e+00
2.572843000000000213e+00 2.596655845642089844e+00
2.577103000000000144e+00 2.601830482482910156e+00
2.581424999999999859e+00 2.601830482482910156e+00
2.585681000000000118e+00 2.601830482482910156e+00
2.589944000000000024e+00 2.607005119323730469e+00
2.594327999999999967e+00 2.601830482482910156e+00
2.598606000000000193e+00 2.601830482482910156e+00
2.602917000000000147e+00 2.601830482482910156e+00
2.607187000000000143e+00 2.612179756164550781e+00
2.611520000000000064e+00 2.612179756164550781e+00
2.615819999999999812e+00 2.612179756164550781e+00
2.620092999999999783e+00 2.607005119323730469e+00
2.624388000000000165e+00 2.607005119323730469e+00
2.628852000000000189e+00 2.607005119323730469e+00
2.633125999999999856e+00 2.607005119323730469e+00
2.636365000000000069e+00 2.607005119323730469e+00
2.640642000000000156e+00 2.607005119323730469e+00
2.644928000000000168e+00 2.607005119323730469e+00
2.649297999999999931e+00 2.612179756164550781e+00
2.653595000000000148e+00 2.607005119323730469e+00
2.656827999999999967e+00 2.601830482482910156e+00
2.661191999999999780e+00 2.601830482482910156e+00
2.668286999999999853e+00 2.601830482482910156e+00
2.672965000000000035e+00 2.601830482482910156e+00
2.677275999999999989e+00 2.607005119323730469e+00
2.681652000000000147e+00 2.601830482482910156e+00
2.685950000000000060e+00 2.607005119323730469e+00
2.690263999999999989e+00 2.601830482482910156e+00
2.694595000000000073e+00 2.607005119323730469e+00
2.697712999999999806e+00 2.601830482482910156e+00
2.701023000000000174e+00 2.601830482482910156e+00
2.705338999999999938e+00 2.601830482482910156e+00
2.709729999999999972e+00 2.607005119323730469e+00
2.714068999999999843e+00 2.612179756164550781e+00
2.718393999999999977e+00 2.607005119323730469e+00
2.722808000000000117e+00 2.607005119323730469e+00
2.727139000000000202e+00 2.607005119323730469e+00
2.731596000000000135e+00 2.607005119323730469e+00
2.735926000000000080e+00 2.607005119323730469e+00
2.740279000000000131e+00 2.607005119323730469e+00
2.744650000000000034e+00 2.612179756164550781e+00
2.749038000000000093e+00 2.612179756164550781e+00
2.753372000000000153e+00 2.612179756164550781e+00
2.756587999999999816e+00 2.607005119323730469e+00
2.760993000000000031e+00 2.607005119323730469e+00
2.765325999999999951e+00 2.601830482482910156e+00
2.769708000000000059e+00 2.601830482482910156e+00
2.772984999999999811e+00 2.601830482482910156e+00
2.777343999999999813e+00 2.607005119323730469e+00
2.784628000000000103e+00 2.601830482482910156e+00
2.789102999999999888e+00 2.596655845642089844e+00
2.793435000000000112e+00 2.596655845642089844e+00
2.797762000000000082e+00 2.596655845642089844e+00
2.802159000000000066e+00 2.596655845642089844e+00
2.805449999999999999e+00 2.596655845642089844e+00
2.809800000000000075e+00 2.612179756164550781e+00
2.814140999999999782e+00 2.607005119323730469e+00
2.818496999999999808e+00 2.607005119323730469e+00
2.822881999999999891e+00 2.607005119323730469e+00
2.827236999999999778e+00 2.612179756164550781e+00
2.831706000000000056e+00 2.612179756164550781e+00
2.834966999999999793e+00 2.612179756164550781e+00
2.839405999999999874e+00 2.612179756164550781e+00
2.843770999999999827e+00 2.612179756164550781e+00
2.848138000000000059e+00 2.612179756164550781e+00
2.852616999999999958e+00 2.612179756164550781e+00
2.856977000000000100e+00 2.607005119323730469e+00
2.861383000000000010e+00 2.601830482482910156e+00
2.865756000000000192e+00 2.601830482482910156e+00
2.868996999999999797e+00 2.601830482482910156e+00
2.873388999999999971e+00 2.601830482482910156e+00
2.877775999999999890e+00 2.601830482482910156e+00
2.882203000000000070e+00 2.601830482482910156e+00
2.886578999999999784e+00 2.596655845642089844e+00
2.891046999999999922e+00 2.596655845642089844e+00
2.895496000000000070e+00 2.596655845642089844e+00
2.903367999999999949e+00 2.596655845642089844e+00
2.911728999999999790e+00 2.607005119323730469e+00
2.921329000000000065e+00 2.612179756164550781e+00
2.929250000000000131e+00 2.617353439331054688e+00
2.934352000000000071e+00 2.612179756164550781e+00
2.938880999999999855e+00 2.612179756164550781e+00
2.942206999999999795e+00 2.617353439331054688e+00
2.946645000000000181e+00 2.612179756164550781e+00
2.950025000000000119e+00 2.612179756164550781e+00
2.954471999999999987e+00 2.612179756164550781e+00
2.958969000000000182e+00 2.601830482482910156e+00
2.963385999999999854e+00 2.601830482482910156e+00
2.967791000000000068e+00 2.596655845642089844e+00
2.972307999999999950e+00 2.596655845642089844e+00
2.975635000000000030e+00 2.601830482482910156e+00
2.980093999999999799e+00 2.596655845642089844e+00
2.984532999999999880e+00 2.596655845642089844e+00
2.989069000000000198e+00 2.596655845642089844e+00
2.992382999999999793e+00 2.601830482482910156e+00
2.996844999999999981e+00 2.601830482482910156e+00
3.000201999999999813e+00 2.607005119323730469e+00
3.004661000000000026e+00 2.607005119323730469e+00
3.008016000000000023e+00 2.612179756164550781e+00
3.015508000000000077e+00 2.612179756164550781e+00
3.020026999999999795e+00 2.612179756164550781e+00
3.024506999999999834e+00 2.612179756164550781e+00
3.029557000000000055e+00 2.612179756164550781e+00
3.035105999999999860e+00 2.612179756164550781e+00
3.040671999999999819e+00 2.607005119323730469e+00
3.046183000000000085e+00 2.607005119323730469e+00
3.051759999999999806e+00 2.612179756164550781e+00
3.057262000000000146e+00 2.601830482482910156e+00
3.062832000000000221e+00 2.601830482482910156e+00
3.068334999999999813e+00 2.596655845642089844e+00
3.073939000000000199e+00 2.596655845642089844e+00
3.079537999999999887e+00 2.601830482482910156e+00
3.085052000000000127e+00 2.607005119323730469e+00
3.090603999999999907e+00 2.601830482482910156e+00
3.096131000000000189e+00 2.601830482482910156e+00
3.101703999999999795e+00 2.607005119323730469e+00
3.107248999999999928e+00 2.607005119323730469e+00
3.112855000000000150e+00 2.612179756164550781e+00
3.118408000000000069e+00 2.612179756164550781e+00
3.124146000000000090e+00 2.612179756164550781e+00
3.132642999999999844e+00 2.607005119323730469e+00
3.137246000000000201e+00 2.607005119323730469e+00
3.140616000000000074e+00 2.607005119323730469e+00
3.145198999999999856e+00 2.612179756164550781e+00
3.149766000000000066e+00 2.607005119323730469e+00
3.154278999999999833e+00 2.612179756164550781e+00
3.157630999999999855e+00 2.601830482482910156e+00
3.162228999999999957e+00 2.601830482482910156e+00
3.165594000000000019e+00 2.601830482482910156e+00
3.170174999999999965e+00 2.601830482482910156e+00
3.174710999999999839e+00 2.607005119323730469e+00
3.179305999999999965e+00 2.607005119323730469e+00
3.183828999999999798e+00 2.607005119323730469e+00
3.188359999999999861e+00 2.601830482482910156e+00
3.191844999999999821e+00 2.607005119323730469e+00
3.196397999999999850e+00 2.601830482482910156e+00
3.199809000000000125e+00 2.607005119323730469e+00
3.204362000000000155e+00 2.601830482482910156e+00
3.208966999999999903e+00 2.607005119323730469e+00
3.213509999999999867e+00 2.612179756164550781e+00
3.218048000000000020e+00 2.607005119323730469e+00
3.222674000000000039e+00 2.607005119323730469e+00
3.226027999999999896e+00 2.612179756164550781e+00
3.230614000000000097e+00 2.612179756164550781e+00
3.234001999999999821e+00 2.612179756164550781e+00
3.238593999999999973e+00 2.607005119323730469e+00
3.246081999999999912e+00 2.607005119323730469e+00
3.251027999999999807e+00 2.617353439331054688e+00
3.254379999999999828e+00 2.607005119323730469e+00
3.259058000000000010e+00 2.607005119323730469e+00
3.263625999999999916e+00 2.607005119323730469e+00
3.268184999999999896e+00 2.607005119323730469e+00
3.272845999999999922e+00 2.601830482482910156e+00
3.277411999999999992e+00 2.607005119323730469e+00
3.282058999999999838e+00 2.607005119323730469e+00
3.285464999999999858e+00 2.607005119323730469e+00
3.290071999999999885e+00 2.601830482482910156e+00
3.294662000000000202e+00 2.601830482482910156e+00
3.299293000000000031e+00 2.596655845642089844e+00
3.303891000000000133e+00 2.596655845642089844e+00
3.308469999999999800e+00 2.607005119323730469e+00
3.313099999999999934e+00 2.612179756164550781e+00
3.317677000000000209e+00 2.612179756164550781e+00
3.322315999999999825e+00 2.607005119323730469e+00
3.326899000000000051e+00 2.607005119323730469e+00
3.331538000000000110e+00 2.607005119323730469e+00
3.336145999999999834e+00 2.612179756164550781e+00
3.340815000000000090e+00 2.612179756164550781e+00
3.345404999999999962e+00 2.612179756164550781e+00
3.350001999999999924e+00 2.612179756164550781e+00
3.353451000000000182e+00 2.612179756164550781e+00
3.360961999999999783e+00 2.612179756164550781e+00
3.365871999999999975e+00 2.601830482482910156e+00
3.370500999999999969e+00 2.601830482482910156e+00
3.375109000000000137e+00 2.601830482482910156e+00
3.379789000000000154e+00 2.596655845642089844e+00
3.384398000000000017e+00 2.601830482482910156e+00
3.389067999999999969e+00 2.596655845642089844e+00
3.393778000000000183e+00 2.596655845642089844e+00
3.398416999999999799e+00 2.601830482482910156e+00
3.403132999999999964e+00 2.601830482482910156e+00
3.407761999999999958e+00 2.601830482482910156e+00
3.412456999999999852e+00 2.607005119323730469e+00
3.417069999999999830e+00 2.612179756164550781e+00
3.421762000000000192e+00 2.612179756164550781e+00
3.426387000000000072e+00 2.617353439331054688e+00
3.429841000000000140e+00 2.612179756164550781e+00
3.434467999999999854e+00 2.617353439331054688e+00
3.439141999999999921e+00 2.612179756164550781e+00
3.443836000000000119e+00 2.617353439331054688e+00
3.448478000000000154e+00 2.612179756164550781e+00
3.453161999999999843e+00 2.612179756164550781e+00
3.457835000000000214e+00 2.607005119323730469e+00
3.462550999999999934e+00 2.601830482482910156e+00
3.467194000000000109e+00 2.596655845642089844e+00
3.475000999999999785e+00 2.601830482482910156e+00
3.479896999999999796e+00 2.596655845642089844e+00
3.484538999999999831e+00 2.601830482482910156e+00
3.489238999999999979e+00 2.596655845642089844e+00
3.493883999999999990e+00 2.601830482482910156e+00
3.498533999999999811e+00 2.601830482482910156e+00
3.502000999999999920e+00 2.601830482482910156e+00
3.505450000000000177e+00 2.607005119323730469e+00
3.510117000000000154e+00 2.617353439331054688e+00
3.514780000000000015e+00 2.612179756164550781e+00
3.519483000000000139e+00 2.612179756164550781e+00
3.524147999999999836e+00 2.617353439331054688e+00
3.528881000000000157e+00 2.617353439331054688e+00
3.533567999999999820e+00 2.617353439331054688e+00
3.538221000000000060e+00 2.612179756164550781e+00
3.542982999999999993e+00 2.617353439331054688e+00
3.547702999999999829e+00 2.607005119323730469e+00
3.552461999999999787e+00 2.607005119323730469e+00
3.557154999999999845e+00 2.601830482482910156e+00
3.561891999999999836e+00 2.601830482482910156e+00
3.566565999999999903e+00 2.596655845642089844e+00
3.571314000000000100e+00 2.601830482482910156e+00
3.576038000000000050e+00 2.601830482482910156e+00
3.580744000000000149e+00 2.596655845642089844e+00
3.584207000000000143e+00 2.607005119323730469e+00
3.591766999999999932e+00 2.601830482482910156e+00
3.596566999999999847e+00 2.601830482482910156e+00
3.601392000000000149e+00 2.601830482482910156e+00
3.606114999999999959e+00 2.612179756164550781e+00
3.610854999999999926e+00 2.612179756164550781e+00
3.615610999999999908e+00 2.617353439331054688e+00
3.620363999999999916e+00 2.612179756164550781e+00
3.625109999999999832e+00 2.617353439331054688e+00
3.628579999999999917e+00 2.607005119323730469e+00
3.633429000000000020e+00 2.612179756164550781e+00
3.638186999999999838e+00 2.607005119323730469e+00
3.643059000000000047e+00 2.607005119323730469e+00
3.647825000000000095e+00 2.607005119323730469e+00
3.652652999999999928e+00 2.612179756164550781e+00
3.657417000000000140e+00 2.607005119323730469e+00
3.662215000000000220e+00 2.601830482482910156e+00
3.666939999999999866e+00 2.601830482482910156e+00
3.671714000000000144e+00 2.601830482482910156e+00
3.676444000000000045e+00 2.607005119323730469e+00
3.681236000000000175e+00 2.601830482482910156e+00
3.685970000000000191e+00 2.612179756164550781e+00
3.690729000000000148e+00 2.607005119323730469e+00
3.695465000000000000e+00 2.601830482482910156e+00
3.700272000000000006e+00 2.607005119323730469e+00
3.710463999999999984e+00 2.607005119323730469e+00
3.715615000000000112e+00 2.612179756164550781e+00
3.720419999999999838e+00 2.607005119323730469e+00
3.725182000000000215e+00 2.607005119323730469e+00
3.730004999999999793e+00 2.612179756164550781e+00
3.734790999999999972e+00 2.607005119323730469e+00
3.739625999999999895e+00 2.612179756164550781e+00
3.744425000000000114e+00 2.612179756164550781e+00
3.749284999999999979e+00 2.612179756164550781e+00
3.754100000000000215e+00 2.612179756164550781e+00
3.758938000000000113e+00 2.607005119323730469e+00
3.762395999999999852e+00 2.607005119323730469e+00
3.767186000000000146e+00 2.607005119323730469e+00
3.772089999999999943e+00 2.601830482482910156e+00
3.776890999999999998e+00 2.601830482482910156e+00
3.781733000000000011e+00 2.601830482482910156e+00
3.786544999999999828e+00 2.601830482482910156e+00
3.791392999999999791e+00 2.601830482482910156e+00
3.796206000000000191e+00 2.601830482482910156e+00
3.801038999999999835e+00 2.601830482482910156e+00
3.805852999999999930e+00 2.601830482482910156e+00
3.810688999999999993e+00 2.612179756164550781e+00
3.815586999999999840e+00 2.607005119323730469e+00
3.823338999999999821e+00 2.607005119323730469e+00
3.828428000000000164e+00 2.612179756164550781e+00
3.833384000000000125e+00 2.607005119323730469e+00
3.838252000000000219e+00 2.612179756164550781e+00
3.843176999999999843e+00 2.617353439331054688e+00
3.848003999999999980e+00 2.617353439331054688e+00
3.853045999999999971e+00 2.612179756164550781e+00
3.857902000000000164e+00 2.612179756164550781e+00
3.862832000000000043e+00 2.607005119323730469e+00
3.867681000000000147e+00 2.607005119323730469e+00
3.872567999999999788e+00 2.601830482482910156e+00
3.877402000000000015e+00 2.607005119323730469e+00
3.882322999999999968e+00 2.596655845642089844e+00
3.885734999999999939e+00 2.601830482482910156e+00
3.890597000000000083e+00 2.601830482482910156e+00
3.895450999999999997e+00 2.601830482482910156e+00
3.900313000000000141e+00 2.601830482482910156e+00
3.908434000000000186e+00 2.601830482482910156e+00
3.917324999999999946e+00 2.612179756164550781e+00
3.925132000000000065e+00 2.612179756164550781e+00
3.932768999999999959e+00 2.612179756164550781e+00
3.941199999999999815e+00 2.612179756164550781e+00
3.946076000000000139e+00 2.612179756164550781e+00
3.950994999999999813e+00 2.617353439331054688e+00
3.955992999999999871e+00 2.612179756164550781e+00
3.960879999999999956e+00 2.607005119323730469e+00
3.965755000000000141e+00 2.596655845642089844e+00
3.970625000000000071e+00 2.596655845642089844e+00
3.975509000000000182e+00 2.601830482482910156e+00
3.980396999999999963e+00 2.601830482482910156e+00
3.985281000000000073e+00 2.596655845642089844e+00
3.990183000000000035e+00 2.601830482482910156e+00
3.995105999999999824e+00 2.596655845642089844e+00
4.000067999999999735e+00 2.601830482482910156e+00
4.004967999999999861e+00 2.601830482482910156e+00
4.009922000000000430e+00 2.612179756164550781e+00
4.014808999999999628e+00 2.617353439331054688e+00
4.019768000000000008e+00 2.612179756164550781e+00
4.024663000000000324e+00 2.617353439331054688e+00
4.028192999999999913e+00 2.617353439331054688e+00
4.033203999999999567e+00 2.612179756164550781e+00
4.038102000000000302e+00 2.612179756164550781e+00
4.043125999999999998e+00 2.617353439331054688e+00
4.050773000000000401e+00 2.612179756164550781e+00
4.055786000000000335e+00 2.601830482482910156e+00
4.060705999999999705e+00 2.601830482482910156e+00
4.065635000000000332e+00 2.601830482482910156e+00
4.070568999999999882e+00 2.596655845642089844e+00
4.075477000000000238e+00 2.601830482482910156e+00
4.080396000000000356e+00 2.601830482482910156e+00
4.085302999999999685e+00 2.601830482482910156e+00
4.090277000000000385e+00 2.601830482482910156e+00
4.093721999999999639e+00 2.607005119323730469e+00
4.098633000000000415e+00 2.607005119323730469e+00
4.103609999999999758e+00 2.601830482482910156e+00
4.108533999999999686e+00 2.612179756164550781e+00
4.113519000000000148e+00 2.612179756164550781e+00
4.118439999999999657e+00 2.617353439331054688e+00
4.123413000000000217e+00 2.612179756164550781e+00
4.128351999999999578e+00 2.612179756164550781e+00
4.133382000000000112e+00 2.607005119323730469e+00
4.138321999999999612e+00 2.607005119323730469e+00
4.143348999999999727e+00 2.617353439331054688e+00
4.148289000000000115e+00 2.612179756164550781e+00
4.153312999999999811e+00 2.607005119323730469e+00
4.158286999999999622e+00 2.601830482482910156e+00
4.163441999999999865e+00 2.596655845642089844e+00
4.171598000000000361e+00 2.596655845642089844e+00
4.176516000000000339e+00 2.607005119323730469e+00
4.181564999999999976e+00 2.607005119323730469e+00
4.186500999999999806e+00 2.607005119323730469e+00
4.191539999999999822e+00 2.601830482482910156e+00
4.196504000000000012e+00 2.607005119323730469e+00
4.201528999999999847e+00 2.607005119323730469e+00
4.206478999999999857e+00 2.612179756164550781e+00
4.211476000000000219e+00 2.612179756164550781e+00
4.216440999999999661e+00 2.607005119323730469e+00
4.221455999999999875e+00 2.612179756164550781e+00
4.224994999999999834e+00 2.612179756164550781e+00
4.229987000000000386e+00 2.612179756164550781e+00
4.233577999999999619e+00 2.612179756164550781e+00
4.238513000000000197e+00 2.612179756164550781e+00
4.243535999999999753e+00 2.612179756164550781e+00
4.248540000000000205e+00 2.612179756164550781e+00
4.253673000000000037e+00 2.612179756164550781e+00
4.258721999999999674e+00 2.607005119323730469e+00
4.262395999999999852e+00 2.607005119323730469e+00
4.265992999999999924e+00 2.607005119323730469e+00
4.269593999999999667e+00 2.607005119323730469e+00
4.274544999999999817e+00 2.607005119323730469e+00
4.282360999999999862e+00 2.607005119323730469e+00
4.287677000000000405e+00 2.601830482482910156e+00
4.292785000000000295e+00 2.607005119323730469e+00
4.297820999999999891e+00 2.601830482482910156e+00
4.302929999999999922e+00 2.601830482482910156e+00
4.307951000000000086e+00 2.607005119323730469e+00
4.313056999999999697e+00 2.607005119323730469e+00
4.318082000000000420e+00 2.612179756164550781e+00
4.323226000000000013e+00 2.612179756164550781e+00
4.328241000000000227e+00 2.612179756164550781e+00
4.333372999999999919e+00 2.612179756164550781e+00
4.336985999999999564e+00 2.607005119323730469e+00
4.342070999999999792e+00 2.612179756164550781e+00
4.347120000000000317e+00 2.617353439331054688e+00
4.352208000000000077e+00 2.617353439331054688e+00
4.357218999999999731e+00 2.612179756164550781e+00
4.362357000000000262e+00 2.607005119323730469e+00
4.367371999999999588e+00 2.612179756164550781e+00
4.372427000000000064e+00 2.607005119323730469e+00
4.377441000000000138e+00 2.607005119323730469e+00
4.382533999999999708e+00 2.601830482482910156e+00
4.387553999999999732e+00 2.596655845642089844e+00
4.395507000000000275e+00 2.601830482482910156e+00
4.400591000000000363e+00 2.596655845642089844e+00
4.404211000000000098e+00 2.596655845642089844e+00
4.407809999999999562e+00 2.607005119323730469e+00
4.412927999999999962e+00 2.612179756164550781e+00
4.417958999999999747e+00 2.607005119323730469e+00
4.423087999999999909e+00 2.612179756164550781e+00
4.428141000000000105e+00 2.617353439331054688e+00
4.433303999999999689e+00 2.617353439331054688e+00
4.438354000000000354e+00 2.617353439331054688e+00
4.443476000000000425e+00 2.617353439331054688e+00
4.448534999999999684e+00 2.617353439331054688e+00
4.452217000000000091e+00 2.617353439331054688e+00
4.455822999999999645e+00 2.612179756164550781e+00
4.460884000000000071e+00 2.612179756164550781e+00
4.465974000000000110e+00 2.607005119323730469e+00
4.471060999999999730e+00 2.596655845642089844e+00
4.476116000000000206e+00 2.601830482482910156e+00
4.481179000000000023e+00 2.601830482482910156e+00
4.484785999999999717e+00 2.601830482482910156e+00
4.488391000000000020e+00 2.601830482482910156e+00
4.493498999999999910e+00 2.601830482482910156e+00
4.498549999999999827e+00 2.601830482482910156e+00
4.503656000000000326e+00 2.601830482482910156e+00
4.511924999999999741e+00 2.612179756164550781e+00
4.517221000000000153e+00 2.612179756164550781e+00
4.522342000000000084e+00 2.617353439331054688e+00
4.527410999999999852e+00 2.617353439331054688e+00
4.532535000000000203e+00 2.612179756164550781e+00
4.537598000000000020e+00 2.612179756164550781e+00
4.542754999999999654e+00 2.617353439331054688e+00
4.547824000000000311e+00 2.617353439331054688e+00
4.552978000000000414e+00 2.612179756164550781e+00
4.558085000000000164e+00 2.607005119323730469e+00
4.563297000000000381e+00 2.601830482482910156e+00
4.568565999999999683e+00 2.596655845642089844e+00
4.573724999999999596e+00 2.601830482482910156e+00
4.578851000000000226e+00 2.601830482482910156e+00
4.583935000000000315e+00 2.596655845642089844e+00
4.589071999999999818e+00 2.596655845642089844e+00
4.594170000000000087e+00 2.607005119323730469e+00
4.597788000000000430e+00 2.607005119323730469e+00
4.602922999999999654e+00 2.607005119323730469e+00
4.608024999999999594e+00 2.612179756164550781e+00
4.613252000000000130e+00 2.612179756164550781e+00
4.618358999999999881e+00 2.617353439331054688e+00
4.626198999999999728e+00 2.612179756164550781e+00
4.631661000000000250e+00 2.617353439331054688e+00
4.636829999999999785e+00 2.612179756164550781e+00
4.642011000000000109e+00 2.612179756164550781e+00
4.647121000000000279e+00 2.607005119323730469e+00
4.652332999999999608e+00 2.612179756164550781e+00
4.655981999999999843e+00 2.607005119323730469e+00
4.661147999999999847e+00 2.601830482482910156e+00
4.666274999999999729e+00 2.601830482482910156e+00
4.671488000000000085e+00 2.596655845642089844e+00
4.676648000000000138e+00 2.607005119323730469e+00
4.681835999999999665e+00 2.607005119323730469e+00
4.687020999999999660e+00 2.607005119323730469e+00
4.692224999999999646e+00 2.607005119323730469e+00
4.697379999999999889e+00 2.607005119323730469e+00
4.702587000000000295e+00 2.607005119323730469e+00
4.707779000000000380e+00 2.612179756164550781e+00
4.712989000000000317e+00 2.617353439331054688e+00
4.718145999999999951e+00 2.612179756164550781e+00
4.723410000000000331e+00 2.612179756164550781e+00
4.728576000000000334e+00 2.612179756164550781e+00
4.733897999999999939e+00 2.612179756164550781e+00
4.741781999999999719e+00 2.612179756164550781e+00
4.747290999999999705e+00 2.612179756164550781e+00
4.752530000000000143e+00 2.612179756164550781e+00
4.757698000000000427e+00 2.601830482482910156e+00
4.762940999999999647e+00 2.607005119323730469e+00
4.766587999999999603e+00 2.607005119323730469e+00
4.771861000000000352e+00 2.607005119323730469e+00
4.777066999999999730e+00 2.607005119323730469e+00
4.782326000000000299e+00 2.607005119323730469e+00
4.787532999999999817e+00 2.607005119323730469e+00
4.792767000000000444e+00 2.607005119323730469e+00
4.797977000000000380e+00 2.607005119323730469e+00
4.801800000000000068e+00 2.601830482482910156e+00
4.806983999999999924e+00 2.601830482482910156e+00
4.812259000000000064e+00 2.612179756164550781e+00
4.817464000000000190e+00 2.607005119323730469e+00
4.822718000000000060e+00 2.612179756164550781e+00
4.826411000000000229e+00 2.612179756164550781e+00
4.831665000000000099e+00 2.612179756164550781e+00
4.836876000000000175e+00 2.612179756164550781e+00
4.840589999999999726e+00 2.612179756164550781e+00
4.845769999999999911e+00 2.612179756164550781e+00
4.851005999999999929e+00 2.612179756164550781e+00
4.858895999999999660e+00 2.612179756164550781e+00
4.864238000000000284e+00 2.601830482482910156e+00
4.869552999999999798e+00 2.607005119323730469e+00
4.874954999999999927e+00 2.607005119323730469e+00
4.880219000000000307e+00 2.607005119323730469e+00
4.885431999999999775e+00 2.601830482482910156e+00
4.890937000000000090e+00 2.607005119323730469e+00
4.896207999999999672e+00 2.607005119323730469e+00
4.901514999999999844e+00 2.601830482482910156e+00
4.910464000000000162e+00 2.612179756164550781e+00
4.921005000000000074e+00 2.612179756164550781e+00
4.932082000000000299e+00 2.617353439331054688e+00
4.937350000000000350e+00 2.612179756164550781e+00
4.942680000000000184e+00 2.612179756164550781e+00
4.947928000000000104e+00 2.617353439331054688e+00
4.953250999999999848e+00 2.617353439331054688e+00
4.958483000000000196e+00 2.607005119323730469e+00
4.963805999999999941e+00 2.601830482482910156e+00
4.972176000000000151e+00 2.601830482482910156e+00
4.977856000000000058e+00 2.601830482482910156e+00
4.983225000000000016e+00 2.596655845642089844e+00
4.988484999999999836e+00 2.601830482482910156e+00
4.993858000000000352e+00 2.601830482482910156e+00
4.999170999999999587e+00 2.601830482482910156e+00
5.004432000000000436e+00 2.601830482482910156e+00
5.009751999999999761e+00 2.612179756164550781e+00
5.015010000000000190e+00 2.617353439331054688e+00
5.020271000000000150e+00 2.612179756164550781e+00
5.025534000000000390e+00 2.612179756164550781e+00
5.030799000000000021e+00 2.617353439331054688e+00
5.036088999999999594e+00 2.612179756164550781e+00
5.041432999999999609e+00 2.617353439331054688e+00
5.046692000000000178e+00 2.612179756164550781e+00
5.052027999999999963e+00 2.617353439331054688e+00
5.057290000000000063e+00 2.607005119323730469e+00
5.062613999999999947e+00 2.607005119323730469e+00
5.067896000000000178e+00 2.601830482482910156e+00
5.073256999999999906e+00 2.601830482482910156e+00
5.078562999999999938e+00 2.601830482482910156e+00
5.086587999999999887e+00 2.601830482482910156e+00
5.092203999999999731e+00 2.601830482482910156e+00
5.097495000000000331e+00 2.607005119323730469e+00
5.102857000000000198e+00 2.607005119323730469e+00
5.106615999999999822e+00 2.612179756164550781e+00
5.111989999999999590e+00 2.617353439331054688e+00
5.117281000000000191e+00 2.617353439331054688e+00
5.122694000000000081e+00 2.617353439331054688e+00
5.128019000000000105e+00 2.612179756164550781e+00
5.133441000000000365e+00 2.617353439331054688e+00
5.138804999999999623e+00 2.612179756164550781e+00
5.144129000000000396e+00 2.612179756164550781e+00
5.149511000000000394e+00 2.612179756164550781e+00
5.154814000000000007e+00 2.612179756164550781e+00
5.160207999999999906e+00 2.601830482482910156e+00
5.165535000000000210e+00 2.596655845642089844e+00
5.170860000000000234e+00 2.601830482482910156e+00
5.174625999999999948e+00 2.601830482482910156e+00
5.180017999999999567e+00 2.601830482482910156e+00
5.185349000000000430e+00 2.607005119323730469e+00
5.190771999999999942e+00 2.607005119323730469e+00
5.199327000000000254e+00 2.607005119323730469e+00
5.204851999999999812e+00 2.607005119323730469e+00
5.210327999999999626e+00 2.617353439331054688e+00
5.215700000000000003e+00 2.617353439331054688e+00
5.221070000000000100e+00 2.612179756164550781e+00
5.226417999999999786e+00 2.612179756164550781e+00
5.231823999999999586e+00 2.607005119323730469e+00
5.237188999999999872e+00 2.607005119323730469e+00
5.240986000000000367e+00 2.612179756164550781e+00
5.246386000000000216e+00 2.612179756164550781e+00
5.251839000000000368e+00 2.612179756164550781e+00
5.255620999999999654e+00 2.607005119323730469e+00
5.261001000000000261e+00 2.601830482482910156e+00
5.266352999999999618e+00 2.607005119323730469e+00
5.271838999999999942e+00 2.607005119323730469e+00
5.277250000000000441e+00 2.612179756164550781e+00
5.282860999999999585e+00 2.612179756164550781e+00
5.286630999999999858e+00 2.607005119323730469e+00
5.292085000000000150e+00 2.612179756164550781e+00
5.297481999999999580e+00 2.607005119323730469e+00
5.302912000000000070e+00 2.607005119323730469e+00
5.308303999999999689e+00 2.612179756164550781e+00
5.316673999999999900e+00 2.612179756164550781e+00
5.322417999999999871e+00 2.607005119323730469e+00
5.327805999999999820e+00 2.612179756164550781e+00
5.333281000000000382e+00 2.612179756164550781e+00
5.338746999999999687e+00 2.612179756164550781e+00
5.344159999999999577e+00 2.617353439331054688e+00
5.349605000000000388e+00 2.612179756164550781e+00
5.354989999999999917e+00 2.612179756164550781e+00
5.360420999999999658e+00 2.612179756164550781e+00
5.364231000000000193e+00 2.607005119323730469e+00
5.369707000000000008e+00 2.607005119323730469e+00
5.375102000000000046e+00 2.607005119323730469e+00
5.380549000000000248e+00 2.601830482482910156e+00
5.386144999999999960e+00 2.607005119323730469e+00
5.391943999999999626e+00 2.607005119323730469e+00
5.397349000000000174e+00 2.601830482482910156e+00
5.401247999999999827e+00 2.601830482482910156e+00
5.405001000000000388e+00 2.601830482482910156e+00
5.408760000000000012e+00 2.612179756164550781e+00
5.414179999999999993e+00 2.617353439331054688e+00
5.419665000000000177e+00 2.612179756164550781e+00
5.425106000000000428e+00 2.612179756164550781e+00
5.433235999999999954e+00 2.612179756164550781e+00
5.439036999999999900e+00 2.612179756164550781e+00
5.444455999999999740e+00 2.617353439331054688e+00
5.449953999999999965e+00 2.617353439331054688e+00
5.455395000000000216e+00 2.612179756164550781e+00
5.460859000000000130e+00 2.607005119323730469e+00
5.466296999999999962e+00 2.607005119323730469e+00
5.470178999999999903e+00 2.607005119323730469e+00
5.475622000000000433e+00 2.607005119323730469e+00
5.481120999999999910e+00 2.596655845642089844e+00
5.486631000000000036e+00 2.601830482482910156e+00
5.492148000000000252e+00 2.601830482482910156e+00
5.496006999999999643e+00 2.601830482482910156e+00
5.501511999999999958e+00 2.601830482482910156e+00
5.506974999999999731e+00 2.607005119323730469e+00
5.512495999999999619e+00 2.612179756164550781e+00
5.517974999999999852e+00 2.617353439331054688e+00
5.523533999999999722e+00 2.617353439331054688e+00
5.529069999999999929e+00 2.617353439331054688e+00
5.534561000000000064e+00 2.612179756164550781e+00
5.540104999999999613e+00 2.617353439331054688e+00
5.548199999999999577e+00 2.617353439331054688e+00
5.554097999999999757e+00 2.612179756164550781e+00
5.559692000000000078e+00 2.607005119323730469e+00
5.565211999999999826e+00 2.601830482482910156e+00
5.570729000000000042e+00 2.601830482482910156e+00
5.576356999999999786e+00 2.601830482482910156e+00
5.581942999999999877e+00 2.601830482482910156e+00
5.587471999999999994e+00 2.596655845642089844e+00
5.593023999999999774e+00 2.601830482482910156e+00
5.598556999999999562e+00 2.607005119323730469e+00
5.604166000000000203e+00 2.607005119323730469e+00
5.609778000000000375e+00 2.617353439331054688e+00
5.615350000000000286e+00 2.617353439331054688e+00
5.619231000000000087e+00 2.612179756164550781e+00
5.624749000000000443e+00 2.612179756164550781e+00
5.630325000000000024e+00 2.612179756164550781e+00
5.635887999999999565e+00 2.617353439331054688e+00
5.641490000000000116e+00 2.617353439331054688e+00
5.647056000000000076e+00 2.612179756164550781e+00
5.652611000000000274e+00 2.612179756164550781e+00
5.658177000000000234e+00 2.607005119323730469e+00
5.669101999999999641e+00 2.601830482482910156e+00
5.674844000000000221e+00 2.596655845642089844e+00
5.680392000000000330e+00 2.601830482482910156e+00
5.685929999999999929e+00 2.601830482482910156e+00
5.691704999999999792e+00 2.607005119323730469e+00
5.697273000000000032e+00 2.607005119323730469e+00
5.702886999999999595e+00 2.607005119323730469e+00
5.708414000000000321e+00 2.612179756164550781e+00
5.714038000000000395e+00 2.617353439331054688e+00
5.719660000000000188e+00 2.617353439331054688e+00
5.725203999999999738e+00 2.612179756164550781e+00
5.730776999999999788e+00 2.612179756164550781e+00
5.734572000000000003e+00 2.607005119323730469e+00
5.740192000000000405e+00 2.612179756164550781e+00
5.745785999999999838e+00 2.612179756164550781e+00
5.751343999999999568e+00 2.612179756164550781e+00
5.756915000000000227e+00 2.612179756164550781e+00
5.762516999999999889e+00 2.601830482482910156e+00
5.768107999999999791e+00 2.601830482482910156e+00
5.773776999999999937e+00 2.607005119323730469e+00
5.782481999999999900e+00 2.607005119323730469e+00
5.788358999999999810e+00 2.601830482482910156e+00
5.794203000000000436e+00 2.607005119323730469e+00
5.799841999999999942e+00 2.607005119323730469e+00
5.805433999999999983e+00 2.601830482482910156e+00
5.811049999999999827e+00 2.612179756164550781e+00
5.816643000000000008e+00 2.612179756164550781e+00
5.822303999999999924e+00 2.612179756164550781e+00
5.827929000000000137e+00 2.612179756164550781e+00
5.833643000000000356e+00 2.612179756164550781e+00
5.839293999999999762e+00 2.612179756164550781e+00
5.844901000000000124e+00 2.612179756164550781e+00
5.848819999999999908e+00 2.617353439331054688e+00
5.854434000000000360e+00 2.617353439331054688e+00
5.860104999999999897e+00 2.612179756164550781e+00
5.865721999999999881e+00 2.612179756164550781e+00
5.871355999999999575e+00 2.607005119323730469e+00
5.877006999999999870e+00 2.607005119323730469e+00
5.882723000000000368e+00 2.607005119323730469e+00
5.888365000000000293e+00 2.607005119323730469e+00
5.897053999999999796e+00 2.612179756164550781e+00
5.903096999999999817e+00 2.596655845642089844e+00
5.906996000000000357e+00 2.607005119323730469e+00
5.915961000000000247e+00 2.607005119323730469e+00
5.925594000000000250e+00 2.612179756164550781e+00
5.931352999999999653e+00 2.612179756164550781e+00
5.940291000000000210e+00 2.617353439331054688e+00
5.946266999999999747e+00 2.617353439331054688e+00
5.952009999999999579e+00 2.617353439331054688e+00
5.957648999999999972e+00 2.612179756164550781e+00
5.961638999999999911e+00 2.607005119323730469e+00
5.967594000000000065e+00 2.607005119323730469e+00
5.971594999999999764e+00 2.607005119323730469e+00
5.977284000000000042e+00 2.601830482482910156e+00
5.983086000000000126e+00 2.601830482482910156e+00
5.989028000000000240e+00 2.601830482482910156e+00
5.994753000000000220e+00 2.601830482482910156e+00
6.000484000000000151e+00 2.601830482482910156e+00
6.008979000000000070e+00 2.601830482482910156e+00
6.014719999999999622e+00 2.612179756164550781e+00
6.020532000000000217e+00 2.617353439331054688e+00
6.026201000000000363e+00 2.617353439331054688e+00
6.031964000000000325e+00 2.617353439331054688e+00
6.037670000000000314e+00 2.617353439331054688e+00
6.043414000000000286e+00 2.617353439331054688e+00
6.049170000000000158e+00 2.617353439331054688e+00
6.054865000000000386e+00 2.612179756164550781e+00
6.060615000000000308e+00 2.612179756164550781e+00
6.066339000000000148e+00 2.601830482482910156e+00
6.072110999999999592e+00 2.601830482482910156e+00
6.077814000000000050e+00 2.601830482482910156e+00
6.083594999999999864e+00 2.601830482482910156e+00
6.089375000000000426e+00 2.601830482482910156e+00
6.095119000000000398e+00 2.601830482482910156e+00
6.100844999999999629e+00 2.601830482482910156e+00
6.106595999999999691e+00 2.612179756164550781e+00
6.112364000000000352e+00 2.617353439331054688e+00
6.118107000000000184e+00 2.617353439331054688e+00
6.126674999999999649e+00 2.617353439331054688e+00
6.132742999999999611e+00 2.617353439331054688e+00
6.138471000000000011e+00 2.617353439331054688e+00
6.144267000000000145e+00 2.617353439331054688e+00
6.150028999999999968e+00 2.612179756164550781e+00
6.155727999999999867e+00 2.612179756164550781e+00
6.161433999999999855e+00 2.601830482482910156e+00
6.167176000000000435e+00 2.601830482482910156e+00
6.172960999999999920e+00 2.601830482482910156e+00
6.178734999999999644e+00 2.601830482482910156e+00
6.184476000000000084e+00 2.601830482482910156e+00
6.190260999999999569e+00 2.607005119323730469e+00
6.196069999999999744e+00 2.607005119323730469e+00
6.201869000000000298e+00 2.607005119323730469e+00
6.207599000000000089e+00 2.612179756164550781e+00
6.211628000000000149e+00 2.617353439331054688e+00
6.217379000000000211e+00 2.612179756164550781e+00
6.223174000000000206e+00 2.617353439331054688e+00
6.228989999999999583e+00 2.617353439331054688e+00
6.234733000000000303e+00 2.612179756164550781e+00
6.243252000000000024e+00 2.612179756164550781e+00
6.249341000000000257e+00 2.612179756164550781e+00
6.255117000000000260e+00 2.607005119323730469e+00
6.261476000000000042e+00 2.601830482482910156e+00
6.267276999999999987e+00 2.601830482482910156e+00
6.273108999999999824e+00 2.607005119323730469e+00
6.278939000000000270e+00 2.607005119323730469e+00
6.284705999999999904e+00 2.607005119323730469e+00
6.290535000000000210e+00 2.607005119323730469e+00
6.296439000000000341e+00 2.607005119323730469e+00
6.302361999999999576e+00 2.607005119323730469e+00
6.308135000000000048e+00 2.612179756164550781e+00
6.314019000000000048e+00 2.617353439331054688e+00
6.318017000000000216e+00 2.612179756164550781e+00
6.323925000000000018e+00 2.612179756164550781e+00
6.329766000000000226e+00 2.607005119323730469e+00
6.335542000000000229e+00 2.612179756164550781e+00
6.341330000000000133e+00 2.612179756164550781e+00
6.347120999999999569e+00 2.617353439331054688e+00
6.355849000000000082e+00 2.612179756164550781e+00
6.362007000000000190e+00 2.612179756164550781e+00
6.366014999999999979e+00 2.612179756164550781e+00
6.371935999999999822e+00 2.607005119323730469e+00
6.377736999999999767e+00 2.607005119323730469e+00
6.383657999999999610e+00 2.607005119323730469e+00
6.389580999999999733e+00 2.607005119323730469e+00
6.395421999999999940e+00 2.607005119323730469e+00
6.401309000000000360e+00 2.601830482482910156e+00
6.407163999999999859e+00 2.607005119323730469e+00
6.411232000000000042e+00 2.612179756164550781e+00
6.415173000000000236e+00 2.612179756164550781e+00
6.419238000000000000e+00 2.612179756164550781e+00
6.425062999999999747e+00 2.612179756164550781e+00
6.430913999999999575e+00 2.612179756164550781e+00
6.436766999999999683e+00 2.607005119323730469e+00
6.440846999999999767e+00 2.612179756164550781e+00
6.446664000000000172e+00 2.617353439331054688e+00
6.452537000000000411e+00 2.612179756164550781e+00
6.458352999999999788e+00 2.612179756164550781e+00
6.464268999999999821e+00 2.612179756164550781e+00
6.473021000000000136e+00 2.607005119323730469e+00
6.479161000000000392e+00 2.607005119323730469e+00
6.484998000000000040e+00 2.601830482482910156e+00
6.488974999999999937e+00 2.601830482482910156e+00
6.494797000000000153e+00 2.601830482482910156e+00
6.498895000000000088e+00 2.607005119323730469e+00
6.502989000000000352e+00 2.601830482482910156e+00
6.508893999999999735e+00 2.607005119323730469e+00
6.514751000000000403e+00 2.612179756164550781e+00
6.520655999999999786e+00 2.612179756164550781e+00
6.526521999999999935e+00 2.617353439331054688e+00
6.532443999999999917e+00 2.617353439331054688e+00
6.538273000000000224e+00 2.617353439331054688e+00
6.544205999999999968e+00 2.617353439331054688e+00
6.550135000000000041e+00 2.617353439331054688e+00
6.555960999999999927e+00 2.607005119323730469e+00
6.561952999999999925e+00 2.607005119323730469e+00
6.567873999999999768e+00 2.607005119323730469e+00
6.571977000000000402e+00 2.601830482482910156e+00
6.577817999999999721e+00 2.601830482482910156e+00
6.586450000000000138e+00 2.601830482482910156e+00
6.592735000000000234e+00 2.601830482482910156e+00
6.596796999999999578e+00 2.601830482482910156e+00
6.602751999999999732e+00 2.601830482482910156e+00
6.608654999999999724e+00 2.612179756164550781e+00
6.614589999999999748e+00 2.617353439331054688e+00
6.618587999999999916e+00 2.612179756164550781e+00
6.624572999999999823e+00 2.617353439331054688e+00
6.630542000000000158e+00 2.617353439331054688e+00
6.634610999999999592e+00 2.617353439331054688e+00
6.640564999999999607e+00 2.617353439331054688e+00
6.646479000000000248e+00 2.617353439331054688e+00
6.652421000000000362e+00 2.612179756164550781e+00
6.658311999999999564e+00 2.607005119323730469e+00
6.662424999999999820e+00 2.601830482482910156e+00
6.668293000000000248e+00 2.607005119323730469e+00
6.672385000000000232e+00 2.601830482482910156e+00
6.678265999999999813e+00 2.601830482482910156e+00
6.684247000000000050e+00 2.601830482482910156e+00
6.690266000000000268e+00 2.601830482482910156e+00
6.696241999999999805e+00 2.607005119323730469e+00
6.705046000000000284e+00 2.612179756164550781e+00
6.711181999999999981e+00 2.617353439331054688e+00
6.717096999999999873e+00 2.617353439331054688e+00
6.721173000000000286e+00 2.617353439331054688e+00
6.725232000000000099e+00 2.617353439331054688e+00
6.731169000000000402e+00 2.617353439331054688e+00
6.737116000000000327e+00 2.607005119323730469e+00
6.743101000000000234e+00 2.612179756164550781e+00
6.749079000000000050e+00 2.612179756164550781e+00
6.755033000000000065e+00 2.612179756164550781e+00
6.760974000000000039e+00 2.601830482482910156e+00
6.765018000000000420e+00 2.607005119323730469e+00
6.770944000000000074e+00 2.601830482482910156e+00
6.776918000000000220e+00 2.607005119323730469e+00
6.781032999999999866e+00 2.607005119323730469e+00
6.786931000000000047e+00 2.607005119323730469e+00
6.792915999999999954e+00 2.612179756164550781e+00
6.798960000000000115e+00 2.612179756164550781e+00
6.802988000000000035e+00 2.612179756164550781e+00
6.809001000000000303e+00 2.612179756164550781e+00
6.815446999999999811e+00 2.617353439331054688e+00
6.824679999999999858e+00 2.612179756164550781e+00
6.830651999999999724e+00 2.612179756164550781e+00
6.836611000000000438e+00 2.612179756164550781e+00
6.842646000000000228e+00 2.612179756164550781e+00
6.848593000000000153e+00 2.612179756164550781e+00
6.852795000000000414e+00 2.612179756164550781e+00
6.858794999999999753e+00 2.607005119323730469e+00
6.864747999999999628e+00 2.607005119323730469e+00
6.868833000000000411e+00 2.601830482482910156e+00
6.874795999999999907e+00 2.607005119323730469e+00
6.880760999999999683e+00 2.607005119323730469e+00
6.886733000000000438e+00 2.607005119323730469e+00
6.892849000000000004e+00 2.617353439331054688e+00
6.898895999999999695e+00 2.607005119323730469e+00
6.904891000000000112e+00 2.601830482482910156e+00
6.910853000000000357e+00 2.612179756164550781e+00
6.916887000000000008e+00 2.612179756164550781e+00
6.926587999999999745e+00 2.612179756164550781e+00
6.938566999999999929e+00 2.612179756164550781e+00
6.953802999999999734e+00 2.617353439331054688e+00
6.960224000000000188e+00 2.612179756164550781e+00
6.966270999999999880e+00 2.607005119323730469e+00
6.972415999999999947e+00 2.607005119323730469e+00
6.978455000000000297e+00 2.607005119323730469e+00
6.984574000000000282e+00 2.607005119323730469e+00
6.990687000000000317e+00 2.601830482482910156e+00
6.996697000000000166e+00 2.601830482482910156e+00
7.002811000000000341e+00 2.601830482482910156e+00
7.008957999999999799e+00 2.607005119323730469e+00
7.014992999999999590e+00 2.612179756164550781e+00
7.021221999999999852e+00 2.607005119323730469e+00
7.027275999999999634e+00 2.612179756164550781e+00
7.033360000000000056e+00 2.612179756164550781e+00
7.039452999999999960e+00 2.617353439331054688e+00
7.043580000000000396e+00 2.617353439331054688e+00
7.049705000000000332e+00 2.617353439331054688e+00
7.055781999999999776e+00 2.617353439331054688e+00
7.064625000000000377e+00 2.612179756164550781e+00
7.070979999999999599e+00 2.601830482482910156e+00
7.077014000000000138e+00 2.601830482482910156e+00
7.083171000000000106e+00 2.601830482482910156e+00
7.089273000000000380e+00 2.601830482482910156e+00
7.093421000000000198e+00 2.601830482482910156e+00
7.099535000000000373e+00 2.601830482482910156e+00
7.105612999999999957e+00 2.601830482482910156e+00
7.111791000000000196e+00 2.612179756164550781e+00
7.117868999999999780e+00 2.617353439331054688e+00
7.124192999999999998e+00 2.617353439331054688e+00
7.130314000000000263e+00 2.617353439331054688e+00
7.136395000000000266e+00 2.617353439331054688e+00
7.140630999999999950e+00 2.617353439331054688e+00
7.146713000000000093e+00 2.617353439331054688e+00
7.152857000000000021e+00 2.612179756164550781e+00
7.159022000000000219e+00 2.607005119323730469e+00
7.165147000000000155e+00 2.601830482482910156e+00
7.171248000000000289e+00 2.601830482482910156e+00
7.180094000000000420e+00 2.601830482482910156e+00
7.186439000000000021e+00 2.601830482482910156e+00
7.190649999999999764e+00 2.601830482482910156e+00
7.196746000000000087e+00 2.607005119323730469e+00
7.202886999999999595e+00 2.607005119323730469e+00
7.209019999999999762e+00 2.612179756164550781e+00
7.215078000000000102e+00 2.617353439331054688e+00
7.219241000000000241e+00 2.612179756164550781e+00
7.225386999999999560e+00 2.617353439331054688e+00
7.231495999999999924e+00 2.617353439331054688e+00
7.237584000000000017e+00 2.617353439331054688e+00
7.243720999999999854e+00 2.612179756164550781e+00
7.249855000000000160e+00 2.612179756164550781e+00
7.255917000000000172e+00 2.612179756164550781e+00
7.262063000000000379e+00 2.601830482482910156e+00
7.268140999999999963e+00 2.601830482482910156e+00
7.274396000000000306e+00 2.601830482482910156e+00
7.278583000000000247e+00 2.607005119323730469e+00
7.282797000000000409e+00 2.612179756164550781e+00
7.288934000000000246e+00 2.612179756164550781e+00
7.297798000000000229e+00 2.607005119323730469e+00
7.304255000000000386e+00 2.607005119323730469e+00
7.308378000000000263e+00 2.617353439331054688e+00
7.314651999999999710e+00 2.617353439331054688e+00
7.318807999999999758e+00 2.617353439331054688e+00
7.324958999999999776e+00 2.612179756164550781e+00
7.331144000000000105e+00 2.612179756164550781e+00
7.337314000000000114e+00 2.617353439331054688e+00
7.343535000000000146e+00 2.617353439331054688e+00
7.349790999999999741e+00 2.612179756164550781e+00
7.355978000000000350e+00 2.612179756164550781e+00
7.360252000000000017e+00 2.601830482482910156e+00
7.366430000000000256e+00 2.607005119323730469e+00
7.372684999999999711e+00 2.607005119323730469e+00
7.378941000000000194e+00 2.607005119323730469e+00
7.385186000000000028e+00 2.607005119323730469e+00
7.391380999999999979e+00 2.612179756164550781e+00
7.397527000000000186e+00 2.607005119323730469e+00
7.403738999999999848e+00 2.607005119323730469e+00
7.409991999999999912e+00 2.612179756164550781e+00
7.418960000000000221e+00 2.612179756164550781e+00
7.425380999999999787e+00 2.617353439331054688e+00
7.431572000000000067e+00 2.612179756164550781e+00
7.437727999999999895e+00 2.612179756164550781e+00
7.443938000000000166e+00 2.612179756164550781e+00
7.450185000000000279e+00 2.617353439331054688e+00
7.456338999999999828e+00 2.617353439331054688e+00
7.462553999999999910e+00 2.607005119323730469e+00
7.466766999999999932e+00 2.607005119323730469e+00
7.470977000000000423e+00 2.607005119323730469e+00
7.477127000000000301e+00 2.607005119323730469e+00
7.481398999999999688e+00 2.607005119323730469e+00
7.485618999999999801e+00 2.607005119323730469e+00
7.491850000000000342e+00 2.601830482482910156e+00
7.498039999999999594e+00 2.607005119323730469e+00
7.504313999999999929e+00 2.601830482482910156e+00
7.510531000000000290e+00 2.607005119323730469e+00
7.516710999999999920e+00 2.612179756164550781e+00
7.522934000000000232e+00 2.612179756164550781e+00
7.529365999999999559e+00 2.612179756164550781e+00
7.538440999999999725e+00 2.617353439331054688e+00
7.544878999999999891e+00 2.617353439331054688e+00
7.551126000000000005e+00 2.617353439331054688e+00
7.557324000000000375e+00 2.612179756164550781e+00
7.561632999999999605e+00 2.607005119323730469e+00
7.567872000000000376e+00 2.612179756164550781e+00
7.572203000000000017e+00 2.607005119323730469e+00
7.576414999999999900e+00 2.607005119323730469e+00
7.582688000000000095e+00 2.601830482482910156e+00
7.588969999999999771e+00 2.601830482482910156e+00
7.593181999999999654e+00 2.601830482482910156e+00
7.597398000000000096e+00 2.601830482482910156e+00
7.603674999999999962e+00 2.601830482482910156e+00
7.609986000000000139e+00 2.612179756164550781e+00
7.614183999999999841e+00 2.612179756164550781e+00
7.620429999999999815e+00 2.617353439331054688e+00
7.626662999999999748e+00 2.617353439331054688e+00
7.633157999999999888e+00 2.617353439331054688e+00
7.639490999999999588e+00 2.617353439331054688e+00
7.645768000000000342e+00 2.617353439331054688e+00
7.654889999999999972e+00 2.617353439331054688e+00
7.661399000000000292e+00 2.601830482482910156e+00
7.667639999999999567e+00 2.601830482482910156e+00
7.673987000000000336e+00 2.601830482482910156e+00
7.680285999999999724e+00 2.601830482482910156e+00
7.686556000000000388e+00 2.601830482482910156e+00
7.692925999999999931e+00 2.601830482482910156e+00
7.699237000000000108e+00 2.601830482482910156e+00
7.705485000000000362e+00 2.607005119323730469e+00
7.711764999999999759e+00 2.617353439331054688e+00
7.715982000000000340e+00 2.617353439331054688e+00
7.722318999999999711e+00 2.617353439331054688e+00
7.728571999999999775e+00 2.622528076171875000e+00
7.734918000000000404e+00 2.741543769836425781e+00
7.741201000000000221e+00 2.948528289794921875e+00
7.747484000000000037e+00 4.785508155822753906e+00
7.753797999999999746e+00 4.795857429504394531e+00
7.760139999999999816e+00 4.790682792663574219e+00
7.766441000000000372e+00 4.790682792663574219e+00
7.777935000000000265e+00 4.790682792663574219e+00
7.784455000000000346e+00 4.790682792663574219e+00
7.790764000000000244e+00 4.790682792663574219e+00
7.797121999999999886e+00 4.790682792663574219e+00
7.803466000000000236e+00 4.790682792663574219e+00
7.809861999999999860e+00 4.795857429504394531e+00
7.816188000000000358e+00 4.795857429504394531e+00
7.822564999999999991e+00 4.795857429504394531e+00
7.826762999999999693e+00 4.795857429504394531e+00
7.833108000000000182e+00 4.795857429504394531e+00
7.839624999999999844e+00 4.795857429504394531e+00
7.845947999999999922e+00 4.795857429504394531e+00
7.852318999999999605e+00 4.790682792663574219e+00
7.858633000000000202e+00 4.790682792663574219e+00
7.862968000000000401e+00 4.790682792663574219e+00
7.867180000000000284e+00 4.790682792663574219e+00
7.873547000000000295e+00 4.790682792663574219e+00
7.879955999999999960e+00 4.790682792663574219e+00
7.889075000000000060e+00 4.790682792663574219e+00
7.895684000000000147e+00 4.785508155822753906e+00
7.899993000000000265e+00 4.790682792663574219e+00
7.904211000000000098e+00 4.790682792663574219e+00
7.910588999999999871e+00 4.795857429504394531e+00
7.920170999999999850e+00 4.801032066345214844e+00
7.930475999999999637e+00 4.790682792663574219e+00
7.939043999999999990e+00 4.795857429504394531e+00
7.947766999999999804e+00 4.790682792663574219e+00
7.954278999999999655e+00 4.795857429504394531e+00
7.960728999999999722e+00 4.790682792663574219e+00
7.967157000000000266e+00 4.795857429504394531e+00
7.973736999999999853e+00 4.790682792663574219e+00
7.978005999999999709e+00 4.790682792663574219e+00
7.984511000000000358e+00 4.790682792663574219e+00
7.990928000000000253e+00 4.790682792663574219e+00
7.997301000000000215e+00 4.785508155822753906e+00
8.006776999999999589e+00 4.790682792663574219e+00
8.013612999999999431e+00 4.790682792663574219e+00
8.020113000000000270e+00 4.795857429504394531e+00
8.026524000000000214e+00 4.790682792663574219e+00
8.033034999999999926e+00 4.790682792663574219e+00
8.039521999999999835e+00 4.795857429504394531e+00
8.043782999999999461e+00 4.795857429504394531e+00
8.050440000000000040e+00 4.795857429504394531e+00
8.056891000000000247e+00 4.790682792663574219e+00
8.063446000000000780e+00 4.790682792663574219e+00
8.069964000000000581e+00 4.785508155822753906e+00
8.076435000000000031e+00 4.790682792663574219e+00
8.082929000000000030e+00 4.790682792663574219e+00
8.087239000000000289e+00 4.790682792663574219e+00
8.091606000000000520e+00 4.790682792663574219e+00
8.098053999999999419e+00 4.790682792663574219e+00
8.104616999999999294e+00 4.790682792663574219e+00
