1.019999999999999992e-04 2.550084114074707031e+00
3.703999999999999827e-03 2.544909477233886719e+00
7.023999999999999862e-03 2.544909477233886719e+00
1.015399999999999983e-02 2.539734840393066406e+00
1.345400000000000068e-02 2.544909477233886719e+00
1.674099999999999894e-02 2.544909477233886719e+00
2.004699999999999885e-02 2.544909477233886719e+00
2.350000000000000006e-02 2.544909477233886719e+00
2.679799999999999890e-02 2.544909477233886719e+00
3.009900000000000075e-02 2.544909477233886719e+00
3.348099999999999687e-02 2.544909477233886719e+00
3.715299999999999853e-02 2.539734840393066406e+00
4.143700000000000161e-02 2.534560203552246094e+00
4.496700000000000003e-02 2.539734840393066406e+00
5.074499999999999844e-02 2.534560203552246094e+00
5.423200000000000243e-02 2.544909477233886719e+00
5.752899999999999681e-02 2.544909477233886719e+00
6.086199999999999943e-02 2.550084114074707031e+00
6.425599999999999368e-02 2.550084114074707031e+00
6.773400000000000254e-02 2.544909477233886719e+00
7.111099999999999366e-02 2.544909477233886719e+00
7.448100000000000553e-02 2.544909477233886719e+00
7.791199999999999515e-02 2.550084114074707031e+00
8.157599999999999574e-02 2.550084114074707031e+00
8.516999999999999571e-02 2.550084114074707031e+00
8.877799999999999581e-02 2.550084114074707031e+00
9.237499999999999878e-02 2.550084114074707031e+00
9.598500000000000087e-02 2.550084114074707031e+00
9.958699999999999497e-02 2.550084114074707031e+00
1.031989999999999991e-01 2.550084114074707031e+00
1.068049999999999972e-01 2.544909477233886719e+00
1.104099999999999943e-01 2.539734840393066406e+00
1.140260000000000024e-01 2.544909477233886719e+00
1.174660000000000010e-01 2.544909477233886719e+00
1.209179999999999977e-01 2.539734840393066406e+00
1.245170000000000027e-01 2.539734840393066406e+00
1.279659999999999964e-01 2.539734840393066406e+00
1.312770000000000048e-01 2.539734840393066406e+00
1.347109999999999974e-01 2.539734840393066406e+00
1.382099999999999995e-01 2.539734840393066406e+00
1.418099999999999916e-01 2.539734840393066406e+00
1.452370000000000050e-01 2.534560203552246094e+00
1.487140000000000128e-01 2.534560203552246094e+00
1.521689999999999987e-01 2.534560203552246094e+00
1.557729999999999948e-01 2.544909477233886719e+00
1.640939999999999899e-01 2.550084114074707031e+00
1.677210000000000090e-01 2.544909477233886719e+00
1.712249999999999883e-01 2.550084114074707031e+00
1.747599999999999987e-01 2.550084114074707031e+00
1.791139999999999954e-01 2.550084114074707031e+00
1.826990000000000003e-01 2.550084114074707031e+00
1.864689999999999959e-01 2.550084114074707031e+00
1.899039999999999895e-01 2.550084114074707031e+00
1.932030000000000136e-01 2.550084114074707031e+00
1.964990000000000070e-01 2.550084114074707031e+00
1.997939999999999994e-01 2.550084114074707031e+00
2.031030000000000058e-01 2.550084114074707031e+00
2.063939999999999941e-01 2.544909477233886719e+00
2.096909999999999885e-01 2.539734840393066406e+00
2.129910000000000136e-01 2.534560203552246094e+00
2.162880000000000080e-01 2.534560203552246094e+00
2.200419999999999876e-01 2.539734840393066406e+00
2.235020000000000062e-01 2.534560203552246094e+00
2.267899999999999916e-01 2.539734840393066406e+00
2.300919999999999910e-01 2.539734840393066406e+00
2.334330000000000016e-01 2.539734840393066406e+00
2.365659999999999985e-01 2.534560203552246094e+00
2.398639999999999939e-01 2.539734840393066406e+00
2.431589999999999863e-01 2.539734840393066406e+00
2.464590000000000114e-01 2.539734840393066406e+00
2.499200000000000033e-01 2.544909477233886719e+00
2.532070000000000154e-01 2.544909477233886719e+00
2.565060000000000118e-01 2.550084114074707031e+00
2.598050000000000082e-01 2.550084114074707031e+00
2.640230000000000077e-01 2.550084114074707031e+00
2.671669999999999878e-01 2.550084114074707031e+00
2.705969999999999764e-01 2.550084114074707031e+00
2.766609999999999903e-01 2.544909477233886719e+00
2.799570000000000114e-01 2.550084114074707031e+00
2.832600000000000118e-01 2.550084114074707031e+00
2.867080000000000184e-01 2.550084114074707031e+00
2.900090000000000168e-01 2.550084114074707031e+00
2.933020000000000072e-01 2.550084114074707031e+00
2.965979999999999728e-01 2.550084114074707031e+00
2.999069999999999792e-01 2.544909477233886719e+00
3.032009999999999983e-01 2.544909477233886719e+00
3.064970000000000194e-01 2.539734840393066406e+00
3.097900000000000098e-01 2.539734840393066406e+00
3.130930000000000102e-01 2.539734840393066406e+00
3.163880000000000026e-01 2.539734840393066406e+00
3.196840000000000237e-01 2.539734840393066406e+00
3.229870000000000241e-01 2.539734840393066406e+00
3.262860000000000205e-01 2.534560203552246094e+00
3.296109999999999873e-01 2.539734840393066406e+00
3.327539999999999942e-01 2.539734840393066406e+00
3.360529999999999906e-01 2.544909477233886719e+00
3.391890000000000183e-01 2.544909477233886719e+00
3.424889999999999879e-01 2.544909477233886719e+00
3.457910000000000150e-01 2.544909477233886719e+00
3.490880000000000094e-01 2.544909477233886719e+00
3.523789999999999978e-01 2.544909477233886719e+00
3.556810000000000249e-01 2.550084114074707031e+00
3.589720000000000133e-01 2.550084114074707031e+00
3.622699999999999809e-01 2.550084114074707031e+00
3.655680000000000041e-01 2.544909477233886719e+00
3.688799999999999857e-01 2.550084114074707031e+00
3.721619999999999928e-01 2.550084114074707031e+00
3.757800000000000029e-01 2.544909477233886719e+00
3.792099999999999915e-01 2.544909477233886719e+00
3.856299999999999728e-01 2.544909477233886719e+00
3.890129999999999977e-01 2.550084114074707031e+00
3.921649999999999858e-01 2.550084114074707031e+00
3.954730000000000190e-01 2.544909477233886719e+00
3.987589999999999746e-01 2.544909477233886719e+00
4.020599999999999730e-01 2.544909477233886719e+00
4.053490000000000149e-01 2.539734840393066406e+00
4.086469999999999825e-01 2.539734840393066406e+00
4.121059999999999723e-01 2.534560203552246094e+00
4.154050000000000242e-01 2.544909477233886719e+00
4.186980000000000146e-01 2.544909477233886719e+00
4.222360000000000002e-01 2.544909477233886719e+00
4.307349999999999790e-01 2.544909477233886719e+00
4.379770000000000052e-01 2.544909477233886719e+00
4.441669999999999785e-01 2.544909477233886719e+00
4.474690000000000056e-01 2.544909477233886719e+00
4.507610000000000228e-01 2.544909477233886719e+00
4.539139999999999842e-01 2.544909477233886719e+00
4.571999999999999953e-01 2.544909477233886719e+00
4.605000000000000204e-01 2.544909477233886719e+00
4.638030000000000208e-01 2.550084114074707031e+00
4.671049999999999924e-01 2.544909477233886719e+00
4.703910000000000036e-01 2.544909477233886719e+00
4.738539999999999974e-01 2.544909477233886719e+00
4.771239999999999926e-01 2.544909477233886719e+00
4.804390000000000049e-01 2.544909477233886719e+00
4.838990000000000236e-01 2.544909477233886719e+00
4.871829999999999772e-01 2.544909477233886719e+00
4.904819999999999736e-01 2.544909477233886719e+00
4.971650000000000236e-01 2.544909477233886719e+00
5.004570000000000407e-01 2.550084114074707031e+00
5.039230000000000098e-01 2.544909477233886719e+00
5.072079999999999922e-01 2.544909477233886719e+00
5.103440000000000198e-01 2.544909477233886719e+00
5.136410000000000142e-01 2.539734840393066406e+00
5.167920000000000291e-01 2.539734840393066406e+00
5.199599999999999778e-01 2.544909477233886719e+00
5.232639999999999514e-01 2.544909477233886719e+00
5.264010000000000078e-01 2.544909477233886719e+00
5.296990000000000309e-01 2.539734840393066406e+00
5.329909999999999926e-01 2.544909477233886719e+00
5.363029999999999742e-01 2.539734840393066406e+00
5.395929999999999893e-01 2.539734840393066406e+00
5.428979999999999917e-01 2.539734840393066406e+00
5.461920000000000108e-01 2.539734840393066406e+00
5.494860000000000300e-01 2.539734840393066406e+00
5.527800000000000491e-01 2.539734840393066406e+00
5.560810000000000475e-01 2.544909477233886719e+00
5.593740000000000379e-01 2.544909477233886719e+00
5.626759999999999540e-01 2.550084114074707031e+00
5.659699999999999731e-01 2.550084114074707031e+00
5.692679999999999962e-01 2.544909477233886719e+00
5.724179999999999824e-01 2.544909477233886719e+00
5.755559999999999565e-01 2.544909477233886719e+00
5.791450000000000209e-01 2.544909477233886719e+00
5.824650000000000105e-01 2.550084114074707031e+00
5.859149999999999636e-01 2.550084114074707031e+00
5.892030000000000323e-01 2.550084114074707031e+00
5.925010000000000554e-01 2.550084114074707031e+00
5.957670000000000465e-01 2.550084114074707031e+00
5.990309999999999802e-01 2.555258750915527344e+00
6.021720000000000406e-01 2.550084114074707031e+00
6.085270000000000401e-01 2.544909477233886719e+00
6.118419999999999970e-01 2.544909477233886719e+00
6.151619999999999866e-01 2.544909477233886719e+00
6.184659999999999602e-01 2.544909477233886719e+00
6.219189999999999996e-01 2.539734840393066406e+00
6.252130000000000187e-01 2.534560203552246094e+00
6.283549999999999969e-01 2.539734840393066406e+00
6.316760000000000153e-01 2.534560203552246094e+00
6.349529999999999896e-01 2.534560203552246094e+00
6.382510000000000128e-01 2.539734840393066406e+00
6.414309999999999734e-01 2.534560203552246094e+00
6.445699999999999763e-01 2.539734840393066406e+00
6.478669999999999707e-01 2.539734840393066406e+00
6.512109999999999843e-01 2.539734840393066406e+00
6.544720000000000537e-01 2.544909477233886719e+00
6.577579999999999538e-01 2.544909477233886719e+00
6.610629999999999562e-01 2.550084114074707031e+00
6.641989999999999839e-01 2.550084114074707031e+00
6.675029999999999575e-01 2.550084114074707031e+00
6.707940000000000014e-01 2.550084114074707031e+00
6.742550000000000487e-01 2.550084114074707031e+00
6.774130000000000429e-01 2.550084114074707031e+00
6.808359999999999967e-01 2.550084114074707031e+00
6.842939999999999579e-01 2.544909477233886719e+00
6.875930000000000097e-01 2.550084114074707031e+00
6.908940000000000081e-01 2.544909477233886719e+00
6.941850000000000520e-01 2.550084114074707031e+00
6.974970000000000336e-01 2.550084114074707031e+00
7.007759999999999545e-01 2.550084114074707031e+00
7.040800000000000392e-01 2.550084114074707031e+00
7.073760000000000048e-01 2.539734840393066406e+00
7.105500000000000149e-01 2.539734840393066406e+00
7.138970000000000038e-01 2.539734840393066406e+00
7.197470000000000256e-01 2.539734840393066406e+00
7.230389999999999873e-01 2.539734840393066406e+00
7.261830000000000229e-01 2.539734840393066406e+00
7.294819999999999638e-01 2.534560203552246094e+00
7.327799999999999869e-01 2.539734840393066406e+00
7.360750000000000348e-01 2.539734840393066406e+00
7.393710000000000004e-01 2.539734840393066406e+00
7.426779999999999493e-01 2.539734840393066406e+00
7.459660000000000180e-01 2.539734840393066406e+00
7.492710000000000203e-01 2.539734840393066406e+00
7.525560000000000027e-01 2.544909477233886719e+00
7.558570000000000011e-01 2.550084114074707031e+00
7.593119999999999870e-01 2.550084114074707031e+00
7.626089999999999813e-01 2.550084114074707031e+00
7.657439999999999802e-01 2.550084114074707031e+00
7.690399999999999459e-01 2.550084114074707031e+00
7.721770000000000023e-01 2.550084114074707031e+00
7.754860000000000086e-01 2.544909477233886719e+00
7.787650000000000405e-01 2.550084114074707031e+00
7.820780000000000509e-01 2.544909477233886719e+00
7.853750000000000453e-01 2.550084114074707031e+00
7.886710000000000109e-01 2.550084114074707031e+00
7.919629999999999725e-01 2.550084114074707031e+00
7.952639999999999709e-01 2.544909477233886719e+00
7.985630000000000228e-01 2.544909477233886719e+00
8.018490000000000339e-01 2.544909477233886719e+00
8.051829999999999821e-01 2.544909477233886719e+00
8.084799999999999764e-01 2.534560203552246094e+00
8.119380000000000486e-01 2.539734840393066406e+00
8.152420000000000222e-01 2.539734840393066406e+00
8.183719999999999883e-01 2.539734840393066406e+00
8.216790000000000482e-01 2.534560203552246094e+00
8.249710000000000099e-01 2.534560203552246094e+00
8.314890000000000336e-01 2.534560203552246094e+00
8.347529999999999673e-01 2.539734840393066406e+00
8.380670000000000064e-01 2.544909477233886719e+00
8.413680000000000048e-01 2.539734840393066406e+00
8.446609999999999951e-01 2.544909477233886719e+00
8.479680000000000550e-01 2.544909477233886719e+00
8.512760000000000327e-01 2.539734840393066406e+00
8.545570000000000110e-01 2.550084114074707031e+00
8.578569999999999807e-01 2.550084114074707031e+00
8.610640000000000516e-01 2.550084114074707031e+00
8.644690000000000429e-01 2.550084114074707031e+00
8.677439999999999598e-01 2.550084114074707031e+00
8.710710000000000397e-01 2.550084114074707031e+00
8.745009999999999728e-01 2.550084114074707031e+00
8.778730000000000144e-01 2.544909477233886719e+00
8.812510000000000066e-01 2.544909477233886719e+00
8.846960000000000379e-01 2.544909477233886719e+00
8.879930000000000323e-01 2.544909477233886719e+00
8.913010000000000099e-01 2.544909477233886719e+00
8.945830000000000171e-01 2.544909477233886719e+00
8.978829999999999867e-01 2.544909477233886719e+00
9.012250000000000538e-01 2.544909477233886719e+00
9.043639999999999457e-01 2.544909477233886719e+00
9.076539999999999608e-01 2.539734840393066406e+00
9.109450000000000047e-01 2.539734840393066406e+00
9.142510000000000359e-01 2.539734840393066406e+00
9.173970000000000180e-01 2.539734840393066406e+00
9.206940000000000124e-01 2.544909477233886719e+00
9.239929999999999533e-01 2.539734840393066406e+00
9.272869999999999724e-01 2.539734840393066406e+00
9.305839999999999668e-01 2.544909477233886719e+00
9.340300000000000269e-01 2.539734840393066406e+00
9.371749999999999803e-01 2.544909477233886719e+00
9.438339999999999508e-01 2.544909477233886719e+00
9.472899999999999654e-01 2.544909477233886719e+00
9.505810000000000093e-01 2.544909477233886719e+00
9.540440000000000031e-01 2.544909477233886719e+00
9.571760000000000268e-01 2.550084114074707031e+00
9.604740000000000499e-01 2.550084114074707031e+00
9.637649999999999828e-01 2.544909477233886719e+00
9.670680000000000387e-01 2.544909477233886719e+00
9.703640000000000043e-01 2.544909477233886719e+00
9.738170000000000437e-01 2.544909477233886719e+00
9.769510000000000138e-01 2.544909477233886719e+00
9.804100000000000037e-01 2.544909477233886719e+00
9.838519999999999488e-01 2.544909477233886719e+00
9.873079999999999634e-01 2.550084114074707031e+00
9.906049999999999578e-01 2.544909477233886719e+00
9.940639999999999477e-01 2.544909477233886719e+00
9.973849999999999660e-01 2.544909477233886719e+00
1.000680000000000014e+00 2.550084114074707031e+00
1.006420000000000092e+00 2.544909477233886719e+00
1.010561000000000043e+00 2.539734840393066406e+00
1.014636000000000093e+00 2.539734840393066406e+00
1.018709000000000087e+00 2.539734840393066406e+00
1.022777999999999965e+00 2.539734840393066406e+00
1.026890000000000081e+00 2.544909477233886719e+00
1.031023000000000023e+00 2.539734840393066406e+00
1.035061999999999927e+00 2.544909477233886719e+00
1.039131999999999945e+00 2.544909477233886719e+00
1.043341999999999992e+00 2.539734840393066406e+00
1.047450999999999910e+00 2.534560203552246094e+00
1.055196000000000023e+00 2.544909477233886719e+00
1.059439000000000020e+00 2.539734840393066406e+00
1.063614000000000059e+00 2.544909477233886719e+00
1.067754000000000092e+00 2.544909477233886719e+00
1.071930999999999967e+00 2.544909477233886719e+00
1.076027000000000067e+00 2.539734840393066406e+00
1.080179999999999918e+00 2.544909477233886719e+00
1.084357000000000015e+00 2.544909477233886719e+00
1.088462000000000041e+00 2.550084114074707031e+00
1.092589999999999950e+00 2.544909477233886719e+00
1.096683999999999992e+00 2.550084114074707031e+00
1.100802000000000058e+00 2.550084114074707031e+00
1.104929999999999968e+00 2.544909477233886719e+00
1.109043000000000001e+00 2.539734840393066406e+00
1.113237999999999950e+00 2.539734840393066406e+00
1.117358000000000073e+00 2.539734840393066406e+00
1.121577000000000046e+00 2.544909477233886719e+00
1.125717000000000079e+00 2.539734840393066406e+00
1.129882999999999971e+00 2.539734840393066406e+00
1.134082000000000034e+00 2.539734840393066406e+00
1.138233999999999968e+00 2.539734840393066406e+00
1.142371000000000025e+00 2.534560203552246094e+00
1.146563999999999917e+00 2.539734840393066406e+00
1.150721000000000105e+00 2.534560203552246094e+00
1.154886999999999997e+00 2.539734840393066406e+00
1.159029000000000087e+00 2.544909477233886719e+00
1.166571000000000025e+00 2.544909477233886719e+00
1.171183000000000085e+00 2.544909477233886719e+00
1.175373999999999919e+00 2.550084114074707031e+00
1.179728000000000110e+00 2.550084114074707031e+00
1.183953999999999951e+00 2.550084114074707031e+00
1.188137999999999916e+00 2.550084114074707031e+00
1.192344000000000070e+00 2.550084114074707031e+00
1.196568000000000076e+00 2.550084114074707031e+00
1.200763999999999943e+00 2.550084114074707031e+00
1.204963999999999924e+00 2.544909477233886719e+00
1.209157000000000037e+00 2.539734840393066406e+00
1.213462999999999958e+00 2.539734840393066406e+00
1.217668999999999890e+00 2.539734840393066406e+00
1.221958000000000100e+00 2.539734840393066406e+00
1.226172999999999957e+00 2.534560203552246094e+00
1.230371000000000103e+00 2.534560203552246094e+00
1.234617000000000075e+00 2.539734840393066406e+00
1.238822000000000090e+00 2.539734840393066406e+00
1.243130000000000068e+00 2.534560203552246094e+00
1.247336000000000000e+00 2.534560203552246094e+00
1.251622000000000012e+00 2.539734840393066406e+00
1.255857000000000001e+00 2.544909477233886719e+00
1.260115000000000096e+00 2.550084114074707031e+00
1.264356999999999953e+00 2.550084114074707031e+00
1.268586999999999909e+00 2.550084114074707031e+00
1.272842000000000029e+00 2.550084114074707031e+00
1.280318000000000067e+00 2.544909477233886719e+00
1.285225000000000062e+00 2.544909477233886719e+00
1.289479000000000042e+00 2.550084114074707031e+00
1.293819999999999970e+00 2.544909477233886719e+00
1.298089000000000048e+00 2.550084114074707031e+00
1.302364999999999995e+00 2.544909477233886719e+00
1.306626999999999983e+00 2.539734840393066406e+00
1.310929999999999929e+00 2.534560203552246094e+00
1.315217999999999998e+00 2.534560203552246094e+00
1.319487999999999994e+00 2.539734840393066406e+00
1.323841999999999963e+00 2.539734840393066406e+00
1.328149999999999942e+00 2.534560203552246094e+00
1.332473999999999936e+00 2.534560203552246094e+00
1.336756999999999973e+00 2.534560203552246094e+00
1.341118999999999950e+00 2.539734840393066406e+00
1.345412999999999970e+00 2.544909477233886719e+00
1.349725000000000064e+00 2.544909477233886719e+00
1.354103000000000057e+00 2.544909477233886719e+00
1.358398999999999912e+00 2.544909477233886719e+00
1.362727000000000022e+00 2.550084114074707031e+00
1.367034000000000082e+00 2.544909477233886719e+00
1.371413999999999911e+00 2.544909477233886719e+00
1.375721999999999889e+00 2.544909477233886719e+00
1.380087999999999981e+00 2.544909477233886719e+00
1.384235000000000104e+00 2.544909477233886719e+00
1.388093000000000021e+00 2.544909477233886719e+00
1.393461000000000061e+00 2.544909477233886719e+00
1.397194000000000047e+00 2.550084114074707031e+00
1.400930000000000009e+00 2.544909477233886719e+00
1.404660999999999937e+00 2.539734840393066406e+00
1.408385999999999916e+00 2.534560203552246094e+00
1.412125000000000075e+00 2.534560203552246094e+00
1.415866999999999987e+00 2.534560203552246094e+00
1.419586999999999932e+00 2.539734840393066406e+00
1.423394999999999966e+00 2.539734840393066406e+00
1.429507000000000083e+00 2.539734840393066406e+00
1.438207999999999931e+00 2.539734840393066406e+00
1.443489000000000022e+00 2.539734840393066406e+00
1.451621999999999968e+00 2.539734840393066406e+00
1.455595999999999890e+00 2.544909477233886719e+00
1.459335000000000049e+00 2.544909477233886719e+00
1.463198999999999916e+00 2.550084114074707031e+00
1.466941000000000050e+00 2.544909477233886719e+00
1.469827999999999912e+00 2.544909477233886719e+00
1.473497999999999974e+00 2.544909477233886719e+00
1.476448999999999900e+00 2.544909477233886719e+00
1.480040000000000022e+00 2.544909477233886719e+00
1.483784999999999910e+00 2.544909477233886719e+00
1.487565000000000026e+00 2.544909477233886719e+00
1.491381999999999985e+00 2.544909477233886719e+00
1.495152999999999954e+00 2.544909477233886719e+00
1.498950000000000005e+00 2.544909477233886719e+00
1.504917000000000060e+00 2.539734840393066406e+00
1.508734999999999937e+00 2.539734840393066406e+00
1.512544000000000111e+00 2.544909477233886719e+00
1.516318000000000055e+00 2.539734840393066406e+00
1.520105000000000040e+00 2.544909477233886719e+00
1.523875000000000091e+00 2.539734840393066406e+00
1.527679000000000009e+00 2.544909477233886719e+00
1.531574999999999909e+00 2.544909477233886719e+00
1.535377999999999910e+00 2.539734840393066406e+00
1.539168000000000092e+00 2.544909477233886719e+00
1.543045000000000000e+00 2.544909477233886719e+00
1.546054000000000039e+00 2.539734840393066406e+00
1.549712999999999896e+00 2.539734840393066406e+00
1.553573000000000093e+00 2.539734840393066406e+00
1.557393999999999945e+00 2.544909477233886719e+00
1.561261999999999928e+00 2.544909477233886719e+00
1.565093000000000067e+00 2.544909477233886719e+00
1.568910999999999945e+00 2.544909477233886719e+00
1.572748999999999953e+00 2.544909477233886719e+00
1.576562000000000019e+00 2.544909477233886719e+00
1.580383000000000093e+00 2.544909477233886719e+00
1.584189999999999987e+00 2.544909477233886719e+00
1.588119000000000058e+00 2.544909477233886719e+00
1.591947000000000001e+00 2.550084114074707031e+00
1.595773000000000108e+00 2.550084114074707031e+00
1.599601999999999968e+00 2.550084114074707031e+00
1.603517000000000081e+00 2.550084114074707031e+00
1.607358999999999982e+00 2.544909477233886719e+00
1.613501999999999992e+00 2.550084114074707031e+00
1.617520000000000069e+00 2.539734840393066406e+00
1.621431000000000067e+00 2.539734840393066406e+00
1.625277000000000083e+00 2.539734840393066406e+00
1.628274999999999917e+00 2.544909477233886719e+00
1.632004000000000010e+00 2.539734840393066406e+00
1.635853999999999919e+00 2.534560203552246094e+00
1.639706000000000108e+00 2.539734840393066406e+00
1.643632999999999900e+00 2.534560203552246094e+00
1.647485000000000088e+00 2.534560203552246094e+00
1.650524000000000102e+00 2.534560203552246094e+00
1.654384999999999994e+00 2.539734840393066406e+00
1.658236000000000043e+00 2.544909477233886719e+00
1.662130000000000107e+00 2.544909477233886719e+00
1.665991999999999917e+00 2.544909477233886719e+00
1.669863000000000097e+00 2.544909477233886719e+00
1.673815000000000053e+00 2.544909477233886719e+00
1.676879000000000008e+00 2.544909477233886719e+00
1.680657999999999985e+00 2.550084114074707031e+00
1.684533999999999976e+00 2.544909477233886719e+00
1.688458000000000014e+00 2.544909477233886719e+00
1.692363000000000062e+00 2.550084114074707031e+00
1.696261000000000019e+00 2.550084114074707031e+00
1.699267000000000083e+00 2.550084114074707031e+00
1.702252000000000098e+00 2.544909477233886719e+00
1.705993000000000093e+00 2.539734840393066406e+00
1.709902000000000033e+00 2.539734840393066406e+00
1.713858000000000104e+00 2.539734840393066406e+00
1.717759000000000036e+00 2.539734840393066406e+00
1.721751000000000031e+00 2.534560203552246094e+00
1.727819999999999911e+00 2.534560203552246094e+00
1.731813000000000047e+00 2.534560203552246094e+00
1.735741999999999896e+00 2.534560203552246094e+00
1.739654999999999951e+00 2.539734840393066406e+00
1.743630000000000013e+00 2.534560203552246094e+00
1.747562999999999978e+00 2.539734840393066406e+00
1.751562000000000063e+00 2.534560203552246094e+00
1.755498999999999921e+00 2.539734840393066406e+00
1.759424000000000099e+00 2.544909477233886719e+00
1.763417000000000012e+00 2.550084114074707031e+00
1.767343000000000108e+00 2.550084114074707031e+00
1.770439000000000096e+00 2.550084114074707031e+00
1.774372999999999978e+00 2.550084114074707031e+00
1.778316999999999926e+00 2.550084114074707031e+00
1.782264999999999988e+00 2.550084114074707031e+00
1.786203999999999903e+00 2.550084114074707031e+00
1.790310000000000068e+00 2.544909477233886719e+00
1.794262000000000024e+00 2.550084114074707031e+00
1.798214999999999897e+00 2.550084114074707031e+00
1.801264999999999894e+00 2.544909477233886719e+00
1.805099999999999927e+00 2.544909477233886719e+00
1.809063000000000088e+00 2.539734840393066406e+00
1.813088000000000033e+00 2.539734840393066406e+00
1.817045999999999939e+00 2.534560203552246094e+00
1.821050000000000058e+00 2.534560203552246094e+00
1.825010999999999939e+00 2.534560203552246094e+00
1.828991000000000033e+00 2.534560203552246094e+00
1.833023999999999987e+00 2.539734840393066406e+00
1.839178999999999897e+00 2.534560203552246094e+00
1.843377000000000043e+00 2.534560203552246094e+00
1.847366999999999981e+00 2.539734840393066406e+00
1.850473999999999952e+00 2.539734840393066406e+00
1.854478000000000071e+00 2.544909477233886719e+00
1.858460999999999919e+00 2.550084114074707031e+00
1.862510000000000110e+00 2.550084114074707031e+00
1.866495000000000015e+00 2.544909477233886719e+00
1.870473000000000052e+00 2.550084114074707031e+00
1.874498999999999915e+00 2.550084114074707031e+00
1.878481000000000067e+00 2.550084114074707031e+00
1.882505000000000095e+00 2.544909477233886719e+00
1.886490999999999918e+00 2.544909477233886719e+00
1.890508999999999995e+00 2.544909477233886719e+00
1.894514000000000031e+00 2.544909477233886719e+00
1.898508000000000084e+00 2.544909477233886719e+00
1.902549000000000046e+00 2.544909477233886719e+00
1.906551000000000107e+00 2.539734840393066406e+00
1.910551000000000110e+00 2.534560203552246094e+00
1.914552000000000032e+00 2.534560203552246094e+00
1.918560000000000043e+00 2.539734840393066406e+00
1.922609000000000012e+00 2.534560203552246094e+00
1.925723000000000074e+00 2.534560203552246094e+00
1.928717000000000015e+00 2.544909477233886719e+00
1.932625000000000037e+00 2.544909477233886719e+00
1.936641000000000057e+00 2.539734840393066406e+00
1.940681000000000100e+00 2.539734840393066406e+00
1.944706999999999963e+00 2.539734840393066406e+00
1.948760999999999965e+00 2.544909477233886719e+00
1.955012999999999890e+00 2.544909477233886719e+00
1.959078000000000097e+00 2.550084114074707031e+00
1.963195000000000023e+00 2.544909477233886719e+00
1.967243999999999993e+00 2.544909477233886719e+00
1.971341999999999928e+00 2.544909477233886719e+00
1.975382999999999889e+00 2.544909477233886719e+00
1.979424999999999990e+00 2.544909477233886719e+00
1.982652999999999999e+00 2.544909477233886719e+00
1.986572999999999922e+00 2.544909477233886719e+00
1.990674000000000055e+00 2.544909477233886719e+00
1.994714000000000098e+00 2.544909477233886719e+00
1.998764999999999903e+00 2.544909477233886719e+00
2.001894000000000062e+00 2.544909477233886719e+00
2.004877000000000020e+00 2.544909477233886719e+00
2.007871999999999879e+00 2.539734840393066406e+00
2.010855999999999977e+00 2.539734840393066406e+00
2.014810999999999908e+00 2.539734840393066406e+00
2.018876000000000115e+00 2.539734840393066406e+00
2.023029999999999884e+00 2.539734840393066406e+00
2.027099000000000206e+00 2.539734840393066406e+00
2.030244999999999855e+00 2.544909477233886719e+00
2.034269999999999801e+00 2.539734840393066406e+00
2.038355000000000139e+00 2.539734840393066406e+00
2.042444000000000148e+00 2.539734840393066406e+00
2.046520999999999813e+00 2.544909477233886719e+00
2.049675999999999831e+00 2.539734840393066406e+00
2.053701999999999916e+00 2.539734840393066406e+00
2.057800999999999991e+00 2.544909477233886719e+00
2.061916000000000082e+00 2.539734840393066406e+00
2.068153999999999826e+00 2.544909477233886719e+00
2.072430999999999912e+00 2.544909477233886719e+00
2.076537000000000077e+00 2.544909477233886719e+00
2.079644000000000048e+00 2.544909477233886719e+00
2.083687999999999985e+00 2.544909477233886719e+00
2.086850999999999789e+00 2.544909477233886719e+00
2.091753000000000196e+00 2.544909477233886719e+00
2.096649000000000207e+00 2.550084114074707031e+00
2.101614000000000093e+00 2.544909477233886719e+00
2.106526000000000121e+00 2.544909477233886719e+00
2.111509999999999998e+00 2.539734840393066406e+00
2.116417000000000215e+00 2.544909477233886719e+00
2.121405999999999903e+00 2.539734840393066406e+00
2.126319000000000070e+00 2.539734840393066406e+00
2.131294000000000022e+00 2.544909477233886719e+00
2.136210999999999860e+00 2.539734840393066406e+00
2.141204999999999803e+00 2.534560203552246094e+00
2.146128000000000036e+00 2.539734840393066406e+00
2.151098999999999872e+00 2.534560203552246094e+00
2.156063000000000063e+00 2.544909477233886719e+00
2.161071999999999882e+00 2.544909477233886719e+00
2.166020000000000056e+00 2.544909477233886719e+00
2.171021999999999785e+00 2.544909477233886719e+00
2.175923000000000052e+00 2.539734840393066406e+00
2.184232000000000173e+00 2.550084114074707031e+00
2.189096999999999849e+00 2.544909477233886719e+00
2.193423999999999818e+00 2.544909477233886719e+00
2.197567999999999966e+00 2.544909477233886719e+00
2.201764999999999972e+00 2.544909477233886719e+00
2.205905000000000005e+00 2.544909477233886719e+00
2.210055000000000103e+00 2.539734840393066406e+00
2.214202999999999921e+00 2.539734840393066406e+00
2.218351000000000184e+00 2.539734840393066406e+00
2.222510999999999903e+00 2.534560203552246094e+00
2.226659000000000166e+00 2.534560203552246094e+00
2.230823000000000000e+00 2.534560203552246094e+00
2.234973000000000098e+00 2.534560203552246094e+00
2.239145000000000163e+00 2.534560203552246094e+00
2.243374999999999897e+00 2.534560203552246094e+00
2.247551000000000077e+00 2.534560203552246094e+00
2.251777999999999835e+00 2.534560203552246094e+00
2.255935000000000024e+00 2.539734840393066406e+00
2.259056000000000175e+00 2.544909477233886719e+00
2.263166000000000011e+00 2.544909477233886719e+00
2.267335000000000100e+00 2.550084114074707031e+00
2.271584999999999965e+00 2.550084114074707031e+00
2.275802000000000103e+00 2.544909477233886719e+00
2.280009999999999870e+00 2.550084114074707031e+00
2.284209000000000156e+00 2.550084114074707031e+00
2.288415000000000088e+00 2.550084114074707031e+00
2.292696999999999985e+00 2.550084114074707031e+00
2.299097000000000168e+00 2.550084114074707031e+00
2.303433000000000064e+00 2.544909477233886719e+00
2.306649999999999867e+00 2.534560203552246094e+00
2.310740000000000016e+00 2.539734840393066406e+00
2.314992999999999856e+00 2.534560203552246094e+00
2.319227000000000150e+00 2.534560203552246094e+00
2.322454000000000018e+00 2.534560203552246094e+00
2.326581000000000010e+00 2.534560203552246094e+00
2.330805999999999933e+00 2.534560203552246094e+00
2.334061999999999859e+00 2.534560203552246094e+00
2.338178000000000090e+00 2.534560203552246094e+00
2.342445000000000110e+00 2.534560203552246094e+00
2.346699000000000090e+00 2.539734840393066406e+00
2.350950000000000095e+00 2.544909477233886719e+00
2.355220999999999787e+00 2.544909477233886719e+00
2.358442999999999845e+00 2.550084114074707031e+00
2.362622000000000000e+00 2.550084114074707031e+00
2.366865000000000219e+00 2.550084114074707031e+00
2.371169000000000082e+00 2.544909477233886719e+00
2.375449000000000144e+00 2.550084114074707031e+00
2.379707999999999934e+00 2.544909477233886719e+00
2.384012999999999938e+00 2.544909477233886719e+00
2.388256999999999852e+00 2.544909477233886719e+00
2.392520999999999898e+00 2.544909477233886719e+00
2.396846000000000032e+00 2.544909477233886719e+00
2.401171999999999862e+00 2.544909477233886719e+00
2.405435000000000212e+00 2.539734840393066406e+00
2.412132000000000165e+00 2.534560203552246094e+00
2.416599999999999859e+00 2.534560203552246094e+00
2.420903000000000027e+00 2.534560203552246094e+00
2.425162999999999958e+00 2.534560203552246094e+00
2.429464999999999986e+00 2.539734840393066406e+00
2.436761999999999873e+00 2.539734840393066406e+00
2.444662999999999808e+00 2.539734840393066406e+00
2.449975999999999932e+00 2.544909477233886719e+00
2.456315000000000026e+00 2.544909477233886719e+00
2.460822999999999983e+00 2.544909477233886719e+00
2.465130999999999961e+00 2.550084114074707031e+00
2.469444999999999890e+00 2.550084114074707031e+00
2.473850000000000104e+00 2.544909477233886719e+00
2.477063999999999933e+00 2.539734840393066406e+00
2.481330999999999953e+00 2.544909477233886719e+00
2.485663000000000178e+00 2.544909477233886719e+00
2.489987000000000172e+00 2.544909477233886719e+00
2.494343000000000199e+00 2.544909477233886719e+00
2.498714999999999797e+00 2.544909477233886719e+00
2.503066000000000013e+00 2.544909477233886719e+00
2.507387000000000032e+00 2.534560203552246094e+00
2.510647000000000073e+00 2.534560203552246094e+00
2.514940999999999871e+00 2.539734840393066406e+00
2.519273999999999791e+00 2.539734840393066406e+00
2.525717999999999908e+00 2.539734840393066406e+00
2.530199999999999783e+00 2.544909477233886719e+00
2.533447999999999922e+00 2.539734840393066406e+00
2.537609999999999921e+00 2.539734840393066406e+00
2.542005000000000070e+00 2.539734840393066406e+00
2.546332000000000040e+00 2.539734840393066406e+00
2.550679000000000141e+00 2.539734840393066406e+00
2.555010999999999921e+00 2.544909477233886719e+00
2.558273999999999937e+00 2.544909477233886719e+00
2.562475000000000058e+00 2.550084114074707031e+00
2.566822999999999855e+00 2.544909477233886719e+00
2.571272000000000002e+00 2.544909477233886719e+00
2.575616999999999823e+00 2.544909477233886719e+00
2.578904000000000085e+00 2.544909477233886719e+00
2.583184999999999842e+00 2.544909477233886719e+00
2.587533999999999779e+00 2.544909477233886719e+00
2.591944999999999943e+00 2.544909477233886719e+00
2.596299000000000134e+00 2.544909477233886719e+00
2.600800000000000001e+00 2.544909477233886719e+00
2.605147000000000101e+00 2.544909477233886719e+00
2.609497999999999873e+00 2.539734840393066406e+00
2.612868000000000190e+00 2.544909477233886719e+00
2.617087999999999859e+00 2.539734840393066406e+00
2.621525999999999801e+00 2.539734840393066406e+00
2.625882999999999967e+00 2.539734840393066406e+00
2.630240000000000133e+00 2.539734840393066406e+00
2.634630000000000027e+00 2.539734840393066406e+00
2.641135999999999928e+00 2.534560203552246094e+00
2.645554999999999879e+00 2.534560203552246094e+00
2.649913000000000185e+00 2.534560203552246094e+00
2.654396000000000200e+00 2.539734840393066406e+00
2.658767999999999798e+00 2.539734840393066406e+00
2.663227000000000011e+00 2.544909477233886719e+00
2.667609000000000119e+00 2.544909477233886719e+00
2.670844000000000218e+00 2.544909477233886719e+00
2.675183999999999784e+00 2.544909477233886719e+00
2.679572999999999983e+00 2.544909477233886719e+00
2.682887000000000022e+00 2.544909477233886719e+00
2.687122000000000011e+00 2.550084114074707031e+00
2.691586000000000034e+00 2.544909477233886719e+00
2.695996000000000059e+00 2.550084114074707031e+00
2.699310000000000098e+00 2.550084114074707031e+00
2.703641999999999879e+00 2.544909477233886719e+00
2.708031000000000077e+00 2.539734840393066406e+00
2.712447000000000052e+00 2.539734840393066406e+00
2.716832999999999831e+00 2.539734840393066406e+00
2.721305999999999781e+00 2.539734840393066406e+00
2.725708000000000020e+00 2.539734840393066406e+00
2.730122000000000160e+00 2.539734840393066406e+00
2.734525999999999790e+00 2.534560203552246094e+00
2.738932000000000144e+00 2.534560203552246094e+00
2.742240999999999929e+00 2.534560203552246094e+00
2.746532999999999891e+00 2.534560203552246094e+00
2.753156999999999854e+00 2.534560203552246094e+00
2.757722999999999924e+00 2.539734840393066406e+00
2.762167999999999957e+00 2.544909477233886719e+00
2.765470999999999790e+00 2.544909477233886719e+00
2.769772000000000123e+00 2.550084114074707031e+00
2.774261999999999784e+00 2.544909477233886719e+00
2.778713999999999906e+00 2.550084114074707031e+00
2.783256000000000174e+00 2.550084114074707031e+00
2.787697999999999787e+00 2.544909477233886719e+00
2.792164999999999786e+00 2.544909477233886719e+00
2.796618000000000048e+00 2.550084114074707031e+00
2.801158000000000037e+00 2.544909477233886719e+00
2.804492999999999903e+00 2.539734840393066406e+00
2.807659999999999823e+00 2.539734840393066406e+00
2.812092999999999954e+00 2.534560203552246094e+00
2.816554000000000002e+00 2.534560203552246094e+00
2.819843999999999795e+00 2.534560203552246094e+00
2.824265000000000025e+00 2.534560203552246094e+00
2.828729000000000049e+00 2.534560203552246094e+00
2.833285000000000053e+00 2.534560203552246094e+00
2.837769000000000208e+00 2.534560203552246094e+00
2.841079000000000132e+00 2.534560203552246094e+00
2.845460000000000100e+00 2.534560203552246094e+00
2.849941999999999975e+00 2.539734840393066406e+00
2.854448000000000096e+00 2.544909477233886719e+00
2.858926999999999996e+00 2.550084114074707031e+00
2.865750999999999937e+00 2.544909477233886719e+00
2.870258999999999894e+00 2.544909477233886719e+00
2.874715000000000131e+00 2.544909477233886719e+00
2.879189999999999916e+00 2.544909477233886719e+00
2.883742999999999945e+00 2.550084114074707031e+00
2.887061999999999795e+00 2.544909477233886719e+00
2.891535000000000188e+00 2.544909477233886719e+00
2.896970000000000045e+00 2.544909477233886719e+00
2.902588999999999864e+00 2.544909477233886719e+00
2.908056999999999892e+00 2.534560203552246094e+00
2.913514999999999855e+00 2.534560203552246094e+00
2.918969999999999843e+00 2.534560203552246094e+00
2.924519000000000091e+00 2.534560203552246094e+00
2.929971000000000103e+00 2.534560203552246094e+00
2.935467000000000048e+00 2.539734840393066406e+00
2.941022999999999943e+00 2.534560203552246094e+00
2.946452999999999989e+00 2.539734840393066406e+00
2.951992999999999867e+00 2.539734840393066406e+00
2.957469999999999821e+00 2.544909477233886719e+00
2.961342000000000141e+00 2.544909477233886719e+00
2.966798999999999964e+00 2.550084114074707031e+00
2.972389999999999866e+00 2.550084114074707031e+00
2.981167000000000122e+00 2.544909477233886719e+00
2.987058000000000213e+00 2.544909477233886719e+00
2.992742999999999931e+00 2.544909477233886719e+00
2.997561000000000142e+00 2.544909477233886719e+00
3.000995000000000079e+00 2.544909477233886719e+00
3.005549999999999944e+00 2.539734840393066406e+00
3.008945000000000203e+00 2.534560203552246094e+00
3.013526999999999845e+00 2.539734840393066406e+00
3.016945000000000210e+00 2.539734840393066406e+00
3.021482999999999919e+00 2.544909477233886719e+00
3.024885999999999964e+00 2.534560203552246094e+00
3.029360000000000053e+00 2.539734840393066406e+00
3.034015000000000128e+00 2.539734840393066406e+00
3.038580000000000059e+00 2.539734840393066406e+00
3.043158000000000030e+00 2.539734840393066406e+00
3.047718999999999845e+00 2.544909477233886719e+00
3.052313999999999972e+00 2.539734840393066406e+00
3.056903999999999844e+00 2.544909477233886719e+00
3.060296999999999823e+00 2.544909477233886719e+00
3.064862000000000197e+00 2.544909477233886719e+00
3.068267000000000078e+00 2.544909477233886719e+00
3.072795999999999861e+00 2.544909477233886719e+00
3.077389999999999848e+00 2.544909477233886719e+00
3.082021000000000122e+00 2.544909477233886719e+00
3.086599999999999788e+00 2.539734840393066406e+00
3.091254999999999864e+00 2.539734840393066406e+00
3.098018000000000161e+00 2.544909477233886719e+00
3.102695999999999898e+00 2.544909477233886719e+00
3.107302999999999926e+00 2.539734840393066406e+00
3.110689999999999955e+00 2.539734840393066406e+00
3.115289000000000197e+00 2.539734840393066406e+00
3.118656000000000095e+00 2.539734840393066406e+00
3.123178999999999927e+00 2.539734840393066406e+00
3.127787999999999791e+00 2.539734840393066406e+00
3.132441000000000031e+00 2.539734840393066406e+00
3.137096999999999802e+00 2.539734840393066406e+00
3.140500999999999987e+00 2.539734840393066406e+00
3.145153999999999783e+00 2.539734840393066406e+00
3.149792000000000147e+00 2.534560203552246094e+00
3.154465000000000074e+00 2.539734840393066406e+00
3.159108999999999945e+00 2.544909477233886719e+00
3.163794999999999913e+00 2.544909477233886719e+00
3.168423000000000211e+00 2.544909477233886719e+00
3.173041000000000000e+00 2.544909477233886719e+00
3.177681000000000200e+00 2.544909477233886719e+00
3.182355999999999963e+00 2.544909477233886719e+00
3.186979000000000006e+00 2.544909477233886719e+00
3.191650000000000098e+00 2.544909477233886719e+00
3.196288000000000018e+00 2.550084114074707031e+00
3.200934000000000168e+00 2.544909477233886719e+00
3.205725999999999853e+00 2.544909477233886719e+00
3.212558000000000025e+00 2.539734840393066406e+00
3.217311000000000032e+00 2.539734840393066406e+00
3.222032000000000007e+00 2.539734840393066406e+00
3.226668999999999787e+00 2.539734840393066406e+00
3.231383000000000116e+00 2.534560203552246094e+00
3.236022999999999872e+00 2.534560203552246094e+00
3.240680999999999923e+00 2.534560203552246094e+00
3.245353000000000154e+00 2.534560203552246094e+00
3.250020999999999827e+00 2.534560203552246094e+00
3.254675999999999902e+00 2.539734840393066406e+00
3.259361999999999870e+00 2.539734840393066406e+00
3.262885999999999953e+00 2.544909477233886719e+00
3.267504999999999882e+00 2.544909477233886719e+00
3.272228000000000137e+00 2.544909477233886719e+00
3.276880999999999933e+00 2.550084114074707031e+00
3.281597999999999793e+00 2.544909477233886719e+00
3.286271999999999860e+00 2.544909477233886719e+00
3.290941999999999812e+00 2.544909477233886719e+00
3.295608999999999789e+00 2.544909477233886719e+00
3.300283999999999995e+00 2.544909477233886719e+00
3.304990999999999790e+00 2.544909477233886719e+00
3.309680000000000177e+00 2.539734840393066406e+00
3.314458000000000126e+00 2.534560203552246094e+00
3.319418999999999897e+00 2.534560203552246094e+00
3.328066999999999886e+00 2.534560203552246094e+00
3.331456000000000195e+00 2.534560203552246094e+00
3.336082000000000214e+00 2.534560203552246094e+00
3.340786000000000033e+00 2.534560203552246094e+00
3.345477999999999952e+00 2.534560203552246094e+00
3.350178999999999796e+00 2.534560203552246094e+00
3.354867000000000044e+00 2.539734840393066406e+00
3.359601000000000059e+00 2.544909477233886719e+00
3.363110999999999962e+00 2.544909477233886719e+00
3.367719999999999825e+00 2.544909477233886719e+00
3.372475000000000112e+00 2.544909477233886719e+00
3.377188999999999997e+00 2.544909477233886719e+00
3.381993000000000027e+00 2.550084114074707031e+00
3.386718999999999813e+00 2.544909477233886719e+00
3.391519999999999868e+00 2.544909477233886719e+00
3.396241999999999983e+00 2.544909477233886719e+00
3.400989000000000040e+00 2.544909477233886719e+00
3.405762000000000178e+00 2.539734840393066406e+00
3.410502000000000145e+00 2.534560203552246094e+00
3.415230999999999906e+00 2.534560203552246094e+00
3.419964999999999922e+00 2.534560203552246094e+00
3.424694999999999823e+00 2.534560203552246094e+00
3.429476999999999887e+00 2.534560203552246094e+00
3.446387000000000089e+00 2.534560203552246094e+00
3.455271999999999899e+00 2.544909477233886719e+00
3.463747999999999827e+00 2.544909477233886719e+00
3.470276999999999834e+00 2.544909477233886719e+00
3.475084999999999980e+00 2.544909477233886719e+00
3.481386999999999787e+00 2.550084114074707031e+00
3.486334999999999962e+00 2.544909477233886719e+00
3.491194000000000131e+00 2.544909477233886719e+00
3.495981000000000005e+00 2.544909477233886719e+00
3.500764999999999905e+00 2.544909477233886719e+00
3.505586999999999787e+00 2.539734840393066406e+00
3.509084999999999788e+00 2.529385566711425781e+00
3.513850000000000140e+00 2.534560203552246094e+00
3.518629999999999924e+00 2.534560203552246094e+00
3.523511000000000060e+00 2.539734840393066406e+00
3.528328999999999827e+00 2.539734840393066406e+00
3.533151000000000153e+00 2.539734840393066406e+00
3.537929000000000102e+00 2.539734840393066406e+00
3.542734999999999967e+00 2.539734840393066406e+00
3.547528999999999932e+00 2.539734840393066406e+00
3.552379999999999871e+00 2.534560203552246094e+00
3.557192999999999827e+00 2.544909477233886719e+00
3.564454000000000011e+00 2.544909477233886719e+00
3.569332000000000171e+00 2.544909477233886719e+00
3.574193999999999871e+00 2.544909477233886719e+00
3.579022000000000148e+00 2.544909477233886719e+00
3.583877999999999897e+00 2.539734840393066406e+00
3.588690999999999853e+00 2.544909477233886719e+00
3.592284999999999950e+00 2.544909477233886719e+00
3.596997000000000000e+00 2.544909477233886719e+00
3.601878000000000135e+00 2.544909477233886719e+00
3.606711999999999918e+00 2.539734840393066406e+00
3.611601999999999979e+00 2.539734840393066406e+00
3.616429999999999811e+00 2.544909477233886719e+00
3.621318000000000037e+00 2.539734840393066406e+00
3.626148000000000149e+00 2.539734840393066406e+00
3.631006999999999874e+00 2.539734840393066406e+00
3.634478000000000097e+00 2.539734840393066406e+00
3.639191999999999982e+00 2.539734840393066406e+00
3.644087999999999994e+00 2.539734840393066406e+00
3.648896999999999835e+00 2.539734840393066406e+00
3.653812999999999978e+00 2.539734840393066406e+00
3.658628999999999909e+00 2.544909477233886719e+00
3.663548000000000027e+00 2.544909477233886719e+00
3.668413999999999842e+00 2.544909477233886719e+00
3.675459000000000032e+00 2.544909477233886719e+00
3.680396000000000001e+00 2.544909477233886719e+00
3.685316999999999954e+00 2.539734840393066406e+00
3.690163000000000082e+00 2.544909477233886719e+00
3.695053999999999839e+00 2.544909477233886719e+00
3.699933999999999834e+00 2.544909477233886719e+00
3.704809000000000019e+00 2.544909477233886719e+00
3.709655999999999842e+00 2.539734840393066406e+00
3.714569000000000010e+00 2.539734840393066406e+00
3.719428999999999874e+00 2.534560203552246094e+00
3.724387000000000114e+00 2.539734840393066406e+00
3.727806999999999871e+00 2.534560203552246094e+00
3.732581999999999844e+00 2.534560203552246094e+00
3.736076999999999870e+00 2.539734840393066406e+00
3.740847000000000033e+00 2.534560203552246094e+00
3.745759000000000061e+00 2.534560203552246094e+00
3.750624999999999876e+00 2.534560203552246094e+00
3.755481000000000069e+00 2.534560203552246094e+00
3.760342000000000073e+00 2.539734840393066406e+00
3.765198999999999963e+00 2.544909477233886719e+00
3.770084999999999908e+00 2.539734840393066406e+00
3.774957000000000118e+00 2.544909477233886719e+00
3.778503000000000167e+00 2.544909477233886719e+00
3.783345000000000180e+00 2.544909477233886719e+00
3.790376999999999885e+00 2.544909477233886719e+00
3.795444999999999958e+00 2.544909477233886719e+00
3.800396000000000107e+00 2.544909477233886719e+00
3.805305999999999855e+00 2.539734840393066406e+00
3.810249999999999915e+00 2.539734840393066406e+00
3.815148000000000206e+00 2.534560203552246094e+00
3.818671999999999844e+00 2.534560203552246094e+00
3.823586000000000151e+00 2.534560203552246094e+00
3.828504000000000129e+00 2.534560203552246094e+00
3.832082000000000210e+00 2.534560203552246094e+00
3.836914000000000158e+00 2.534560203552246094e+00
3.841911000000000076e+00 2.529385566711425781e+00
3.845490999999999993e+00 2.534560203552246094e+00
3.850318000000000129e+00 2.534560203552246094e+00
3.855242000000000058e+00 2.539734840393066406e+00
3.860174999999999912e+00 2.544909477233886719e+00
3.865107000000000070e+00 2.550084114074707031e+00
3.870063000000000031e+00 2.544909477233886719e+00
3.875029000000000057e+00 2.544909477233886719e+00
3.879974999999999952e+00 2.544909477233886719e+00
3.884971000000000174e+00 2.544909477233886719e+00
3.889953999999999912e+00 2.544909477233886719e+00
3.894897999999999971e+00 2.544909477233886719e+00
3.902505000000000113e+00 2.544909477233886719e+00
3.907487000000000155e+00 2.534560203552246094e+00
3.912504000000000204e+00 2.534560203552246094e+00
3.917498999999999842e+00 2.534560203552246094e+00
3.922482000000000024e+00 2.534560203552246094e+00
3.927478999999999942e+00 2.534560203552246094e+00
3.932497000000000131e+00 2.529385566711425781e+00
3.937482999999999844e+00 2.534560203552246094e+00
3.942477999999999927e+00 2.534560203552246094e+00
3.946076999999999835e+00 2.539734840393066406e+00
3.949530000000000207e+00 2.539734840393066406e+00
3.954461999999999922e+00 2.544909477233886719e+00
3.959487999999999897e+00 2.544909477233886719e+00
3.964557999999999804e+00 2.544909477233886719e+00
3.969583000000000084e+00 2.550084114074707031e+00
3.974660000000000082e+00 2.544909477233886719e+00
3.979639000000000149e+00 2.550084114074707031e+00
3.984696000000000016e+00 2.544909477233886719e+00
3.989682000000000173e+00 2.539734840393066406e+00
3.994730999999999810e+00 2.539734840393066406e+00
3.999731999999999843e+00 2.539734840393066406e+00
4.004800000000000360e+00 2.544909477233886719e+00
4.009789999999999743e+00 2.534560203552246094e+00
4.016987999999999559e+00 2.534560203552246094e+00
4.022230999999999668e+00 2.529385566711425781e+00
4.027197000000000138e+00 2.534560203552246094e+00
4.032238999999999685e+00 2.539734840393066406e+00
4.037270999999999610e+00 2.539734840393066406e+00
4.042328000000000365e+00 2.539734840393066406e+00
4.045929000000000109e+00 2.539734840393066406e+00
4.050798000000000343e+00 2.539734840393066406e+00
4.055818999999999619e+00 2.544909477233886719e+00
4.060839999999999783e+00 2.544909477233886719e+00
4.065838000000000285e+00 2.544909477233886719e+00
4.070859999999999701e+00 2.544909477233886719e+00
4.074467000000000283e+00 2.539734840393066406e+00
4.079392999999999603e+00 2.544909477233886719e+00
4.084455000000000169e+00 2.544909477233886719e+00
4.089525000000000077e+00 2.544909477233886719e+00
4.094617000000000395e+00 2.539734840393066406e+00
4.099638999999999811e+00 2.539734840393066406e+00
4.103282000000000096e+00 2.539734840393066406e+00
4.108202000000000353e+00 2.534560203552246094e+00
4.113247999999999571e+00 2.539734840393066406e+00
4.116840999999999973e+00 2.539734840393066406e+00
4.120289999999999786e+00 2.544909477233886719e+00
4.125238000000000405e+00 2.539734840393066406e+00
4.132678000000000296e+00 2.534560203552246094e+00
4.137857000000000340e+00 2.534560203552246094e+00
4.142923999999999829e+00 2.534560203552246094e+00
4.147998000000000296e+00 2.539734840393066406e+00
4.153105000000000047e+00 2.534560203552246094e+00
4.158177000000000234e+00 2.539734840393066406e+00
4.163256999999999763e+00 2.539734840393066406e+00
4.168357999999999564e+00 2.544909477233886719e+00
4.173434000000000310e+00 2.539734840393066406e+00
4.178500999999999799e+00 2.539734840393066406e+00
4.183645000000000280e+00 2.544909477233886719e+00
4.188742000000000409e+00 2.544909477233886719e+00
4.193894000000000233e+00 2.544909477233886719e+00
4.198990000000000222e+00 2.544909477233886719e+00
4.204157000000000366e+00 2.544909477233886719e+00
4.209245000000000125e+00 2.534560203552246094e+00
4.214414999999999800e+00 2.539734840393066406e+00
4.219547999999999632e+00 2.534560203552246094e+00
4.224689999999999834e+00 2.539734840393066406e+00
4.229791999999999774e+00 2.534560203552246094e+00
4.234958999999999918e+00 2.534560203552246094e+00
4.242151999999999923e+00 2.534560203552246094e+00
4.247412999999999883e+00 2.529385566711425781e+00
4.252500999999999642e+00 2.534560203552246094e+00
4.257569000000000159e+00 2.539734840393066406e+00
4.262679999999999580e+00 2.544909477233886719e+00
4.266281000000000212e+00 2.544909477233886719e+00
4.271329999999999849e+00 2.544909477233886719e+00
4.276406999999999847e+00 2.544909477233886719e+00
4.281589000000000311e+00 2.544909477233886719e+00
4.286678000000000210e+00 2.544909477233886719e+00
4.291832000000000313e+00 2.544909477233886719e+00
4.296967000000000425e+00 2.544909477233886719e+00
4.302133000000000429e+00 2.544909477233886719e+00
4.307241000000000319e+00 2.539734840393066406e+00
4.312407000000000323e+00 2.539734840393066406e+00
4.316101999999999883e+00 2.539734840393066406e+00
4.321172999999999931e+00 2.534560203552246094e+00
4.326266999999999641e+00 2.534560203552246094e+00
4.331446999999999825e+00 2.534560203552246094e+00
4.336538000000000004e+00 2.534560203552246094e+00
4.341720999999999719e+00 2.529385566711425781e+00
4.346837999999999980e+00 2.534560203552246094e+00
4.354049999999999976e+00 2.534560203552246094e+00
4.359365999999999630e+00 2.539734840393066406e+00
4.363109999999999822e+00 2.544909477233886719e+00
4.368141999999999747e+00 2.544909477233886719e+00
4.373298000000000130e+00 2.544909477233886719e+00
4.378472999999999615e+00 2.544909477233886719e+00
4.383704999999999963e+00 2.544909477233886719e+00
4.388879000000000197e+00 2.550084114074707031e+00
4.394108000000000125e+00 2.544909477233886719e+00
4.399272999999999989e+00 2.544909477233886719e+00
4.404541000000000039e+00 2.539734840393066406e+00
4.409709000000000323e+00 2.534560203552246094e+00
4.415015000000000356e+00 2.534560203552246094e+00
4.418670999999999793e+00 2.534560203552246094e+00
4.423843999999999888e+00 2.534560203552246094e+00
4.429008999999999752e+00 2.534560203552246094e+00
4.434315999999999924e+00 2.534560203552246094e+00
4.442395000000000316e+00 2.529385566711425781e+00
4.452917000000000236e+00 2.539734840393066406e+00
4.463255000000000194e+00 2.544909477233886719e+00
4.471314999999999706e+00 2.544909477233886719e+00
4.476590999999999987e+00 2.550084114074707031e+00
4.481850999999999807e+00 2.544909477233886719e+00
4.487034000000000411e+00 2.544909477233886719e+00
4.492301999999999573e+00 2.539734840393066406e+00
4.497506999999999699e+00 2.544909477233886719e+00
4.502717999999999776e+00 2.544909477233886719e+00
4.507933000000000412e+00 2.534560203552246094e+00
4.513150999999999691e+00 2.534560203552246094e+00
4.518390000000000128e+00 2.534560203552246094e+00
4.523722000000000243e+00 2.534560203552246094e+00
4.528921999999999670e+00 2.534560203552246094e+00
4.532707000000000264e+00 2.534560203552246094e+00
4.537790000000000212e+00 2.534560203552246094e+00
4.543042999999999942e+00 2.539734840393066406e+00
4.548270999999999731e+00 2.539734840393066406e+00
4.553498000000000268e+00 2.539734840393066406e+00
4.558734000000000286e+00 2.544909477233886719e+00
4.564038000000000039e+00 2.544909477233886719e+00
4.569257000000000346e+00 2.544909477233886719e+00
4.574610999999999983e+00 2.539734840393066406e+00
4.578293000000000390e+00 2.544909477233886719e+00
4.585607000000000433e+00 2.539734840393066406e+00
4.591047999999999796e+00 2.539734840393066406e+00
4.596288999999999625e+00 2.544909477233886719e+00
4.601613999999999649e+00 2.544909477233886719e+00
4.606875999999999749e+00 2.534560203552246094e+00
4.612222000000000044e+00 2.534560203552246094e+00
4.617483000000000004e+00 2.544909477233886719e+00
4.622798000000000407e+00 2.539734840393066406e+00
4.628092999999999790e+00 2.534560203552246094e+00
4.633384999999999643e+00 2.539734840393066406e+00
4.637070999999999721e+00 2.534560203552246094e+00
4.640674999999999883e+00 2.539734840393066406e+00
4.645906000000000091e+00 2.539734840393066406e+00
4.651241999999999877e+00 2.539734840393066406e+00
4.656521999999999828e+00 2.539734840393066406e+00
4.661870000000000402e+00 2.544909477233886719e+00
4.667175000000000296e+00 2.544909477233886719e+00
4.672549000000000063e+00 2.544909477233886719e+00
4.677844999999999587e+00 2.544909477233886719e+00
4.683150000000000368e+00 2.544909477233886719e+00
4.688431999999999711e+00 2.544909477233886719e+00
4.693779000000000146e+00 2.544909477233886719e+00
4.701458999999999833e+00 2.544909477233886719e+00
4.706837000000000160e+00 2.539734840393066406e+00
4.712164999999999715e+00 2.539734840393066406e+00
4.717446999999999946e+00 2.539734840393066406e+00
4.722766000000000020e+00 2.534560203552246094e+00
4.728087000000000373e+00 2.534560203552246094e+00
4.733386999999999567e+00 2.539734840393066406e+00
4.738698000000000299e+00 2.539734840393066406e+00
4.742459000000000202e+00 2.534560203552246094e+00
4.746056000000000274e+00 2.534560203552246094e+00
4.751259000000000121e+00 2.529385566711425781e+00
4.756594999999999906e+00 2.534560203552246094e+00
4.761960000000000193e+00 2.539734840393066406e+00
4.765684000000000253e+00 2.539734840393066406e+00
4.769279000000000046e+00 2.544909477233886719e+00
4.774525999999999826e+00 2.539734840393066406e+00
4.779846000000000039e+00 2.544909477233886719e+00
4.785180999999999685e+00 2.544909477233886719e+00
4.790506999999999849e+00 2.544909477233886719e+00
4.795819999999999972e+00 2.544909477233886719e+00
4.801155999999999757e+00 2.544909477233886719e+00
4.804930999999999841e+00 2.539734840393066406e+00
4.812432000000000265e+00 2.539734840393066406e+00
4.817915000000000170e+00 2.539734840393066406e+00
4.823298000000000307e+00 2.534560203552246094e+00
4.828693000000000346e+00 2.529385566711425781e+00
4.834138000000000268e+00 2.534560203552246094e+00
4.839519000000000126e+00 2.534560203552246094e+00
4.844991000000000270e+00 2.534560203552246094e+00
4.850367999999999569e+00 2.534560203552246094e+00
4.855741000000000085e+00 2.534560203552246094e+00
4.861199000000000048e+00 2.539734840393066406e+00
4.866621000000000308e+00 2.539734840393066406e+00
4.872069999999999901e+00 2.544909477233886719e+00
4.877493000000000301e+00 2.544909477233886719e+00
4.881281999999999677e+00 2.544909477233886719e+00
4.886524999999999785e+00 2.544909477233886719e+00
4.890325999999999951e+00 2.544909477233886719e+00
4.894078999999999624e+00 2.550084114074707031e+00
4.899321999999999733e+00 2.544909477233886719e+00
4.904781999999999975e+00 2.544909477233886719e+00
4.910159000000000162e+00 2.534560203552246094e+00
4.915556999999999732e+00 2.534560203552246094e+00
4.921085999999999849e+00 2.534560203552246094e+00
4.928874000000000422e+00 2.529385566711425781e+00
4.934516999999999598e+00 2.529385566711425781e+00
4.939909000000000106e+00 2.534560203552246094e+00
4.945369000000000348e+00 2.534560203552246094e+00
4.950738999999999557e+00 2.534560203552246094e+00
4.956110999999999933e+00 2.544909477233886719e+00
4.959884999999999877e+00 2.544909477233886719e+00
4.965239000000000402e+00 2.544909477233886719e+00
4.970623999999999931e+00 2.544909477233886719e+00
4.976033000000000150e+00 2.544909477233886719e+00
4.981517000000000195e+00 2.544909477233886719e+00
4.986915999999999904e+00 2.544909477233886719e+00
4.990698000000000079e+00 2.539734840393066406e+00
4.996038000000000423e+00 2.544909477233886719e+00
5.001522999999999719e+00 2.539734840393066406e+00
5.006909000000000276e+00 2.534560203552246094e+00
5.010665999999999620e+00 2.534560203552246094e+00
5.015988000000000113e+00 2.534560203552246094e+00
5.021429999999999616e+00 2.534560203552246094e+00
5.026823000000000263e+00 2.529385566711425781e+00
5.032356000000000051e+00 2.534560203552246094e+00
5.037880999999999609e+00 2.534560203552246094e+00
5.045643000000000100e+00 2.539734840393066406e+00
5.051275000000000404e+00 2.539734840393066406e+00
5.056677999999999784e+00 2.544909477233886719e+00
5.062185999999999630e+00 2.544909477233886719e+00
5.067695999999999756e+00 2.544909477233886719e+00
5.073144000000000098e+00 2.544909477233886719e+00
5.078585999999999601e+00 2.544909477233886719e+00
5.082459000000000060e+00 2.539734840393066406e+00
5.087761000000000422e+00 2.539734840393066406e+00
5.093215999999999966e+00 2.539734840393066406e+00
5.098664000000000307e+00 2.544909477233886719e+00
5.104224000000000316e+00 2.539734840393066406e+00
5.109706000000000081e+00 2.534560203552246094e+00
5.115207999999999977e+00 2.529385566711425781e+00
5.120655000000000179e+00 2.539734840393066406e+00
5.124497999999999998e+00 2.539734840393066406e+00
5.129832999999999643e+00 2.534560203552246094e+00
5.133836999999999762e+00 2.539734840393066406e+00
5.139323000000000086e+00 2.534560203552246094e+00
5.144866999999999635e+00 2.539734840393066406e+00
5.148634000000000377e+00 2.539734840393066406e+00
5.154084000000000110e+00 2.539734840393066406e+00
5.161742000000000274e+00 2.539734840393066406e+00
5.167307000000000095e+00 2.539734840393066406e+00
5.172799000000000369e+00 2.539734840393066406e+00
5.178339000000000247e+00 2.539734840393066406e+00
5.183902999999999928e+00 2.539734840393066406e+00
5.189408000000000243e+00 2.539734840393066406e+00
5.194970999999999783e+00 2.539734840393066406e+00
5.200477000000000238e+00 2.544909477233886719e+00
5.206000999999999657e+00 2.539734840393066406e+00
5.211573999999999707e+00 2.534560203552246094e+00
5.217076999999999742e+00 2.539734840393066406e+00
5.222678000000000154e+00 2.534560203552246094e+00
5.228193000000000090e+00 2.539734840393066406e+00
5.232117999999999824e+00 2.539734840393066406e+00
5.237515000000000143e+00 2.539734840393066406e+00
5.243027999999999800e+00 2.534560203552246094e+00
5.246901000000000259e+00 2.534560203552246094e+00
5.252335999999999672e+00 2.534560203552246094e+00
5.257837999999999568e+00 2.539734840393066406e+00
5.263373999999999775e+00 2.544909477233886719e+00
5.270934999999999704e+00 2.539734840393066406e+00
5.276697000000000415e+00 2.539734840393066406e+00
5.282240999999999964e+00 2.539734840393066406e+00
5.286076999999999693e+00 2.544909477233886719e+00
5.291470999999999592e+00 2.544909477233886719e+00
5.296988999999999947e+00 2.544909477233886719e+00
5.302529999999999966e+00 2.544909477233886719e+00
5.308065000000000033e+00 2.539734840393066406e+00
5.311932999999999794e+00 2.539734840393066406e+00
5.317315999999999931e+00 2.539734840393066406e+00
5.322824999999999918e+00 2.534560203552246094e+00
5.328320999999999863e+00 2.534560203552246094e+00
5.333919999999999995e+00 2.534560203552246094e+00
5.339438999999999602e+00 2.534560203552246094e+00
5.344999999999999751e+00 2.529385566711425781e+00
5.350554999999999950e+00 2.534560203552246094e+00
5.356144999999999712e+00 2.539734840393066406e+00
5.361712999999999951e+00 2.539734840393066406e+00
5.367220999999999798e+00 2.539734840393066406e+00
5.372768999999999906e+00 2.544909477233886719e+00
5.378279000000000032e+00 2.544909477233886719e+00
5.385857999999999812e+00 2.544909477233886719e+00
5.389795999999999587e+00 2.544909477233886719e+00
5.395270000000000010e+00 2.550084114074707031e+00
5.400774000000000186e+00 2.544909477233886719e+00
5.406314000000000064e+00 2.539734840393066406e+00
5.411929999999999907e+00 2.534560203552246094e+00
5.417512999999999579e+00 2.534560203552246094e+00
5.423085000000000377e+00 2.529385566711425781e+00
5.428617000000000026e+00 2.529385566711425781e+00
5.434201999999999977e+00 2.529385566711425781e+00
5.439786999999999928e+00 2.534560203552246094e+00
5.447709999999999830e+00 2.529385566711425781e+00
5.461566999999999616e+00 2.539734840393066406e+00
5.469643999999999728e+00 2.544909477233886719e+00
5.475225000000000009e+00 2.544909477233886719e+00
5.480837000000000181e+00 2.544909477233886719e+00
5.486473000000000155e+00 2.544909477233886719e+00
5.492239999999999789e+00 2.544909477233886719e+00
5.499840999999999980e+00 2.539734840393066406e+00
5.505771000000000193e+00 2.534560203552246094e+00
5.511535000000000295e+00 2.534560203552246094e+00
5.517185999999999702e+00 2.529385566711425781e+00
5.522889000000000159e+00 2.534560203552246094e+00
5.528545000000000265e+00 2.534560203552246094e+00
5.534296000000000326e+00 2.529385566711425781e+00
5.540235000000000021e+00 2.534560203552246094e+00
5.546031000000000155e+00 2.539734840393066406e+00
5.551802000000000348e+00 2.539734840393066406e+00
5.557500000000000107e+00 2.539734840393066406e+00
5.563481999999999594e+00 2.544909477233886719e+00
5.569180000000000241e+00 2.544909477233886719e+00
5.574969000000000285e+00 2.544909477233886719e+00
5.580707999999999558e+00 2.544909477233886719e+00
5.584677000000000113e+00 2.539734840393066406e+00
5.590296999999999628e+00 2.539734840393066406e+00
5.596020000000000216e+00 2.539734840393066406e+00
5.601773999999999809e+00 2.539734840393066406e+00
5.607498999999999789e+00 2.534560203552246094e+00
5.615302999999999933e+00 2.534560203552246094e+00
5.621260999999999619e+00 2.539734840393066406e+00
5.627507999999999733e+00 2.539734840393066406e+00
5.633397999999999683e+00 2.539734840393066406e+00
5.639073999999999920e+00 2.534560203552246094e+00
5.644887999999999906e+00 2.534560203552246094e+00
5.650538000000000061e+00 2.534560203552246094e+00
5.656202999999999648e+00 2.539734840393066406e+00
5.661908999999999637e+00 2.544909477233886719e+00
5.667599000000000053e+00 2.544909477233886719e+00
5.673264999999999780e+00 2.544909477233886719e+00
5.678936000000000206e+00 2.539734840393066406e+00
5.684674000000000227e+00 2.544909477233886719e+00
5.690349999999999575e+00 2.539734840393066406e+00
5.696094999999999686e+00 2.544909477233886719e+00
5.701850999999999559e+00 2.539734840393066406e+00
5.707506000000000412e+00 2.534560203552246094e+00
5.713208999999999982e+00 2.539734840393066406e+00
5.718881999999999799e+00 2.534560203552246094e+00
5.724668000000000312e+00 2.534560203552246094e+00
5.732649999999999579e+00 2.534560203552246094e+00
5.738489999999999647e+00 2.534560203552246094e+00
5.742506999999999806e+00 2.539734840393066406e+00
5.748251999999999917e+00 2.534560203552246094e+00
5.752298999999999829e+00 2.534560203552246094e+00
5.757912000000000141e+00 2.534560203552246094e+00
5.763640999999999792e+00 2.539734840393066406e+00
5.769318000000000168e+00 2.539734840393066406e+00
5.775100000000000122e+00 2.539734840393066406e+00
5.779078000000000159e+00 2.539734840393066406e+00
5.784760000000000346e+00 2.539734840393066406e+00
5.790462999999999916e+00 2.539734840393066406e+00
5.796161999999999814e+00 2.544909477233886719e+00
5.800065000000000026e+00 2.544909477233886719e+00
5.805729000000000362e+00 2.544909477233886719e+00
5.811498000000000275e+00 2.534560203552246094e+00
5.815468000000000082e+00 2.534560203552246094e+00
5.821163000000000309e+00 2.539734840393066406e+00
5.825131999999999977e+00 2.539734840393066406e+00
5.830751000000000239e+00 2.534560203552246094e+00
5.836496999999999602e+00 2.534560203552246094e+00
5.842564999999999564e+00 2.529385566711425781e+00
5.853045999999999971e+00 2.529385566711425781e+00
5.858772000000000091e+00 2.539734840393066406e+00
5.864600000000000257e+00 2.539734840393066406e+00
5.870320000000000427e+00 2.539734840393066406e+00
5.876077999999999690e+00 2.539734840393066406e+00
5.881857000000000113e+00 2.550084114074707031e+00
5.887609999999999566e+00 2.544909477233886719e+00
5.893405999999999700e+00 2.539734840393066406e+00
5.899170999999999943e+00 2.544909477233886719e+00
5.904968000000000217e+00 2.539734840393066406e+00
5.910731000000000179e+00 2.534560203552246094e+00
5.916462000000000110e+00 2.539734840393066406e+00
5.922374999999999723e+00 2.534560203552246094e+00
5.928391000000000410e+00 2.534560203552246094e+00
5.934198999999999558e+00 2.534560203552246094e+00
5.939957999999999849e+00 2.534560203552246094e+00
5.945807000000000286e+00 2.534560203552246094e+00
5.951646000000000214e+00 2.529385566711425781e+00
5.957517000000000174e+00 2.539734840393066406e+00
5.965592000000000006e+00 2.544909477233886719e+00
5.971544999999999881e+00 2.544909477233886719e+00
5.977335000000000065e+00 2.544909477233886719e+00
5.983131000000000199e+00 2.544909477233886719e+00
5.987134000000000178e+00 2.544909477233886719e+00
5.992903000000000091e+00 2.544909477233886719e+00
5.998719000000000356e+00 2.544909477233886719e+00
6.004588000000000036e+00 2.539734840393066406e+00
6.010379000000000360e+00 2.529385566711425781e+00
6.016187000000000396e+00 2.534560203552246094e+00
6.022034999999999805e+00 2.534560203552246094e+00
6.027866999999999642e+00 2.529385566711425781e+00
6.033688999999999858e+00 2.529385566711425781e+00
6.039520000000000444e+00 2.534560203552246094e+00
6.045371000000000272e+00 2.539734840393066406e+00
6.051255000000000273e+00 2.534560203552246094e+00
6.057132000000000183e+00 2.544909477233886719e+00
6.062990000000000101e+00 2.544909477233886719e+00
6.068769999999999776e+00 2.544909477233886719e+00
6.076662999999999926e+00 2.539734840393066406e+00
6.082720000000000127e+00 2.544909477233886719e+00
6.088519999999999932e+00 2.544909477233886719e+00
6.094407999999999603e+00 2.539734840393066406e+00
6.100189000000000306e+00 2.539734840393066406e+00
6.105948999999999849e+00 2.534560203552246094e+00
6.111817000000000277e+00 2.534560203552246094e+00
6.117624000000000173e+00 2.534560203552246094e+00
6.123419000000000167e+00 2.534560203552246094e+00
6.129201000000000121e+00 2.534560203552246094e+00
6.135086000000000261e+00 2.539734840393066406e+00
6.139066999999999830e+00 2.534560203552246094e+00
6.144858000000000153e+00 2.534560203552246094e+00
6.150648000000000337e+00 2.534560203552246094e+00
6.156615000000000393e+00 2.539734840393066406e+00
6.162481999999999793e+00 2.550084114074707031e+00
6.166463000000000250e+00 2.544909477233886719e+00
6.170208999999999833e+00 2.544909477233886719e+00
6.176010999999999918e+00 2.539734840393066406e+00
6.181867999999999697e+00 2.539734840393066406e+00
6.190301999999999971e+00 2.544909477233886719e+00
6.196291999999999689e+00 2.539734840393066406e+00
6.202236000000000082e+00 2.539734840393066406e+00
6.208101000000000091e+00 2.529385566711425781e+00
6.214051999999999687e+00 2.539734840393066406e+00
6.219939000000000107e+00 2.534560203552246094e+00
6.225895999999999653e+00 2.534560203552246094e+00
6.231815000000000104e+00 2.534560203552246094e+00
6.235872999999999777e+00 2.539734840393066406e+00
6.241736000000000395e+00 2.539734840393066406e+00
6.247619000000000256e+00 2.534560203552246094e+00
6.253523000000000387e+00 2.529385566711425781e+00
6.259449000000000041e+00 2.539734840393066406e+00
6.265419999999999767e+00 2.539734840393066406e+00
6.269466000000000427e+00 2.539734840393066406e+00
6.275350000000000428e+00 2.539734840393066406e+00
6.281287999999999982e+00 2.539734840393066406e+00
6.287185000000000024e+00 2.539734840393066406e+00
6.293108000000000146e+00 2.539734840393066406e+00
6.298999000000000237e+00 2.544909477233886719e+00
6.307106000000000101e+00 2.539734840393066406e+00
6.313105000000000189e+00 2.534560203552246094e+00
6.319022000000000361e+00 2.534560203552246094e+00
6.324958999999999776e+00 2.534560203552246094e+00
6.330836999999999826e+00 2.539734840393066406e+00
6.336700000000000443e+00 2.534560203552246094e+00
6.342659000000000269e+00 2.529385566711425781e+00
6.348588000000000342e+00 2.529385566711425781e+00
6.354517000000000415e+00 2.534560203552246094e+00
6.360458999999999641e+00 2.539734840393066406e+00
6.366366000000000192e+00 2.539734840393066406e+00
6.372306000000000026e+00 2.539734840393066406e+00
6.378180999999999656e+00 2.544909477233886719e+00
6.384154999999999802e+00 2.544909477233886719e+00
6.390075999999999645e+00 2.544909477233886719e+00
6.395996000000000237e+00 2.544909477233886719e+00
6.400069000000000230e+00 2.544909477233886719e+00
6.405916000000000388e+00 2.539734840393066406e+00
6.411893000000000065e+00 2.539734840393066406e+00
6.419865999999999850e+00 2.539734840393066406e+00
6.426016999999999868e+00 2.529385566711425781e+00
6.432010000000000005e+00 2.534560203552246094e+00
6.437928999999999569e+00 2.529385566711425781e+00
6.444003000000000370e+00 2.529385566711425781e+00
6.452865000000000073e+00 2.529385566711425781e+00
6.462581000000000131e+00 2.539734840393066406e+00
6.470711999999999797e+00 2.544909477233886719e+00
6.476763000000000048e+00 2.544909477233886719e+00
6.480876000000000303e+00 2.544909477233886719e+00
6.486855000000000260e+00 2.544909477233886719e+00
6.490828999999999738e+00 2.539734840393066406e+00
6.494894000000000389e+00 2.544909477233886719e+00
6.500720000000000276e+00 2.539734840393066406e+00
6.506726999999999705e+00 2.534560203552246094e+00
6.512815999999999939e+00 2.534560203552246094e+00
6.518830000000000346e+00 2.529385566711425781e+00
6.524878000000000178e+00 2.529385566711425781e+00
6.533006999999999564e+00 2.529385566711425781e+00
6.539188000000000223e+00 2.534560203552246094e+00
6.545208999999999833e+00 2.529385566711425781e+00
6.549267999999999645e+00 2.534560203552246094e+00
6.555169000000000246e+00 2.539734840393066406e+00
6.561168999999999585e+00 2.544909477233886719e+00
6.567198999999999565e+00 2.544909477233886719e+00
6.573222999999999594e+00 2.539734840393066406e+00
6.579215999999999731e+00 2.544909477233886719e+00
6.585245999999999711e+00 2.539734840393066406e+00
6.591317000000000093e+00 2.539734840393066406e+00
6.597283000000000008e+00 2.539734840393066406e+00
6.603299999999999947e+00 2.539734840393066406e+00
6.609262000000000192e+00 2.529385566711425781e+00
6.615333999999999826e+00 2.529385566711425781e+00
6.621362999999999666e+00 2.534560203552246094e+00
6.627417999999999587e+00 2.534560203552246094e+00
6.633437999999999946e+00 2.534560203552246094e+00
6.639397999999999911e+00 2.539734840393066406e+00
6.647509000000000334e+00 2.534560203552246094e+00
6.653717000000000326e+00 2.539734840393066406e+00
6.659716999999999665e+00 2.544909477233886719e+00
6.665835999999999650e+00 2.539734840393066406e+00
6.671997000000000178e+00 2.539734840393066406e+00
6.676083000000000212e+00 2.539734840393066406e+00
6.682103999999999822e+00 2.539734840393066406e+00
6.688094999999999679e+00 2.539734840393066406e+00
6.694154000000000160e+00 2.539734840393066406e+00
6.700188999999999950e+00 2.539734840393066406e+00
6.706195000000000128e+00 2.534560203552246094e+00
6.710299000000000014e+00 2.534560203552246094e+00
6.716365999999999836e+00 2.534560203552246094e+00
6.722425000000000317e+00 2.539734840393066406e+00
6.728461000000000247e+00 2.534560203552246094e+00
6.734544999999999781e+00 2.534560203552246094e+00
6.740585000000000271e+00 2.534560203552246094e+00
6.746641000000000332e+00 2.539734840393066406e+00
6.752746000000000137e+00 2.539734840393066406e+00
6.760945999999999678e+00 2.539734840393066406e+00
6.767224999999999824e+00 2.539734840393066406e+00
6.773349999999999760e+00 2.539734840393066406e+00
6.779404999999999681e+00 2.539734840393066406e+00
6.785519999999999996e+00 2.539734840393066406e+00
6.791622000000000270e+00 2.539734840393066406e+00
6.797698999999999714e+00 2.539734840393066406e+00
6.803773999999999766e+00 2.544909477233886719e+00
6.809809999999999697e+00 2.534560203552246094e+00
6.815928999999999682e+00 2.539734840393066406e+00
6.822042999999999857e+00 2.539734840393066406e+00
6.828172000000000352e+00 2.534560203552246094e+00
6.834291000000000338e+00 2.539734840393066406e+00
6.840416000000000274e+00 2.534560203552246094e+00
6.846510999999999569e+00 2.534560203552246094e+00
6.852610000000000312e+00 2.529385566711425781e+00
6.858636999999999873e+00 2.534560203552246094e+00
6.864784000000000219e+00 2.539734840393066406e+00
6.870904999999999596e+00 2.534560203552246094e+00
6.879191999999999751e+00 2.539734840393066406e+00
6.885461000000000276e+00 2.544909477233886719e+00
6.891682999999999559e+00 2.544909477233886719e+00
6.897775000000000212e+00 2.544909477233886719e+00
6.901868999999999588e+00 2.539734840393066406e+00
6.907905000000000406e+00 2.534560203552246094e+00
6.914069999999999716e+00 2.534560203552246094e+00
6.920196999999999932e+00 2.539734840393066406e+00
6.926270999999999844e+00 2.534560203552246094e+00
6.932470000000000354e+00 2.534560203552246094e+00
6.938564000000000398e+00 2.529385566711425781e+00
6.944773999999999781e+00 2.529385566711425781e+00
6.950889000000000095e+00 2.529385566711425781e+00
6.956995000000000040e+00 2.534560203552246094e+00
6.963097999999999566e+00 2.539734840393066406e+00
6.967272999999999605e+00 2.539734840393066406e+00
6.973609999999999864e+00 2.544909477233886719e+00
6.979765999999999693e+00 2.544909477233886719e+00
6.985966000000000342e+00 2.544909477233886719e+00
6.994400999999999868e+00 2.544909477233886719e+00
7.000693000000000055e+00 2.539734840393066406e+00
7.006860999999999784e+00 2.539734840393066406e+00
7.012978999999999630e+00 2.529385566711425781e+00
7.017273999999999567e+00 2.529385566711425781e+00
7.023390000000000022e+00 2.529385566711425781e+00
7.029579000000000022e+00 2.534560203552246094e+00
7.035798999999999914e+00 2.534560203552246094e+00
7.042006999999999906e+00 2.529385566711425781e+00
7.048169999999999824e+00 2.529385566711425781e+00
7.054407000000000316e+00 2.534560203552246094e+00
7.060576000000000185e+00 2.544909477233886719e+00
7.066739000000000104e+00 2.544909477233886719e+00
7.073057000000000372e+00 2.539734840393066406e+00
7.079202999999999690e+00 2.544909477233886719e+00
7.085416999999999632e+00 2.550084114074707031e+00
7.091649999999999565e+00 2.544909477233886719e+00
7.097793000000000241e+00 2.539734840393066406e+00
7.103996999999999673e+00 2.539734840393066406e+00
7.112333999999999712e+00 2.534560203552246094e+00
7.118606999999999907e+00 2.529385566711425781e+00
7.124846999999999930e+00 2.529385566711425781e+00
7.131003999999999898e+00 2.534560203552246094e+00
7.137099000000000082e+00 2.534560203552246094e+00
7.141294000000000253e+00 2.534560203552246094e+00
7.147331999999999574e+00 2.534560203552246094e+00
7.153505000000000003e+00 2.534560203552246094e+00
7.159692999999999863e+00 2.544909477233886719e+00
7.165901999999999994e+00 2.539734840393066406e+00
7.172208999999999612e+00 2.544909477233886719e+00
7.178456999999999866e+00 2.539734840393066406e+00
7.184669000000000416e+00 2.539734840393066406e+00
7.190859999999999808e+00 2.539734840393066406e+00
7.197053000000000367e+00 2.539734840393066406e+00
7.203260000000000218e+00 2.539734840393066406e+00
7.209418000000000326e+00 2.529385566711425781e+00
7.213676999999999673e+00 2.534560203552246094e+00
7.221872000000000291e+00 2.534560203552246094e+00
7.228252000000000344e+00 2.534560203552246094e+00
7.234582999999999764e+00 2.534560203552246094e+00
7.240814999999999557e+00 2.534560203552246094e+00
7.247048000000000378e+00 2.534560203552246094e+00
7.253325000000000244e+00 2.539734840393066406e+00
7.259590000000000209e+00 2.539734840393066406e+00
7.265913000000000288e+00 2.544909477233886719e+00
7.272209000000000145e+00 2.544909477233886719e+00
7.278705999999999676e+00 2.539734840393066406e+00
7.285038000000000125e+00 2.539734840393066406e+00
7.291394999999999627e+00 2.539734840393066406e+00
7.297644000000000020e+00 2.539734840393066406e+00
7.303893999999999664e+00 2.544909477233886719e+00
7.310179999999999900e+00 2.534560203552246094e+00
7.316415000000000113e+00 2.534560203552246094e+00
7.322760999999999854e+00 2.534560203552246094e+00
7.329021000000000008e+00 2.534560203552246094e+00
7.337323999999999735e+00 2.534560203552246094e+00
7.343731000000000009e+00 2.529385566711425781e+00
7.350025999999999726e+00 2.529385566711425781e+00
7.356279999999999930e+00 2.534560203552246094e+00
7.360485999999999862e+00 2.539734840393066406e+00
7.366679999999999673e+00 2.539734840393066406e+00
7.372957000000000427e+00 2.534560203552246094e+00
7.379281999999999897e+00 2.539734840393066406e+00
7.385571999999999804e+00 2.539734840393066406e+00
7.391904000000000252e+00 2.544909477233886719e+00
7.396060000000000301e+00 2.544909477233886719e+00
7.402294999999999625e+00 2.544909477233886719e+00
7.406477999999999895e+00 2.534560203552246094e+00
7.412658000000000413e+00 2.534560203552246094e+00
7.418895000000000017e+00 2.534560203552246094e+00
7.425218000000000096e+00 2.539734840393066406e+00
7.431498999999999633e+00 2.534560203552246094e+00
7.437784999999999869e+00 2.529385566711425781e+00
7.444035999999999653e+00 2.529385566711425781e+00
7.452455999999999747e+00 2.529385566711425781e+00
7.462277000000000271e+00 2.539734840393066406e+00
7.472510999999999903e+00 2.539734840393066406e+00
7.478108999999999895e+00 2.544909477233886719e+00
7.484850999999999921e+00 2.544909477233886719e+00
7.491225000000000023e+00 2.544909477233886719e+00
7.495462999999999987e+00 2.544909477233886719e+00
7.501762000000000263e+00 2.544909477233886719e+00
7.508106999999999864e+00 2.539734840393066406e+00
7.514531999999999989e+00 2.534560203552246094e+00
7.520840999999999887e+00 2.529385566711425781e+00
7.527159000000000155e+00 2.529385566711425781e+00
7.533538000000000068e+00 2.529385566711425781e+00
7.539878999999999998e+00 2.529385566711425781e+00
7.546280000000000321e+00 2.534560203552246094e+00
7.552677000000000085e+00 2.529385566711425781e+00
7.559041999999999817e+00 2.539734840393066406e+00
7.567580999999999669e+00 2.544909477233886719e+00
7.574148000000000103e+00 2.539734840393066406e+00
7.580535000000000245e+00 2.544909477233886719e+00
7.586908000000000207e+00 2.544909477233886719e+00
7.593274000000000079e+00 2.544909477233886719e+00
7.599709999999999965e+00 2.539734840393066406e+00
7.606132999999999811e+00 2.534560203552246094e+00
7.612553000000000125e+00 2.529385566711425781e+00
7.618935999999999709e+00 2.534560203552246094e+00
7.625321999999999711e+00 2.529385566711425781e+00
7.631790999999999769e+00 2.550084114074707031e+00
7.638154000000000110e+00 2.643226623535156250e+00
7.644560000000000244e+00 4.759634971618652344e+00
7.650941000000000436e+00 4.790682792663574219e+00
7.657338000000000200e+00 4.801032066345214844e+00
7.663770000000000415e+00 4.795857429504394531e+00
7.668057000000000123e+00 4.801032066345214844e+00
7.672272999999999676e+00 4.801032066345214844e+00
7.683137999999999579e+00 4.801032066345214844e+00
7.689715999999999774e+00 4.795857429504394531e+00
7.696168000000000120e+00 4.795857429504394531e+00
7.702593000000000245e+00 4.795857429504394531e+00
7.708952000000000027e+00 4.790682792663574219e+00
7.713265999999999956e+00 4.790682792663574219e+00
7.717480000000000118e+00 4.790682792663574219e+00
7.723785999999999596e+00 4.790682792663574219e+00
7.730216999999999672e+00 4.790682792663574219e+00
7.736588000000000243e+00 4.790682792663574219e+00
7.742999000000000187e+00 4.795857429504394531e+00
7.747289000000000314e+00 4.795857429504394531e+00
7.753565000000000040e+00 4.790682792663574219e+00
7.759993999999999836e+00 4.801032066345214844e+00
7.766422000000000381e+00 4.795857429504394531e+00
7.772816999999999865e+00 4.795857429504394531e+00
7.779182999999999737e+00 4.795857429504394531e+00
7.785642000000000174e+00 4.795857429504394531e+00
7.794394999999999740e+00 4.795857429504394531e+00
7.801116000000000383e+00 4.795857429504394531e+00
7.807536999999999949e+00 4.790682792663574219e+00
7.814043999999999990e+00 4.795857429504394531e+00
7.820806000000000147e+00 4.795857429504394531e+00
7.827230000000000132e+00 4.790682792663574219e+00
7.833721999999999852e+00 4.790682792663574219e+00
7.840162000000000297e+00 4.790682792663574219e+00
7.846574999999999633e+00 4.795857429504394531e+00
7.853086000000000233e+00 4.790682792663574219e+00
7.859491000000000227e+00 4.795857429504394531e+00
7.866106000000000265e+00 4.801032066345214844e+00
7.872620000000000395e+00 4.795857429504394531e+00
7.879065999999999903e+00 4.795857429504394531e+00
7.885581000000000174e+00 4.795857429504394531e+00
7.892129999999999868e+00 4.795857429504394531e+00
7.898609999999999687e+00 4.801032066345214844e+00
7.905216000000000243e+00 4.790682792663574219e+00
7.914126999999999690e+00 4.795857429504394531e+00
7.921069000000000138e+00 4.795857429504394531e+00
7.926311000000000107e+00 4.795857429504394531e+00
7.930660999999999738e+00 4.790682792663574219e+00
7.939338000000000228e+00 4.790682792663574219e+00
7.947839000000000098e+00 4.790682792663574219e+00
7.956296000000000035e+00 4.795857429504394531e+00
7.964680999999999678e+00 4.795857429504394531e+00
7.973154000000000075e+00 4.795857429504394531e+00
7.981626000000000332e+00 4.801032066345214844e+00
7.990000000000000213e+00 4.795857429504394531e+00
7.998432000000000208e+00 4.801032066345214844e+00
8.006883999999999446e+00 4.795857429504394531e+00
8.015397000000000105e+00 4.795857429504394531e+00
8.024212000000000344e+00 4.790682792663574219e+00
