1.564999999999999985e-03 2.622528076171875000e+00
5.127999999999999746e-03 2.627702713012695312e+00
8.600999999999999271e-03 2.627702713012695312e+00
1.218799999999999918e-02 2.627702713012695312e+00
1.548300000000000023e-02 2.627702713012695312e+00
1.892800000000000038e-02 2.622528076171875000e+00
2.238400000000000112e-02 2.627702713012695312e+00
2.567900000000000044e-02 2.622528076171875000e+00
2.912700000000000011e-02 2.627702713012695312e+00
3.258099999999999885e-02 2.627702713012695312e+00
3.587499999999999717e-02 2.622528076171875000e+00
3.932399999999999785e-02 2.627702713012695312e+00
4.277500000000000052e-02 2.622528076171875000e+00
4.715300000000000047e-02 2.622528076171875000e+00
5.077000000000000263e-02 2.622528076171875000e+00
5.422400000000000136e-02 2.622528076171875000e+00
5.782700000000000340e-02 2.622528076171875000e+00
6.133199999999999763e-02 2.622528076171875000e+00
6.478299999999999337e-02 2.622528076171875000e+00
6.822200000000000486e-02 2.622528076171875000e+00
7.184799999999999520e-02 2.622528076171875000e+00
7.526900000000000257e-02 2.617353439331054688e+00
7.889799999999999591e-02 2.617353439331054688e+00
8.273700000000000498e-02 2.622528076171875000e+00
9.035799999999999388e-02 2.622528076171875000e+00
9.367399999999999338e-02 2.622528076171875000e+00
9.712500000000000300e-02 2.627702713012695312e+00
1.007440000000000002e-01 2.627702713012695312e+00
1.041780000000000067e-01 2.627702713012695312e+00
1.074709999999999971e-01 2.627702713012695312e+00
1.109220000000000067e-01 2.622528076171875000e+00
1.143720000000000014e-01 2.627702713012695312e+00
1.178280000000000022e-01 2.627702713012695312e+00
1.213150000000000062e-01 2.627702713012695312e+00
1.247179999999999955e-01 2.627702713012695312e+00
1.281740000000000101e-01 2.627702713012695312e+00
1.314670000000000005e-01 2.627702713012695312e+00
1.349349999999999994e-01 2.622528076171875000e+00
1.383689999999999920e-01 2.622528076171875000e+00
1.418190000000000006e-01 2.617353439331054688e+00
1.454270000000000007e-01 2.617353439331054688e+00
1.490350000000000008e-01 2.622528076171875000e+00
1.524800000000000044e-01 2.617353439331054688e+00
1.559669999999999945e-01 2.617353439331054688e+00
1.594440000000000024e-01 2.617353439331054688e+00
1.628690000000000138e-01 2.617353439331054688e+00
1.663149999999999906e-01 2.617353439331054688e+00
1.697780000000000122e-01 2.617353439331054688e+00
1.732210000000000139e-01 2.617353439331054688e+00
1.766649999999999887e-01 2.612179756164550781e+00
1.801379999999999926e-01 2.617353439331054688e+00
1.835670000000000079e-01 2.622528076171875000e+00
1.870209999999999928e-01 2.627702713012695312e+00
1.906289999999999929e-01 2.627702713012695312e+00
1.940749999999999975e-01 2.622528076171875000e+00
2.011550000000000005e-01 2.627702713012695312e+00
2.113939999999999986e-01 2.627702713012695312e+00
2.194230000000000069e-01 2.627702713012695312e+00
2.257069999999999910e-01 2.627702713012695312e+00
2.292309999999999903e-01 2.627702713012695312e+00
2.326959999999999862e-01 2.627702713012695312e+00
2.361489999999999978e-01 2.622528076171875000e+00
2.396149999999999947e-01 2.622528076171875000e+00
2.432110000000000105e-01 2.617353439331054688e+00
2.468140000000000056e-01 2.612179756164550781e+00
2.502849999999999797e-01 2.617353439331054688e+00
2.537470000000000003e-01 2.617353439331054688e+00
2.572019999999999862e-01 2.617353439331054688e+00
2.608130000000000170e-01 2.617353439331054688e+00
2.641060000000000074e-01 2.617353439331054688e+00
2.675719999999999765e-01 2.617353439331054688e+00
2.711770000000000014e-01 2.617353439331054688e+00
2.746100000000000207e-01 2.617353439331054688e+00
2.779679999999999929e-01 2.617353439331054688e+00
2.813829999999999942e-01 2.622528076171875000e+00
2.848310000000000008e-01 2.627702713012695312e+00
2.884470000000000089e-01 2.627702713012695312e+00
2.918689999999999896e-01 2.627702713012695312e+00
2.953149999999999942e-01 2.627702713012695312e+00
2.987659999999999760e-01 2.627702713012695312e+00
3.022170000000000134e-01 2.627702713012695312e+00
3.056780000000000053e-01 2.627702713012695312e+00
3.135519999999999974e-01 2.632877349853515625e+00
3.171619999999999995e-01 2.632877349853515625e+00
3.207650000000000223e-01 2.632877349853515625e+00
3.242180000000000062e-01 2.627702713012695312e+00
3.278389999999999915e-01 2.627702713012695312e+00
3.312880000000000269e-01 2.627702713012695312e+00
3.347390000000000088e-01 2.617353439331054688e+00
3.381770000000000054e-01 2.617353439331054688e+00
3.416230000000000100e-01 2.617353439331054688e+00
3.449559999999999849e-01 2.617353439331054688e+00
3.484180000000000055e-01 2.617353439331054688e+00
3.520389999999999908e-01 2.612179756164550781e+00
3.556230000000000224e-01 2.617353439331054688e+00
3.590720000000000023e-01 2.617353439331054688e+00
3.625209999999999821e-01 2.617353439331054688e+00
3.659709999999999908e-01 2.622528076171875000e+00
3.692630000000000079e-01 2.617353439331054688e+00
3.727099999999999858e-01 2.622528076171875000e+00
3.761760000000000104e-01 2.617353439331054688e+00
3.797849999999999837e-01 2.622528076171875000e+00
3.832200000000000051e-01 2.627702713012695312e+00
3.866700000000000137e-01 2.627702713012695312e+00
3.901169999999999916e-01 2.632877349853515625e+00
3.935690000000000022e-01 2.627702713012695312e+00
3.970270000000000188e-01 2.627702713012695312e+00
4.006319999999999881e-01 2.627702713012695312e+00
4.040569999999999995e-01 2.632877349853515625e+00
4.075259999999999994e-01 2.627702713012695312e+00
4.111319999999999975e-01 2.622528076171875000e+00
4.145789999999999753e-01 2.627702713012695312e+00
4.179129999999999789e-01 2.622528076171875000e+00
4.254499999999999948e-01 2.622528076171875000e+00
4.292170000000000152e-01 2.627702713012695312e+00
4.339859999999999829e-01 2.622528076171875000e+00
4.372690000000000188e-01 2.622528076171875000e+00
4.407719999999999971e-01 2.617353439331054688e+00
4.442099999999999937e-01 2.617353439331054688e+00
4.478230000000000266e-01 2.622528076171875000e+00
4.512720000000000065e-01 2.622528076171875000e+00
4.547390000000000043e-01 2.622528076171875000e+00
4.581819999999999782e-01 2.622528076171875000e+00
4.614909999999999846e-01 2.627702713012695312e+00
4.649229999999999752e-01 2.622528076171875000e+00
4.683970000000000078e-01 2.622528076171875000e+00
4.716719999999999802e-01 2.622528076171875000e+00
4.751259999999999928e-01 2.617353439331054688e+00
4.786349999999999771e-01 2.622528076171875000e+00
4.822179999999999800e-01 2.627702713012695312e+00
4.856579999999999786e-01 2.627702713012695312e+00
4.894299999999999762e-01 2.627702713012695312e+00
4.928710000000000035e-01 2.627702713012695312e+00
4.963199999999999834e-01 2.627702713012695312e+00
4.997739999999999960e-01 2.627702713012695312e+00
5.030689999999999884e-01 2.627702713012695312e+00
5.065159999999999663e-01 2.627702713012695312e+00
5.099839999999999929e-01 2.627702713012695312e+00
5.135720000000000285e-01 2.627702713012695312e+00
5.168660000000000476e-01 2.627702713012695312e+00
5.203320000000000167e-01 2.632877349853515625e+00
5.237650000000000361e-01 2.627702713012695312e+00
5.272360000000000380e-01 2.627702713012695312e+00
5.349760000000000071e-01 2.622528076171875000e+00
5.385999999999999677e-01 2.627702713012695312e+00
5.418899999999999828e-01 2.622528076171875000e+00
5.453569999999999807e-01 2.622528076171875000e+00
5.488089999999999913e-01 2.627702713012695312e+00
5.523979999999999446e-01 2.622528076171875000e+00
5.556969999999999965e-01 2.627702713012695312e+00
5.591610000000000191e-01 2.622528076171875000e+00
5.625970000000000137e-01 2.622528076171875000e+00
5.658889999999999754e-01 2.627702713012695312e+00
5.693390000000000395e-01 2.627702713012695312e+00
5.728140000000000454e-01 2.627702713012695312e+00
5.764010000000000522e-01 2.622528076171875000e+00
5.796940000000000426e-01 2.622528076171875000e+00
5.831469999999999709e-01 2.627702713012695312e+00
5.865989999999999815e-01 2.627702713012695312e+00
5.899010000000000087e-01 2.627702713012695312e+00
5.933429999999999538e-01 2.627702713012695312e+00
5.967959999999999932e-01 2.627702713012695312e+00
6.004059999999999953e-01 2.627702713012695312e+00
6.038590000000000346e-01 2.632877349853515625e+00
6.072980000000000045e-01 2.627702713012695312e+00
6.107510000000000439e-01 2.627702713012695312e+00
6.142269999999999675e-01 2.627702713012695312e+00
6.178120000000000278e-01 2.627702713012695312e+00
6.214330000000000132e-01 2.632877349853515625e+00
6.248620000000000285e-01 2.632877349853515625e+00
6.283389999999999809e-01 2.632877349853515625e+00
6.318059999999999787e-01 2.627702713012695312e+00
6.354239999999999888e-01 2.627702713012695312e+00
6.390219999999999789e-01 2.622528076171875000e+00
6.467439999999999856e-01 2.627702713012695312e+00
6.505140000000000366e-01 2.627702713012695312e+00
6.539660000000000473e-01 2.627702713012695312e+00
6.574189999999999756e-01 2.627702713012695312e+00
6.608829999999999982e-01 2.622528076171875000e+00
6.643270000000000008e-01 2.622528076171875000e+00
6.677710000000000035e-01 2.622528076171875000e+00
6.713700000000000223e-01 2.622528076171875000e+00
6.746630000000000127e-01 2.622528076171875000e+00
6.781179999999999986e-01 2.617353439331054688e+00
6.815719999999999557e-01 2.627702713012695312e+00
6.850380000000000358e-01 2.627702713012695312e+00
6.884710000000000552e-01 2.627702713012695312e+00
6.919110000000000538e-01 2.632877349853515625e+00
6.953669999999999574e-01 2.632877349853515625e+00
6.988180000000000502e-01 2.632877349853515625e+00
7.024219999999999908e-01 2.632877349853515625e+00
7.058510000000000062e-01 2.632877349853515625e+00
7.093409999999999993e-01 2.632877349853515625e+00
7.127970000000000139e-01 2.632877349853515625e+00
7.160680000000000378e-01 2.632877349853515625e+00
7.195129999999999582e-01 2.632877349853515625e+00
7.229630000000000223e-01 2.632877349853515625e+00
7.264669999999999739e-01 2.632877349853515625e+00
7.299029999999999685e-01 2.632877349853515625e+00
7.333709999999999951e-01 2.632877349853515625e+00
7.368069999999999897e-01 2.627702713012695312e+00
7.404150000000000453e-01 2.627702713012695312e+00
7.438630000000000519e-01 2.622528076171875000e+00
7.473290000000000211e-01 2.627702713012695312e+00
7.509149999999999991e-01 2.627702713012695312e+00
7.583490000000000508e-01 2.622528076171875000e+00
7.620179999999999731e-01 2.617353439331054688e+00
7.655610000000000470e-01 2.622528076171875000e+00
7.690129999999999466e-01 2.622528076171875000e+00
7.726359999999999895e-01 2.622528076171875000e+00
7.760650000000000048e-01 2.622528076171875000e+00
7.795199999999999907e-01 2.622528076171875000e+00
7.829690000000000261e-01 2.627702713012695312e+00
7.864229999999999832e-01 2.632877349853515625e+00
7.897159999999999735e-01 2.632877349853515625e+00
7.931669999999999554e-01 2.632877349853515625e+00
7.966410000000000435e-01 2.638051986694335938e+00
8.000690000000000301e-01 2.638051986694335938e+00
8.035179999999999545e-01 2.638051986694335938e+00
8.069509999999999739e-01 2.632877349853515625e+00
8.105719999999999592e-01 2.632877349853515625e+00
8.140290000000000026e-01 2.632877349853515625e+00
8.174759999999999804e-01 2.632877349853515625e+00
8.209250000000000158e-01 2.632877349853515625e+00
8.242559999999999887e-01 2.632877349853515625e+00
8.277069999999999705e-01 2.632877349853515625e+00
8.311610000000000387e-01 2.632877349853515625e+00
8.346360000000000445e-01 2.627702713012695312e+00
8.382239999999999691e-01 2.627702713012695312e+00
8.416810000000000125e-01 2.622528076171875000e+00
8.451309999999999656e-01 2.627702713012695312e+00
8.485709999999999642e-01 2.627702713012695312e+00
8.520189999999999708e-01 2.622528076171875000e+00
8.554669999999999774e-01 2.622528076171875000e+00
8.590780000000000083e-01 2.622528076171875000e+00
8.625420000000000309e-01 2.627702713012695312e+00
8.701969999999999983e-01 2.622528076171875000e+00
8.736949999999999994e-01 2.627702713012695312e+00
8.771700000000000053e-01 2.627702713012695312e+00
8.807760000000000034e-01 2.632877349853515625e+00
8.842309999999999892e-01 2.632877349853515625e+00
8.876730000000000453e-01 2.632877349853515625e+00
8.911229999999999984e-01 2.632877349853515625e+00
8.945889999999999675e-01 2.632877349853515625e+00
8.980470000000000397e-01 2.638051986694335938e+00
9.014799999999999480e-01 2.638051986694335938e+00
9.049239999999999506e-01 2.638051986694335938e+00
9.083630000000000315e-01 2.632877349853515625e+00
9.116840000000000499e-01 2.632877349853515625e+00
9.151350000000000318e-01 2.632877349853515625e+00
9.185860000000000136e-01 2.632877349853515625e+00
9.218950000000000200e-01 2.632877349853515625e+00
9.253529999999999811e-01 2.632877349853515625e+00
9.288180000000000325e-01 2.632877349853515625e+00
9.324040000000000106e-01 2.627702713012695312e+00
9.356989999999999474e-01 2.622528076171875000e+00
9.391509999999999581e-01 2.627702713012695312e+00
9.426069999999999727e-01 2.622528076171875000e+00
9.459039999999999671e-01 2.622528076171875000e+00
9.493700000000000472e-01 2.627702713012695312e+00
9.528050000000000130e-01 2.627702713012695312e+00
9.560990000000000322e-01 2.627702713012695312e+00
9.595510000000000428e-01 2.627702713012695312e+00
9.630049999999999999e-01 2.627702713012695312e+00
9.663000000000000478e-01 2.632877349853515625e+00
9.697529999999999761e-01 2.632877349853515625e+00
9.732159999999999700e-01 2.627702713012695312e+00
9.764890000000000514e-01 2.627702713012695312e+00
9.835859999999999603e-01 2.627702713012695312e+00
9.870459999999999789e-01 2.632877349853515625e+00
9.905230000000000423e-01 2.632877349853515625e+00
9.939710000000000489e-01 2.632877349853515625e+00
9.972619999999999818e-01 2.632877349853515625e+00
1.000710999999999906e+00 2.632877349853515625e+00
1.005521000000000109e+00 2.632877349853515625e+00
1.010634999999999950e+00 2.632877349853515625e+00
1.014753999999999934e+00 2.632877349853515625e+00
1.018863000000000074e+00 2.632877349853515625e+00
1.022941000000000100e+00 2.632877349853515625e+00
1.027045999999999903e+00 2.632877349853515625e+00
1.031225999999999976e+00 2.632877349853515625e+00
1.035296999999999912e+00 2.627702713012695312e+00
1.039390999999999954e+00 2.627702713012695312e+00
1.043474999999999930e+00 2.627702713012695312e+00
1.047568000000000055e+00 2.632877349853515625e+00
1.051776000000000044e+00 2.632877349853515625e+00
1.055871999999999922e+00 2.627702713012695312e+00
1.060049999999999937e+00 2.627702713012695312e+00
1.064149999999999929e+00 2.627702713012695312e+00
1.068294000000000077e+00 2.627702713012695312e+00
1.072386000000000061e+00 2.627702713012695312e+00
1.076489999999999947e+00 2.627702713012695312e+00
1.080791000000000057e+00 2.627702713012695312e+00
1.084910999999999959e+00 2.627702713012695312e+00
1.089121999999999924e+00 2.632877349853515625e+00
1.097353000000000023e+00 2.632877349853515625e+00
1.101982000000000017e+00 2.632877349853515625e+00
1.106111999999999984e+00 2.632877349853515625e+00
1.110379999999999923e+00 2.632877349853515625e+00
1.114506999999999914e+00 2.632877349853515625e+00
1.118708999999999953e+00 2.632877349853515625e+00
1.122856999999999994e+00 2.632877349853515625e+00
1.126991999999999994e+00 2.632877349853515625e+00
1.131253999999999982e+00 2.632877349853515625e+00
1.135399999999999965e+00 2.627702713012695312e+00
1.139548000000000005e+00 2.627702713012695312e+00
1.143691999999999931e+00 2.627702713012695312e+00
1.147833000000000103e+00 2.627702713012695312e+00
1.152037999999999895e+00 2.627702713012695312e+00
1.156184000000000101e+00 2.627702713012695312e+00
1.160428999999999933e+00 2.632877349853515625e+00
1.164609999999999923e+00 2.627702713012695312e+00
1.168908000000000058e+00 2.627702713012695312e+00
1.173078999999999983e+00 2.627702713012695312e+00
1.177240999999999982e+00 2.622528076171875000e+00
1.181551999999999936e+00 2.627702713012695312e+00
1.185761000000000065e+00 2.632877349853515625e+00
1.190056000000000003e+00 2.632877349853515625e+00
1.194228000000000067e+00 2.632877349853515625e+00
1.198474000000000039e+00 2.632877349853515625e+00
1.202669999999999906e+00 2.632877349853515625e+00
1.212833000000000050e+00 2.632877349853515625e+00
1.222866000000000009e+00 2.632877349853515625e+00
1.232866000000000017e+00 2.632877349853515625e+00
1.247061999999999893e+00 2.627702713012695312e+00
1.251880000000000104e+00 2.627702713012695312e+00
1.256107000000000085e+00 2.627702713012695312e+00
1.260423000000000071e+00 2.627702713012695312e+00
1.264642000000000044e+00 2.627702713012695312e+00
1.268906000000000089e+00 2.627702713012695312e+00
1.273130000000000095e+00 2.627702713012695312e+00
1.277360000000000051e+00 2.627702713012695312e+00
1.281709999999999905e+00 2.627702713012695312e+00
1.285941999999999918e+00 2.632877349853515625e+00
1.290289000000000019e+00 2.632877349853515625e+00
1.294513000000000025e+00 2.632877349853515625e+00
1.298861000000000043e+00 2.638051986694335938e+00
1.303123999999999949e+00 2.632877349853515625e+00
1.307379999999999987e+00 2.638051986694335938e+00
1.311778000000000111e+00 2.638051986694335938e+00
1.316189999999999971e+00 2.638051986694335938e+00
1.320524999999999949e+00 2.638051986694335938e+00
1.324783999999999962e+00 2.632877349853515625e+00
1.329463999999999979e+00 2.638051986694335938e+00
1.339315999999999951e+00 2.627702713012695312e+00
1.343614000000000086e+00 2.627702713012695312e+00
1.347955999999999932e+00 2.622528076171875000e+00
1.352262000000000075e+00 2.627702713012695312e+00
1.356562999999999963e+00 2.627702713012695312e+00
1.360913000000000039e+00 2.627702713012695312e+00
1.365191999999999961e+00 2.627702713012695312e+00
1.369502999999999915e+00 2.627702713012695312e+00
1.373790000000000067e+00 2.627702713012695312e+00
1.378174999999999928e+00 2.627702713012695312e+00
1.382481999999999989e+00 2.638051986694335938e+00
1.386800999999999950e+00 2.638051986694335938e+00
1.391183999999999976e+00 2.638051986694335938e+00
1.395502000000000020e+00 2.638051986694335938e+00
1.399818999999999924e+00 2.638051986694335938e+00
1.404126999999999903e+00 2.638051986694335938e+00
1.408528999999999920e+00 2.638051986694335938e+00
1.412867000000000095e+00 2.638051986694335938e+00
1.417238999999999916e+00 2.638051986694335938e+00
1.421691000000000038e+00 2.632877349853515625e+00
1.426023000000000041e+00 2.632877349853515625e+00
1.430457000000000090e+00 2.632877349853515625e+00
1.434814000000000034e+00 2.627702713012695312e+00
1.439162000000000052e+00 2.627702713012695312e+00
1.447721000000000036e+00 2.627702713012695312e+00
1.452525999999999984e+00 2.627702713012695312e+00
1.456871999999999945e+00 2.627702713012695312e+00
1.461310000000000109e+00 2.627702713012695312e+00
1.464642999999999917e+00 2.627702713012695312e+00
1.469065000000000065e+00 2.627702713012695312e+00
1.473443999999999976e+00 2.627702713012695312e+00
1.477794999999999970e+00 2.632877349853515625e+00
1.482250000000000068e+00 2.632877349853515625e+00
1.486617999999999995e+00 2.638051986694335938e+00
1.491068000000000060e+00 2.638051986694335938e+00
1.495468000000000020e+00 2.638051986694335938e+00
1.499883000000000077e+00 2.638051986694335938e+00
1.504264000000000046e+00 2.632877349853515625e+00
1.508721999999999897e+00 2.632877349853515625e+00
1.513122000000000078e+00 2.632877349853515625e+00
1.517571000000000003e+00 2.632877349853515625e+00
1.522056999999999993e+00 2.632877349853515625e+00
1.526475999999999944e+00 2.632877349853515625e+00
1.530956999999999901e+00 2.632877349853515625e+00
1.535381000000000107e+00 2.627702713012695312e+00
1.539784000000000042e+00 2.627702713012695312e+00
1.544213000000000058e+00 2.632877349853515625e+00
1.548702000000000023e+00 2.632877349853515625e+00
1.553180999999999923e+00 2.627702713012695312e+00
1.561563999999999952e+00 2.627702713012695312e+00
1.566365000000000007e+00 2.627702713012695312e+00
1.570920000000000094e+00 2.632877349853515625e+00
1.575369999999999937e+00 2.632877349853515625e+00
1.579838000000000076e+00 2.632877349853515625e+00
1.584290999999999894e+00 2.632877349853515625e+00
1.588818000000000064e+00 2.632877349853515625e+00
1.593299999999999939e+00 2.632877349853515625e+00
1.597765000000000102e+00 2.632877349853515625e+00
1.602308999999999983e+00 2.632877349853515625e+00
1.606762999999999941e+00 2.632877349853515625e+00
1.611318000000000028e+00 2.632877349853515625e+00
1.615780999999999912e+00 2.638051986694335938e+00
1.620506999999999920e+00 2.632877349853515625e+00
1.624994000000000050e+00 2.632877349853515625e+00
1.629545000000000021e+00 2.638051986694335938e+00
1.634055999999999953e+00 2.632877349853515625e+00
1.638600000000000056e+00 2.632877349853515625e+00
1.643145999999999995e+00 2.632877349853515625e+00
1.647623000000000060e+00 2.627702713012695312e+00
1.652258000000000004e+00 2.632877349853515625e+00
1.656762999999999986e+00 2.632877349853515625e+00
1.661265999999999909e+00 2.632877349853515625e+00
1.665797999999999890e+00 2.632877349853515625e+00
1.670458999999999916e+00 2.627702713012695312e+00
1.678946000000000049e+00 2.622528076171875000e+00
1.683821000000000012e+00 2.632877349853515625e+00
1.688466000000000022e+00 2.632877349853515625e+00
1.692970000000000086e+00 2.632877349853515625e+00
1.697478000000000042e+00 2.638051986694335938e+00
1.702112000000000069e+00 2.632877349853515625e+00
1.706609999999999960e+00 2.632877349853515625e+00
1.711173000000000055e+00 2.632877349853515625e+00
1.715697999999999945e+00 2.638051986694335938e+00
1.720340999999999898e+00 2.638051986694335938e+00
1.724893999999999927e+00 2.638051986694335938e+00
1.729429000000000105e+00 2.638051986694335938e+00
1.733721000000000068e+00 2.632877349853515625e+00
1.737497000000000069e+00 2.632877349853515625e+00
1.741382999999999903e+00 2.632877349853515625e+00
1.745176000000000061e+00 2.632877349853515625e+00
1.748985000000000012e+00 2.632877349853515625e+00
1.752783999999999898e+00 2.627702713012695312e+00
1.756583000000000006e+00 2.627702713012695312e+00
1.760440000000000005e+00 2.627702713012695312e+00
1.764251000000000014e+00 2.627702713012695312e+00
1.768208999999999920e+00 2.627702713012695312e+00
1.772043000000000035e+00 2.627702713012695312e+00
1.775851999999999986e+00 2.622528076171875000e+00
1.779671000000000003e+00 2.627702713012695312e+00
1.783487999999999962e+00 2.632877349853515625e+00
1.787314999999999987e+00 2.632877349853515625e+00
1.794184000000000001e+00 2.632877349853515625e+00
1.798154000000000030e+00 2.638051986694335938e+00
1.802106999999999903e+00 2.638051986694335938e+00
1.805955999999999895e+00 2.638051986694335938e+00
1.809879000000000016e+00 2.638051986694335938e+00
1.813774999999999915e+00 2.638051986694335938e+00
1.817620000000000013e+00 2.638051986694335938e+00
1.821579000000000059e+00 2.638051986694335938e+00
1.825434999999999919e+00 2.632877349853515625e+00
1.829325000000000090e+00 2.638051986694335938e+00
1.833196999999999965e+00 2.632877349853515625e+00
1.837067999999999923e+00 2.632877349853515625e+00
1.840981999999999896e+00 2.627702713012695312e+00
1.844856999999999969e+00 2.627702713012695312e+00
1.848730999999999902e+00 2.627702713012695312e+00
1.852597000000000049e+00 2.627702713012695312e+00
1.856462999999999974e+00 2.627702713012695312e+00
1.860406999999999922e+00 2.627702713012695312e+00
1.864265000000000061e+00 2.627702713012695312e+00
1.868203999999999976e+00 2.627702713012695312e+00
1.872073000000000098e+00 2.627702713012695312e+00
1.875971999999999973e+00 2.627702713012695312e+00
1.879923000000000011e+00 2.627702713012695312e+00
1.883812000000000042e+00 2.638051986694335938e+00
1.887664000000000009e+00 2.638051986694335938e+00
1.891590000000000105e+00 2.638051986694335938e+00
1.895450000000000079e+00 2.638051986694335938e+00
1.899350000000000094e+00 2.638051986694335938e+00
1.903243999999999936e+00 2.638051986694335938e+00
1.909883999999999915e+00 2.638051986694335938e+00
1.913839000000000068e+00 2.638051986694335938e+00
1.917853999999999948e+00 2.638051986694335938e+00
1.921855000000000091e+00 2.632877349853515625e+00
1.925780999999999965e+00 2.632877349853515625e+00
1.929713999999999929e+00 2.632877349853515625e+00
1.933637000000000050e+00 2.632877349853515625e+00
1.937559000000000031e+00 2.622528076171875000e+00
1.941570999999999936e+00 2.627702713012695312e+00
1.945488000000000106e+00 2.622528076171875000e+00
1.949437000000000086e+00 2.627702713012695312e+00
1.953365999999999936e+00 2.627702713012695312e+00
1.957283000000000106e+00 2.627702713012695312e+00
1.961319999999999952e+00 2.627702713012695312e+00
1.965230000000000032e+00 2.632877349853515625e+00
1.969166999999999890e+00 2.627702713012695312e+00
1.973087999999999953e+00 2.632877349853515625e+00
1.977012999999999909e+00 2.632877349853515625e+00
1.980998999999999954e+00 2.632877349853515625e+00
1.984936000000000034e+00 2.638051986694335938e+00
1.988887000000000072e+00 2.638051986694335938e+00
1.992825000000000069e+00 2.632877349853515625e+00
1.996806000000000081e+00 2.638051986694335938e+00
1.999959000000000042e+00 2.643226623535156250e+00
2.003871999999999876e+00 2.638051986694335938e+00
2.007810999999999790e+00 2.632877349853515625e+00
2.011852000000000196e+00 2.632877349853515625e+00
2.015804999999999847e+00 2.632877349853515625e+00
2.019753999999999827e+00 2.632877349853515625e+00
2.026679000000000119e+00 2.632877349853515625e+00
2.030749999999999833e+00 2.632877349853515625e+00
2.034800000000000164e+00 2.627702713012695312e+00
2.038822000000000134e+00 2.627702713012695312e+00
2.042768999999999835e+00 2.627702713012695312e+00
2.046701999999999799e+00 2.627702713012695312e+00
2.050799000000000039e+00 2.627702713012695312e+00
2.054759999999999920e+00 2.632877349853515625e+00
2.058781999999999890e+00 2.632877349853515625e+00
2.062753999999999976e+00 2.632877349853515625e+00
2.066724999999999923e+00 2.632877349853515625e+00
2.070755000000000123e+00 2.627702713012695312e+00
2.074707000000000079e+00 2.627702713012695312e+00
2.078724999999999934e+00 2.632877349853515625e+00
2.082691000000000070e+00 2.632877349853515625e+00
2.085754000000000108e+00 2.638051986694335938e+00
2.089723999999999915e+00 2.632877349853515625e+00
2.093691999999999886e+00 2.632877349853515625e+00
2.097684000000000104e+00 2.638051986694335938e+00
2.101713000000000164e+00 2.638051986694335938e+00
2.105691999999999897e+00 2.632877349853515625e+00
2.109687000000000090e+00 2.638051986694335938e+00
2.113674000000000053e+00 2.632877349853515625e+00
2.117672000000000221e+00 2.632877349853515625e+00
2.121722999999999804e+00 2.632877349853515625e+00
2.125770000000000159e+00 2.632877349853515625e+00
2.129776000000000113e+00 2.638051986694335938e+00
2.133776000000000117e+00 2.632877349853515625e+00
2.140486000000000111e+00 2.632877349853515625e+00
2.144566000000000194e+00 2.632877349853515625e+00
2.148676000000000030e+00 2.632877349853515625e+00
2.152686000000000099e+00 2.632877349853515625e+00
2.156705999999999790e+00 2.632877349853515625e+00
2.160842000000000152e+00 2.627702713012695312e+00
2.164861999999999842e+00 2.627702713012695312e+00
2.167988999999999944e+00 2.632877349853515625e+00
2.172016999999999864e+00 2.632877349853515625e+00
2.176069000000000031e+00 2.627702713012695312e+00
2.180178000000000171e+00 2.627702713012695312e+00
2.184216999999999853e+00 2.632877349853515625e+00
2.188317000000000068e+00 2.632877349853515625e+00
2.192372000000000209e+00 2.632877349853515625e+00
2.196426000000000212e+00 2.632877349853515625e+00
2.199552000000000174e+00 2.638051986694335938e+00
2.203599000000000085e+00 2.632877349853515625e+00
2.207647000000000137e+00 2.632877349853515625e+00
2.211778999999999940e+00 2.632877349853515625e+00
2.218723999999999918e+00 2.638051986694335938e+00
2.228257999999999850e+00 2.632877349853515625e+00
2.233569999999999833e+00 2.638051986694335938e+00
2.239646000000000026e+00 2.632877349853515625e+00
2.243752000000000191e+00 2.632877349853515625e+00
2.251301999999999914e+00 2.632877349853515625e+00
2.255589000000000066e+00 2.632877349853515625e+00
2.259684000000000026e+00 2.627702713012695312e+00
2.263743999999999978e+00 2.627702713012695312e+00
2.267802000000000096e+00 2.627702713012695312e+00
2.271940999999999988e+00 2.627702713012695312e+00
2.275992000000000015e+00 2.622528076171875000e+00
2.280152999999999874e+00 2.627702713012695312e+00
2.284209999999999852e+00 2.632877349853515625e+00
2.288352000000000164e+00 2.632877349853515625e+00
2.292418000000000067e+00 2.632877349853515625e+00
2.296479000000000159e+00 2.632877349853515625e+00
2.300647999999999804e+00 2.638051986694335938e+00
2.304730000000000167e+00 2.638051986694335938e+00
2.308828999999999798e+00 2.638051986694335938e+00
2.312910000000000021e+00 2.638051986694335938e+00
2.316987999999999825e+00 2.638051986694335938e+00
2.321146999999999849e+00 2.638051986694335938e+00
2.325242999999999949e+00 2.638051986694335938e+00
2.329380000000000006e+00 2.638051986694335938e+00
2.333477999999999941e+00 2.632877349853515625e+00
2.336631999999999820e+00 2.632877349853515625e+00
2.339770999999999823e+00 2.632877349853515625e+00
2.343865000000000087e+00 2.627702713012695312e+00
2.346976999999999869e+00 2.627702713012695312e+00
2.351147000000000098e+00 2.627702713012695312e+00
2.355268999999999835e+00 2.627702713012695312e+00
2.359437999999999924e+00 2.627702713012695312e+00
2.366277000000000186e+00 2.627702713012695312e+00
2.370544999999999902e+00 2.627702713012695312e+00
2.374763000000000179e+00 2.627702713012695312e+00
2.378910999999999998e+00 2.627702713012695312e+00
2.383058000000000121e+00 2.632877349853515625e+00
2.386182999999999943e+00 2.638051986694335938e+00
2.390378000000000114e+00 2.632877349853515625e+00
2.394511000000000056e+00 2.638051986694335938e+00
2.398740999999999790e+00 2.638051986694335938e+00
2.402884999999999938e+00 2.638051986694335938e+00
2.407019000000000020e+00 2.632877349853515625e+00
2.411219000000000001e+00 2.638051986694335938e+00
2.415379999999999860e+00 2.638051986694335938e+00
2.419538999999999884e+00 2.638051986694335938e+00
2.423693999999999793e+00 2.638051986694335938e+00
2.427846000000000171e+00 2.632877349853515625e+00
2.432243000000000155e+00 2.632877349853515625e+00
2.435400000000000009e+00 2.627702713012695312e+00
2.440106000000000108e+00 2.627702713012695312e+00
2.445213999999999999e+00 2.627702713012695312e+00
2.450298999999999783e+00 2.632877349853515625e+00
2.455405999999999977e+00 2.622528076171875000e+00
2.460561000000000220e+00 2.627702713012695312e+00
2.465647000000000144e+00 2.632877349853515625e+00
2.470801999999999943e+00 2.627702713012695312e+00
2.480285999999999991e+00 2.632877349853515625e+00
2.485647000000000162e+00 2.638051986694335938e+00
2.490873999999999810e+00 2.632877349853515625e+00
2.496032000000000028e+00 2.632877349853515625e+00
2.501221999999999834e+00 2.638051986694335938e+00
2.506355000000000111e+00 2.638051986694335938e+00
2.511573999999999973e+00 2.632877349853515625e+00
2.516710999999999920e+00 2.632877349853515625e+00
2.521949000000000218e+00 2.632877349853515625e+00
2.527095999999999787e+00 2.632877349853515625e+00
2.532388000000000083e+00 2.632877349853515625e+00
2.537633000000000028e+00 2.627702713012695312e+00
2.542170000000000041e+00 2.627702713012695312e+00
2.546400999999999915e+00 2.627702713012695312e+00
2.550680999999999976e+00 2.627702713012695312e+00
2.554907000000000039e+00 2.627702713012695312e+00
2.559137000000000217e+00 2.627702713012695312e+00
2.563387000000000082e+00 2.632877349853515625e+00
2.567616999999999816e+00 2.632877349853515625e+00
2.572032999999999792e+00 2.627702713012695312e+00
2.576277000000000150e+00 2.627702713012695312e+00
2.580579000000000178e+00 2.632877349853515625e+00
2.584814000000000167e+00 2.638051986694335938e+00
2.591994999999999827e+00 2.638051986694335938e+00
2.596289000000000069e+00 2.632877349853515625e+00
2.600680000000000103e+00 2.632877349853515625e+00
2.604947999999999819e+00 2.632877349853515625e+00
2.609192000000000178e+00 2.632877349853515625e+00
2.612375000000000114e+00 2.632877349853515625e+00
2.616617000000000193e+00 2.632877349853515625e+00
2.620908000000000015e+00 2.632877349853515625e+00
2.625151999999999930e+00 2.632877349853515625e+00
2.629433000000000131e+00 2.632877349853515625e+00
2.633725999999999789e+00 2.632877349853515625e+00
2.638030000000000097e+00 2.632877349853515625e+00
2.642291000000000167e+00 2.632877349853515625e+00
2.646536999999999917e+00 2.632877349853515625e+00
2.650865000000000027e+00 2.632877349853515625e+00
2.655132000000000048e+00 2.632877349853515625e+00
2.659415000000000084e+00 2.632877349853515625e+00
2.663675000000000015e+00 2.627702713012695312e+00
2.668000999999999845e+00 2.632877349853515625e+00
2.672264999999999890e+00 2.632877349853515625e+00
2.676525999999999961e+00 2.627702713012695312e+00
2.680855000000000210e+00 2.627702713012695312e+00
2.685119999999999951e+00 2.632877349853515625e+00
2.689398000000000177e+00 2.632877349853515625e+00
2.693671999999999844e+00 2.632877349853515625e+00
2.697982999999999798e+00 2.632877349853515625e+00
2.702280000000000015e+00 2.632877349853515625e+00
2.709562000000000026e+00 2.632877349853515625e+00
2.714065999999999867e+00 2.632877349853515625e+00
2.718427000000000149e+00 2.632877349853515625e+00
2.722726000000000202e+00 2.638051986694335938e+00
2.727031999999999901e+00 2.638051986694335938e+00
2.731406999999999918e+00 2.638051986694335938e+00
2.735853000000000090e+00 2.632877349853515625e+00
2.739193000000000211e+00 2.632877349853515625e+00
2.743504000000000165e+00 2.632877349853515625e+00
2.747811000000000003e+00 2.632877349853515625e+00
2.752174999999999816e+00 2.627702713012695312e+00
2.756492999999999860e+00 2.632877349853515625e+00
2.760888000000000009e+00 2.627702713012695312e+00
2.765194000000000152e+00 2.627702713012695312e+00
2.769554999999999989e+00 2.622528076171875000e+00
2.772758000000000056e+00 2.627702713012695312e+00
2.777074999999999960e+00 2.627702713012695312e+00
2.780429999999999957e+00 2.627702713012695312e+00
2.784752999999999812e+00 2.632877349853515625e+00
2.789093999999999962e+00 2.632877349853515625e+00
2.793482000000000021e+00 2.632877349853515625e+00
2.797896000000000161e+00 2.632877349853515625e+00
2.801203000000000110e+00 2.632877349853515625e+00
2.805527000000000104e+00 2.638051986694335938e+00
2.809877999999999876e+00 2.632877349853515625e+00
2.814229000000000092e+00 2.638051986694335938e+00
2.821521000000000168e+00 2.638051986694335938e+00
2.825946000000000069e+00 2.632877349853515625e+00
2.830454000000000025e+00 2.638051986694335938e+00
2.834817999999999838e+00 2.632877349853515625e+00
2.839329000000000214e+00 2.632877349853515625e+00
2.843716000000000133e+00 2.627702713012695312e+00
2.848136999999999919e+00 2.627702713012695312e+00
2.852511999999999937e+00 2.627702713012695312e+00
2.855823000000000000e+00 2.627702713012695312e+00
2.860285000000000188e+00 2.622528076171875000e+00
2.864654999999999951e+00 2.627702713012695312e+00
2.869032999999999944e+00 2.627702713012695312e+00
2.873407999999999962e+00 2.627702713012695312e+00
2.877839999999999954e+00 2.627702713012695312e+00
2.882296000000000191e+00 2.627702713012695312e+00
2.886674999999999880e+00 2.632877349853515625e+00
2.890019000000000116e+00 2.638051986694335938e+00
2.894413000000000125e+00 2.632877349853515625e+00
2.898858999999999853e+00 2.638051986694335938e+00
2.903251000000000026e+00 2.638051986694335938e+00
2.907617999999999814e+00 2.638051986694335938e+00
2.912061000000000011e+00 2.638051986694335938e+00
2.916460999999999970e+00 2.638051986694335938e+00
2.920952000000000215e+00 2.632877349853515625e+00
2.925339999999999829e+00 2.632877349853515625e+00
2.929739000000000093e+00 2.632877349853515625e+00
2.936992000000000047e+00 2.627702713012695312e+00
2.941955999999999793e+00 2.627702713012695312e+00
2.946375999999999884e+00 2.627702713012695312e+00
2.949762999999999913e+00 2.627702713012695312e+00
2.954177000000000053e+00 2.627702713012695312e+00
2.958661999999999903e+00 2.627702713012695312e+00
2.963089999999999780e+00 2.627702713012695312e+00
2.967551999999999968e+00 2.627702713012695312e+00
2.972191000000000027e+00 2.632877349853515625e+00
2.976608999999999838e+00 2.627702713012695312e+00
2.981100000000000083e+00 2.632877349853515625e+00
2.984423000000000048e+00 2.632877349853515625e+00
2.988929000000000169e+00 2.638051986694335938e+00
2.993361000000000161e+00 2.632877349853515625e+00
2.997813999999999979e+00 2.638051986694335938e+00
3.002327999999999886e+00 2.638051986694335938e+00
3.006775000000000198e+00 2.632877349853515625e+00
3.010177999999999798e+00 2.638051986694335938e+00
3.014931999999999945e+00 2.632877349853515625e+00
3.019554999999999989e+00 2.632877349853515625e+00
3.024099000000000093e+00 2.638051986694335938e+00
3.028664000000000023e+00 2.632877349853515625e+00
3.033147000000000038e+00 2.627702713012695312e+00
3.037669000000000175e+00 2.627702713012695312e+00
3.042311999999999905e+00 2.627702713012695312e+00
3.046892000000000156e+00 2.627702713012695312e+00
3.054527999999999910e+00 2.627702713012695312e+00
3.059238000000000124e+00 2.627702713012695312e+00
3.063787000000000038e+00 2.632877349853515625e+00
3.068373999999999935e+00 2.627702713012695312e+00
3.073008999999999880e+00 2.632877349853515625e+00
3.077539999999999942e+00 2.627702713012695312e+00
3.082162999999999986e+00 2.632877349853515625e+00
3.086698999999999860e+00 2.638051986694335938e+00
3.091312999999999978e+00 2.638051986694335938e+00
3.095877999999999908e+00 2.638051986694335938e+00
3.100486000000000075e+00 2.632877349853515625e+00
3.105055999999999816e+00 2.632877349853515625e+00
3.108394000000000101e+00 2.632877349853515625e+00
3.112945999999999991e+00 2.632877349853515625e+00
3.117506000000000110e+00 2.632877349853515625e+00
3.122145999999999866e+00 2.632877349853515625e+00
3.126714999999999911e+00 2.632877349853515625e+00
3.131301999999999808e+00 2.632877349853515625e+00
3.135888000000000009e+00 2.627702713012695312e+00
3.140547000000000200e+00 2.627702713012695312e+00
3.145213000000000036e+00 2.632877349853515625e+00
3.149773000000000156e+00 2.632877349853515625e+00
3.154319000000000095e+00 2.627702713012695312e+00
3.158942000000000139e+00 2.627702713012695312e+00
3.166262000000000132e+00 2.632877349853515625e+00
3.170980999999999828e+00 2.627702713012695312e+00
3.175523999999999791e+00 2.632877349853515625e+00
3.180091000000000001e+00 2.627702713012695312e+00
3.184647000000000006e+00 2.632877349853515625e+00
3.189220999999999862e+00 2.632877349853515625e+00
3.192600999999999800e+00 2.632877349853515625e+00
3.197159999999999780e+00 2.632877349853515625e+00
3.201839000000000102e+00 2.632877349853515625e+00
3.206453999999999915e+00 2.632877349853515625e+00
3.211088999999999860e+00 2.632877349853515625e+00
3.215656000000000070e+00 2.632877349853515625e+00
3.220372999999999930e+00 2.632877349853515625e+00
3.230328000000000088e+00 2.638051986694335938e+00
3.240371999999999808e+00 2.627702713012695312e+00
3.248820999999999959e+00 2.632877349853515625e+00
3.257194000000000145e+00 2.627702713012695312e+00
3.263068000000000080e+00 2.632877349853515625e+00
3.268826999999999927e+00 2.627702713012695312e+00
3.274620000000000086e+00 2.627702713012695312e+00
3.284651999999999905e+00 2.632877349853515625e+00
3.290643999999999902e+00 2.632877349853515625e+00
3.296346999999999916e+00 2.632877349853515625e+00
3.302130000000000010e+00 2.632877349853515625e+00
3.307941000000000020e+00 2.632877349853515625e+00
3.313655999999999935e+00 2.638051986694335938e+00
3.319465999999999806e+00 2.632877349853515625e+00
3.325248999999999899e+00 2.638051986694335938e+00
3.331036000000000108e+00 2.638051986694335938e+00
3.336721999999999966e+00 2.627702713012695312e+00
3.342512999999999845e+00 2.627702713012695312e+00
3.347767999999999855e+00 2.627702713012695312e+00
3.352446000000000037e+00 2.627702713012695312e+00
3.357115999999999989e+00 2.627702713012695312e+00
3.360611000000000015e+00 2.622528076171875000e+00
3.365212000000000092e+00 2.627702713012695312e+00
3.369832999999999856e+00 2.627702713012695312e+00
3.374531000000000169e+00 2.627702713012695312e+00
3.379154000000000213e+00 2.622528076171875000e+00
3.383795000000000108e+00 2.632877349853515625e+00
3.388487000000000027e+00 2.632877349853515625e+00
3.395729000000000219e+00 2.632877349853515625e+00
3.400473999999999997e+00 2.632877349853515625e+00
3.405098000000000180e+00 2.638051986694335938e+00
3.409739000000000075e+00 2.638051986694335938e+00
3.413151000000000046e+00 2.638051986694335938e+00
3.417761000000000049e+00 2.638051986694335938e+00
3.422423000000000215e+00 2.638051986694335938e+00
3.427052000000000209e+00 2.638051986694335938e+00
3.431764999999999954e+00 2.632877349853515625e+00
3.435144999999999893e+00 2.627702713012695312e+00
3.439783999999999953e+00 2.627702713012695312e+00
3.444414999999999782e+00 2.627702713012695312e+00
3.449577000000000115e+00 2.627702713012695312e+00
3.454254999999999853e+00 2.627702713012695312e+00
3.458936000000000011e+00 2.627702713012695312e+00
3.462356000000000211e+00 2.627702713012695312e+00
3.466988999999999876e+00 2.627702713012695312e+00
3.471690000000000165e+00 2.622528076171875000e+00
3.476351999999999887e+00 2.627702713012695312e+00
3.481034999999999879e+00 2.627702713012695312e+00
3.485688999999999815e+00 2.632877349853515625e+00
3.490387000000000128e+00 2.638051986694335938e+00
3.493754000000000026e+00 2.638051986694335938e+00
3.498444000000000109e+00 2.638051986694335938e+00
3.503089999999999815e+00 2.632877349853515625e+00
3.510806000000000093e+00 2.632877349853515625e+00
3.515619000000000050e+00 2.632877349853515625e+00
3.520337000000000049e+00 2.632877349853515625e+00
3.525065000000000115e+00 2.632877349853515625e+00
3.529729000000000116e+00 2.632877349853515625e+00
3.533186000000000160e+00 2.627702713012695312e+00
3.537827000000000055e+00 2.627702713012695312e+00
3.542511000000000188e+00 2.627702713012695312e+00
3.547152000000000083e+00 2.627702713012695312e+00
3.552052999999999905e+00 2.627702713012695312e+00
3.556706000000000145e+00 2.622528076171875000e+00
3.560160000000000213e+00 2.627702713012695312e+00
3.564814000000000149e+00 2.632877349853515625e+00
3.569493000000000027e+00 2.632877349853515625e+00
3.572957000000000161e+00 2.632877349853515625e+00
3.577598000000000056e+00 2.627702713012695312e+00
3.582310999999999801e+00 2.632877349853515625e+00
3.585761999999999894e+00 2.632877349853515625e+00
3.590495999999999910e+00 2.638051986694335938e+00
3.595164000000000026e+00 2.632877349853515625e+00
3.598594999999999988e+00 2.632877349853515625e+00
3.603276999999999841e+00 2.632877349853515625e+00
3.608109999999999928e+00 2.632877349853515625e+00
3.612788999999999806e+00 2.632877349853515625e+00
3.617522999999999822e+00 2.632877349853515625e+00
3.625246999999999886e+00 2.632877349853515625e+00
3.630295999999999967e+00 2.632877349853515625e+00
3.633772000000000002e+00 2.627702713012695312e+00
3.637221999999999955e+00 2.627702713012695312e+00
3.642117999999999967e+00 2.627702713012695312e+00
3.646840000000000082e+00 2.632877349853515625e+00
3.651727999999999863e+00 2.627702713012695312e+00
3.656451999999999813e+00 2.632877349853515625e+00
3.659996000000000027e+00 2.632877349853515625e+00
3.664721999999999813e+00 2.632877349853515625e+00
3.669509999999999827e+00 2.627702713012695312e+00
3.674221999999999877e+00 2.632877349853515625e+00
3.679009000000000196e+00 2.627702713012695312e+00
3.683727999999999891e+00 2.632877349853515625e+00
3.687157000000000018e+00 2.632877349853515625e+00
3.692133000000000109e+00 2.632877349853515625e+00
3.695591999999999988e+00 2.632877349853515625e+00
3.700438999999999812e+00 2.632877349853515625e+00
3.705152000000000001e+00 2.632877349853515625e+00
3.709897999999999918e+00 2.632877349853515625e+00
3.713375000000000092e+00 2.632877349853515625e+00
3.718192000000000164e+00 2.632877349853515625e+00
3.722923999999999900e+00 2.632877349853515625e+00
3.727665000000000006e+00 2.632877349853515625e+00
3.732587000000000099e+00 2.632877349853515625e+00
3.740140999999999938e+00 2.632877349853515625e+00
3.745028000000000024e+00 2.627702713012695312e+00
3.749798000000000187e+00 2.632877349853515625e+00
3.754792000000000129e+00 2.627702713012695312e+00
3.759552999999999923e+00 2.627702713012695312e+00
3.764301999999999815e+00 2.627702713012695312e+00
3.769136000000000042e+00 2.627702713012695312e+00
3.773906000000000205e+00 2.627702713012695312e+00
3.777353999999999878e+00 2.627702713012695312e+00
3.780993000000000048e+00 2.632877349853515625e+00
3.785716999999999999e+00 2.632877349853515625e+00
3.790610000000000035e+00 2.632877349853515625e+00
3.795361000000000207e+00 2.627702713012695312e+00
3.800151000000000057e+00 2.632877349853515625e+00
3.804937999999999931e+00 2.632877349853515625e+00
3.809731000000000201e+00 2.632877349853515625e+00
3.814512000000000125e+00 2.632877349853515625e+00
3.819319000000000131e+00 2.632877349853515625e+00
3.824157000000000028e+00 2.638051986694335938e+00
3.828988999999999976e+00 2.638051986694335938e+00
3.833769000000000204e+00 2.632877349853515625e+00
3.838627999999999929e+00 2.632877349853515625e+00
3.843402999999999903e+00 2.627702713012695312e+00
3.848269000000000162e+00 2.627702713012695312e+00
3.855755999999999961e+00 2.627702713012695312e+00
3.860755000000000159e+00 2.627702713012695312e+00
3.865543999999999869e+00 2.627702713012695312e+00
3.870471999999999912e+00 2.622528076171875000e+00
3.873972999999999889e+00 2.627702713012695312e+00
3.878868000000000205e+00 2.627702713012695312e+00
3.883677000000000046e+00 2.632877349853515625e+00
3.888548999999999811e+00 2.632877349853515625e+00
3.893364000000000047e+00 2.632877349853515625e+00
3.898271999999999959e+00 2.638051986694335938e+00
3.901766999999999985e+00 2.632877349853515625e+00
3.906635000000000080e+00 2.632877349853515625e+00
3.910198999999999980e+00 2.632877349853515625e+00
3.915058999999999845e+00 2.632877349853515625e+00
3.919899000000000022e+00 2.632877349853515625e+00
3.923294999999999977e+00 2.638051986694335938e+00
3.928411999999999793e+00 2.632877349853515625e+00
3.933435999999999932e+00 2.632877349853515625e+00
3.938344999999999985e+00 2.627702713012695312e+00
3.943258999999999848e+00 2.622528076171875000e+00
3.948153000000000024e+00 2.627702713012695312e+00
3.953009999999999913e+00 2.622528076171875000e+00
3.957907000000000064e+00 2.627702713012695312e+00
3.962852999999999959e+00 2.627702713012695312e+00
3.967829000000000050e+00 2.627702713012695312e+00
3.975759000000000043e+00 2.627702713012695312e+00
3.979353000000000140e+00 2.632877349853515625e+00
3.984234999999999971e+00 2.632877349853515625e+00
3.987766000000000144e+00 2.638051986694335938e+00
3.992754000000000136e+00 2.632877349853515625e+00
3.997635999999999967e+00 2.638051986694335938e+00
4.002646999999999622e+00 2.638051986694335938e+00
4.006168999999999869e+00 2.632877349853515625e+00
4.009768000000000221e+00 2.632877349853515625e+00
4.015236999999999945e+00 2.638051986694335938e+00
4.018817000000000306e+00 2.632877349853515625e+00
4.023705999999999783e+00 2.632877349853515625e+00
4.028640000000000221e+00 2.627702713012695312e+00
4.032219000000000442e+00 2.627702713012695312e+00
4.037113999999999869e+00 2.627702713012695312e+00
4.042137999999999565e+00 2.622528076171875000e+00
4.047061000000000242e+00 2.622528076171875000e+00
4.052656999999999954e+00 2.627702713012695312e+00
4.058857999999999855e+00 2.627702713012695312e+00
4.065023000000000053e+00 2.627702713012695312e+00
4.071344999999999992e+00 2.627702713012695312e+00
4.077596999999999916e+00 2.627702713012695312e+00
4.084234000000000364e+00 2.632877349853515625e+00
4.094615000000000116e+00 2.632877349853515625e+00
4.100829000000000057e+00 2.632877349853515625e+00
4.106959999999999944e+00 2.632877349853515625e+00
4.113177000000000305e+00 2.632877349853515625e+00
4.119405999999999679e+00 2.632877349853515625e+00
4.125556999999999697e+00 2.632877349853515625e+00
4.131775000000000198e+00 2.632877349853515625e+00
4.137992999999999810e+00 2.627702713012695312e+00
4.144256000000000384e+00 2.622528076171875000e+00
4.150544000000000011e+00 2.627702713012695312e+00
4.154397999999999591e+00 2.627702713012695312e+00
4.158006000000000313e+00 2.632877349853515625e+00
4.161635000000000417e+00 2.632877349853515625e+00
4.167098000000000191e+00 2.627702713012695312e+00
4.172241999999999784e+00 2.632877349853515625e+00
4.177247999999999628e+00 2.627702713012695312e+00
4.182377999999999929e+00 2.632877349853515625e+00
4.187350000000000350e+00 2.638051986694335938e+00
4.192417999999999978e+00 2.632877349853515625e+00
4.197617000000000154e+00 2.627702713012695312e+00
4.205322999999999922e+00 2.632877349853515625e+00
4.210696999999999690e+00 2.632877349853515625e+00
4.215677999999999592e+00 2.632877349853515625e+00
4.220733000000000068e+00 2.632877349853515625e+00
4.229235000000000078e+00 2.632877349853515625e+00
4.238150000000000084e+00 2.627702713012695312e+00
4.246453999999999951e+00 2.627702713012695312e+00
4.253828000000000387e+00 2.627702713012695312e+00
4.259185999999999694e+00 2.627702713012695312e+00
4.262761000000000244e+00 2.632877349853515625e+00
4.266350000000000087e+00 2.632877349853515625e+00
4.271504000000000190e+00 2.627702713012695312e+00
4.276553999999999967e+00 2.622528076171875000e+00
4.280237999999999765e+00 2.627702713012695312e+00
4.285317000000000043e+00 2.627702713012695312e+00
4.290532999999999930e+00 2.632877349853515625e+00
4.295584999999999987e+00 2.632877349853515625e+00
4.300702000000000247e+00 2.632877349853515625e+00
4.305748999999999604e+00 2.632877349853515625e+00
4.309360999999999997e+00 2.632877349853515625e+00
4.314588999999999785e+00 2.632877349853515625e+00
4.322244000000000419e+00 2.632877349853515625e+00
4.327669000000000210e+00 2.632877349853515625e+00
4.332943000000000211e+00 2.632877349853515625e+00
4.336566999999999616e+00 2.627702713012695312e+00
4.341667000000000165e+00 2.627702713012695312e+00
4.346729999999999983e+00 2.627702713012695312e+00
4.351811999999999792e+00 2.627702713012695312e+00
4.356867000000000267e+00 2.627702713012695312e+00
4.361970999999999599e+00 2.627702713012695312e+00
4.365575999999999901e+00 2.622528076171875000e+00
4.370890000000000164e+00 2.622528076171875000e+00
4.375961000000000212e+00 2.622528076171875000e+00
4.381072999999999773e+00 2.627702713012695312e+00
4.386133000000000060e+00 2.627702713012695312e+00
4.391225999999999630e+00 2.632877349853515625e+00
4.396296999999999677e+00 2.632877349853515625e+00
4.399990999999999985e+00 2.632877349853515625e+00
4.403588000000000058e+00 2.632877349853515625e+00
4.407186000000000270e+00 2.632877349853515625e+00
4.412339000000000233e+00 2.638051986694335938e+00
4.417436999999999614e+00 2.632877349853515625e+00
4.422608999999999568e+00 2.632877349853515625e+00
4.427706999999999837e+00 2.632877349853515625e+00
4.433003000000000249e+00 2.638051986694335938e+00
4.440673999999999566e+00 2.627702713012695312e+00
4.445877000000000301e+00 2.622528076171875000e+00
4.451178999999999775e+00 2.627702713012695312e+00
4.456284000000000134e+00 2.627702713012695312e+00
4.461428999999999867e+00 2.622528076171875000e+00
4.466505999999999865e+00 2.622528076171875000e+00
4.471712000000000131e+00 2.622528076171875000e+00
4.476801000000000030e+00 2.622528076171875000e+00
4.481953999999999994e+00 2.627702713012695312e+00
4.485591000000000328e+00 2.632877349853515625e+00
4.490734999999999921e+00 2.638051986694335938e+00
4.494365000000000165e+00 2.632877349853515625e+00
4.497967000000000048e+00 2.632877349853515625e+00
4.501560999999999702e+00 2.632877349853515625e+00
4.505162999999999585e+00 2.638051986694335938e+00
4.510275000000000034e+00 2.632877349853515625e+00
4.515399999999999636e+00 2.632877349853515625e+00
4.520801999999999765e+00 2.632877349853515625e+00
4.526337999999999973e+00 2.632877349853515625e+00
4.531495999999999746e+00 2.632877349853515625e+00
4.536586999999999925e+00 2.627702713012695312e+00
4.541771999999999920e+00 2.627702713012695312e+00
4.546865999999999630e+00 2.622528076171875000e+00
4.552192999999999934e+00 2.627702713012695312e+00
4.560534999999999783e+00 2.622528076171875000e+00
4.565675999999999846e+00 2.627702713012695312e+00
4.570844000000000129e+00 2.627702713012695312e+00
4.576044999999999696e+00 2.627702713012695312e+00
4.581242999999999732e+00 2.627702713012695312e+00
4.586367000000000083e+00 2.632877349853515625e+00
4.591554999999999609e+00 2.632877349853515625e+00
4.596682999999999630e+00 2.632877349853515625e+00
4.601842000000000432e+00 2.632877349853515625e+00
4.607000000000000206e+00 2.632877349853515625e+00
4.612246999999999986e+00 2.627702713012695312e+00
4.617390999999999579e+00 2.632877349853515625e+00
4.622637000000000107e+00 2.632877349853515625e+00
4.627805000000000391e+00 2.632877349853515625e+00
4.633047000000000359e+00 2.627702713012695312e+00
4.638262000000000107e+00 2.627702713012695312e+00
4.643411000000000399e+00 2.622528076171875000e+00
4.648731999999999864e+00 2.627702713012695312e+00
4.652398999999999951e+00 2.627702713012695312e+00
4.657580000000000275e+00 2.627702713012695312e+00
4.662867999999999569e+00 2.627702713012695312e+00
4.668244999999999756e+00 2.627702713012695312e+00
4.678209999999999980e+00 2.627702713012695312e+00
4.683396000000000114e+00 2.632877349853515625e+00
4.688621000000000372e+00 2.632877349853515625e+00
4.693807999999999758e+00 2.632877349853515625e+00
4.699078000000000088e+00 2.632877349853515625e+00
4.704241999999999813e+00 2.632877349853515625e+00
4.709455000000000169e+00 2.632877349853515625e+00
4.714608000000000132e+00 2.632877349853515625e+00
4.719809999999999839e+00 2.632877349853515625e+00
4.724993000000000443e+00 2.632877349853515625e+00
4.730209999999999582e+00 2.632877349853515625e+00
4.735419000000000267e+00 2.627702713012695312e+00
4.740637999999999685e+00 2.627702713012695312e+00
4.745846000000000231e+00 2.627702713012695312e+00
4.751059999999999839e+00 2.627702713012695312e+00
4.756261000000000294e+00 2.627702713012695312e+00
4.761560000000000237e+00 2.632877349853515625e+00
4.766785999999999746e+00 2.627702713012695312e+00
4.772060999999999886e+00 2.627702713012695312e+00
4.777264999999999873e+00 2.622528076171875000e+00
4.784089999999999954e+00 2.627702713012695312e+00
4.789500000000000313e+00 2.632877349853515625e+00
4.794732999999999912e+00 2.632877349853515625e+00
4.800012999999999863e+00 2.627702713012695312e+00
4.805255999999999972e+00 2.632877349853515625e+00
4.810607000000000077e+00 2.627702713012695312e+00
4.815838000000000285e+00 2.632877349853515625e+00
4.819598000000000049e+00 2.632877349853515625e+00
4.825706000000000273e+00 2.632877349853515625e+00
4.829557000000000322e+00 2.638051986694335938e+00
4.834833999999999854e+00 2.632877349853515625e+00
4.840117000000000225e+00 2.627702713012695312e+00
4.845368999999999815e+00 2.627702713012695312e+00
4.850672999999999568e+00 2.627702713012695312e+00
4.855944000000000038e+00 2.627702713012695312e+00
4.859795000000000087e+00 2.622528076171875000e+00
4.865021999999999736e+00 2.627702713012695312e+00
4.870265999999999984e+00 2.622528076171875000e+00
4.873975999999999864e+00 2.622528076171875000e+00
4.879279999999999617e+00 2.622528076171875000e+00
4.884549999999999947e+00 2.627702713012695312e+00
4.889801000000000286e+00 2.627702713012695312e+00
4.895350999999999786e+00 2.632877349853515625e+00
4.903826999999999714e+00 2.632877349853515625e+00
4.909235999999999933e+00 2.632877349853515625e+00
4.914458999999999911e+00 2.632877349853515625e+00
4.919709000000000110e+00 2.632877349853515625e+00
4.925019999999999953e+00 2.632877349853515625e+00
4.930333000000000077e+00 2.632877349853515625e+00
4.935585999999999807e+00 2.632877349853515625e+00
4.940890999999999700e+00 2.627702713012695312e+00
4.944611000000000089e+00 2.622528076171875000e+00
4.949879000000000140e+00 2.627702713012695312e+00
4.955119999999999969e+00 2.622528076171875000e+00
4.960403000000000340e+00 2.622528076171875000e+00
4.965645000000000309e+00 2.622528076171875000e+00
4.969357999999999720e+00 2.622528076171875000e+00
4.974661000000000222e+00 2.622528076171875000e+00
4.978411000000000364e+00 2.622528076171875000e+00
4.982165000000000177e+00 2.627702713012695312e+00
4.987479999999999691e+00 2.632877349853515625e+00
4.992872000000000199e+00 2.632877349853515625e+00
4.998184000000000182e+00 2.632877349853515625e+00
5.003485999999999656e+00 2.638051986694335938e+00
5.007228999999999708e+00 2.632877349853515625e+00
5.015423000000000187e+00 2.632877349853515625e+00
5.021144999999999747e+00 2.632877349853515625e+00
5.026482999999999812e+00 2.632877349853515625e+00
5.031921999999999784e+00 2.632877349853515625e+00
5.037249000000000088e+00 2.627702713012695312e+00
5.042743999999999893e+00 2.622528076171875000e+00
5.048137999999999792e+00 2.627702713012695312e+00
5.053465000000000096e+00 2.622528076171875000e+00
5.058848000000000233e+00 2.622528076171875000e+00
5.062597000000000236e+00 2.622528076171875000e+00
5.067976999999999954e+00 2.622528076171875000e+00
5.073305999999999649e+00 2.627702713012695312e+00
5.078726999999999769e+00 2.627702713012695312e+00
5.084080000000000155e+00 2.632877349853515625e+00
5.089490999999999765e+00 2.632877349853515625e+00
5.094852000000000380e+00 2.632877349853515625e+00
5.100234000000000378e+00 2.632877349853515625e+00
5.103972999999999871e+00 2.632877349853515625e+00
5.109388000000000041e+00 2.632877349853515625e+00
5.114700000000000024e+00 2.632877349853515625e+00
5.120091000000000392e+00 2.632877349853515625e+00
5.125630000000000130e+00 2.627702713012695312e+00
5.133821000000000190e+00 2.627702713012695312e+00
5.139567000000000441e+00 2.627702713012695312e+00
5.144936999999999649e+00 2.622528076171875000e+00
5.150300999999999796e+00 2.622528076171875000e+00
5.155674000000000312e+00 2.627702713012695312e+00
5.161128999999999856e+00 2.622528076171875000e+00
5.166508999999999574e+00 2.627702713012695312e+00
5.171898999999999802e+00 2.627702713012695312e+00
5.177279999999999660e+00 2.627702713012695312e+00
5.182789999999999786e+00 2.632877349853515625e+00
5.188236999999999988e+00 2.632877349853515625e+00
5.193654000000000437e+00 2.632877349853515625e+00
5.199099999999999611e+00 2.632877349853515625e+00
5.204494000000000398e+00 2.632877349853515625e+00
5.209891999999999967e+00 2.627702713012695312e+00
5.215277999999999636e+00 2.632877349853515625e+00
5.220735999999999599e+00 2.632877349853515625e+00
5.226168000000000369e+00 2.632877349853515625e+00
5.232092999999999883e+00 2.632877349853515625e+00
5.240596000000000032e+00 2.627702713012695312e+00
5.254025000000000389e+00 2.627702713012695312e+00
5.264191000000000287e+00 2.627702713012695312e+00
5.272234000000000087e+00 2.627702713012695312e+00
5.277795000000000236e+00 2.627702713012695312e+00
5.283345999999999876e+00 2.627702713012695312e+00
5.287176999999999794e+00 2.632877349853515625e+00
5.292741000000000362e+00 2.627702713012695312e+00
5.298281000000000240e+00 2.632877349853515625e+00
5.303732000000000113e+00 2.632877349853515625e+00
5.307563000000000031e+00 2.627702713012695312e+00
5.313111000000000139e+00 2.632877349853515625e+00
5.318632000000000026e+00 2.627702713012695312e+00
5.322392999999999930e+00 2.632877349853515625e+00
5.327936000000000227e+00 2.632877349853515625e+00
5.333416999999999852e+00 2.632877349853515625e+00
5.337194000000000216e+00 2.627702713012695312e+00
5.342763999999999847e+00 2.622528076171875000e+00
5.348292999999999964e+00 2.627702713012695312e+00
5.353754999999999598e+00 2.627702713012695312e+00
5.357584000000000124e+00 2.627702713012695312e+00
5.363106000000000151e+00 2.627702713012695312e+00
5.368678000000000061e+00 2.622528076171875000e+00
5.376922999999999675e+00 2.622528076171875000e+00
5.382863999999999649e+00 2.622528076171875000e+00
5.388418999999999848e+00 2.627702713012695312e+00
5.393894000000000410e+00 2.627702713012695312e+00
5.399434000000000289e+00 2.632877349853515625e+00
5.404918000000000333e+00 2.632877349853515625e+00
5.410401000000000238e+00 2.632877349853515625e+00
5.414166999999999952e+00 2.632877349853515625e+00
5.419675999999999938e+00 2.632877349853515625e+00
5.425175000000000303e+00 2.632877349853515625e+00
5.430779000000000245e+00 2.632877349853515625e+00
5.434556999999999860e+00 2.627702713012695312e+00
5.440062000000000175e+00 2.632877349853515625e+00
5.445571000000000161e+00 2.627702713012695312e+00
5.451152999999999693e+00 2.627702713012695312e+00
5.456639000000000017e+00 2.627702713012695312e+00
5.462203999999999837e+00 2.622528076171875000e+00
5.467723999999999585e+00 2.622528076171875000e+00
5.473326000000000136e+00 2.622528076171875000e+00
5.478892000000000095e+00 2.622528076171875000e+00
5.484561000000000242e+00 2.627702713012695312e+00
5.492716999999999850e+00 2.632877349853515625e+00
5.498634000000000022e+00 2.632877349853515625e+00
5.504393999999999565e+00 2.632877349853515625e+00
5.508233999999999853e+00 2.632877349853515625e+00
5.513765000000000249e+00 2.632877349853515625e+00
5.517589000000000077e+00 2.632877349853515625e+00
5.523197999999999830e+00 2.632877349853515625e+00
5.528796999999999962e+00 2.632877349853515625e+00
5.534334000000000309e+00 2.627702713012695312e+00
5.539886000000000088e+00 2.622528076171875000e+00
5.545423000000000435e+00 2.617353439331054688e+00
5.551039000000000279e+00 2.622528076171875000e+00
5.556568999999999647e+00 2.627702713012695312e+00
5.562231999999999843e+00 2.622528076171875000e+00
5.567840000000000344e+00 2.622528076171875000e+00
5.573427999999999827e+00 2.622528076171875000e+00
5.579045999999999950e+00 2.627702713012695312e+00
5.584592999999999918e+00 2.632877349853515625e+00
5.590165999999999968e+00 2.632877349853515625e+00
5.595761999999999681e+00 2.632877349853515625e+00
5.601487999999999801e+00 2.632877349853515625e+00
5.609958999999999918e+00 2.632877349853515625e+00
5.615855999999999959e+00 2.632877349853515625e+00
5.621514999999999596e+00 2.627702713012695312e+00
5.627107999999999777e+00 2.627702713012695312e+00
5.632818999999999576e+00 2.627702713012695312e+00
5.638473000000000290e+00 2.622528076171875000e+00
5.644053999999999682e+00 2.622528076171875000e+00
5.649659999999999904e+00 2.627702713012695312e+00
5.655237999999999765e+00 2.622528076171875000e+00
5.659169000000000338e+00 2.622528076171875000e+00
5.664778000000000091e+00 2.627702713012695312e+00
5.670384000000000313e+00 2.627702713012695312e+00
5.675994000000000206e+00 2.627702713012695312e+00
5.681655000000000122e+00 2.627702713012695312e+00
5.687268999999999686e+00 2.632877349853515625e+00
5.691391000000000311e+00 2.632877349853515625e+00
5.696996000000000393e+00 2.632877349853515625e+00
5.702693000000000012e+00 2.632877349853515625e+00
5.708375000000000199e+00 2.632877349853515625e+00
5.713989999999999903e+00 2.627702713012695312e+00
5.719731000000000343e+00 2.632877349853515625e+00
5.727960999999999636e+00 2.632877349853515625e+00
5.733881000000000228e+00 2.622528076171875000e+00
5.739545999999999815e+00 2.622528076171875000e+00
5.745178000000000118e+00 2.627702713012695312e+00
5.750822000000000322e+00 2.627702713012695312e+00
5.756439000000000306e+00 2.627702713012695312e+00
5.762090999999999852e+00 2.627702713012695312e+00
5.767730000000000246e+00 2.627702713012695312e+00
5.773428000000000004e+00 2.627702713012695312e+00
5.779151999999999845e+00 2.627702713012695312e+00
5.784787999999999819e+00 2.632877349853515625e+00
5.790426000000000073e+00 2.627702713012695312e+00
5.796052000000000426e+00 2.627702713012695312e+00
5.800010999999999584e+00 2.632877349853515625e+00
5.805636999999999937e+00 2.632877349853515625e+00
5.811586000000000141e+00 2.627702713012695312e+00
5.817224999999999646e+00 2.627702713012695312e+00
5.823012000000000299e+00 2.632877349853515625e+00
5.828708999999999918e+00 2.632877349853515625e+00
5.834323000000000370e+00 2.632877349853515625e+00
5.842939999999999579e+00 2.622528076171875000e+00
5.848970999999999698e+00 2.627702713012695312e+00
5.854629000000000083e+00 2.627702713012695312e+00
5.860279000000000238e+00 2.627702713012695312e+00
5.865916999999999604e+00 2.622528076171875000e+00
5.871647000000000283e+00 2.627702713012695312e+00
5.877290999999999599e+00 2.617353439331054688e+00
5.883049999999999891e+00 2.627702713012695312e+00
5.888765000000000249e+00 2.627702713012695312e+00
5.894433000000000256e+00 2.627702713012695312e+00
5.898376999999999981e+00 2.627702713012695312e+00
5.904086000000000389e+00 2.627702713012695312e+00
5.909798000000000329e+00 2.632877349853515625e+00
5.915697999999999901e+00 2.632877349853515625e+00
5.921400000000000219e+00 2.632877349853515625e+00
5.927025999999999684e+00 2.632877349853515625e+00
5.931023999999999852e+00 2.632877349853515625e+00
5.936710999999999849e+00 2.627702713012695312e+00
5.942400000000000126e+00 2.627702713012695312e+00
5.948112000000000066e+00 2.622528076171875000e+00
5.953940000000000232e+00 2.622528076171875000e+00
5.962310999999999694e+00 2.617353439331054688e+00
5.968365000000000364e+00 2.622528076171875000e+00
5.974056000000000033e+00 2.622528076171875000e+00
5.979763000000000162e+00 2.622528076171875000e+00
5.985445999999999600e+00 2.627702713012695312e+00
5.991169000000000189e+00 2.627702713012695312e+00
5.996850000000000236e+00 2.632877349853515625e+00
6.002596999999999738e+00 2.632877349853515625e+00
6.008318000000000048e+00 2.632877349853515625e+00
6.014020000000000366e+00 2.632877349853515625e+00
6.019916000000000267e+00 2.632877349853515625e+00
6.025674999999999670e+00 2.632877349853515625e+00
6.031450000000000422e+00 2.632877349853515625e+00
6.037162000000000361e+00 2.627702713012695312e+00
6.041205999999999854e+00 2.622528076171875000e+00
6.046898999999999802e+00 2.622528076171875000e+00
6.052732999999999919e+00 2.622528076171875000e+00
6.058525000000000382e+00 2.622528076171875000e+00
6.064238999999999713e+00 2.622528076171875000e+00
6.069954000000000072e+00 2.622528076171875000e+00
6.078634000000000093e+00 2.617353439331054688e+00
6.084679999999999644e+00 2.632877349853515625e+00
6.090408000000000044e+00 2.632877349853515625e+00
6.096111999999999753e+00 2.632877349853515625e+00
6.101899999999999658e+00 2.632877349853515625e+00
6.107611000000000345e+00 2.632877349853515625e+00
6.113429000000000002e+00 2.632877349853515625e+00
6.119290000000000340e+00 2.632877349853515625e+00
6.125053000000000303e+00 2.627702713012695312e+00
6.130899999999999572e+00 2.627702713012695312e+00
6.136629000000000111e+00 2.622528076171875000e+00
6.142449000000000048e+00 2.622528076171875000e+00
6.146395000000000053e+00 2.622528076171875000e+00
6.150303000000000075e+00 2.622528076171875000e+00
6.156057999999999808e+00 2.622528076171875000e+00
6.161890999999999785e+00 2.622528076171875000e+00
6.167699999999999960e+00 2.627702713012695312e+00
6.173491000000000284e+00 2.627702713012695312e+00
6.179268000000000427e+00 2.627702713012695312e+00
6.184986999999999568e+00 2.632877349853515625e+00
6.193613000000000035e+00 2.632877349853515625e+00
6.199602999999999753e+00 2.632877349853515625e+00
6.203592999999999691e+00 2.632877349853515625e+00
6.209442000000000128e+00 2.627702713012695312e+00
6.215228999999999893e+00 2.627702713012695312e+00
6.221045000000000158e+00 2.627702713012695312e+00
6.226765999999999579e+00 2.627702713012695312e+00
6.232528000000000290e+00 2.627702713012695312e+00
6.238526000000000238e+00 2.622528076171875000e+00
6.249939999999999607e+00 2.622528076171875000e+00
6.257524000000000086e+00 2.627702713012695312e+00
6.266860999999999571e+00 2.627702713012695312e+00
6.273304999999999687e+00 2.627702713012695312e+00
6.279143999999999615e+00 2.622528076171875000e+00
6.284896999999999956e+00 2.627702713012695312e+00
6.290670000000000428e+00 2.632877349853515625e+00
6.296424000000000021e+00 2.632877349853515625e+00
6.305202000000000417e+00 2.627702713012695312e+00
6.311358000000000246e+00 2.627702713012695312e+00
6.317154000000000380e+00 2.632877349853515625e+00
6.323201000000000072e+00 2.632877349853515625e+00
6.329151000000000415e+00 2.632877349853515625e+00
6.334978999999999694e+00 2.627702713012695312e+00
6.340932999999999709e+00 2.622528076171875000e+00
6.346821000000000268e+00 2.627702713012695312e+00
6.352720999999999840e+00 2.627702713012695312e+00
6.358639000000000152e+00 2.627702713012695312e+00
6.364529000000000103e+00 2.627702713012695312e+00
6.370398999999999923e+00 2.627702713012695312e+00
6.376298000000000243e+00 2.622528076171875000e+00
6.380364000000000146e+00 2.622528076171875000e+00
6.384430000000000049e+00 2.627702713012695312e+00
6.390320000000000000e+00 2.627702713012695312e+00
6.394389999999999574e+00 2.627702713012695312e+00
6.400216000000000349e+00 2.627702713012695312e+00
6.404192000000000107e+00 2.627702713012695312e+00
6.410012000000000043e+00 2.627702713012695312e+00
6.418720000000000425e+00 2.627702713012695312e+00
6.427812000000000303e+00 2.627702713012695312e+00
6.433809000000000111e+00 2.627702713012695312e+00
6.439699000000000062e+00 2.627702713012695312e+00
6.445572000000000301e+00 2.627702713012695312e+00
6.451510999999999996e+00 2.627702713012695312e+00
6.457334999999999603e+00 2.622528076171875000e+00
6.463409999999999656e+00 2.622528076171875000e+00
6.469327999999999967e+00 2.622528076171875000e+00
6.475194000000000116e+00 2.617353439331054688e+00
6.481118999999999630e+00 2.622528076171875000e+00
6.486926999999999666e+00 2.627702713012695312e+00
6.492850999999999928e+00 2.627702713012695312e+00
6.498752999999999780e+00 2.627702713012695312e+00
6.504628000000000299e+00 2.632877349853515625e+00
6.510524000000000200e+00 2.627702713012695312e+00
6.514561999999999742e+00 2.632877349853515625e+00
6.520423000000000080e+00 2.632877349853515625e+00
6.524364000000000274e+00 2.632877349853515625e+00
6.533228000000000257e+00 2.632877349853515625e+00
6.539500999999999564e+00 2.627702713012695312e+00
6.545350000000000001e+00 2.622528076171875000e+00
6.551288999999999696e+00 2.622528076171875000e+00
6.557167999999999886e+00 2.622528076171875000e+00
6.563181000000000154e+00 2.622528076171875000e+00
6.569139999999999979e+00 2.622528076171875000e+00
6.575085999999999764e+00 2.617353439331054688e+00
6.579181000000000168e+00 2.622528076171875000e+00
6.585028000000000326e+00 2.627702713012695312e+00
6.590994000000000241e+00 2.632877349853515625e+00
6.596883000000000052e+00 2.632877349853515625e+00
6.602863000000000149e+00 2.627702713012695312e+00
6.608823000000000114e+00 2.632877349853515625e+00
6.614779000000000408e+00 2.632877349853515625e+00
6.620771000000000406e+00 2.632877349853515625e+00
6.626646000000000036e+00 2.627702713012695312e+00
6.632645000000000124e+00 2.627702713012695312e+00
6.638624000000000080e+00 2.622528076171875000e+00
6.644918999999999798e+00 2.622528076171875000e+00
6.654016999999999626e+00 2.622528076171875000e+00
6.659946999999999839e+00 2.617353439331054688e+00
6.663986999999999661e+00 2.622528076171875000e+00
6.669907000000000252e+00 2.627702713012695312e+00
6.675831999999999766e+00 2.622528076171875000e+00
6.681784000000000390e+00 2.627702713012695312e+00
6.687659000000000020e+00 2.632877349853515625e+00
6.693712999999999802e+00 2.632877349853515625e+00
6.699716999999999700e+00 2.632877349853515625e+00
6.703764999999999752e+00 2.632877349853515625e+00
6.709668999999999883e+00 2.632877349853515625e+00
6.715619000000000227e+00 2.627702713012695312e+00
6.721597000000000044e+00 2.627702713012695312e+00
6.727545000000000108e+00 2.627702713012695312e+00
6.733590000000000408e+00 2.627702713012695312e+00
6.739584999999999937e+00 2.622528076171875000e+00
6.745536999999999672e+00 2.622528076171875000e+00
6.751570000000000071e+00 2.622528076171875000e+00
6.757474000000000203e+00 2.622528076171875000e+00
6.766278999999999932e+00 2.627702713012695312e+00
6.772668000000000355e+00 2.622528076171875000e+00
6.778688999999999965e+00 2.627702713012695312e+00
6.782803999999999611e+00 2.627702713012695312e+00
6.788825000000000109e+00 2.627702713012695312e+00
6.794851000000000418e+00 2.627702713012695312e+00
6.800970000000000404e+00 2.627702713012695312e+00
6.806994999999999685e+00 2.627702713012695312e+00
6.813062999999999647e+00 2.627702713012695312e+00
6.819218000000000224e+00 2.627702713012695312e+00
6.825263999999999776e+00 2.627702713012695312e+00
6.831373000000000140e+00 2.627702713012695312e+00
6.837594000000000172e+00 2.622528076171875000e+00
6.843689999999999607e+00 2.622528076171875000e+00
6.849807000000000201e+00 2.627702713012695312e+00
6.853962000000000110e+00 2.622528076171875000e+00
6.859984999999999999e+00 2.622528076171875000e+00
6.866042000000000201e+00 2.627702713012695312e+00
6.872123000000000204e+00 2.622528076171875000e+00
6.876167999999999836e+00 2.622528076171875000e+00
6.884915999999999592e+00 2.622528076171875000e+00
6.891318000000000055e+00 2.627702713012695312e+00
6.897422999999999860e+00 2.627702713012695312e+00
6.903660999999999603e+00 2.627702713012695312e+00
6.909798000000000329e+00 2.627702713012695312e+00
6.915884000000000142e+00 2.632877349853515625e+00
6.922047000000000061e+00 2.627702713012695312e+00
6.928190999999999988e+00 2.632877349853515625e+00
6.932377999999999929e+00 2.627702713012695312e+00
6.938460000000000072e+00 2.627702713012695312e+00
6.944600999999999580e+00 2.622528076171875000e+00
6.950708999999999804e+00 2.627702713012695312e+00
6.956803999999999988e+00 2.622528076171875000e+00
6.962915999999999883e+00 2.622528076171875000e+00
6.969044000000000239e+00 2.622528076171875000e+00
6.975099000000000160e+00 2.617353439331054688e+00
6.981213000000000335e+00 2.617353439331054688e+00
6.987198000000000242e+00 2.627702713012695312e+00
6.993521999999999572e+00 2.627702713012695312e+00
7.002658000000000271e+00 2.627702713012695312e+00
7.008877000000000024e+00 2.627702713012695312e+00
7.014967000000000397e+00 2.632877349853515625e+00
7.021128000000000036e+00 2.632877349853515625e+00
7.027287000000000283e+00 2.627702713012695312e+00
7.033465999999999774e+00 2.627702713012695312e+00
7.039589999999999570e+00 2.627702713012695312e+00
7.045692999999999984e+00 2.622528076171875000e+00
7.051865000000000272e+00 2.617353439331054688e+00
7.058040000000000092e+00 2.622528076171875000e+00
7.064159000000000077e+00 2.617353439331054688e+00
7.070282999999999873e+00 2.617353439331054688e+00
7.076413999999999760e+00 2.617353439331054688e+00
7.082602999999999760e+00 2.622528076171875000e+00
7.088750000000000107e+00 2.627702713012695312e+00
7.094871000000000372e+00 2.627702713012695312e+00
7.101053000000000281e+00 2.632877349853515625e+00
7.107376000000000360e+00 2.632877349853515625e+00
7.116172999999999860e+00 2.632877349853515625e+00
7.122703999999999702e+00 2.632877349853515625e+00
7.128870000000000040e+00 2.632877349853515625e+00
7.134927000000000241e+00 2.622528076171875000e+00
7.141138999999999903e+00 2.617353439331054688e+00
7.147293999999999592e+00 2.617353439331054688e+00
7.153567999999999927e+00 2.617353439331054688e+00
7.159722999999999615e+00 2.617353439331054688e+00
7.165894999999999904e+00 2.622528076171875000e+00
7.172076999999999813e+00 2.622528076171875000e+00
7.178282000000000274e+00 2.622528076171875000e+00
7.184407000000000210e+00 2.627702713012695312e+00
7.190527000000000335e+00 2.632877349853515625e+00
7.196648999999999852e+00 2.632877349853515625e+00
7.202808000000000099e+00 2.627702713012695312e+00
7.208942000000000405e+00 2.632877349853515625e+00
7.215080999999999634e+00 2.627702713012695312e+00
7.221401000000000181e+00 2.627702713012695312e+00
7.225588000000000122e+00 2.627702713012695312e+00
7.234585000000000043e+00 2.632877349853515625e+00
7.241579999999999906e+00 2.617353439331054688e+00
7.250871000000000066e+00 2.617353439331054688e+00
7.260900999999999605e+00 2.617353439331054688e+00
7.273095999999999783e+00 2.622528076171875000e+00
7.279670000000000307e+00 2.622528076171875000e+00
7.285846000000000267e+00 2.627702713012695312e+00
7.292065000000000019e+00 2.627702713012695312e+00
7.298340999999999745e+00 2.627702713012695312e+00
7.304520000000000124e+00 2.627702713012695312e+00
7.310710000000000264e+00 2.627702713012695312e+00
7.316877999999999993e+00 2.627702713012695312e+00
7.321174000000000071e+00 2.627702713012695312e+00
7.325395999999999574e+00 2.627702713012695312e+00
7.329600000000000115e+00 2.627702713012695312e+00
7.335733000000000281e+00 2.622528076171875000e+00
7.340009000000000228e+00 2.622528076171875000e+00
7.346377999999999631e+00 2.622528076171875000e+00
7.356099999999999639e+00 2.622528076171875000e+00
7.362383000000000344e+00 2.622528076171875000e+00
7.368693999999999633e+00 2.622528076171875000e+00
7.374924000000000035e+00 2.622528076171875000e+00
7.381212999999999802e+00 2.622528076171875000e+00
7.387448000000000015e+00 2.627702713012695312e+00
7.393816000000000166e+00 2.622528076171875000e+00
7.398043000000000369e+00 2.627702713012695312e+00
7.404211000000000098e+00 2.627702713012695312e+00
7.410480999999999874e+00 2.627702713012695312e+00
7.416765999999999970e+00 2.627702713012695312e+00
7.423008000000000273e+00 2.627702713012695312e+00
7.429298000000000179e+00 2.643226623535156250e+00
7.435535999999999923e+00 2.762242317199707031e+00
7.441842000000000290e+00 3.072717666625976562e+00
7.448217999999999783e+00 4.790682792663574219e+00
7.452409000000000283e+00 4.795857429504394531e+00
7.456618999999999886e+00 4.790682792663574219e+00
7.463096000000000174e+00 4.795857429504394531e+00
7.472400999999999627e+00 4.785508155822753906e+00
7.478818999999999662e+00 4.785508155822753906e+00
7.485119000000000078e+00 4.795857429504394531e+00
7.491426999999999836e+00 4.795857429504394531e+00
7.497671000000000419e+00 4.795857429504394531e+00
7.504010000000000069e+00 4.795857429504394531e+00
7.510318999999999967e+00 4.795857429504394531e+00
7.516602999999999923e+00 4.795857429504394531e+00
7.522927000000000142e+00 4.795857429504394531e+00
7.529281000000000112e+00 4.795857429504394531e+00
7.535549999999999748e+00 4.790682792663574219e+00
7.539808999999999983e+00 4.790682792663574219e+00
7.546114000000000210e+00 4.790682792663574219e+00
7.550364000000000075e+00 4.785508155822753906e+00
7.554573999999999678e+00 4.790682792663574219e+00
7.558787999999999840e+00 4.785508155822753906e+00
7.563000999999999863e+00 4.790682792663574219e+00
7.567217000000000304e+00 4.790682792663574219e+00
7.573752999999999957e+00 4.790682792663574219e+00
7.582638000000000211e+00 4.790682792663574219e+00
7.589368999999999588e+00 4.790682792663574219e+00
7.593570999999999849e+00 4.795857429504394531e+00
7.599849999999999994e+00 4.795857429504394531e+00
7.606151999999999802e+00 4.795857429504394531e+00
7.612551999999999985e+00 4.795857429504394531e+00
7.618943999999999939e+00 4.795857429504394531e+00
7.625262000000000207e+00 4.795857429504394531e+00
7.631629000000000218e+00 4.795857429504394531e+00
7.637963000000000058e+00 4.785508155822753906e+00
7.644321999999999839e+00 4.790682792663574219e+00
7.650647000000000197e+00 4.790682792663574219e+00
7.656950000000000145e+00 4.785508155822753906e+00
7.663312000000000346e+00 4.790682792663574219e+00
7.669696000000000069e+00 4.790682792663574219e+00
7.675970000000000404e+00 4.790682792663574219e+00
7.682342000000000226e+00 4.795857429504394531e+00
7.686561000000000199e+00 4.795857429504394531e+00
7.693139000000000394e+00 4.795857429504394531e+00
7.702117000000000324e+00 4.801032066345214844e+00
7.708816999999999808e+00 4.801032066345214844e+00
7.715196999999999861e+00 4.795857429504394531e+00
7.721595999999999904e+00 4.795857429504394531e+00
7.727990000000000137e+00 4.795857429504394531e+00
7.734411999999999843e+00 4.785508155822753906e+00
7.740809999999999746e+00 4.785508155822753906e+00
7.747395000000000032e+00 4.790682792663574219e+00
7.751736000000000182e+00 4.790682792663574219e+00
7.758178000000000019e+00 4.790682792663574219e+00
7.764522999999999620e+00 4.790682792663574219e+00
7.770883999999999681e+00 4.790682792663574219e+00
7.777277999999999913e+00 4.790682792663574219e+00
7.783770999999999773e+00 4.795857429504394531e+00
7.790080999999999811e+00 4.795857429504394531e+00
7.796469000000000094e+00 4.795857429504394531e+00
