1.396000000000000105e-03 2.648401260375976562e+00
4.856000000000000073e-03 2.648401260375976562e+00
8.302999999999999617e-03 2.648401260375976562e+00
1.177199999999999948e-02 2.648401260375976562e+00
1.536200000000000065e-02 2.648401260375976562e+00
1.866100000000000050e-02 2.648401260375976562e+00
2.210700000000000165e-02 2.648401260375976562e+00
2.584600000000000092e-02 2.648401260375976562e+00
2.946000000000000008e-02 2.648401260375976562e+00
3.292099999999999888e-02 2.648401260375976562e+00
3.638799999999999674e-02 2.648401260375976562e+00
3.998700000000000171e-02 2.643226623535156250e+00
4.346699999999999869e-02 2.643226623535156250e+00
4.693200000000000149e-02 2.638051986694335938e+00
5.053799999999999959e-02 2.638051986694335938e+00
5.397500000000000214e-02 2.638051986694335938e+00
5.761100000000000249e-02 2.638051986694335938e+00
6.653799999999999992e-02 2.632877349853515625e+00
7.031300000000000050e-02 2.638051986694335938e+00
7.374699999999999311e-02 2.638051986694335938e+00
7.711700000000000499e-02 2.638051986694335938e+00
8.049199999999999411e-02 2.643226623535156250e+00
8.396900000000000197e-02 2.638051986694335938e+00
8.755400000000000682e-02 2.643226623535156250e+00
9.115399999999999892e-02 2.638051986694335938e+00
9.444700000000000317e-02 2.643226623535156250e+00
9.805899999999999339e-02 2.648401260375976562e+00
1.015059999999999990e-01 2.648401260375976562e+00
1.049739999999999979e-01 2.648401260375976562e+00
1.082639999999999991e-01 2.648401260375976562e+00
1.116960000000000036e-01 2.653575897216796875e+00
1.151510000000000034e-01 2.648401260375976562e+00
1.184639999999999999e-01 2.653575897216796875e+00
1.219139999999999946e-01 2.648401260375976562e+00
1.253450000000000120e-01 2.648401260375976562e+00
1.286559999999999926e-01 2.648401260375976562e+00
1.320909999999999862e-01 2.648401260375976562e+00
1.355409999999999948e-01 2.648401260375976562e+00
1.439580000000000026e-01 2.643226623535156250e+00
1.523760000000000114e-01 2.638051986694335938e+00
1.577199999999999991e-01 2.638051986694335938e+00
1.614730000000000054e-01 2.638051986694335938e+00
1.649269999999999903e-01 2.638051986694335938e+00
1.764110000000000122e-01 2.643226623535156250e+00
1.803899999999999948e-01 2.638051986694335938e+00
1.838410000000000044e-01 2.643226623535156250e+00
1.875950000000000117e-01 2.643226623535156250e+00
1.915070000000000106e-01 2.643226623535156250e+00
1.949589999999999934e-01 2.648401260375976562e+00
1.985629999999999895e-01 2.648401260375976562e+00
2.020170000000000021e-01 2.648401260375976562e+00
2.054620000000000057e-01 2.648401260375976562e+00
2.089139999999999886e-01 2.643226623535156250e+00
2.123720000000000052e-01 2.648401260375976562e+00
2.158140000000000058e-01 2.648401260375976562e+00
2.192659999999999887e-01 2.648401260375976562e+00
2.227190000000000003e-01 2.648401260375976562e+00
2.261660000000000059e-01 2.648401260375976562e+00
2.296169999999999878e-01 2.648401260375976562e+00
2.336709999999999898e-01 2.643226623535156250e+00
2.371880000000000099e-01 2.648401260375976562e+00
2.406149999999999956e-01 2.643226623535156250e+00
2.440640000000000032e-01 2.643226623535156250e+00
2.475189999999999890e-01 2.638051986694335938e+00
2.508139999999999814e-01 2.643226623535156250e+00
2.542559999999999820e-01 2.643226623535156250e+00
2.577139999999999986e-01 2.643226623535156250e+00
2.611669999999999825e-01 2.638051986694335938e+00
2.644650000000000056e-01 2.643226623535156250e+00
2.679170000000000162e-01 2.643226623535156250e+00
2.713690000000000269e-01 2.643226623535156250e+00
2.757450000000000179e-01 2.643226623535156250e+00
2.790349999999999775e-01 2.638051986694335938e+00
2.824840000000000129e-01 2.643226623535156250e+00
2.859329999999999927e-01 2.643226623535156250e+00
2.941520000000000246e-01 2.638051986694335938e+00
2.975659999999999972e-01 2.643226623535156250e+00
3.010289999999999910e-01 2.648401260375976562e+00
3.044709999999999916e-01 2.648401260375976562e+00
3.079239999999999755e-01 2.648401260375976562e+00
3.112179999999999946e-01 2.648401260375976562e+00
3.146660000000000013e-01 2.643226623535156250e+00
3.181160000000000099e-01 2.648401260375976562e+00
3.214060000000000250e-01 2.643226623535156250e+00
3.248550000000000049e-01 2.643226623535156250e+00
3.283059999999999867e-01 2.648401260375976562e+00
3.316450000000000231e-01 2.648401260375976562e+00
3.350839999999999930e-01 2.648401260375976562e+00
3.385400000000000076e-01 2.653575897216796875e+00
3.421469999999999789e-01 2.648401260375976562e+00
3.454409999999999981e-01 2.643226623535156250e+00
3.488910000000000067e-01 2.643226623535156250e+00
3.523450000000000193e-01 2.643226623535156250e+00
3.556369999999999809e-01 2.643226623535156250e+00
3.590889999999999915e-01 2.643226623535156250e+00
3.624780000000000224e-01 2.648401260375976562e+00
3.659290000000000043e-01 2.643226623535156250e+00
3.692210000000000214e-01 2.643226623535156250e+00
3.726769999999999805e-01 2.643226623535156250e+00
3.761309999999999931e-01 2.638051986694335938e+00
3.797440000000000260e-01 2.638051986694335938e+00
3.831700000000000106e-01 2.638051986694335938e+00
3.866330000000000044e-01 2.638051986694335938e+00
3.900810000000000111e-01 2.638051986694335938e+00
3.935420000000000029e-01 2.643226623535156250e+00
3.968380000000000241e-01 2.643226623535156250e+00
4.002930000000000099e-01 2.648401260375976562e+00
4.088310000000000000e-01 2.648401260375976562e+00
4.122680000000000233e-01 2.643226623535156250e+00
4.157350000000000212e-01 2.648401260375976562e+00
4.190300000000000136e-01 2.653575897216796875e+00
4.224789999999999934e-01 2.648401260375976562e+00
4.258020000000000138e-01 2.648401260375976562e+00
4.292599999999999749e-01 2.648401260375976562e+00
4.327110000000000123e-01 2.648401260375976562e+00
4.361590000000000189e-01 2.648401260375976562e+00
4.396079999999999988e-01 2.648401260375976562e+00
4.430540000000000034e-01 2.648401260375976562e+00
4.465060000000000140e-01 2.643226623535156250e+00
4.501189999999999913e-01 2.643226623535156250e+00
4.535669999999999980e-01 2.643226623535156250e+00
4.568729999999999736e-01 2.643226623535156250e+00
4.603160000000000029e-01 2.638051986694335938e+00
4.637649999999999828e-01 2.638051986694335938e+00
4.671179999999999777e-01 2.638051986694335938e+00
4.705090000000000106e-01 2.638051986694335938e+00
4.739650000000000252e-01 2.638051986694335938e+00
4.772750000000000048e-01 2.638051986694335938e+00
4.807109999999999994e-01 2.638051986694335938e+00
4.839950000000000085e-01 2.638051986694335938e+00
4.874640000000000084e-01 2.638051986694335938e+00
4.909060000000000090e-01 2.638051986694335938e+00
4.943609999999999949e-01 2.643226623535156250e+00
4.976599999999999913e-01 2.643226623535156250e+00
5.011160000000000059e-01 2.648401260375976562e+00
5.043999999999999595e-01 2.648401260375976562e+00
5.077049999999999619e-01 2.648401260375976562e+00
5.111560000000000548e-01 2.648401260375976562e+00
5.144459999999999589e-01 2.648401260375976562e+00
5.230489999999999862e-01 2.653575897216796875e+00
5.265929999999999778e-01 2.648401260375976562e+00
5.300399999999999556e-01 2.648401260375976562e+00
5.334900000000000198e-01 2.648401260375976562e+00
5.369390000000000551e-01 2.648401260375976562e+00
5.405539999999999790e-01 2.648401260375976562e+00
5.438420000000000476e-01 2.648401260375976562e+00
5.473040000000000127e-01 2.638051986694335938e+00
5.507469999999999866e-01 2.638051986694335938e+00
5.540389999999999482e-01 2.643226623535156250e+00
5.575020000000000531e-01 2.638051986694335938e+00
5.609499999999999487e-01 2.638051986694335938e+00
5.642420000000000213e-01 2.638051986694335938e+00
5.676999999999999824e-01 2.638051986694335938e+00
5.711380000000000345e-01 2.638051986694335938e+00
5.744299999999999962e-01 2.638051986694335938e+00
5.780520000000000103e-01 2.638051986694335938e+00
5.814890000000000336e-01 2.643226623535156250e+00
5.850849999999999662e-01 2.643226623535156250e+00
5.885489999999999888e-01 2.643226623535156250e+00
5.918449999999999545e-01 2.643226623535156250e+00
5.952950000000000186e-01 2.643226623535156250e+00
5.987510000000000332e-01 2.648401260375976562e+00
6.020510000000000028e-01 2.653575897216796875e+00
6.054960000000000342e-01 2.653575897216796875e+00
6.089470000000000161e-01 2.648401260375976562e+00
6.122450000000000392e-01 2.648401260375976562e+00
6.156960000000000210e-01 2.648401260375976562e+00
6.190320000000000267e-01 2.648401260375976562e+00
6.224730000000000540e-01 2.648401260375976562e+00
6.259249999999999536e-01 2.648401260375976562e+00
6.292170000000000263e-01 2.648401260375976562e+00
6.326699999999999546e-01 2.648401260375976562e+00
6.416410000000000169e-01 2.643226623535156250e+00
6.450799999999999867e-01 2.638051986694335938e+00
6.485440000000000094e-01 2.638051986694335938e+00
6.518389999999999462e-01 2.643226623535156250e+00
6.552879999999999816e-01 2.643226623535156250e+00
6.587420000000000497e-01 2.638051986694335938e+00
6.620319999999999538e-01 2.638051986694335938e+00
6.654790000000000427e-01 2.638051986694335938e+00
6.689359999999999751e-01 2.643226623535156250e+00
6.722449999999999815e-01 2.643226623535156250e+00
6.756849999999999801e-01 2.648401260375976562e+00
6.791350000000000442e-01 2.643226623535156250e+00
6.824210000000000553e-01 2.643226623535156250e+00
6.860129999999999839e-01 2.648401260375976562e+00
6.894780000000000353e-01 2.643226623535156250e+00
6.929269999999999596e-01 2.648401260375976562e+00
6.962209999999999788e-01 2.648401260375976562e+00
6.996750000000000469e-01 2.648401260375976562e+00
7.031209999999999960e-01 2.653575897216796875e+00
7.064150000000000151e-01 2.648401260375976562e+00
7.100279999999999925e-01 2.648401260375976562e+00
7.135010000000000518e-01 2.648401260375976562e+00
7.169520000000000337e-01 2.648401260375976562e+00
7.205599999999999783e-01 2.648401260375976562e+00
7.238560000000000549e-01 2.648401260375976562e+00
7.273150000000000448e-01 2.648401260375976562e+00
7.307649999999999979e-01 2.648401260375976562e+00
7.340550000000000130e-01 2.648401260375976562e+00
7.375239999999999574e-01 2.648401260375976562e+00
7.411210000000000298e-01 2.648401260375976562e+00
7.444100000000000161e-01 2.643226623535156250e+00
7.526859999999999662e-01 2.638051986694335938e+00
7.562039999999999873e-01 2.643226623535156250e+00
7.599770000000000136e-01 2.643226623535156250e+00
7.634140000000000370e-01 2.643226623535156250e+00
7.668599999999999861e-01 2.643226623535156250e+00
7.703160000000000007e-01 2.643226623535156250e+00
7.737659999999999538e-01 2.643226623535156250e+00
7.772229999999999972e-01 2.643226623535156250e+00
7.806610000000000493e-01 2.643226623535156250e+00
7.841960000000000042e-01 2.643226623535156250e+00
7.877250000000000085e-01 2.643226623535156250e+00
7.910089999999999621e-01 2.643226623535156250e+00
7.944710000000000383e-01 2.648401260375976562e+00
7.979220000000000201e-01 2.648401260375976562e+00
8.013700000000000268e-01 2.648401260375976562e+00
8.105390000000000095e-01 2.648401260375976562e+00
8.141460000000000363e-01 2.643226623535156250e+00
8.177299999999999569e-01 2.648401260375976562e+00
8.211770000000000458e-01 2.648401260375976562e+00
8.246120000000000116e-01 2.648401260375976562e+00
8.280619999999999647e-01 2.648401260375976562e+00
8.315150000000000041e-01 2.648401260375976562e+00
8.348100000000000520e-01 2.653575897216796875e+00
8.384129999999999638e-01 2.648401260375976562e+00
8.418660000000000032e-01 2.653575897216796875e+00
8.453209999999999891e-01 2.648401260375976562e+00
8.486110000000000042e-01 2.643226623535156250e+00
8.520630000000000148e-01 2.643226623535156250e+00
8.555110000000000214e-01 2.643226623535156250e+00
8.641210000000000280e-01 2.643226623535156250e+00
8.676110000000000211e-01 2.643226623535156250e+00
8.710700000000000109e-01 2.643226623535156250e+00
8.745220000000000216e-01 2.643226623535156250e+00
8.779770000000000074e-01 2.638051986694335938e+00
8.814220000000000388e-01 2.638051986694335938e+00
8.848890000000000366e-01 2.638051986694335938e+00
8.883199999999999985e-01 2.638051986694335938e+00
8.917819999999999636e-01 2.638051986694335938e+00
8.952219999999999622e-01 2.643226623535156250e+00
8.986699999999999688e-01 2.648401260375976562e+00
9.021679999999999700e-01 2.648401260375976562e+00
9.054619999999999891e-01 2.643226623535156250e+00
9.089059999999999917e-01 2.648401260375976562e+00
9.123670000000000391e-01 2.643226623535156250e+00
9.156579999999999719e-01 2.648401260375976562e+00
9.191230000000000233e-01 2.648401260375976562e+00
9.225740000000000052e-01 2.648401260375976562e+00
9.258570000000000411e-01 2.648401260375976562e+00
9.293080000000000229e-01 2.648401260375976562e+00
9.327640000000000375e-01 2.648401260375976562e+00
9.360559999999999992e-01 2.653575897216796875e+00
9.395069999999999810e-01 2.653575897216796875e+00
9.429680000000000284e-01 2.648401260375976562e+00
9.462580000000000435e-01 2.643226623535156250e+00
9.498659999999999881e-01 2.643226623535156250e+00
9.533169999999999700e-01 2.643226623535156250e+00
9.567660000000000053e-01 2.648401260375976562e+00
9.602100000000000080e-01 2.643226623535156250e+00
9.636700000000000266e-01 2.638051986694335938e+00
9.671279999999999877e-01 2.638051986694335938e+00
9.705690000000000150e-01 2.638051986694335938e+00
9.788780000000000259e-01 2.638051986694335938e+00
9.823509999999999742e-01 2.638051986694335938e+00
9.858019999999999561e-01 2.643226623535156250e+00
9.892630000000000035e-01 2.638051986694335938e+00
9.927139999999999853e-01 2.643226623535156250e+00
9.961649999999999672e-01 2.643226623535156250e+00
9.996559999999999890e-01 2.648401260375976562e+00
1.004912000000000027e+00 2.648401260375976562e+00
1.009120999999999935e+00 2.648401260375976562e+00
1.013201999999999936e+00 2.648401260375976562e+00
1.017336000000000018e+00 2.648401260375976562e+00
1.021414000000000044e+00 2.648401260375976562e+00
1.025603000000000042e+00 2.648401260375976562e+00
1.030564999999999953e+00 2.648401260375976562e+00
1.034629999999999939e+00 2.648401260375976562e+00
1.038742000000000054e+00 2.648401260375976562e+00
1.042805999999999900e+00 2.648401260375976562e+00
1.046883999999999926e+00 2.638051986694335938e+00
1.051079000000000097e+00 2.638051986694335938e+00
1.055193999999999965e+00 2.638051986694335938e+00
1.059342000000000006e+00 2.638051986694335938e+00
1.063433999999999990e+00 2.638051986694335938e+00
1.067590999999999957e+00 2.638051986694335938e+00
1.071682000000000023e+00 2.638051986694335938e+00
1.075800000000000090e+00 2.638051986694335938e+00
1.079946000000000073e+00 2.638051986694335938e+00
1.084041000000000032e+00 2.638051986694335938e+00
1.093860000000000054e+00 2.648401260375976562e+00
1.098545000000000105e+00 2.648401260375976562e+00
1.102749999999999897e+00 2.648401260375976562e+00
1.106845000000000079e+00 2.648401260375976562e+00
1.111080999999999985e+00 2.648401260375976562e+00
1.115234999999999976e+00 2.648401260375976562e+00
1.119459999999999900e+00 2.648401260375976562e+00
1.123588999999999949e+00 2.653575897216796875e+00
1.127874000000000043e+00 2.648401260375976562e+00
1.132011000000000100e+00 2.648401260375976562e+00
1.136139999999999928e+00 2.648401260375976562e+00
1.140495000000000037e+00 2.648401260375976562e+00
1.151648999999999923e+00 2.638051986694335938e+00
1.162328000000000028e+00 2.638051986694335938e+00
1.168571999999999944e+00 2.643226623535156250e+00
1.175920000000000076e+00 2.643226623535156250e+00
1.180425999999999975e+00 2.643226623535156250e+00
1.184566000000000008e+00 2.648401260375976562e+00
1.188976999999999951e+00 2.643226623535156250e+00
1.193173000000000039e+00 2.648401260375976562e+00
1.197416000000000036e+00 2.648401260375976562e+00
1.201613999999999960e+00 2.648401260375976562e+00
1.210058999999999996e+00 2.653575897216796875e+00
1.214441000000000104e+00 2.648401260375976562e+00
1.218674999999999953e+00 2.648401260375976562e+00
1.222887999999999975e+00 2.648401260375976562e+00
1.227149000000000045e+00 2.648401260375976562e+00
1.231367000000000100e+00 2.643226623535156250e+00
1.235576999999999925e+00 2.648401260375976562e+00
1.239870000000000028e+00 2.643226623535156250e+00
1.244053000000000075e+00 2.648401260375976562e+00
1.248253999999999975e+00 2.638051986694335938e+00
1.252483999999999931e+00 2.638051986694335938e+00
1.256682999999999995e+00 2.643226623535156250e+00
1.261111000000000093e+00 2.643226623535156250e+00
1.265336000000000016e+00 2.643226623535156250e+00
1.269622999999999946e+00 2.643226623535156250e+00
1.273824999999999985e+00 2.638051986694335938e+00
1.278146000000000004e+00 2.643226623535156250e+00
1.282362999999999920e+00 2.643226623535156250e+00
1.286624999999999908e+00 2.648401260375976562e+00
1.291179999999999994e+00 2.643226623535156250e+00
1.295465000000000089e+00 2.648401260375976562e+00
1.299782999999999911e+00 2.648401260375976562e+00
1.304052999999999907e+00 2.648401260375976562e+00
1.308308000000000026e+00 2.648401260375976562e+00
1.312599000000000071e+00 2.648401260375976562e+00
1.316845000000000043e+00 2.648401260375976562e+00
1.325371000000000077e+00 2.648401260375976562e+00
1.329927000000000081e+00 2.648401260375976562e+00
1.334359000000000073e+00 2.648401260375976562e+00
1.339040000000000008e+00 2.648401260375976562e+00
1.343428000000000067e+00 2.648401260375976562e+00
1.347793999999999937e+00 2.643226623535156250e+00
1.352109999999999923e+00 2.643226623535156250e+00
1.356400999999999968e+00 2.643226623535156250e+00
1.361561999999999939e+00 2.648401260375976562e+00
1.365906000000000065e+00 2.648401260375976562e+00
1.370260000000000034e+00 2.648401260375976562e+00
1.374565999999999955e+00 2.643226623535156250e+00
1.378962999999999939e+00 2.648401260375976562e+00
1.383275000000000032e+00 2.643226623535156250e+00
1.387636000000000092e+00 2.643226623535156250e+00
1.392196999999999907e+00 2.638051986694335938e+00
1.396546000000000065e+00 2.643226623535156250e+00
1.400967999999999991e+00 2.648401260375976562e+00
1.405278000000000027e+00 2.648401260375976562e+00
1.409713999999999912e+00 2.648401260375976562e+00
1.414026999999999923e+00 2.648401260375976562e+00
1.418358000000000008e+00 2.648401260375976562e+00
1.422679000000000027e+00 2.648401260375976562e+00
1.427089999999999970e+00 2.653575897216796875e+00
1.431427999999999923e+00 2.648401260375976562e+00
1.439896000000000065e+00 2.653575897216796875e+00
1.444522000000000084e+00 2.648401260375976562e+00
1.448892000000000069e+00 2.643226623535156250e+00
1.453240000000000087e+00 2.648401260375976562e+00
1.457634000000000096e+00 2.643226623535156250e+00
1.460976000000000052e+00 2.643226623535156250e+00
1.465335000000000054e+00 2.643226623535156250e+00
1.469753000000000087e+00 2.643226623535156250e+00
1.474096999999999991e+00 2.643226623535156250e+00
1.478526000000000007e+00 2.643226623535156250e+00
1.482890999999999959e+00 2.638051986694335938e+00
1.487319000000000058e+00 2.643226623535156250e+00
1.491967999999999961e+00 2.638051986694335938e+00
1.496363000000000110e+00 2.648401260375976562e+00
1.500863999999999976e+00 2.648401260375976562e+00
1.505260000000000042e+00 2.648401260375976562e+00
1.509730999999999934e+00 2.653575897216796875e+00
1.514134000000000091e+00 2.653575897216796875e+00
1.518528000000000100e+00 2.648401260375976562e+00
1.522922000000000109e+00 2.653575897216796875e+00
1.527414000000000049e+00 2.653575897216796875e+00
1.531814999999999927e+00 2.653575897216796875e+00
1.536219999999999919e+00 2.653575897216796875e+00
1.540718999999999950e+00 2.653575897216796875e+00
1.545225999999999988e+00 2.648401260375976562e+00
1.549757000000000051e+00 2.643226623535156250e+00
1.560912000000000077e+00 2.638051986694335938e+00
1.565034000000000036e+00 2.638051986694335938e+00
1.568769999999999998e+00 2.643226623535156250e+00
1.572462999999999944e+00 2.638051986694335938e+00
1.576171999999999906e+00 2.638051986694335938e+00
1.579968000000000039e+00 2.638051986694335938e+00
1.583682999999999952e+00 2.638051986694335938e+00
1.587471000000000076e+00 2.638051986694335938e+00
1.591237000000000013e+00 2.643226623535156250e+00
1.594975000000000032e+00 2.648401260375976562e+00
1.598726000000000091e+00 2.648401260375976562e+00
1.602454999999999963e+00 2.653575897216796875e+00
1.606192999999999982e+00 2.653575897216796875e+00
1.610003000000000073e+00 2.653575897216796875e+00
1.613749000000000100e+00 2.653575897216796875e+00
1.617591000000000001e+00 2.648401260375976562e+00
1.621351999999999904e+00 2.653575897216796875e+00
1.625102000000000046e+00 2.648401260375976562e+00
1.628937000000000079e+00 2.653575897216796875e+00
1.632695999999999925e+00 2.648401260375976562e+00
1.636451000000000100e+00 2.653575897216796875e+00
1.640284000000000075e+00 2.653575897216796875e+00
1.644071999999999978e+00 2.648401260375976562e+00
1.647836000000000078e+00 2.643226623535156250e+00
1.651586999999999916e+00 2.643226623535156250e+00
1.655354999999999910e+00 2.643226623535156250e+00
1.659184999999999910e+00 2.643226623535156250e+00
1.662930000000000019e+00 2.643226623535156250e+00
1.666690999999999923e+00 2.643226623535156250e+00
1.670528999999999931e+00 2.638051986694335938e+00
1.678317999999999977e+00 2.648401260375976562e+00
1.682323999999999931e+00 2.643226623535156250e+00
1.686088000000000031e+00 2.643226623535156250e+00
1.689942000000000055e+00 2.648401260375976562e+00
1.693086000000000091e+00 2.648401260375976562e+00
1.696906999999999943e+00 2.653575897216796875e+00
1.700792000000000082e+00 2.653575897216796875e+00
1.704609999999999959e+00 2.648401260375976562e+00
1.708422000000000107e+00 2.653575897216796875e+00
1.712264000000000008e+00 2.653575897216796875e+00
1.716064999999999952e+00 2.653575897216796875e+00
1.719913999999999943e+00 2.648401260375976562e+00
1.723710999999999993e+00 2.648401260375976562e+00
1.727605000000000057e+00 2.648401260375976562e+00
1.731405000000000083e+00 2.648401260375976562e+00
1.735200999999999993e+00 2.648401260375976562e+00
1.739071000000000033e+00 2.648401260375976562e+00
1.742871000000000059e+00 2.648401260375976562e+00
1.746672000000000002e+00 2.643226623535156250e+00
1.750575999999999910e+00 2.643226623535156250e+00
1.754391000000000034e+00 2.643226623535156250e+00
1.758204000000000100e+00 2.643226623535156250e+00
1.762008000000000019e+00 2.648401260375976562e+00
1.765827000000000035e+00 2.643226623535156250e+00
1.769692000000000043e+00 2.643226623535156250e+00
1.773509000000000002e+00 2.643226623535156250e+00
1.777411999999999992e+00 2.643226623535156250e+00
1.781247999999999942e+00 2.648401260375976562e+00
1.785106000000000082e+00 2.648401260375976562e+00
1.792524000000000006e+00 2.648401260375976562e+00
1.797161999999999926e+00 2.648401260375976562e+00
1.801169000000000020e+00 2.653575897216796875e+00
1.805166999999999966e+00 2.648401260375976562e+00
1.808341999999999894e+00 2.648401260375976562e+00
1.812356000000000078e+00 2.648401260375976562e+00
1.816338999999999926e+00 2.648401260375976562e+00
1.820413999999999977e+00 2.648401260375976562e+00
1.824395999999999907e+00 2.648401260375976562e+00
1.828403000000000000e+00 2.648401260375976562e+00
1.832430999999999921e+00 2.648401260375976562e+00
1.836467999999999989e+00 2.648401260375976562e+00
1.840543999999999958e+00 2.653575897216796875e+00
1.844422000000000006e+00 2.648401260375976562e+00
1.848311999999999955e+00 2.643226623535156250e+00
1.852173999999999987e+00 2.648401260375976562e+00
1.856036000000000019e+00 2.648401260375976562e+00
1.859968999999999983e+00 2.648401260375976562e+00
1.863820999999999950e+00 2.643226623535156250e+00
1.867769000000000013e+00 2.648401260375976562e+00
1.871641000000000110e+00 2.648401260375976562e+00
1.875512000000000068e+00 2.648401260375976562e+00
1.879496999999999973e+00 2.648401260375976562e+00
1.883380999999999972e+00 2.643226623535156250e+00
1.887315999999999994e+00 2.648401260375976562e+00
1.891199999999999992e+00 2.638051986694335938e+00
1.895121999999999973e+00 2.648401260375976562e+00
1.899550000000000072e+00 2.648401260375976562e+00
1.907626000000000044e+00 2.648401260375976562e+00
1.911975999999999898e+00 2.648401260375976562e+00
1.915942000000000034e+00 2.648401260375976562e+00
1.919945999999999930e+00 2.648401260375976562e+00
1.923902999999999919e+00 2.648401260375976562e+00
1.927902000000000005e+00 2.648401260375976562e+00
1.931850000000000067e+00 2.648401260375976562e+00
1.934917999999999916e+00 2.653575897216796875e+00
1.938903000000000043e+00 2.648401260375976562e+00
1.942846000000000073e+00 2.648401260375976562e+00
1.946817999999999937e+00 2.648401260375976562e+00
1.950804999999999900e+00 2.648401260375976562e+00
1.954755999999999938e+00 2.648401260375976562e+00
1.958741999999999983e+00 2.643226623535156250e+00
1.963456000000000090e+00 2.643226623535156250e+00
1.967559999999999976e+00 2.643226623535156250e+00
1.971546999999999938e+00 2.643226623535156250e+00
1.975518000000000107e+00 2.643226623535156250e+00
1.979562000000000044e+00 2.643226623535156250e+00
1.983521000000000090e+00 2.643226623535156250e+00
1.987559000000000076e+00 2.643226623535156250e+00
1.991551000000000071e+00 2.643226623535156250e+00
1.995519999999999960e+00 2.648401260375976562e+00
1.999614999999999920e+00 2.648401260375976562e+00
2.003598000000000212e+00 2.648401260375976562e+00
2.007613999999999788e+00 2.648401260375976562e+00
2.011614999999999931e+00 2.653575897216796875e+00
2.019765000000000033e+00 2.653575897216796875e+00
2.024160999999999877e+00 2.653575897216796875e+00
2.028170999999999946e+00 2.653575897216796875e+00
2.032169000000000114e+00 2.653575897216796875e+00
2.036162000000000027e+00 2.653575897216796875e+00
2.040208999999999939e+00 2.653575897216796875e+00
2.044198999999999877e+00 2.648401260375976562e+00
2.048235000000000028e+00 2.648401260375976562e+00
2.052210999999999785e+00 2.643226623535156250e+00
2.056214999999999904e+00 2.643226623535156250e+00
2.060275999999999996e+00 2.643226623535156250e+00
2.064287000000000205e+00 2.638051986694335938e+00
2.068318000000000101e+00 2.638051986694335938e+00
2.072331000000000145e+00 2.643226623535156250e+00
2.076332999999999984e+00 2.643226623535156250e+00
2.080403000000000002e+00 2.643226623535156250e+00
2.084420999999999857e+00 2.643226623535156250e+00
2.088483000000000089e+00 2.643226623535156250e+00
2.092496999999999829e+00 2.643226623535156250e+00
2.096509000000000178e+00 2.648401260375976562e+00
2.100658999999999832e+00 2.653575897216796875e+00
2.104769000000000112e+00 2.653575897216796875e+00
2.108830999999999900e+00 2.653575897216796875e+00
2.112864000000000075e+00 2.653575897216796875e+00
2.115927000000000113e+00 2.653575897216796875e+00
2.120032999999999834e+00 2.653575897216796875e+00
2.123130000000000184e+00 2.653575897216796875e+00
2.127412000000000081e+00 2.653575897216796875e+00
2.135368000000000155e+00 2.653575897216796875e+00
2.139140999999999959e+00 2.648401260375976562e+00
2.143177999999999805e+00 2.648401260375976562e+00
2.147876999999999814e+00 2.643226623535156250e+00
2.157779000000000114e+00 2.643226623535156250e+00
2.166027999999999842e+00 2.638051986694335938e+00
2.170252000000000070e+00 2.643226623535156250e+00
2.174291000000000196e+00 2.643226623535156250e+00
2.179921000000000220e+00 2.643226623535156250e+00
2.184029000000000220e+00 2.648401260375976562e+00
2.188082000000000082e+00 2.648401260375976562e+00
2.192108999999999863e+00 2.648401260375976562e+00
2.196156999999999915e+00 2.648401260375976562e+00
2.200292999999999832e+00 2.653575897216796875e+00
2.204330000000000123e+00 2.653575897216796875e+00
2.208403000000000116e+00 2.653575897216796875e+00
2.212505000000000166e+00 2.653575897216796875e+00
2.216553000000000218e+00 2.653575897216796875e+00
2.220689999999999831e+00 2.653575897216796875e+00
2.224734000000000211e+00 2.653575897216796875e+00
2.228867999999999849e+00 2.653575897216796875e+00
2.232924000000000131e+00 2.653575897216796875e+00
2.236975000000000158e+00 2.653575897216796875e+00
2.241108999999999796e+00 2.648401260375976562e+00
2.245244000000000018e+00 2.648401260375976562e+00
2.253155000000000019e+00 2.643226623535156250e+00
2.257524999999999782e+00 2.643226623535156250e+00
2.262722999999999818e+00 2.643226623535156250e+00
2.267748000000000097e+00 2.648401260375976562e+00
2.272715999999999958e+00 2.653575897216796875e+00
2.277751999999999999e+00 2.643226623535156250e+00
2.282782999999999785e+00 2.648401260375976562e+00
2.287819999999999965e+00 2.648401260375976562e+00
2.292791999999999941e+00 2.648401260375976562e+00
2.297833999999999932e+00 2.653575897216796875e+00
2.303107999999999933e+00 2.653575897216796875e+00
2.308161000000000129e+00 2.648401260375976562e+00
2.313175000000000203e+00 2.653575897216796875e+00
2.318265999999999938e+00 2.648401260375976562e+00
2.323282999999999987e+00 2.648401260375976562e+00
2.328333000000000208e+00 2.653575897216796875e+00
2.333337000000000216e+00 2.648401260375976562e+00
2.336953999999999976e+00 2.648401260375976562e+00
2.342048000000000130e+00 2.648401260375976562e+00
2.347109000000000112e+00 2.648401260375976562e+00
2.352101000000000219e+00 2.648401260375976562e+00
2.357237000000000027e+00 2.648401260375976562e+00
2.365286000000000222e+00 2.653575897216796875e+00
2.369527999999999857e+00 2.648401260375976562e+00
2.373647000000000062e+00 2.648401260375976562e+00
2.377819000000000127e+00 2.648401260375976562e+00
2.381996000000000002e+00 2.643226623535156250e+00
2.385152999999999857e+00 2.648401260375976562e+00
2.388297000000000114e+00 2.643226623535156250e+00
2.392386000000000124e+00 2.643226623535156250e+00
2.395502000000000020e+00 2.648401260375976562e+00
2.399707999999999952e+00 2.648401260375976562e+00
2.403999000000000219e+00 2.653575897216796875e+00
2.407162000000000024e+00 2.653575897216796875e+00
2.411309999999999842e+00 2.648401260375976562e+00
2.415515000000000079e+00 2.648401260375976562e+00
2.418692000000000064e+00 2.653575897216796875e+00
2.422813000000000105e+00 2.648401260375976562e+00
2.426953999999999834e+00 2.653575897216796875e+00
2.430115999999999943e+00 2.648401260375976562e+00
2.434257000000000115e+00 2.653575897216796875e+00
2.438407999999999909e+00 2.653575897216796875e+00
2.441572999999999993e+00 2.653575897216796875e+00
2.444710999999999856e+00 2.648401260375976562e+00
2.448922000000000043e+00 2.648401260375976562e+00
2.453065000000000051e+00 2.648401260375976562e+00
2.457272000000000123e+00 2.643226623535156250e+00
2.461422999999999917e+00 2.648401260375976562e+00
2.465643000000000029e+00 2.648401260375976562e+00
2.469863999999999837e+00 2.648401260375976562e+00
2.474073000000000189e+00 2.643226623535156250e+00
2.481997999999999927e+00 2.643226623535156250e+00
2.486390000000000100e+00 2.643226623535156250e+00
2.490688000000000013e+00 2.643226623535156250e+00
2.494861999999999913e+00 2.648401260375976562e+00
2.499160999999999966e+00 2.648401260375976562e+00
2.503572000000000131e+00 2.653575897216796875e+00
2.507830999999999921e+00 2.648401260375976562e+00
2.512027999999999928e+00 2.648401260375976562e+00
2.516208999999999918e+00 2.648401260375976562e+00
2.520461000000000062e+00 2.653575897216796875e+00
2.524665000000000159e+00 2.653575897216796875e+00
2.528878000000000181e+00 2.653575897216796875e+00
2.533062999999999843e+00 2.653575897216796875e+00
2.537335000000000118e+00 2.653575897216796875e+00
2.541539999999999910e+00 2.653575897216796875e+00
2.545742999999999867e+00 2.648401260375976562e+00
2.549993999999999872e+00 2.648401260375976562e+00
2.554206999999999894e+00 2.648401260375976562e+00
2.558431999999999817e+00 2.643226623535156250e+00
2.562787000000000148e+00 2.643226623535156250e+00
2.567057999999999840e+00 2.643226623535156250e+00
2.571283999999999903e+00 2.643226623535156250e+00
2.575515000000000221e+00 2.643226623535156250e+00
2.578653000000000084e+00 2.638051986694335938e+00
2.582915999999999990e+00 2.638051986694335938e+00
2.587181999999999871e+00 2.643226623535156250e+00
2.595006999999999842e+00 2.643226623535156250e+00
2.599413999999999891e+00 2.648401260375976562e+00
2.603705999999999854e+00 2.653575897216796875e+00
2.608003000000000071e+00 2.653575897216796875e+00
2.612230999999999970e+00 2.653575897216796875e+00
2.616493000000000180e+00 2.653575897216796875e+00
2.620808999999999944e+00 2.653575897216796875e+00
2.625037999999999982e+00 2.653575897216796875e+00
2.629351000000000216e+00 2.653575897216796875e+00
2.632498000000000005e+00 2.653575897216796875e+00
2.636734000000000133e+00 2.653575897216796875e+00
2.641052000000000177e+00 2.653575897216796875e+00
2.645290000000000141e+00 2.648401260375976562e+00
2.649620000000000086e+00 2.643226623535156250e+00
2.653865999999999836e+00 2.643226623535156250e+00
2.658154999999999824e+00 2.643226623535156250e+00
2.661398000000000152e+00 2.643226623535156250e+00
2.665629000000000026e+00 2.643226623535156250e+00
2.668906999999999918e+00 2.643226623535156250e+00
2.673175000000000079e+00 2.643226623535156250e+00
2.677496000000000098e+00 2.643226623535156250e+00
2.681751999999999914e+00 2.638051986694335938e+00
2.686014000000000124e+00 2.648401260375976562e+00
2.690316000000000152e+00 2.648401260375976562e+00
2.694573999999999803e+00 2.648401260375976562e+00
2.698849000000000053e+00 2.648401260375976562e+00
2.703171000000000213e+00 2.653575897216796875e+00
2.707720999999999822e+00 2.653575897216796875e+00
2.715387999999999913e+00 2.648401260375976562e+00
2.719934999999999992e+00 2.653575897216796875e+00
2.723060999999999954e+00 2.653575897216796875e+00
2.727403999999999940e+00 2.653575897216796875e+00
2.731720999999999844e+00 2.653575897216796875e+00
2.734939999999999927e+00 2.653575897216796875e+00
2.739349999999999952e+00 2.653575897216796875e+00
2.743650999999999840e+00 2.648401260375976562e+00
2.748043000000000013e+00 2.643226623535156250e+00
2.752356999999999942e+00 2.643226623535156250e+00
2.756721000000000199e+00 2.643226623535156250e+00
2.761125999999999969e+00 2.648401260375976562e+00
2.765445000000000153e+00 2.643226623535156250e+00
2.769826999999999817e+00 2.648401260375976562e+00
2.774147999999999836e+00 2.648401260375976562e+00
2.778493999999999797e+00 2.648401260375976562e+00
2.782888999999999946e+00 2.643226623535156250e+00
2.786148999999999987e+00 2.648401260375976562e+00
2.790556000000000036e+00 2.648401260375976562e+00
2.794885999999999981e+00 2.648401260375976562e+00
2.799282999999999966e+00 2.653575897216796875e+00
2.802566999999999808e+00 2.653575897216796875e+00
2.806982000000000088e+00 2.653575897216796875e+00
2.811328000000000049e+00 2.653575897216796875e+00
2.815659000000000134e+00 2.648401260375976562e+00
2.820053000000000143e+00 2.653575897216796875e+00
2.823357000000000117e+00 2.648401260375976562e+00
2.831449000000000105e+00 2.653575897216796875e+00
2.836155000000000204e+00 2.653575897216796875e+00
2.840571999999999875e+00 2.653575897216796875e+00
2.844924999999999926e+00 2.648401260375976562e+00
2.849364000000000008e+00 2.643226623535156250e+00
2.853711000000000109e+00 2.643226623535156250e+00
2.858153999999999861e+00 2.648401260375976562e+00
2.862531000000000159e+00 2.648401260375976562e+00
2.866932999999999954e+00 2.643226623535156250e+00
2.871358999999999995e+00 2.648401260375976562e+00
2.875735999999999848e+00 2.648401260375976562e+00
2.880174999999999930e+00 2.643226623535156250e+00
2.884565999999999963e+00 2.648401260375976562e+00
2.888933999999999891e+00 2.648401260375976562e+00
2.893317000000000139e+00 2.648401260375976562e+00
2.897787999999999808e+00 2.648401260375976562e+00
2.902195999999999998e+00 2.648401260375976562e+00
2.906861999999999835e+00 2.648401260375976562e+00
2.911408999999999914e+00 2.653575897216796875e+00
2.914776999999999951e+00 2.648401260375976562e+00
2.919343000000000021e+00 2.653575897216796875e+00
2.923761999999999972e+00 2.648401260375976562e+00
2.928167000000000186e+00 2.653575897216796875e+00
2.932561999999999891e+00 2.648401260375976562e+00
2.937216999999999967e+00 2.653575897216796875e+00
2.945374000000000159e+00 2.653575897216796875e+00
2.949905999999999917e+00 2.648401260375976562e+00
2.954301000000000066e+00 2.648401260375976562e+00
2.958722999999999992e+00 2.648401260375976562e+00
2.963144999999999918e+00 2.648401260375976562e+00
2.967620000000000147e+00 2.648401260375976562e+00
2.972048000000000023e+00 2.648401260375976562e+00
2.976468000000000114e+00 2.643226623535156250e+00
2.979922000000000182e+00 2.643226623535156250e+00
2.984322000000000141e+00 2.643226623535156250e+00
2.988754999999999828e+00 2.643226623535156250e+00
2.993165999999999993e+00 2.648401260375976562e+00
2.997651999999999983e+00 2.648401260375976562e+00
3.002161000000000080e+00 2.653575897216796875e+00
3.006606000000000112e+00 2.648401260375976562e+00
3.011130000000000084e+00 2.648401260375976562e+00
3.015544999999999920e+00 2.648401260375976562e+00
3.020036999999999860e+00 2.653575897216796875e+00
3.023340000000000138e+00 2.648401260375976562e+00
3.027836999999999890e+00 2.653575897216796875e+00
3.031159000000000159e+00 2.653575897216796875e+00
3.035645999999999844e+00 2.653575897216796875e+00
3.040163000000000171e+00 2.653575897216796875e+00
3.044610000000000039e+00 2.648401260375976562e+00
3.049071000000000087e+00 2.648401260375976562e+00
3.057218000000000213e+00 2.648401260375976562e+00
3.061742999999999881e+00 2.648401260375976562e+00
3.066780000000000062e+00 2.643226623535156250e+00
3.072344000000000186e+00 2.643226623535156250e+00
3.077888000000000179e+00 2.643226623535156250e+00
3.083355000000000068e+00 2.643226623535156250e+00
3.088864000000000054e+00 2.643226623535156250e+00
3.094329999999999803e+00 2.648401260375976562e+00
3.099902000000000157e+00 2.648401260375976562e+00
3.103724999999999845e+00 2.653575897216796875e+00
3.109268999999999838e+00 2.653575897216796875e+00
3.114759999999999973e+00 2.653575897216796875e+00
3.120394999999999808e+00 2.653575897216796875e+00
3.125868999999999787e+00 2.653575897216796875e+00
3.131425999999999821e+00 2.653575897216796875e+00
3.137091999999999992e+00 2.653575897216796875e+00
3.142602000000000118e+00 2.653575897216796875e+00
3.148175999999999863e+00 2.648401260375976562e+00
3.153843999999999870e+00 2.643226623535156250e+00
3.165614999999999846e+00 2.643226623535156250e+00
3.175806000000000129e+00 2.643226623535156250e+00
3.187098000000000209e+00 2.643226623535156250e+00
3.191797999999999913e+00 2.648401260375976562e+00
3.196312999999999960e+00 2.653575897216796875e+00
3.200936000000000003e+00 2.653575897216796875e+00
3.205440999999999985e+00 2.653575897216796875e+00
3.210055000000000103e+00 2.653575897216796875e+00
3.214550000000000018e+00 2.653575897216796875e+00
3.219142000000000170e+00 2.653575897216796875e+00
3.222513000000000183e+00 2.653575897216796875e+00
3.227003999999999984e+00 2.653575897216796875e+00
3.231574999999999864e+00 2.648401260375976562e+00
3.236169999999999991e+00 2.653575897216796875e+00
3.240829000000000182e+00 2.648401260375976562e+00
3.245347999999999900e+00 2.648401260375976562e+00
3.248733999999999789e+00 2.643226623535156250e+00
3.253286000000000122e+00 2.643226623535156250e+00
3.257878999999999969e+00 2.643226623535156250e+00
3.262415999999999983e+00 2.643226623535156250e+00
3.265753000000000128e+00 2.643226623535156250e+00
3.270345999999999975e+00 2.643226623535156250e+00
3.273718999999999824e+00 2.648401260375976562e+00
3.278271000000000157e+00 2.653575897216796875e+00
3.282776999999999834e+00 2.648401260375976562e+00
3.287395000000000067e+00 2.648401260375976562e+00
3.295780999999999850e+00 2.648401260375976562e+00
3.300482999999999834e+00 2.653575897216796875e+00
3.305048999999999904e+00 2.653575897216796875e+00
3.309741999999999962e+00 2.653575897216796875e+00
3.313143999999999867e+00 2.653575897216796875e+00
3.317781999999999787e+00 2.653575897216796875e+00
3.321121000000000212e+00 2.653575897216796875e+00
3.325692999999999788e+00 2.653575897216796875e+00
3.330341999999999913e+00 2.648401260375976562e+00
3.333769999999999900e+00 2.653575897216796875e+00
3.338351999999999986e+00 2.648401260375976562e+00
3.341746000000000105e+00 2.653575897216796875e+00
3.346340000000000092e+00 2.648401260375976562e+00
3.351026000000000060e+00 2.643226623535156250e+00
3.355595999999999801e+00 2.643226623535156250e+00
3.360231999999999886e+00 2.653575897216796875e+00
3.364843000000000028e+00 2.648401260375976562e+00
3.369528999999999996e+00 2.648401260375976562e+00
3.372933999999999877e+00 2.648401260375976562e+00
3.377585999999999977e+00 2.648401260375976562e+00
3.382188999999999890e+00 2.648401260375976562e+00
3.386894999999999989e+00 2.648401260375976562e+00
3.391509999999999803e+00 2.648401260375976562e+00
3.396126000000000200e+00 2.648401260375976562e+00
3.400787999999999922e+00 2.653575897216796875e+00
3.405956000000000206e+00 2.653575897216796875e+00
3.416873999999999967e+00 2.653575897216796875e+00
3.421129000000000087e+00 2.648401260375976562e+00
3.424574999999999925e+00 2.648401260375976562e+00
3.429190000000000182e+00 2.648401260375976562e+00
3.433796000000000070e+00 2.653575897216796875e+00
3.438426000000000204e+00 2.653575897216796875e+00
3.443042000000000158e+00 2.653575897216796875e+00
3.447696000000000094e+00 2.648401260375976562e+00
3.452306999999999793e+00 2.648401260375976562e+00
3.456917999999999935e+00 2.648401260375976562e+00
3.461653999999999787e+00 2.648401260375976562e+00
3.466285000000000061e+00 2.648401260375976562e+00
3.470979999999999954e+00 2.648401260375976562e+00
3.475598000000000187e+00 2.648401260375976562e+00
3.480266999999999999e+00 2.648401260375976562e+00
3.484931000000000001e+00 2.648401260375976562e+00
3.489631000000000149e+00 2.643226623535156250e+00
3.494270999999999905e+00 2.648401260375976562e+00
3.498918999999999890e+00 2.653575897216796875e+00
3.503630999999999940e+00 2.648401260375976562e+00
3.508293000000000106e+00 2.653575897216796875e+00
3.512932999999999861e+00 2.653575897216796875e+00
3.517656999999999812e+00 2.653575897216796875e+00
3.522511000000000170e+00 2.653575897216796875e+00
3.531349000000000071e+00 2.653575897216796875e+00
3.534791999999999934e+00 2.653575897216796875e+00
3.539584000000000064e+00 2.653575897216796875e+00
3.544258000000000131e+00 2.658750534057617188e+00
3.548931000000000058e+00 2.653575897216796875e+00
3.553685999999999900e+00 2.648401260375976562e+00
3.558362999999999943e+00 2.648401260375976562e+00
3.563025999999999804e+00 2.648401260375976562e+00
3.567756999999999845e+00 2.648401260375976562e+00
3.572426000000000101e+00 2.643226623535156250e+00
3.577153000000000027e+00 2.643226623535156250e+00
3.581821999999999839e+00 2.643226623535156250e+00
3.586520999999999848e+00 2.648401260375976562e+00
3.591292000000000151e+00 2.643226623535156250e+00
3.595963999999999938e+00 2.648401260375976562e+00
3.600703999999999905e+00 2.653575897216796875e+00
3.605386999999999897e+00 2.648401260375976562e+00
3.610120000000000218e+00 2.653575897216796875e+00
3.613555999999999990e+00 2.653575897216796875e+00
3.618335000000000079e+00 2.653575897216796875e+00
3.623031000000000112e+00 2.653575897216796875e+00
3.626503000000000032e+00 2.653575897216796875e+00
3.631317000000000128e+00 2.653575897216796875e+00
3.634776000000000007e+00 2.653575897216796875e+00
3.643464999999999954e+00 2.653575897216796875e+00
3.648317000000000032e+00 2.648401260375976562e+00
3.653052999999999884e+00 2.648401260375976562e+00
3.657814999999999817e+00 2.643226623535156250e+00
3.662517999999999940e+00 2.643226623535156250e+00
3.667298000000000169e+00 2.643226623535156250e+00
3.670761999999999858e+00 2.643226623535156250e+00
3.675517999999999841e+00 2.643226623535156250e+00
3.680299000000000209e+00 2.643226623535156250e+00
3.683714999999999851e+00 2.643226623535156250e+00
3.688458999999999932e+00 2.648401260375976562e+00
3.693188999999999833e+00 2.648401260375976562e+00
3.698008999999999880e+00 2.653575897216796875e+00
3.702767999999999837e+00 2.653575897216796875e+00
3.707545000000000091e+00 2.653575897216796875e+00
3.712280999999999942e+00 2.653575897216796875e+00
3.717067000000000121e+00 2.653575897216796875e+00
3.721966000000000108e+00 2.653575897216796875e+00
3.726704999999999934e+00 2.653575897216796875e+00
3.731529000000000096e+00 2.653575897216796875e+00
3.736276999999999848e+00 2.653575897216796875e+00
3.741086999999999829e+00 2.653575897216796875e+00
3.745839000000000141e+00 2.648401260375976562e+00
3.749327000000000076e+00 2.648401260375976562e+00
3.758274000000000115e+00 2.648401260375976562e+00
3.763255000000000017e+00 2.643226623535156250e+00
3.766760000000000108e+00 2.643226623535156250e+00
3.771697000000000077e+00 2.643226623535156250e+00
3.776460000000000150e+00 2.648401260375976562e+00
3.781334000000000195e+00 2.648401260375976562e+00
3.786090000000000177e+00 2.648401260375976562e+00
3.790909000000000084e+00 2.653575897216796875e+00
3.795656999999999837e+00 2.648401260375976562e+00
3.800498999999999850e+00 2.653575897216796875e+00
3.805282000000000053e+00 2.653575897216796875e+00
3.810118999999999811e+00 2.653575897216796875e+00
3.814885999999999999e+00 2.653575897216796875e+00
3.819733999999999963e+00 2.653575897216796875e+00
3.824653000000000080e+00 2.653575897216796875e+00
3.829517000000000060e+00 2.648401260375976562e+00
3.834297999999999984e+00 2.653575897216796875e+00
3.839100999999999875e+00 2.653575897216796875e+00
3.843891000000000169e+00 2.648401260375976562e+00
3.848698000000000174e+00 2.648401260375976562e+00
3.853486000000000189e+00 2.643226623535156250e+00
3.858368000000000020e+00 2.643226623535156250e+00
3.863154000000000199e+00 2.648401260375976562e+00
3.871653999999999929e+00 2.648401260375976562e+00
3.876558000000000170e+00 2.648401260375976562e+00
3.881485000000000074e+00 2.648401260375976562e+00
3.884986000000000050e+00 2.653575897216796875e+00
3.889847000000000055e+00 2.648401260375976562e+00
3.894651999999999781e+00 2.648401260375976562e+00
3.899567999999999923e+00 2.653575897216796875e+00
3.904373000000000093e+00 2.653575897216796875e+00
3.907909000000000077e+00 2.653575897216796875e+00
3.912736000000000214e+00 2.653575897216796875e+00
3.917622000000000160e+00 2.653575897216796875e+00
3.922438999999999787e+00 2.653575897216796875e+00
3.926130000000000120e+00 2.653575897216796875e+00
3.930994999999999795e+00 2.653575897216796875e+00
3.935817000000000121e+00 2.653575897216796875e+00
3.939239000000000157e+00 2.648401260375976562e+00
3.944088999999999956e+00 2.653575897216796875e+00
3.948923000000000183e+00 2.648401260375976562e+00
3.953733000000000164e+00 2.648401260375976562e+00
3.958566999999999947e+00 2.648401260375976562e+00
3.963423000000000140e+00 2.648401260375976562e+00
3.968325000000000102e+00 2.648401260375976562e+00
3.973148000000000124e+00 2.648401260375976562e+00
3.978075000000000028e+00 2.648401260375976562e+00
3.982950000000000212e+00 2.648401260375976562e+00
3.991534999999999833e+00 2.648401260375976562e+00
3.996522999999999826e+00 2.648401260375976562e+00
4.001521000000000328e+00 2.653575897216796875e+00
4.006378999999999913e+00 2.653575897216796875e+00
4.011377000000000415e+00 2.653575897216796875e+00
4.014931999999999945e+00 2.653575897216796875e+00
4.018536000000000108e+00 2.653575897216796875e+00
4.023401999999999923e+00 2.653575897216796875e+00
4.028356999999999744e+00 2.653575897216796875e+00
4.033236999999999739e+00 2.653575897216796875e+00
4.036758999999999986e+00 2.658750534057617188e+00
4.040369000000000099e+00 2.653575897216796875e+00
4.045234999999999914e+00 2.648401260375976562e+00
4.050173000000000023e+00 2.648401260375976562e+00
4.055196999999999719e+00 2.648401260375976562e+00
4.060131000000000157e+00 2.648401260375976562e+00
4.065044000000000324e+00 2.648401260375976562e+00
4.070013999999999577e+00 2.648401260375976562e+00
4.074898000000000131e+00 2.648401260375976562e+00
4.079838999999999771e+00 2.643226623535156250e+00
4.083230999999999611e+00 2.643226623535156250e+00
4.088168999999999720e+00 2.648401260375976562e+00
4.093066000000000315e+00 2.648401260375976562e+00
4.098034000000000177e+00 2.648401260375976562e+00
4.102942999999999785e+00 2.653575897216796875e+00
4.111699999999999910e+00 2.653575897216796875e+00
4.116990999999999623e+00 2.653575897216796875e+00
4.122021000000000157e+00 2.653575897216796875e+00
4.125536999999999566e+00 2.658750534057617188e+00
4.130621999999999794e+00 2.653575897216796875e+00
4.135531000000000290e+00 2.653575897216796875e+00
4.139104999999999812e+00 2.653575897216796875e+00
4.144008000000000358e+00 2.653575897216796875e+00
4.148966999999999850e+00 2.648401260375976562e+00
4.153904999999999959e+00 2.648401260375976562e+00
4.158858000000000388e+00 2.643226623535156250e+00
4.166719999999999757e+00 2.643226623535156250e+00
4.173835999999999657e+00 2.643226623535156250e+00
4.181561999999999557e+00 2.643226623535156250e+00
4.187306999999999668e+00 2.643226623535156250e+00
4.192263999999999768e+00 2.648401260375976562e+00
4.197258999999999851e+00 2.648401260375976562e+00
4.202208999999999861e+00 2.653575897216796875e+00
4.208713000000000370e+00 2.653575897216796875e+00
4.213739000000000345e+00 2.653575897216796875e+00
4.217403000000000013e+00 2.653575897216796875e+00
4.225821999999999967e+00 2.653575897216796875e+00
4.231041000000000274e+00 2.658750534057617188e+00
4.235974999999999824e+00 2.653575897216796875e+00
4.241010000000000169e+00 2.653575897216796875e+00
4.245987000000000400e+00 2.648401260375976562e+00
4.251014999999999766e+00 2.643226623535156250e+00
4.255995000000000417e+00 2.643226623535156250e+00
4.261095000000000077e+00 2.643226623535156250e+00
4.266045000000000087e+00 2.643226623535156250e+00
4.271067000000000391e+00 2.648401260375976562e+00
4.276004999999999612e+00 2.643226623535156250e+00
4.281043000000000376e+00 2.648401260375976562e+00
4.286040999999999990e+00 2.648401260375976562e+00
4.291051999999999644e+00 2.648401260375976562e+00
4.295997999999999983e+00 2.653575897216796875e+00
4.301007000000000247e+00 2.653575897216796875e+00
4.306009999999999671e+00 2.653575897216796875e+00
4.311047000000000295e+00 2.653575897216796875e+00
4.316008000000000067e+00 2.653575897216796875e+00
4.321057999999999844e+00 2.653575897216796875e+00
4.326061000000000156e+00 2.653575897216796875e+00
4.331128999999999785e+00 2.653575897216796875e+00
4.339890999999999721e+00 2.653575897216796875e+00
4.344983000000000040e+00 2.648401260375976562e+00
4.350050000000000416e+00 2.648401260375976562e+00
4.355051999999999701e+00 2.648401260375976562e+00
4.360121999999999609e+00 2.643226623535156250e+00
4.365142999999999773e+00 2.648401260375976562e+00
4.370229000000000141e+00 2.648401260375976562e+00
4.375243000000000215e+00 2.648401260375976562e+00
4.380302999999999614e+00 2.648401260375976562e+00
4.385322999999999638e+00 2.648401260375976562e+00
4.390483999999999831e+00 2.648401260375976562e+00
4.394124999999999837e+00 2.653575897216796875e+00
4.399132999999999960e+00 2.653575897216796875e+00
4.402707000000000370e+00 2.653575897216796875e+00
4.407790999999999570e+00 2.653575897216796875e+00
4.412833000000000006e+00 2.653575897216796875e+00
4.417907999999999724e+00 2.653575897216796875e+00
4.422964999999999591e+00 2.653575897216796875e+00
4.428045000000000009e+00 2.648401260375976562e+00
4.433116000000000057e+00 2.653575897216796875e+00
4.438189999999999635e+00 2.653575897216796875e+00
4.443217999999999890e+00 2.653575897216796875e+00
4.448347000000000051e+00 2.648401260375976562e+00
4.456981999999999999e+00 2.648401260375976562e+00
4.462384000000000128e+00 2.653575897216796875e+00
4.467464999999999797e+00 2.653575897216796875e+00
4.472490999999999772e+00 2.653575897216796875e+00
4.477584000000000231e+00 2.648401260375976562e+00
4.482643000000000377e+00 2.653575897216796875e+00
4.487732000000000276e+00 2.648401260375976562e+00
4.492774999999999963e+00 2.648401260375976562e+00
4.497861999999999583e+00 2.653575897216796875e+00
4.502902999999999878e+00 2.653575897216796875e+00
4.507998999999999867e+00 2.648401260375976562e+00
4.513040000000000163e+00 2.653575897216796875e+00
4.518150999999999584e+00 2.653575897216796875e+00
4.523225000000000051e+00 2.653575897216796875e+00
4.528354000000000212e+00 2.653575897216796875e+00
4.533475000000000144e+00 2.653575897216796875e+00
4.538573000000000413e+00 2.658750534057617188e+00
4.543650999999999662e+00 2.653575897216796875e+00
4.548719000000000179e+00 2.648401260375976562e+00
4.553791000000000366e+00 2.648401260375976562e+00
4.558886000000000216e+00 2.653575897216796875e+00
4.563982000000000205e+00 2.648401260375976562e+00
4.574570999999999721e+00 2.648401260375976562e+00
4.579856000000000371e+00 2.643226623535156250e+00
4.584953999999999752e+00 2.648401260375976562e+00
4.590135000000000076e+00 2.648401260375976562e+00
4.595234999999999737e+00 2.648401260375976562e+00
4.600381999999999749e+00 2.648401260375976562e+00
4.605504999999999960e+00 2.653575897216796875e+00
4.610682999999999865e+00 2.653575897216796875e+00
4.615785999999999945e+00 2.653575897216796875e+00
4.620963999999999849e+00 2.653575897216796875e+00
4.626102000000000380e+00 2.658750534057617188e+00
4.631357000000000390e+00 2.653575897216796875e+00
4.636711000000000027e+00 2.658750534057617188e+00
4.641904000000000252e+00 2.658750534057617188e+00
4.647083000000000297e+00 2.653575897216796875e+00
4.650729000000000113e+00 2.653575897216796875e+00
4.654323999999999906e+00 2.653575897216796875e+00
4.659469999999999779e+00 2.648401260375976562e+00
4.664620000000000211e+00 2.648401260375976562e+00
4.669851000000000418e+00 2.648401260375976562e+00
4.674966000000000399e+00 2.643226623535156250e+00
4.680147999999999975e+00 2.648401260375976562e+00
4.685305999999999749e+00 2.643226623535156250e+00
4.694109000000000087e+00 2.643226623535156250e+00
4.699342999999999826e+00 2.648401260375976562e+00
4.704495999999999789e+00 2.653575897216796875e+00
4.709717000000000375e+00 2.653575897216796875e+00
4.714847999999999928e+00 2.653575897216796875e+00
4.718556999999999668e+00 2.653575897216796875e+00
4.723705999999999960e+00 2.653575897216796875e+00
4.728866000000000014e+00 2.653575897216796875e+00
4.734028000000000347e+00 2.658750534057617188e+00
4.739303999999999739e+00 2.653575897216796875e+00
4.744445999999999941e+00 2.653575897216796875e+00
4.749676000000000009e+00 2.648401260375976562e+00
4.754935999999999829e+00 2.648401260375976562e+00
4.760161000000000087e+00 2.643226623535156250e+00
4.765312999999999910e+00 2.643226623535156250e+00
4.770533000000000357e+00 2.648401260375976562e+00
4.775705000000000311e+00 2.648401260375976562e+00
4.780918999999999919e+00 2.643226623535156250e+00
4.786095999999999684e+00 2.648401260375976562e+00
4.791419000000000317e+00 2.648401260375976562e+00
4.795145999999999908e+00 2.653575897216796875e+00
4.798899999999999721e+00 2.653575897216796875e+00
4.804054999999999964e+00 2.653575897216796875e+00
4.812840999999999703e+00 2.653575897216796875e+00
4.818164000000000335e+00 2.653575897216796875e+00
4.823329000000000200e+00 2.653575897216796875e+00
4.828536999999999857e+00 2.653575897216796875e+00
4.833711000000000091e+00 2.648401260375976562e+00
4.838949999999999640e+00 2.653575897216796875e+00
4.844128000000000434e+00 2.648401260375976562e+00
4.849353999999999942e+00 2.648401260375976562e+00
4.854656999999999556e+00 2.648401260375976562e+00
4.859941000000000066e+00 2.643226623535156250e+00
4.865130999999999872e+00 2.643226623535156250e+00
4.868927000000000227e+00 2.648401260375976562e+00
4.874126000000000403e+00 2.648401260375976562e+00
4.879357999999999862e+00 2.648401260375976562e+00
4.884557000000000038e+00 2.648401260375976562e+00
4.889873999999999832e+00 2.648401260375976562e+00
4.895076999999999678e+00 2.653575897216796875e+00
4.900370999999999810e+00 2.653575897216796875e+00
4.905572000000000266e+00 2.653575897216796875e+00
4.910847999999999658e+00 2.653575897216796875e+00
4.914562000000000097e+00 2.648401260375976562e+00
4.918319000000000329e+00 2.653575897216796875e+00
4.923547000000000118e+00 2.653575897216796875e+00
4.932464999999999655e+00 2.653575897216796875e+00
4.937876000000000154e+00 2.653575897216796875e+00
4.943214000000000219e+00 2.653575897216796875e+00
4.948545000000000194e+00 2.648401260375976562e+00
4.953878999999999699e+00 2.648401260375976562e+00
4.959173999999999971e+00 2.653575897216796875e+00
4.964487000000000094e+00 2.648401260375976562e+00
4.969859999999999722e+00 2.648401260375976562e+00
4.975202000000000346e+00 2.653575897216796875e+00
4.980825000000000280e+00 2.643226623535156250e+00
4.986170000000000435e+00 2.648401260375976562e+00
4.991583000000000325e+00 2.648401260375976562e+00
4.996898999999999980e+00 2.648401260375976562e+00
5.002246999999999666e+00 2.653575897216796875e+00
5.007540999999999798e+00 2.653575897216796875e+00
5.012817000000000078e+00 2.658750534057617188e+00
5.018119999999999692e+00 2.653575897216796875e+00
5.023398000000000252e+00 2.653575897216796875e+00
5.028662999999999883e+00 2.653575897216796875e+00
5.033922999999999703e+00 2.653575897216796875e+00
5.039253000000000426e+00 2.653575897216796875e+00
5.048415000000000319e+00 2.658750534057617188e+00
5.054033999999999693e+00 2.653575897216796875e+00
5.057902000000000342e+00 2.648401260375976562e+00
5.063193000000000055e+00 2.653575897216796875e+00
5.066944000000000337e+00 2.648401260375976562e+00
5.072275999999999563e+00 2.653575897216796875e+00
5.077664000000000399e+00 2.648401260375976562e+00
5.082925000000000360e+00 2.648401260375976562e+00
5.088301000000000407e+00 2.648401260375976562e+00
5.093621999999999872e+00 2.648401260375976562e+00
5.098959999999999937e+00 2.653575897216796875e+00
5.104250999999999650e+00 2.653575897216796875e+00
5.109638999999999598e+00 2.653575897216796875e+00
5.114950000000000330e+00 2.653575897216796875e+00
5.118638999999999939e+00 2.653575897216796875e+00
5.123939000000000021e+00 2.658750534057617188e+00
5.129258000000000095e+00 2.653575897216796875e+00
5.134581999999999979e+00 2.653575897216796875e+00
5.140013999999999861e+00 2.653575897216796875e+00
5.145343999999999696e+00 2.648401260375976562e+00
5.149128000000000149e+00 2.653575897216796875e+00
5.154471000000000025e+00 2.653575897216796875e+00
5.158326999999999884e+00 2.648401260375976562e+00
5.167506000000000377e+00 2.648401260375976562e+00
5.177838000000000385e+00 2.648401260375976562e+00
5.185115999999999836e+00 2.648401260375976562e+00
5.192520000000000024e+00 2.648401260375976562e+00
5.202835999999999572e+00 2.653575897216796875e+00
5.208569999999999922e+00 2.653575897216796875e+00
5.213903000000000176e+00 2.653575897216796875e+00
5.219284000000000034e+00 2.658750534057617188e+00
5.224641000000000091e+00 2.653575897216796875e+00
5.230078999999999922e+00 2.658750534057617188e+00
5.235413999999999568e+00 2.653575897216796875e+00
5.240840999999999639e+00 2.653575897216796875e+00
5.246323000000000292e+00 2.648401260375976562e+00
5.251845000000000319e+00 2.648401260375976562e+00
5.257259999999999600e+00 2.648401260375976562e+00
5.262628999999999557e+00 2.643226623535156250e+00
5.268061000000000327e+00 2.648401260375976562e+00
5.273480000000000167e+00 2.643226623535156250e+00
5.282547000000000104e+00 2.648401260375976562e+00
5.288302999999999976e+00 2.648401260375976562e+00
5.293646999999999991e+00 2.648401260375976562e+00
5.299055000000000071e+00 2.653575897216796875e+00
5.304407999999999568e+00 2.653575897216796875e+00
5.309955000000000425e+00 2.653575897216796875e+00
5.313734000000000179e+00 2.653575897216796875e+00
5.319097000000000186e+00 2.653575897216796875e+00
5.324472000000000094e+00 2.658750534057617188e+00
5.328373000000000026e+00 2.653575897216796875e+00
5.332130000000000258e+00 2.653575897216796875e+00
5.337551999999999630e+00 2.653575897216796875e+00
5.343022000000000382e+00 2.653575897216796875e+00
5.348665999999999698e+00 2.648401260375976562e+00
5.354032000000000124e+00 2.648401260375976562e+00
5.359529000000000210e+00 2.648401260375976562e+00
5.364918000000000298e+00 2.643226623535156250e+00
5.368689999999999962e+00 2.648401260375976562e+00
5.374071999999999960e+00 2.648401260375976562e+00
5.379449000000000147e+00 2.653575897216796875e+00
5.384860999999999898e+00 2.648401260375976562e+00
5.390405999999999587e+00 2.648401260375976562e+00
5.401753000000000249e+00 2.653575897216796875e+00
5.407206000000000401e+00 2.658750534057617188e+00
5.412620999999999682e+00 2.658750534057617188e+00
5.418107000000000006e+00 2.653575897216796875e+00
5.423498000000000374e+00 2.653575897216796875e+00
5.428936000000000206e+00 2.653575897216796875e+00
5.434364000000000416e+00 2.653575897216796875e+00
5.439841999999999622e+00 2.653575897216796875e+00
5.445255999999999652e+00 2.648401260375976562e+00
5.450980999999999632e+00 2.648401260375976562e+00
5.456399000000000221e+00 2.648401260375976562e+00
5.460388000000000019e+00 2.648401260375976562e+00
5.465784000000000198e+00 2.653575897216796875e+00
5.471289999999999765e+00 2.653575897216796875e+00
5.476856999999999864e+00 2.648401260375976562e+00
5.480775999999999648e+00 2.653575897216796875e+00
5.484525999999999790e+00 2.653575897216796875e+00
5.490051000000000236e+00 2.648401260375976562e+00
5.493910999999999767e+00 2.653575897216796875e+00
5.499406999999999712e+00 2.653575897216796875e+00
5.504832000000000392e+00 2.653575897216796875e+00
5.514383999999999730e+00 2.653575897216796875e+00
5.521086000000000382e+00 2.653575897216796875e+00
5.526637000000000022e+00 2.653575897216796875e+00
5.530542999999999765e+00 2.653575897216796875e+00
5.536114999999999675e+00 2.653575897216796875e+00
5.541640000000000121e+00 2.653575897216796875e+00
5.547126999999999697e+00 2.648401260375976562e+00
5.552609999999999602e+00 2.653575897216796875e+00
5.558155000000000179e+00 2.648401260375976562e+00
5.563648999999999845e+00 2.648401260375976562e+00
5.569136999999999560e+00 2.648401260375976562e+00
5.574651000000000245e+00 2.648401260375976562e+00
5.580182999999999893e+00 2.648401260375976562e+00
5.585644000000000275e+00 2.648401260375976562e+00
5.591167999999999694e+00 2.648401260375976562e+00
5.596623000000000125e+00 2.648401260375976562e+00
5.600539999999999630e+00 2.653575897216796875e+00
5.606008000000000102e+00 2.653575897216796875e+00
5.611613000000000184e+00 2.653575897216796875e+00
5.617136999999999603e+00 2.653575897216796875e+00
5.622657000000000238e+00 2.653575897216796875e+00
5.628220999999999918e+00 2.658750534057617188e+00
5.637381999999999671e+00 2.658750534057617188e+00
5.642947999999999631e+00 2.653575897216796875e+00
5.648502999999999830e+00 2.648401260375976562e+00
5.654020000000000046e+00 2.648401260375976562e+00
5.659518000000000271e+00 2.653575897216796875e+00
5.663312999999999597e+00 2.648401260375976562e+00
5.668828999999999674e+00 2.648401260375976562e+00
5.674324000000000368e+00 2.648401260375976562e+00
5.679891999999999719e+00 2.643226623535156250e+00
5.683741000000000376e+00 2.648401260375976562e+00
5.689296999999999827e+00 2.648401260375976562e+00
5.694798999999999722e+00 2.648401260375976562e+00
5.700346999999999831e+00 2.653575897216796875e+00
5.705839000000000105e+00 2.653575897216796875e+00
5.711488000000000120e+00 2.653575897216796875e+00
5.715323999999999849e+00 2.653575897216796875e+00
5.720888999999999669e+00 2.653575897216796875e+00
5.726441000000000336e+00 2.658750534057617188e+00
5.732075000000000031e+00 2.653575897216796875e+00
5.737656000000000311e+00 2.653575897216796875e+00
5.743182000000000009e+00 2.658750534057617188e+00
5.748718000000000217e+00 2.648401260375976562e+00
5.758505999999999680e+00 2.648401260375976562e+00
5.764274000000000342e+00 2.648401260375976562e+00
5.769954000000000249e+00 2.648401260375976562e+00
5.775479999999999947e+00 2.648401260375976562e+00
5.781096999999999930e+00 2.648401260375976562e+00
5.784939999999999749e+00 2.648401260375976562e+00
5.790566000000000102e+00 2.648401260375976562e+00
5.796103999999999701e+00 2.653575897216796875e+00
5.801740999999999815e+00 2.658750534057617188e+00
5.807345999999999897e+00 2.658750534057617188e+00
5.812899999999999956e+00 2.653575897216796875e+00
5.818508999999999709e+00 2.658750534057617188e+00
5.824117000000000210e+00 2.653575897216796875e+00
5.829674999999999940e+00 2.653575897216796875e+00
5.835243000000000180e+00 2.653575897216796875e+00
5.839050000000000296e+00 2.648401260375976562e+00
5.844706999999999653e+00 2.653575897216796875e+00
5.850322000000000244e+00 2.648401260375976562e+00
5.855877000000000443e+00 2.648401260375976562e+00
5.861771000000000065e+00 2.648401260375976562e+00
5.871048000000000044e+00 2.648401260375976562e+00
5.876970000000000027e+00 2.653575897216796875e+00
5.882640999999999565e+00 2.653575897216796875e+00
5.888307000000000180e+00 2.653575897216796875e+00
5.893939999999999735e+00 2.653575897216796875e+00
5.899555999999999578e+00 2.658750534057617188e+00
5.905159000000000269e+00 2.658750534057617188e+00
5.909136000000000166e+00 2.653575897216796875e+00
5.914773000000000280e+00 2.653575897216796875e+00
5.918789000000000300e+00 2.653575897216796875e+00
5.924455000000000027e+00 2.653575897216796875e+00
5.930138999999999605e+00 2.653575897216796875e+00
5.935808999999999891e+00 2.653575897216796875e+00
5.941500999999999699e+00 2.653575897216796875e+00
5.947174000000000404e+00 2.648401260375976562e+00
5.952783000000000158e+00 2.648401260375976562e+00
5.956717000000000262e+00 2.648401260375976562e+00
5.962470999999999854e+00 2.653575897216796875e+00
5.968170999999999893e+00 2.653575897216796875e+00
5.972156000000000020e+00 2.653575897216796875e+00
5.977888000000000090e+00 2.648401260375976562e+00
5.987233999999999945e+00 2.653575897216796875e+00
5.993161999999999878e+00 2.653575897216796875e+00
5.998796999999999713e+00 2.653575897216796875e+00
6.004406000000000354e+00 2.653575897216796875e+00
6.008327000000000417e+00 2.653575897216796875e+00
6.013929000000000080e+00 2.653575897216796875e+00
6.019547000000000203e+00 2.653575897216796875e+00
6.025212999999999930e+00 2.653575897216796875e+00
6.030918999999999919e+00 2.653575897216796875e+00
6.036541999999999852e+00 2.653575897216796875e+00
6.042303000000000424e+00 2.653575897216796875e+00
6.047988000000000142e+00 2.648401260375976562e+00
6.053621999999999836e+00 2.653575897216796875e+00
6.059275000000000411e+00 2.648401260375976562e+00
6.065146000000000370e+00 2.648401260375976562e+00
6.069129000000000218e+00 2.648401260375976562e+00
6.074791000000000274e+00 2.653575897216796875e+00
6.078781000000000212e+00 2.648401260375976562e+00
6.084425999999999668e+00 2.648401260375976562e+00
6.090141000000000027e+00 2.648401260375976562e+00
6.094192999999999749e+00 2.653575897216796875e+00
6.103731999999999935e+00 2.653575897216796875e+00
6.109639999999999738e+00 2.653575897216796875e+00
6.115415999999999741e+00 2.648401260375976562e+00
6.121145000000000280e+00 2.653575897216796875e+00
6.126850000000000129e+00 2.653575897216796875e+00
6.132607000000000141e+00 2.653575897216796875e+00
6.136565000000000047e+00 2.658750534057617188e+00
6.142342000000000191e+00 2.653575897216796875e+00
6.148107000000000433e+00 2.648401260375976562e+00
6.153839999999999755e+00 2.653575897216796875e+00
6.157752999999999588e+00 2.653575897216796875e+00
6.163420000000000343e+00 2.648401260375976562e+00
6.169484999999999886e+00 2.648401260375976562e+00
6.179410999999999987e+00 2.648401260375976562e+00
6.187172000000000338e+00 2.648401260375976562e+00
6.196215999999999724e+00 2.648401260375976562e+00
6.202137999999999707e+00 2.653575897216796875e+00
6.207913999999999710e+00 2.653575897216796875e+00
6.217881000000000213e+00 2.653575897216796875e+00
6.223819999999999908e+00 2.653575897216796875e+00
6.229643000000000264e+00 2.653575897216796875e+00
6.237268000000000256e+00 2.658750534057617188e+00
6.243085999999999913e+00 2.658750534057617188e+00
6.248867999999999867e+00 2.653575897216796875e+00
6.254641000000000339e+00 2.648401260375976562e+00
6.258712000000000053e+00 2.648401260375976562e+00
6.264459000000000444e+00 2.648401260375976562e+00
6.270347000000000115e+00 2.648401260375976562e+00
6.276139999999999830e+00 2.648401260375976562e+00
6.282041000000000430e+00 2.643226623535156250e+00
6.287870999999999988e+00 2.648401260375976562e+00
6.293658999999999892e+00 2.648401260375976562e+00
6.299425000000000274e+00 2.653575897216796875e+00
6.305239000000000260e+00 2.658750534057617188e+00
6.311071000000000097e+00 2.658750534057617188e+00
6.316824000000000439e+00 2.653575897216796875e+00
6.322672999999999988e+00 2.653575897216796875e+00
6.332296000000000369e+00 2.653575897216796875e+00
6.338335999999999970e+00 2.653575897216796875e+00
6.344095000000000262e+00 2.653575897216796875e+00
6.349909000000000248e+00 2.648401260375976562e+00
6.353915999999999897e+00 2.648401260375976562e+00
6.359670999999999630e+00 2.648401260375976562e+00
6.365426000000000251e+00 2.643226623535156250e+00
6.371252000000000137e+00 2.648401260375976562e+00
6.377126999999999768e+00 2.648401260375976562e+00
6.381115999999999566e+00 2.648401260375976562e+00
6.386867999999999768e+00 2.653575897216796875e+00
6.390921999999999770e+00 2.653575897216796875e+00
6.396792999999999729e+00 2.653575897216796875e+00
6.402605999999999575e+00 2.658750534057617188e+00
6.408426999999999651e+00 2.658750534057617188e+00
6.414202999999999655e+00 2.658750534057617188e+00
6.420137999999999678e+00 2.658750534057617188e+00
6.424133999999999567e+00 2.658750534057617188e+00
6.430031999999999748e+00 2.653575897216796875e+00
6.435820999999999792e+00 2.653575897216796875e+00
6.445255000000000400e+00 2.653575897216796875e+00
6.451419999999999710e+00 2.648401260375976562e+00
6.457252999999999687e+00 2.648401260375976562e+00
6.461304000000000158e+00 2.648401260375976562e+00
6.467108999999999774e+00 2.653575897216796875e+00
6.473061000000000398e+00 2.648401260375976562e+00
6.478869999999999685e+00 2.653575897216796875e+00
6.484647999999999968e+00 2.648401260375976562e+00
6.490529000000000437e+00 2.653575897216796875e+00
6.496312999999999782e+00 2.653575897216796875e+00
6.502208999999999683e+00 2.658750534057617188e+00
6.508071000000000161e+00 2.653575897216796875e+00
6.512103999999999893e+00 2.653575897216796875e+00
6.517960000000000420e+00 2.653575897216796875e+00
6.521910000000000096e+00 2.653575897216796875e+00
6.527778999999999776e+00 2.653575897216796875e+00
6.533591999999999622e+00 2.653575897216796875e+00
6.539411999999999558e+00 2.653575897216796875e+00
6.545242000000000004e+00 2.648401260375976562e+00
6.549299999999999677e+00 2.648401260375976562e+00
6.559145000000000003e+00 2.653575897216796875e+00
6.565184999999999604e+00 2.648401260375976562e+00
6.571049000000000362e+00 2.653575897216796875e+00
6.577120999999999995e+00 2.648401260375976562e+00
6.582988000000000284e+00 2.653575897216796875e+00
6.588892999999999667e+00 2.648401260375976562e+00
6.594711000000000212e+00 2.653575897216796875e+00
6.600583999999999563e+00 2.653575897216796875e+00
6.606417999999999680e+00 2.653575897216796875e+00
6.612460999999999700e+00 2.648401260375976562e+00
6.618331999999999660e+00 2.653575897216796875e+00
6.624162000000000106e+00 2.653575897216796875e+00
6.630088999999999899e+00 2.648401260375976562e+00
6.635970000000000368e+00 2.653575897216796875e+00
6.641880999999999702e+00 2.653575897216796875e+00
6.647866999999999749e+00 2.653575897216796875e+00
6.653707999999999956e+00 2.648401260375976562e+00
6.659593000000000096e+00 2.653575897216796875e+00
6.665449999999999875e+00 2.653575897216796875e+00
6.675457999999999892e+00 2.648401260375976562e+00
6.681651999999999703e+00 2.643226623535156250e+00
6.685730000000000395e+00 2.648401260375976562e+00
6.691646000000000427e+00 2.648401260375976562e+00
6.697699000000000069e+00 2.653575897216796875e+00
6.703627000000000002e+00 2.653575897216796875e+00
6.709559999999999746e+00 2.653575897216796875e+00
6.715429000000000315e+00 2.653575897216796875e+00
6.721383000000000330e+00 2.653575897216796875e+00
6.727320999999999884e+00 2.658750534057617188e+00
6.733230999999999966e+00 2.653575897216796875e+00
6.739111000000000296e+00 2.658750534057617188e+00
6.745021000000000377e+00 2.658750534057617188e+00
6.749145000000000394e+00 2.653575897216796875e+00
6.755062999999999818e+00 2.653575897216796875e+00
6.759106000000000058e+00 2.648401260375976562e+00
6.765049999999999564e+00 2.648401260375976562e+00
6.770990000000000286e+00 2.648401260375976562e+00
6.776905000000000179e+00 2.648401260375976562e+00
6.783013999999999655e+00 2.648401260375976562e+00
6.792785000000000295e+00 2.648401260375976562e+00
6.798962999999999646e+00 2.653575897216796875e+00
6.804878000000000426e+00 2.653575897216796875e+00
6.810810000000000031e+00 2.658750534057617188e+00
6.816701000000000121e+00 2.653575897216796875e+00
6.822708999999999691e+00 2.658750534057617188e+00
6.828693999999999598e+00 2.653575897216796875e+00
6.834628999999999621e+00 2.658750534057617188e+00
6.838745000000000296e+00 2.663925170898437500e+00
6.844651999999999958e+00 2.689798355102539062e+00
6.850662999999999947e+00 3.108940124511718750e+00
6.856561000000000128e+00 4.345667839050292969e+00
6.862620999999999860e+00 4.123160362243652344e+00
6.866712999999999845e+00 4.692365646362304688e+00
6.870923000000000336e+00 4.676841735839843750e+00
6.874989000000000239e+00 4.661317825317382812e+00
6.880946999999999925e+00 4.614747047424316406e+00
6.886947000000000152e+00 4.428461074829101562e+00
6.892968999999999902e+00 4.387064933776855469e+00
6.898908999999999736e+00 4.412938117980957031e+00
6.908686999999999578e+00 4.542302131652832031e+00
6.914831999999999645e+00 4.713064193725585938e+00
6.920881999999999756e+00 4.733762741088867188e+00
6.926820000000000199e+00 4.738937377929687500e+00
6.932844000000000229e+00 4.728588104248046875e+00
6.936957999999999736e+00 4.738937377929687500e+00
6.942988999999999855e+00 4.738937377929687500e+00
6.949027000000000065e+00 4.733762741088867188e+00
6.954957000000000278e+00 4.733762741088867188e+00
6.960956999999999617e+00 4.733762741088867188e+00
6.966940000000000133e+00 4.738937377929687500e+00
6.972958000000000212e+00 4.749286651611328125e+00
6.978928999999999938e+00 4.749286651611328125e+00
6.984865000000000101e+00 4.759634971618652344e+00
6.991106000000000265e+00 4.754461288452148438e+00
6.997129000000000154e+00 4.764809608459472656e+00
7.003080999999999889e+00 4.764809608459472656e+00
7.007150000000000212e+00 4.764809608459472656e+00
7.013221999999999845e+00 4.764809608459472656e+00
7.023094000000000392e+00 4.754461288452148438e+00
7.029293000000000013e+00 4.749286651611328125e+00
7.033388999999999669e+00 4.744112014770507812e+00
7.039374999999999716e+00 4.749286651611328125e+00
7.043504000000000431e+00 4.744112014770507812e+00
7.049501000000000239e+00 4.749286651611328125e+00
7.055508999999999808e+00 4.749286651611328125e+00
7.061577999999999911e+00 4.749286651611328125e+00
7.065733999999999959e+00 4.749286651611328125e+00
7.071795999999999971e+00 4.749286651611328125e+00
7.077860000000000262e+00 4.754461288452148438e+00
7.083872000000000391e+00 4.749286651611328125e+00
7.089926000000000172e+00 4.749286651611328125e+00
7.096025000000000027e+00 4.754461288452148438e+00
7.102087000000000039e+00 4.749286651611328125e+00
7.106120999999999910e+00 4.749286651611328125e+00
7.112200999999999773e+00 4.744112014770507812e+00
7.118263999999999925e+00 4.733762741088867188e+00
7.122313000000000116e+00 4.728588104248046875e+00
7.128428000000000431e+00 4.723413467407226562e+00
7.138321999999999612e+00 4.718238830566406250e+00
7.144536000000000442e+00 4.718238830566406250e+00
7.150621000000000116e+00 4.723413467407226562e+00
7.154726000000000141e+00 4.723413467407226562e+00
7.158949999999999925e+00 4.728588104248046875e+00
7.164994000000000085e+00 4.733762741088867188e+00
7.169054000000000038e+00 4.738937377929687500e+00
7.173110000000000319e+00 4.738937377929687500e+00
7.179221000000000075e+00 4.738937377929687500e+00
7.189791999999999739e+00 4.738937377929687500e+00
7.199760000000000382e+00 4.738937377929687500e+00
7.209389999999999965e+00 4.728588104248046875e+00
