3.034999999999999937e-03 2.498338699340820312e+00
6.686000000000000103e-03 2.493164062500000000e+00
1.025200000000000070e-02 2.503512382507324219e+00
1.354299999999999948e-02 2.498338699340820312e+00
1.700700000000000128e-02 2.498338699340820312e+00
2.044400000000000037e-02 2.498338699340820312e+00
2.374000000000000069e-02 2.503512382507324219e+00
2.719999999999999848e-02 2.508687019348144531e+00
3.064199999999999910e-02 2.513861656188964844e+00
3.393199999999999689e-02 2.513861656188964844e+00
3.755000000000000004e-02 2.508687019348144531e+00
4.113399999999999695e-02 2.513861656188964844e+00
4.460100000000000176e-02 2.513861656188964844e+00
4.805399999999999949e-02 2.513861656188964844e+00
5.134500000000000175e-02 2.519036293029785156e+00
5.478999999999999843e-02 2.513861656188964844e+00
5.825099999999999723e-02 2.513861656188964844e+00
6.154699999999999754e-02 2.513861656188964844e+00
7.006600000000000328e-02 2.508687019348144531e+00
7.335400000000000253e-02 2.508687019348144531e+00
7.680499999999999827e-02 2.508687019348144531e+00
8.024799999999999989e-02 2.498338699340820312e+00
8.354799999999999727e-02 2.503512382507324219e+00
8.761199999999999544e-02 2.498338699340820312e+00
9.105699999999999905e-02 2.498338699340820312e+00
9.434900000000000231e-02 2.503512382507324219e+00
9.784400000000000042e-02 2.498338699340820312e+00
1.011330000000000007e-01 2.498338699340820312e+00
1.045809999999999934e-01 2.498338699340820312e+00
1.080409999999999981e-01 2.498338699340820312e+00
1.113299999999999984e-01 2.503512382507324219e+00
1.147760000000000030e-01 2.503512382507324219e+00
1.182310000000000028e-01 2.503512382507324219e+00
1.215200000000000030e-01 2.503512382507324219e+00
1.249640000000000056e-01 2.508687019348144531e+00
1.284329999999999916e-01 2.508687019348144531e+00
1.318749999999999922e-01 2.513861656188964844e+00
1.351680000000000104e-01 2.513861656188964844e+00
1.386199999999999932e-01 2.508687019348144531e+00
1.420800000000000118e-01 2.513861656188964844e+00
1.453710000000000002e-01 2.513861656188964844e+00
1.488210000000000088e-01 2.513861656188964844e+00
1.522759999999999947e-01 2.513861656188964844e+00
1.555749999999999911e-01 2.508687019348144531e+00
1.590229999999999977e-01 2.513861656188964844e+00
1.624770000000000103e-01 2.508687019348144531e+00
1.657710000000000017e-01 2.513861656188964844e+00
1.692230000000000123e-01 2.508687019348144531e+00
1.725220000000000087e-01 2.508687019348144531e+00
1.761810000000000043e-01 2.508687019348144531e+00
1.843299999999999939e-01 2.503512382507324219e+00
1.877709999999999935e-01 2.498338699340820312e+00
1.912290000000000101e-01 2.503512382507324219e+00
1.945540000000000047e-01 2.503512382507324219e+00
1.980089999999999906e-01 2.503512382507324219e+00
2.014600000000000002e-01 2.508687019348144531e+00
2.047599999999999976e-01 2.508687019348144531e+00
2.082060000000000022e-01 2.503512382507324219e+00
2.114840000000000053e-01 2.503512382507324219e+00
2.148049999999999959e-01 2.508687019348144531e+00
2.182510000000000006e-01 2.508687019348144531e+00
2.215429999999999899e-01 2.508687019348144531e+00
2.249919999999999976e-01 2.508687019348144531e+00
2.284579999999999944e-01 2.508687019348144531e+00
2.317500000000000115e-01 2.513861656188964844e+00
2.351930000000000132e-01 2.513861656188964844e+00
2.386419999999999930e-01 2.508687019348144531e+00
2.419360000000000122e-01 2.508687019348144531e+00
2.456810000000000105e-01 2.508687019348144531e+00
2.491400000000000003e-01 2.508687019348144531e+00
2.525999999999999912e-01 2.508687019348144531e+00
2.560419999999999918e-01 2.508687019348144531e+00
2.596490000000000187e-01 2.508687019348144531e+00
2.629440000000000111e-01 2.513861656188964844e+00
2.663900000000000157e-01 2.508687019348144531e+00
2.698490000000000055e-01 2.508687019348144531e+00
2.731419999999999959e-01 2.508687019348144531e+00
2.766520000000000090e-01 2.513861656188964844e+00
2.800429999999999864e-01 2.503512382507324219e+00
2.833419999999999828e-01 2.508687019348144531e+00
2.868109999999999826e-01 2.508687019348144531e+00
2.901130000000000098e-01 2.508687019348144531e+00
2.980869999999999909e-01 2.508687019348144531e+00
3.015990000000000060e-01 2.503512382507324219e+00
3.050709999999999811e-01 2.503512382507324219e+00
3.083640000000000270e-01 2.508687019348144531e+00
3.118139999999999801e-01 2.508687019348144531e+00
3.152670000000000194e-01 2.508687019348144531e+00
3.185689999999999911e-01 2.503512382507324219e+00
3.220149999999999957e-01 2.498338699340820312e+00
3.254659999999999775e-01 2.498338699340820312e+00
3.287669999999999759e-01 2.503512382507324219e+00
3.322169999999999845e-01 2.508687019348144531e+00
3.356689999999999952e-01 2.508687019348144531e+00
3.392919999999999825e-01 2.508687019348144531e+00
3.425779999999999936e-01 2.508687019348144531e+00
3.460250000000000270e-01 2.508687019348144531e+00
3.496270000000000211e-01 2.508687019348144531e+00
3.529260000000000175e-01 2.508687019348144531e+00
3.563700000000000201e-01 2.508687019348144531e+00
3.598239999999999772e-01 2.513861656188964844e+00
3.632779999999999898e-01 2.513861656188964844e+00
3.666329999999999867e-01 2.513861656188964844e+00
3.700240000000000196e-01 2.513861656188964844e+00
3.733190000000000119e-01 2.513861656188964844e+00
3.767789999999999750e-01 2.513861656188964844e+00
3.810609999999999831e-01 2.513861656188964844e+00
3.843940000000000135e-01 2.513861656188964844e+00
3.878510000000000013e-01 2.508687019348144531e+00
3.911459999999999937e-01 2.508687019348144531e+00
3.945949999999999736e-01 2.508687019348144531e+00
3.980480000000000129e-01 2.503512382507324219e+00
4.014940000000000175e-01 2.503512382507324219e+00
4.050270000000000259e-01 2.498338699340820312e+00
4.130050000000000110e-01 2.498338699340820312e+00
4.164640000000000009e-01 2.498338699340820312e+00
4.200740000000000030e-01 2.498338699340820312e+00
4.234040000000000026e-01 2.498338699340820312e+00
4.268569999999999864e-01 2.498338699340820312e+00
4.301490000000000036e-01 2.508687019348144531e+00
4.336010000000000142e-01 2.508687019348144531e+00
4.370600000000000041e-01 2.508687019348144531e+00
4.403480000000000172e-01 2.503512382507324219e+00
4.437949999999999950e-01 2.508687019348144531e+00
4.472539999999999849e-01 2.513861656188964844e+00
4.505460000000000020e-01 2.513861656188964844e+00
4.540020000000000167e-01 2.513861656188964844e+00
4.574460000000000193e-01 2.508687019348144531e+00
4.657629999999999826e-01 2.513861656188964844e+00
4.744760000000000089e-01 2.513861656188964844e+00
4.791630000000000056e-01 2.508687019348144531e+00
4.849069999999999769e-01 2.503512382507324219e+00
4.883649999999999936e-01 2.498338699340820312e+00
4.918109999999999982e-01 2.498338699340820312e+00
4.952579999999999760e-01 2.503512382507324219e+00
4.985580000000000012e-01 2.498338699340820312e+00
5.020050000000000345e-01 2.498338699340820312e+00
5.052780000000000049e-01 2.498338699340820312e+00
5.085969999999999658e-01 2.498338699340820312e+00
5.120510000000000339e-01 2.503512382507324219e+00
5.204729999999999634e-01 2.498338699340820312e+00
5.240000000000000213e-01 2.498338699340820312e+00
5.274579999999999824e-01 2.503512382507324219e+00
5.307439999999999936e-01 2.508687019348144531e+00
5.341909999999999714e-01 2.513861656188964844e+00
5.376469999999999860e-01 2.508687019348144531e+00
5.409389999999999477e-01 2.513861656188964844e+00
5.443850000000000078e-01 2.513861656188964844e+00
5.478469999999999729e-01 2.513861656188964844e+00
5.511279999999999513e-01 2.513861656188964844e+00
5.545759999999999579e-01 2.513861656188964844e+00
5.580359999999999765e-01 2.513861656188964844e+00
5.613230000000000164e-01 2.513861656188964844e+00
5.647680000000000478e-01 2.513861656188964844e+00
5.682270000000000376e-01 2.513861656188964844e+00
5.716769999999999907e-01 2.513861656188964844e+00
5.749739999999999851e-01 2.513861656188964844e+00
5.784679999999999822e-01 2.508687019348144531e+00
5.817609999999999726e-01 2.498338699340820312e+00
5.852049999999999752e-01 2.503512382507324219e+00
5.886670000000000513e-01 2.498338699340820312e+00
5.919649999999999634e-01 2.498338699340820312e+00
5.954089999999999661e-01 2.498338699340820312e+00
5.988710000000000422e-01 2.498338699340820312e+00
6.021609999999999463e-01 2.498338699340820312e+00
6.055960000000000232e-01 2.493164062500000000e+00
6.090630000000000210e-01 2.498338699340820312e+00
6.123739999999999739e-01 2.503512382507324219e+00
6.158120000000000260e-01 2.503512382507324219e+00
6.194129999999999914e-01 2.508687019348144531e+00
6.228719999999999812e-01 2.503512382507324219e+00
6.261590000000000211e-01 2.508687019348144531e+00
6.346810000000000507e-01 2.513861656188964844e+00
6.379740000000000411e-01 2.513861656188964844e+00
6.414210000000000189e-01 2.519036293029785156e+00
6.448730000000000295e-01 2.519036293029785156e+00
6.481740000000000279e-01 2.513861656188964844e+00
6.516279999999999850e-01 2.513861656188964844e+00
6.550719999999999876e-01 2.513861656188964844e+00
6.583830000000000515e-01 2.508687019348144531e+00
6.618209999999999926e-01 2.508687019348144531e+00
6.652740000000000320e-01 2.513861656188964844e+00
6.685799999999999521e-01 2.508687019348144531e+00
6.720599999999999907e-01 2.508687019348144531e+00
6.753529999999999811e-01 2.508687019348144531e+00
6.788060000000000205e-01 2.508687019348144531e+00
6.822629999999999528e-01 2.503512382507324219e+00
6.855520000000000502e-01 2.503512382507324219e+00
6.889999999999999458e-01 2.498338699340820312e+00
6.924540000000000139e-01 2.503512382507324219e+00
6.957539999999999836e-01 2.498338699340820312e+00
6.992000000000000437e-01 2.503512382507324219e+00
7.026580000000000048e-01 2.503512382507324219e+00
7.059360000000000079e-01 2.503512382507324219e+00
7.094009999999999483e-01 2.508687019348144531e+00
7.128569999999999629e-01 2.508687019348144531e+00
7.161480000000000068e-01 2.508687019348144531e+00
7.196040000000000214e-01 2.508687019348144531e+00
7.230539999999999745e-01 2.503512382507324219e+00
7.263560000000000016e-01 2.508687019348144531e+00
7.297989999999999755e-01 2.513861656188964844e+00
7.332520000000000149e-01 2.513861656188964844e+00
7.366070000000000118e-01 2.513861656188964844e+00
7.449930000000000163e-01 2.508687019348144531e+00
7.484840000000000382e-01 2.508687019348144531e+00
7.517960000000000198e-01 2.508687019348144531e+00
7.552480000000000304e-01 2.508687019348144531e+00
7.585389999999999633e-01 2.513861656188964844e+00
7.619860000000000522e-01 2.513861656188964844e+00
7.654349999999999765e-01 2.513861656188964844e+00
7.687730000000000397e-01 2.513861656188964844e+00
7.722229999999999928e-01 2.513861656188964844e+00
7.756699999999999706e-01 2.513861656188964844e+00
7.791240000000000387e-01 2.508687019348144531e+00
7.825760000000000494e-01 2.508687019348144531e+00
7.860190000000000232e-01 2.508687019348144531e+00
7.896339999999999471e-01 2.503512382507324219e+00
7.930800000000000072e-01 2.503512382507324219e+00
7.963740000000000263e-01 2.508687019348144531e+00
7.998410000000000242e-01 2.508687019348144531e+00
8.031249999999999778e-01 2.508687019348144531e+00
8.066119999999999957e-01 2.508687019348144531e+00
8.100230000000000485e-01 2.508687019348144531e+00
8.134789999999999521e-01 2.508687019348144531e+00
8.167790000000000328e-01 2.508687019348144531e+00
8.202310000000000434e-01 2.508687019348144531e+00
8.236850000000000005e-01 2.508687019348144531e+00
8.269819999999999949e-01 2.508687019348144531e+00
8.304310000000000302e-01 2.508687019348144531e+00
8.337219999999999631e-01 2.508687019348144531e+00
8.371790000000000065e-01 2.508687019348144531e+00
8.406350000000000211e-01 2.508687019348144531e+00
8.439149999999999707e-01 2.513861656188964844e+00
8.472150000000000514e-01 2.513861656188964844e+00
8.506690000000000085e-01 2.508687019348144531e+00
8.539630000000000276e-01 2.508687019348144531e+00
8.623699999999999699e-01 2.513861656188964844e+00
8.658010000000000428e-01 2.508687019348144531e+00
8.692659999999999831e-01 2.513861656188964844e+00
8.725509999999999655e-01 2.513861656188964844e+00
8.759980000000000544e-01 2.519036293029785156e+00
8.794669999999999987e-01 2.513861656188964844e+00
8.827540000000000386e-01 2.503512382507324219e+00
8.862039999999999917e-01 2.508687019348144531e+00
8.896619999999999528e-01 2.503512382507324219e+00
8.929529999999999967e-01 2.508687019348144531e+00
8.963999999999999746e-01 2.503512382507324219e+00
8.998599999999999932e-01 2.508687019348144531e+00
9.031519999999999548e-01 2.508687019348144531e+00
9.066539999999999599e-01 2.503512382507324219e+00
9.100549999999999473e-01 2.503512382507324219e+00
9.133449999999999624e-01 2.503512382507324219e+00
9.168039999999999523e-01 2.503512382507324219e+00
9.202489999999999837e-01 2.498338699340820312e+00
9.235409999999999453e-01 2.503512382507324219e+00
9.270019999999999927e-01 2.503512382507324219e+00
9.304510000000000280e-01 2.508687019348144531e+00
9.337419999999999609e-01 2.513861656188964844e+00
9.371990000000000043e-01 2.513861656188964844e+00
9.406470000000000109e-01 2.508687019348144531e+00
9.439370000000000260e-01 2.513861656188964844e+00
9.475459999999999994e-01 2.508687019348144531e+00
9.509950000000000347e-01 2.513861656188964844e+00
9.544510000000000494e-01 2.513861656188964844e+00
9.577740000000000142e-01 2.513861656188964844e+00
9.612300000000000288e-01 2.513861656188964844e+00
9.645160000000000400e-01 2.513861656188964844e+00
9.729170000000000318e-01 2.513861656188964844e+00
9.817090000000000538e-01 2.508687019348144531e+00
9.901079999999999881e-01 2.503512382507324219e+00
9.942370000000000374e-01 2.503512382507324219e+00
9.976979999999999738e-01 2.503512382507324219e+00
1.001138000000000083e+00 2.498338699340820312e+00
1.007047999999999943e+00 2.498338699340820312e+00
1.011092000000000102e+00 2.503512382507324219e+00
1.015087999999999990e+00 2.503512382507324219e+00
1.019182999999999950e+00 2.503512382507324219e+00
1.023195000000000077e+00 2.498338699340820312e+00
1.027311000000000085e+00 2.503512382507324219e+00
1.031384000000000079e+00 2.508687019348144531e+00
1.035398000000000041e+00 2.513861656188964844e+00
1.042119999999999935e+00 2.513861656188964844e+00
1.046604000000000090e+00 2.513861656188964844e+00
1.050678999999999919e+00 2.519036293029785156e+00
1.054702999999999946e+00 2.513861656188964844e+00
1.058931999999999984e+00 2.513861656188964844e+00
1.062963000000000102e+00 2.513861656188964844e+00
1.067118000000000011e+00 2.513861656188964844e+00
1.071166000000000063e+00 2.513861656188964844e+00
1.075199999999999934e+00 2.513861656188964844e+00
1.079682999999999948e+00 2.508687019348144531e+00
1.089220999999999995e+00 2.503512382507324219e+00
1.093320000000000070e+00 2.503512382507324219e+00
1.097498000000000085e+00 2.503512382507324219e+00
1.101585000000000036e+00 2.503512382507324219e+00
1.105641000000000096e+00 2.498338699340820312e+00
1.109966000000000008e+00 2.503512382507324219e+00
1.114006999999999969e+00 2.503512382507324219e+00
1.118133999999999961e+00 2.503512382507324219e+00
1.122211999999999987e+00 2.508687019348144531e+00
1.126333999999999946e+00 2.508687019348144531e+00
1.130474999999999897e+00 2.508687019348144531e+00
1.134595999999999938e+00 2.513861656188964844e+00
1.138781999999999961e+00 2.513861656188964844e+00
1.142889999999999961e+00 2.513861656188964844e+00
1.147053000000000100e+00 2.513861656188964844e+00
1.151129999999999987e+00 2.519036293029785156e+00
1.155240000000000045e+00 2.513861656188964844e+00
1.159416999999999920e+00 2.513861656188964844e+00
1.163508999999999904e+00 2.513861656188964844e+00
1.167645999999999962e+00 2.513861656188964844e+00
1.171758000000000077e+00 2.508687019348144531e+00
1.175877999999999979e+00 2.508687019348144531e+00
1.180126000000000008e+00 2.503512382507324219e+00
1.184229999999999894e+00 2.503512382507324219e+00
1.188358999999999943e+00 2.498338699340820312e+00
1.192574999999999941e+00 2.503512382507324219e+00
1.206293000000000060e+00 2.503512382507324219e+00
1.210766000000000009e+00 2.503512382507324219e+00
1.215144999999999920e+00 2.513861656188964844e+00
1.219457000000000013e+00 2.508687019348144531e+00
1.223610000000000086e+00 2.508687019348144531e+00
1.227753000000000094e+00 2.508687019348144531e+00
1.231902999999999970e+00 2.513861656188964844e+00
1.236059000000000019e+00 2.513861656188964844e+00
1.240380000000000038e+00 2.513861656188964844e+00
1.244579000000000102e+00 2.519036293029785156e+00
1.248866999999999949e+00 2.513861656188964844e+00
1.253020999999999940e+00 2.508687019348144531e+00
1.257257000000000069e+00 2.508687019348144531e+00
1.261438000000000059e+00 2.513861656188964844e+00
1.265617999999999910e+00 2.508687019348144531e+00
1.269887999999999906e+00 2.508687019348144531e+00
1.274094000000000060e+00 2.508687019348144531e+00
1.278297999999999934e+00 2.513861656188964844e+00
1.282480000000000064e+00 2.503512382507324219e+00
1.286747000000000085e+00 2.503512382507324219e+00
1.290931999999999968e+00 2.508687019348144531e+00
1.295131000000000032e+00 2.513861656188964844e+00
1.299388999999999905e+00 2.508687019348144531e+00
1.303595000000000059e+00 2.508687019348144531e+00
1.307790999999999926e+00 2.508687019348144531e+00
1.312036999999999898e+00 2.508687019348144531e+00
1.316241999999999912e+00 2.503512382507324219e+00
1.326047999999999893e+00 2.508687019348144531e+00
1.330645000000000078e+00 2.508687019348144531e+00
1.334886999999999935e+00 2.508687019348144531e+00
1.339172999999999947e+00 2.508687019348144531e+00
1.343418999999999919e+00 2.513861656188964844e+00
1.347669000000000006e+00 2.508687019348144531e+00
1.351931999999999912e+00 2.513861656188964844e+00
1.356173000000000073e+00 2.508687019348144531e+00
1.360552999999999901e+00 2.513861656188964844e+00
1.364803999999999906e+00 2.508687019348144531e+00
1.369150000000000089e+00 2.513861656188964844e+00
1.373399000000000036e+00 2.513861656188964844e+00
1.377696999999999949e+00 2.513861656188964844e+00
1.382897999999999961e+00 2.513861656188964844e+00
1.387285000000000101e+00 2.508687019348144531e+00
1.391561000000000048e+00 2.508687019348144531e+00
1.395833000000000101e+00 2.508687019348144531e+00
1.400244999999999962e+00 2.508687019348144531e+00
1.404563000000000006e+00 2.508687019348144531e+00
1.408925999999999901e+00 2.508687019348144531e+00
1.413240999999999969e+00 2.503512382507324219e+00
1.417610000000000037e+00 2.503512382507324219e+00
1.421928000000000081e+00 2.498338699340820312e+00
1.426231999999999944e+00 2.503512382507324219e+00
1.430612999999999913e+00 2.508687019348144531e+00
1.440633999999999970e+00 2.508687019348144531e+00
1.445270999999999972e+00 2.508687019348144531e+00
1.449694000000000038e+00 2.508687019348144531e+00
1.454001000000000099e+00 2.513861656188964844e+00
1.458315000000000028e+00 2.513861656188964844e+00
1.462628999999999957e+00 2.519036293029785156e+00
1.467065000000000063e+00 2.519036293029785156e+00
1.477100999999999997e+00 2.513861656188964844e+00
1.486895000000000078e+00 2.508687019348144531e+00
1.493754000000000026e+00 2.508687019348144531e+00
1.501015999999999906e+00 2.498338699340820312e+00
1.505916000000000032e+00 2.498338699340820312e+00
1.510429999999999939e+00 2.503512382507324219e+00
1.514817000000000080e+00 2.498338699340820312e+00
1.519285999999999914e+00 2.503512382507324219e+00
1.523627000000000065e+00 2.503512382507324219e+00
1.527970999999999968e+00 2.503512382507324219e+00
1.532318999999999987e+00 2.508687019348144531e+00
1.536751999999999896e+00 2.508687019348144531e+00
1.541164999999999896e+00 2.513861656188964844e+00
1.545552000000000037e+00 2.519036293029785156e+00
1.555339000000000027e+00 2.519036293029785156e+00
1.560057999999999945e+00 2.519036293029785156e+00
1.564464000000000077e+00 2.513861656188964844e+00
1.568921999999999928e+00 2.513861656188964844e+00
1.573287000000000102e+00 2.519036293029785156e+00
1.577674999999999939e+00 2.519036293029785156e+00
1.582073999999999980e+00 2.503512382507324219e+00
1.586465999999999932e+00 2.503512382507324219e+00
1.590929000000000038e+00 2.498338699340820312e+00
1.595312999999999981e+00 2.503512382507324219e+00
1.599777999999999922e+00 2.498338699340820312e+00
1.604190000000000005e+00 2.498338699340820312e+00
1.607504999999999962e+00 2.503512382507324219e+00
1.611936999999999953e+00 2.503512382507324219e+00
1.616384000000000043e+00 2.503512382507324219e+00
1.620864000000000082e+00 2.503512382507324219e+00
1.625281999999999893e+00 2.503512382507324219e+00
1.629780999999999924e+00 2.513861656188964844e+00
1.634187999999999974e+00 2.513861656188964844e+00
1.638614000000000015e+00 2.519036293029785156e+00
1.643008999999999942e+00 2.513861656188964844e+00
1.647535999999999889e+00 2.513861656188964844e+00
1.651993000000000045e+00 2.513861656188964844e+00
1.656411000000000078e+00 2.519036293029785156e+00
1.660903000000000018e+00 2.519036293029785156e+00
1.670728999999999909e+00 2.513861656188964844e+00
1.675483000000000056e+00 2.513861656188964844e+00
1.680010000000000003e+00 2.508687019348144531e+00
1.684433999999999987e+00 2.503512382507324219e+00
1.688981000000000066e+00 2.503512382507324219e+00
1.693434000000000106e+00 2.503512382507324219e+00
1.697913999999999923e+00 2.503512382507324219e+00
1.702382999999999980e+00 2.503512382507324219e+00
1.706911000000000067e+00 2.498338699340820312e+00
1.711408999999999958e+00 2.508687019348144531e+00
1.715915000000000079e+00 2.508687019348144531e+00
1.720598999999999990e+00 2.513861656188964844e+00
1.725065000000000071e+00 2.508687019348144531e+00
1.729643999999999959e+00 2.513861656188964844e+00
1.734167000000000014e+00 2.513861656188964844e+00
1.738682999999999979e+00 2.513861656188964844e+00
1.743179000000000034e+00 2.513861656188964844e+00
1.747724000000000055e+00 2.513861656188964844e+00
1.752221999999999946e+00 2.513861656188964844e+00
1.756799999999999917e+00 2.513861656188964844e+00
1.761333000000000037e+00 2.508687019348144531e+00
1.765851000000000059e+00 2.513861656188964844e+00
1.770502999999999938e+00 2.508687019348144531e+00
1.775017000000000067e+00 2.508687019348144531e+00
1.779698999999999920e+00 2.508687019348144531e+00
1.789652000000000021e+00 2.498338699340820312e+00
1.794462000000000002e+00 2.508687019348144531e+00
1.799093000000000053e+00 2.508687019348144531e+00
1.803654000000000091e+00 2.508687019348144531e+00
1.808232999999999979e+00 2.508687019348144531e+00
1.812764999999999960e+00 2.508687019348144531e+00
1.817406000000000077e+00 2.503512382507324219e+00
1.821978000000000097e+00 2.508687019348144531e+00
1.826510000000000078e+00 2.508687019348144531e+00
1.831131000000000064e+00 2.508687019348144531e+00
1.835679999999999978e+00 2.513861656188964844e+00
1.840332999999999997e+00 2.508687019348144531e+00
1.844877000000000100e+00 2.513861656188964844e+00
1.849366000000000065e+00 2.513861656188964844e+00
1.853202999999999934e+00 2.513861656188964844e+00
1.857113000000000014e+00 2.513861656188964844e+00
1.860942000000000096e+00 2.508687019348144531e+00
1.864773000000000014e+00 2.513861656188964844e+00
1.868678000000000061e+00 2.513861656188964844e+00
1.872527999999999970e+00 2.508687019348144531e+00
1.876371000000000011e+00 2.513861656188964844e+00
1.880231999999999903e+00 2.513861656188964844e+00
1.884077999999999919e+00 2.513861656188964844e+00
1.887955999999999968e+00 2.508687019348144531e+00
1.891817000000000082e+00 2.508687019348144531e+00
1.895664999999999933e+00 2.508687019348144531e+00
1.900042999999999926e+00 2.508687019348144531e+00
1.907809000000000088e+00 2.503512382507324219e+00
1.911742000000000052e+00 2.508687019348144531e+00
1.915613000000000010e+00 2.503512382507324219e+00
1.918797000000000086e+00 2.503512382507324219e+00
1.922628000000000004e+00 2.503512382507324219e+00
1.926493999999999929e+00 2.503512382507324219e+00
1.930406000000000066e+00 2.508687019348144531e+00
1.934306000000000081e+00 2.508687019348144531e+00
1.938212000000000046e+00 2.508687019348144531e+00
1.942098000000000102e+00 2.513861656188964844e+00
1.945993000000000084e+00 2.508687019348144531e+00
1.949986999999999915e+00 2.508687019348144531e+00
1.953877000000000086e+00 2.513861656188964844e+00
1.957785000000000108e+00 2.513861656188964844e+00
1.961681999999999926e+00 2.519036293029785156e+00
1.965573999999999932e+00 2.513861656188964844e+00
1.969519999999999937e+00 2.513861656188964844e+00
1.977837999999999985e+00 2.513861656188964844e+00
1.986204999999999998e+00 2.508687019348144531e+00
1.994741000000000097e+00 2.503512382507324219e+00
1.998844999999999983e+00 2.503512382507324219e+00
2.002749000000000112e+00 2.503512382507324219e+00
2.006718999999999919e+00 2.508687019348144531e+00
2.010635000000000172e+00 2.503512382507324219e+00
2.018180000000000085e+00 2.503512382507324219e+00
2.022530000000000161e+00 2.498338699340820312e+00
2.026450999999999780e+00 2.503512382507324219e+00
2.030397999999999925e+00 2.508687019348144531e+00
2.033441999999999972e+00 2.513861656188964844e+00
2.037434999999999885e+00 2.513861656188964844e+00
2.041371999999999964e+00 2.508687019348144531e+00
2.045303000000000093e+00 2.513861656188964844e+00
2.048456999999999972e+00 2.513861656188964844e+00
2.052388000000000101e+00 2.513861656188964844e+00
2.056344999999999867e+00 2.513861656188964844e+00
2.060340000000000060e+00 2.513861656188964844e+00
2.064271000000000189e+00 2.513861656188964844e+00
2.068219000000000030e+00 2.519036293029785156e+00
2.072162000000000059e+00 2.513861656188964844e+00
2.076124000000000080e+00 2.513861656188964844e+00
2.080150000000000166e+00 2.513861656188964844e+00
2.084096999999999866e+00 2.503512382507324219e+00
2.088074999999999903e+00 2.503512382507324219e+00
2.092016999999999793e+00 2.503512382507324219e+00
2.095972999999999864e+00 2.503512382507324219e+00
2.100131000000000192e+00 2.498338699340820312e+00
2.103232999999999908e+00 2.503512382507324219e+00
2.107234000000000052e+00 2.503512382507324219e+00
2.111194999999999933e+00 2.503512382507324219e+00
2.115172999999999970e+00 2.503512382507324219e+00
2.119200000000000195e+00 2.508687019348144531e+00
2.123209999999999820e+00 2.498338699340820312e+00
2.130786000000000069e+00 2.508687019348144531e+00
2.134844999999999882e+00 2.519036293029785156e+00
2.138033000000000072e+00 2.513861656188964844e+00
2.142017000000000060e+00 2.513861656188964844e+00
2.145998000000000072e+00 2.513861656188964844e+00
2.150062999999999835e+00 2.519036293029785156e+00
2.154046000000000127e+00 2.513861656188964844e+00
2.158078000000000163e+00 2.513861656188964844e+00
2.162072999999999912e+00 2.513861656188964844e+00
2.166071000000000080e+00 2.513861656188964844e+00
2.170144000000000073e+00 2.519036293029785156e+00
2.174132000000000176e+00 2.508687019348144531e+00
2.178174999999999972e+00 2.513861656188964844e+00
2.182192000000000132e+00 2.503512382507324219e+00
2.185252999999999890e+00 2.503512382507324219e+00
2.189369000000000121e+00 2.498338699340820312e+00
2.192461000000000215e+00 2.503512382507324219e+00
2.196445999999999898e+00 2.503512382507324219e+00
2.200476000000000099e+00 2.498338699340820312e+00
2.204480000000000217e+00 2.498338699340820312e+00
2.208499999999999908e+00 2.498338699340820312e+00
2.212521000000000182e+00 2.508687019348144531e+00
2.216569999999999929e+00 2.508687019348144531e+00
2.219739999999999824e+00 2.508687019348144531e+00
2.223907000000000078e+00 2.508687019348144531e+00
2.227945000000000064e+00 2.508687019348144531e+00
2.231967000000000034e+00 2.513861656188964844e+00
2.235041999999999973e+00 2.513861656188964844e+00
2.239313000000000109e+00 2.513861656188964844e+00
2.246970000000000134e+00 2.519036293029785156e+00
2.251193999999999917e+00 2.513861656188964844e+00
2.255246000000000084e+00 2.508687019348144531e+00
2.259466999999999892e+00 2.513861656188964844e+00
2.263523999999999869e+00 2.513861656188964844e+00
2.267605000000000093e+00 2.513861656188964844e+00
2.271641999999999939e+00 2.513861656188964844e+00
2.275685999999999876e+00 2.508687019348144531e+00
2.279767999999999795e+00 2.508687019348144531e+00
2.283830000000000027e+00 2.503512382507324219e+00
2.287910000000000110e+00 2.503512382507324219e+00
2.291980999999999824e+00 2.498338699340820312e+00
2.295036000000000076e+00 2.508687019348144531e+00
2.299182000000000059e+00 2.508687019348144531e+00
2.303244999999999987e+00 2.508687019348144531e+00
2.307393999999999945e+00 2.503512382507324219e+00
2.311484999999999790e+00 2.508687019348144531e+00
2.315564999999999873e+00 2.508687019348144531e+00
2.319671000000000038e+00 2.508687019348144531e+00
2.323771999999999949e+00 2.508687019348144531e+00
2.327868000000000048e+00 2.513861656188964844e+00
2.331968999999999959e+00 2.513861656188964844e+00
2.336052000000000017e+00 2.513861656188964844e+00
2.340323000000000153e+00 2.508687019348144531e+00
2.344409999999999883e+00 2.508687019348144531e+00
2.348500000000000032e+00 2.508687019348144531e+00
2.352624000000000049e+00 2.508687019348144531e+00
2.360122000000000053e+00 2.508687019348144531e+00
2.364304000000000183e+00 2.508687019348144531e+00
2.368422999999999945e+00 2.513861656188964844e+00
2.372545999999999822e+00 2.508687019348144531e+00
2.375612999999999975e+00 2.513861656188964844e+00
2.379783000000000204e+00 2.513861656188964844e+00
2.384298999999999946e+00 2.513861656188964844e+00
2.387458000000000080e+00 2.508687019348144531e+00
2.391553000000000040e+00 2.513861656188964844e+00
2.395668000000000131e+00 2.508687019348144531e+00
2.399821000000000204e+00 2.508687019348144531e+00
2.403941999999999801e+00 2.508687019348144531e+00
2.408087999999999784e+00 2.503512382507324219e+00
2.411245000000000083e+00 2.508687019348144531e+00
2.415340000000000042e+00 2.508687019348144531e+00
2.419554999999999900e+00 2.508687019348144531e+00
2.423734000000000055e+00 2.498338699340820312e+00
2.427875999999999923e+00 2.503512382507324219e+00
2.432020000000000071e+00 2.508687019348144531e+00
2.436173999999999840e+00 2.513861656188964844e+00
2.440388000000000002e+00 2.508687019348144531e+00
2.444542999999999910e+00 2.513861656188964844e+00
2.448773999999999784e+00 2.513861656188964844e+00
2.452927999999999997e+00 2.513861656188964844e+00
2.457135000000000069e+00 2.513861656188964844e+00
2.461287000000000003e+00 2.508687019348144531e+00
2.465449000000000002e+00 2.513861656188964844e+00
2.473215999999999859e+00 2.519036293029785156e+00
2.481580000000000119e+00 2.513861656188964844e+00
2.487551999999999985e+00 2.508687019348144531e+00
2.495165000000000077e+00 2.513861656188964844e+00
2.501875000000000071e+00 2.508687019348144531e+00
2.506501999999999786e+00 2.503512382507324219e+00
2.510717000000000088e+00 2.503512382507324219e+00
2.514892000000000127e+00 2.503512382507324219e+00
2.519140000000000157e+00 2.503512382507324219e+00
2.523312000000000221e+00 2.498338699340820312e+00
2.527639999999999887e+00 2.503512382507324219e+00
2.531813999999999787e+00 2.508687019348144531e+00
2.535989999999999966e+00 2.513861656188964844e+00
2.540331000000000117e+00 2.513861656188964844e+00
2.544512999999999803e+00 2.508687019348144531e+00
2.548789999999999889e+00 2.513861656188964844e+00
2.553010000000000002e+00 2.513861656188964844e+00
2.558079000000000214e+00 2.513861656188964844e+00
2.563178999999999874e+00 2.513861656188964844e+00
2.568306000000000200e+00 2.513861656188964844e+00
2.573437000000000197e+00 2.513861656188964844e+00
2.578682000000000141e+00 2.513861656188964844e+00
2.582640000000000047e+00 2.508687019348144531e+00
2.594647999999999843e+00 2.498338699340820312e+00
2.599883999999999862e+00 2.503512382507324219e+00
2.605024999999999924e+00 2.503512382507324219e+00
2.610254999999999992e+00 2.498338699340820312e+00
2.615352000000000121e+00 2.503512382507324219e+00
2.620522999999999936e+00 2.503512382507324219e+00
2.625659999999999883e+00 2.498338699340820312e+00
2.631022999999999890e+00 2.508687019348144531e+00
2.636169999999999902e+00 2.513861656188964844e+00
2.641424000000000216e+00 2.513861656188964844e+00
2.646579000000000015e+00 2.519036293029785156e+00
2.651740000000000208e+00 2.513861656188964844e+00
2.656468999999999969e+00 2.513861656188964844e+00
2.660731000000000179e+00 2.513861656188964844e+00
2.664950999999999848e+00 2.519036293029785156e+00
2.669238000000000000e+00 2.519036293029785156e+00
2.673468000000000178e+00 2.508687019348144531e+00
2.677713999999999928e+00 2.508687019348144531e+00
2.681964999999999932e+00 2.503512382507324219e+00
2.686201000000000061e+00 2.503512382507324219e+00
2.690526999999999891e+00 2.498338699340820312e+00
2.694755999999999929e+00 2.498338699340820312e+00
2.699129000000000111e+00 2.498338699340820312e+00
2.706964000000000148e+00 2.498338699340820312e+00
2.711304999999999854e+00 2.503512382507324219e+00
2.715581999999999940e+00 2.503512382507324219e+00
2.719894000000000034e+00 2.508687019348144531e+00
2.724159999999999915e+00 2.503512382507324219e+00
2.728458999999999968e+00 2.513861656188964844e+00
2.732896000000000214e+00 2.513861656188964844e+00
2.737241000000000035e+00 2.513861656188964844e+00
2.740507000000000026e+00 2.513861656188964844e+00
2.744787999999999784e+00 2.513861656188964844e+00
2.748019999999999907e+00 2.513861656188964844e+00
2.752333999999999836e+00 2.513861656188964844e+00
2.756677999999999962e+00 2.513861656188964844e+00
2.760972999999999900e+00 2.513861656188964844e+00
2.765260000000000051e+00 2.508687019348144531e+00
2.769610000000000127e+00 2.508687019348144531e+00
2.772880999999999929e+00 2.508687019348144531e+00
2.777226000000000194e+00 2.513861656188964844e+00
2.781518999999999853e+00 2.503512382507324219e+00
2.785813000000000095e+00 2.503512382507324219e+00
2.790163999999999866e+00 2.498338699340820312e+00
2.794452000000000158e+00 2.503512382507324219e+00
2.798801000000000094e+00 2.503512382507324219e+00
2.803090000000000082e+00 2.508687019348144531e+00
2.807440999999999853e+00 2.503512382507324219e+00
2.811761999999999873e+00 2.508687019348144531e+00
2.816054999999999975e+00 2.508687019348144531e+00
2.824231000000000158e+00 2.503512382507324219e+00
2.828834000000000071e+00 2.508687019348144531e+00
2.833203000000000138e+00 2.519036293029785156e+00
2.837596000000000007e+00 2.513861656188964844e+00
2.841912000000000216e+00 2.508687019348144531e+00
2.846232999999999791e+00 2.513861656188964844e+00
2.850569000000000131e+00 2.513861656188964844e+00
2.854896999999999796e+00 2.513861656188964844e+00
2.859300999999999870e+00 2.513861656188964844e+00
2.863615999999999939e+00 2.508687019348144531e+00
2.867983999999999867e+00 2.508687019348144531e+00
2.872329999999999828e+00 2.508687019348144531e+00
2.876742000000000132e+00 2.508687019348144531e+00
2.881092000000000208e+00 2.508687019348144531e+00
2.885441999999999840e+00 2.508687019348144531e+00
2.889834000000000014e+00 2.503512382507324219e+00
2.894172999999999885e+00 2.503512382507324219e+00
2.898531000000000191e+00 2.508687019348144531e+00
2.902899999999999814e+00 2.508687019348144531e+00
2.907302000000000053e+00 2.503512382507324219e+00
2.911671999999999816e+00 2.508687019348144531e+00
2.916027000000000147e+00 2.508687019348144531e+00
2.920498999999999956e+00 2.508687019348144531e+00
2.924878999999999785e+00 2.503512382507324219e+00
2.929323999999999817e+00 2.508687019348144531e+00
2.933745000000000047e+00 2.508687019348144531e+00
2.942226999999999926e+00 2.508687019348144531e+00
2.946779999999999955e+00 2.513861656188964844e+00
2.951346000000000025e+00 2.508687019348144531e+00
2.955709000000000142e+00 2.508687019348144531e+00
2.960119000000000167e+00 2.508687019348144531e+00
2.964504999999999946e+00 2.513861656188964844e+00
2.967884999999999884e+00 2.513861656188964844e+00
2.972242000000000051e+00 2.513861656188964844e+00
2.980693000000000037e+00 2.519036293029785156e+00
2.989047999999999927e+00 2.508687019348144531e+00
2.996710999999999903e+00 2.508687019348144531e+00
3.001399000000000150e+00 2.508687019348144531e+00
3.004821999999999882e+00 2.508687019348144531e+00
3.009311999999999987e+00 2.503512382507324219e+00
3.013717000000000201e+00 2.498338699340820312e+00
3.018132000000000037e+00 2.498338699340820312e+00
3.022562000000000193e+00 2.498338699340820312e+00
3.027031000000000027e+00 2.498338699340820312e+00
3.031439000000000217e+00 2.503512382507324219e+00
3.035909999999999886e+00 2.513861656188964844e+00
3.040470000000000006e+00 2.508687019348144531e+00
3.044896000000000047e+00 2.513861656188964844e+00
3.049389999999999823e+00 2.513861656188964844e+00
3.057253999999999916e+00 2.513861656188964844e+00
3.061761999999999873e+00 2.519036293029785156e+00
3.066221000000000085e+00 2.513861656188964844e+00
3.070778999999999925e+00 2.519036293029785156e+00
3.075231000000000048e+00 2.519036293029785156e+00
3.079750999999999905e+00 2.513861656188964844e+00
3.084200000000000053e+00 2.508687019348144531e+00
3.088664000000000076e+00 2.508687019348144531e+00
3.093116000000000199e+00 2.503512382507324219e+00
3.097644999999999982e+00 2.503512382507324219e+00
3.102110999999999841e+00 2.503512382507324219e+00
3.106625999999999888e+00 2.498338699340820312e+00
3.111098999999999837e+00 2.503512382507324219e+00
3.115556000000000214e+00 2.503512382507324219e+00
3.120063000000000031e+00 2.503512382507324219e+00
3.124534000000000145e+00 2.498338699340820312e+00
3.129093000000000124e+00 2.503512382507324219e+00
3.133561999999999959e+00 2.508687019348144531e+00
3.138097000000000136e+00 2.513861656188964844e+00
3.142567999999999806e+00 2.519036293029785156e+00
3.147105999999999959e+00 2.519036293029785156e+00
3.151597999999999900e+00 2.519036293029785156e+00
3.156076999999999799e+00 2.513861656188964844e+00
3.160641000000000034e+00 2.513861656188964844e+00
3.165122999999999909e+00 2.513861656188964844e+00
3.173275999999999986e+00 2.513861656188964844e+00
3.177843999999999891e+00 2.513861656188964844e+00
3.182383999999999880e+00 2.503512382507324219e+00
3.186942000000000164e+00 2.503512382507324219e+00
3.191463999999999857e+00 2.503512382507324219e+00
3.195983000000000018e+00 2.503512382507324219e+00
3.199450000000000127e+00 2.498338699340820312e+00
3.203958999999999779e+00 2.498338699340820312e+00
3.208466000000000040e+00 2.498338699340820312e+00
3.212981999999999783e+00 2.503512382507324219e+00
3.217566999999999844e+00 2.503512382507324219e+00
3.221445999999999810e+00 2.508687019348144531e+00
3.225982999999999823e+00 2.508687019348144531e+00
3.230650999999999939e+00 2.513861656188964844e+00
3.235187999999999953e+00 2.513861656188964844e+00
3.239888999999999797e+00 2.513861656188964844e+00
3.244404999999999983e+00 2.519036293029785156e+00
3.247851999999999961e+00 2.513861656188964844e+00
3.252368000000000148e+00 2.513861656188964844e+00
3.256962000000000135e+00 2.513861656188964844e+00
3.261502999999999819e+00 2.513861656188964844e+00
3.264871999999999996e+00 2.513861656188964844e+00
3.269534000000000162e+00 2.513861656188964844e+00
3.274074999999999847e+00 2.508687019348144531e+00
3.278655999999999793e+00 2.508687019348144531e+00
3.282043999999999961e+00 2.503512382507324219e+00
3.290226000000000095e+00 2.503512382507324219e+00
3.294868999999999826e+00 2.503512382507324219e+00
3.299491000000000174e+00 2.503512382507324219e+00
3.304030000000000022e+00 2.508687019348144531e+00
3.308571000000000151e+00 2.503512382507324219e+00
3.313124000000000180e+00 2.503512382507324219e+00
3.317746000000000084e+00 2.503512382507324219e+00
3.322299000000000113e+00 2.503512382507324219e+00
3.325647000000000020e+00 2.508687019348144531e+00
3.329098000000000113e+00 2.513861656188964844e+00
3.333642999999999912e+00 2.513861656188964844e+00
3.338226000000000138e+00 2.519036293029785156e+00
3.342935000000000212e+00 2.513861656188964844e+00
3.347567000000000181e+00 2.513861656188964844e+00
3.352135000000000087e+00 2.508687019348144531e+00
3.356764000000000081e+00 2.508687019348144531e+00
3.361896000000000218e+00 2.513861656188964844e+00
3.367628999999999984e+00 2.508687019348144531e+00
3.373340999999999923e+00 2.508687019348144531e+00
3.379039999999999822e+00 2.508687019348144531e+00
3.384837999999999791e+00 2.508687019348144531e+00
3.390629999999999811e+00 2.508687019348144531e+00
3.396313000000000137e+00 2.508687019348144531e+00
3.407442000000000082e+00 2.503512382507324219e+00
3.413358000000000114e+00 2.503512382507324219e+00
3.419057000000000013e+00 2.503512382507324219e+00
3.424744000000000010e+00 2.503512382507324219e+00
3.430489999999999817e+00 2.508687019348144531e+00
3.436154000000000153e+00 2.513861656188964844e+00
3.441946000000000172e+00 2.508687019348144531e+00
3.447858999999999785e+00 2.513861656188964844e+00
3.453556999999999988e+00 2.513861656188964844e+00
3.459325000000000205e+00 2.513861656188964844e+00
3.464287999999999812e+00 2.508687019348144531e+00
3.469097999999999793e+00 2.508687019348144531e+00
3.473794999999999966e+00 2.513861656188964844e+00
3.482883000000000173e+00 2.508687019348144531e+00
3.491476000000000024e+00 2.508687019348144531e+00
3.497548999999999797e+00 2.503512382507324219e+00
3.504735000000000156e+00 2.508687019348144531e+00
3.508248000000000033e+00 2.508687019348144531e+00
3.511915000000000120e+00 2.503512382507324219e+00
3.521882000000000179e+00 2.498338699340820312e+00
3.526739000000000068e+00 2.498338699340820312e+00
3.530326000000000075e+00 2.508687019348144531e+00
3.535181000000000129e+00 2.513861656188964844e+00
3.539715999999999863e+00 2.508687019348144531e+00
3.543315000000000214e+00 2.513861656188964844e+00
3.548118999999999801e+00 2.513861656188964844e+00
3.552512999999999810e+00 2.513861656188964844e+00
3.556111000000000022e+00 2.513861656188964844e+00
3.561112000000000055e+00 2.513861656188964844e+00
3.565618999999999872e+00 2.513861656188964844e+00
3.570411000000000001e+00 2.513861656188964844e+00
3.573888999999999871e+00 2.513861656188964844e+00
3.578549999999999898e+00 2.519036293029785156e+00
3.583207999999999949e+00 2.508687019348144531e+00
3.587890999999999941e+00 2.503512382507324219e+00
3.592620000000000147e+00 2.503512382507324219e+00
3.596044000000000018e+00 2.503512382507324219e+00
3.600782999999999845e+00 2.503512382507324219e+00
3.605450999999999961e+00 2.498338699340820312e+00
3.610170999999999797e+00 2.503512382507324219e+00
3.614834999999999798e+00 2.503512382507324219e+00
3.619536000000000087e+00 2.498338699340820312e+00
3.624207000000000178e+00 2.498338699340820312e+00
3.632442999999999866e+00 2.503512382507324219e+00
3.637259999999999938e+00 2.508687019348144531e+00
3.641967999999999872e+00 2.513861656188964844e+00
3.646691999999999823e+00 2.513861656188964844e+00
3.650250000000000217e+00 2.513861656188964844e+00
3.654901000000000177e+00 2.513861656188964844e+00
3.659686000000000217e+00 2.513861656188964844e+00
3.664356999999999864e+00 2.519036293029785156e+00
3.669122999999999912e+00 2.513861656188964844e+00
3.673829000000000011e+00 2.513861656188964844e+00
3.678555999999999937e+00 2.513861656188964844e+00
3.683248999999999995e+00 2.503512382507324219e+00
3.687964000000000020e+00 2.498338699340820312e+00
3.691425999999999874e+00 2.498338699340820312e+00
3.696110000000000007e+00 2.503512382507324219e+00
3.700915000000000177e+00 2.498338699340820312e+00
3.705618999999999996e+00 2.503512382507324219e+00
3.710360999999999798e+00 2.498338699340820312e+00
3.715078000000000102e+00 2.503512382507324219e+00
3.719810999999999979e+00 2.503512382507324219e+00
3.723238999999999965e+00 2.503512382507324219e+00
3.727962000000000220e+00 2.508687019348144531e+00
3.732658999999999949e+00 2.513861656188964844e+00
3.737410999999999817e+00 2.513861656188964844e+00
3.742128999999999817e+00 2.513861656188964844e+00
3.750405999999999906e+00 2.519036293029785156e+00
3.755199999999999871e+00 2.508687019348144531e+00
3.760044000000000164e+00 2.513861656188964844e+00
3.764782999999999991e+00 2.513861656188964844e+00
3.769594999999999807e+00 2.508687019348144531e+00
3.774348999999999954e+00 2.508687019348144531e+00
3.779215000000000213e+00 2.508687019348144531e+00
3.783974999999999866e+00 2.503512382507324219e+00
3.788746999999999865e+00 2.498338699340820312e+00
3.792266000000000137e+00 2.498338699340820312e+00
3.797073000000000143e+00 2.503512382507324219e+00
3.801827999999999985e+00 2.498338699340820312e+00
3.806629000000000040e+00 2.503512382507324219e+00
3.811402999999999874e+00 2.508687019348144531e+00
3.814874000000000098e+00 2.508687019348144531e+00
3.819644999999999957e+00 2.508687019348144531e+00
3.824428000000000161e+00 2.503512382507324219e+00
3.829263999999999779e+00 2.508687019348144531e+00
3.834026000000000156e+00 2.513861656188964844e+00
3.838782999999999834e+00 2.513861656188964844e+00
3.843601000000000045e+00 2.513861656188964844e+00
3.847020000000000106e+00 2.513861656188964844e+00
3.850468999999999919e+00 2.508687019348144531e+00
3.855258000000000074e+00 2.513861656188964844e+00
3.860174999999999912e+00 2.508687019348144531e+00
3.868517000000000206e+00 2.508687019348144531e+00
3.873785999999999952e+00 2.508687019348144531e+00
3.878830999999999918e+00 2.508687019348144531e+00
3.883421999999999930e+00 2.503512382507324219e+00
3.888495999999999952e+00 2.503512382507324219e+00
3.893086999999999964e+00 2.508687019348144531e+00
3.896689999999999987e+00 2.508687019348144531e+00
3.900291000000000174e+00 2.503512382507324219e+00
3.903887000000000107e+00 2.508687019348144531e+00
3.907497999999999916e+00 2.503512382507324219e+00
3.911092000000000013e+00 2.508687019348144531e+00
3.914690999999999921e+00 2.503512382507324219e+00
3.919801000000000091e+00 2.503512382507324219e+00
3.924399000000000193e+00 2.503512382507324219e+00
3.928148999999999891e+00 2.508687019348144531e+00
3.931759000000000004e+00 2.513861656188964844e+00
3.936904000000000181e+00 2.513861656188964844e+00
3.941425999999999874e+00 2.508687019348144531e+00
3.946486999999999856e+00 2.508687019348144531e+00
3.951395999999999908e+00 2.513861656188964844e+00
3.956291999999999920e+00 2.513861656188964844e+00
3.961218999999999824e+00 2.508687019348144531e+00
3.966091000000000033e+00 2.508687019348144531e+00
3.969628000000000156e+00 2.513861656188964844e+00
3.974514000000000102e+00 2.508687019348144531e+00
3.978057000000000176e+00 2.513861656188964844e+00
3.986476000000000131e+00 2.508687019348144531e+00
3.995649999999999924e+00 2.508687019348144531e+00
4.002663000000000082e+00 2.503512382507324219e+00
4.009892999999999930e+00 2.508687019348144531e+00
4.018009000000000164e+00 2.503512382507324219e+00
4.023244000000000042e+00 2.498338699340820312e+00
4.028140999999999750e+00 2.503512382507324219e+00
4.033009999999999984e+00 2.508687019348144531e+00
4.037970999999999755e+00 2.508687019348144531e+00
4.042862999999999651e+00 2.513861656188964844e+00
4.047827999999999982e+00 2.508687019348144531e+00
4.052713999999999928e+00 2.508687019348144531e+00
4.057681999999999789e+00 2.508687019348144531e+00
4.062584000000000195e+00 2.519036293029785156e+00
4.067552000000000056e+00 2.513861656188964844e+00
4.072414000000000200e+00 2.513861656188964844e+00
4.077348999999999890e+00 2.513861656188964844e+00
4.082235999999999976e+00 2.508687019348144531e+00
4.087214999999999598e+00 2.508687019348144531e+00
4.092185999999999879e+00 2.508687019348144531e+00
4.100678000000000267e+00 2.508687019348144531e+00
4.105744999999999756e+00 2.498338699340820312e+00
4.110742000000000118e+00 2.503512382507324219e+00
4.114239999999999675e+00 2.503512382507324219e+00
4.117835999999999608e+00 2.498338699340820312e+00
4.122735999999999734e+00 2.498338699340820312e+00
4.126266000000000211e+00 2.498338699340820312e+00
4.129864999999999675e+00 2.508687019348144531e+00
4.134784999999999933e+00 2.513861656188964844e+00
4.139764000000000443e+00 2.508687019348144531e+00
4.144711000000000034e+00 2.508687019348144531e+00
4.149712000000000067e+00 2.513861656188964844e+00
4.153240000000000265e+00 2.513861656188964844e+00
4.158191000000000415e+00 2.513861656188964844e+00
4.163128000000000384e+00 2.513861656188964844e+00
4.168757000000000268e+00 2.513861656188964844e+00
4.174957000000000029e+00 2.513861656188964844e+00
4.181292000000000009e+00 2.508687019348144531e+00
4.187565000000000204e+00 2.503512382507324219e+00
4.193798000000000137e+00 2.498338699340820312e+00
4.200072999999999723e+00 2.498338699340820312e+00
4.204263000000000083e+00 2.503512382507324219e+00
4.210532999999999859e+00 2.498338699340820312e+00
4.222475000000000200e+00 2.503512382507324219e+00
4.229210000000000136e+00 2.508687019348144531e+00
4.235492999999999952e+00 2.513861656188964844e+00
4.241762999999999728e+00 2.513861656188964844e+00
4.248052999999999635e+00 2.513861656188964844e+00
4.254288999999999987e+00 2.513861656188964844e+00
4.260601000000000305e+00 2.519036293029785156e+00
4.266975999999999658e+00 2.513861656188964844e+00
4.272179000000000393e+00 2.513861656188964844e+00
4.277199000000000417e+00 2.508687019348144531e+00
4.282195999999999891e+00 2.503512382507324219e+00
4.287219999999999587e+00 2.498338699340820312e+00
4.292208999999999719e+00 2.498338699340820312e+00
4.297239000000000253e+00 2.498338699340820312e+00
4.302230999999999916e+00 2.498338699340820312e+00
4.307286999999999644e+00 2.498338699340820312e+00
4.312289999999999957e+00 2.503512382507324219e+00
4.317393000000000036e+00 2.508687019348144531e+00
4.322384999999999700e+00 2.508687019348144531e+00
4.327447000000000266e+00 2.508687019348144531e+00
4.332549000000000206e+00 2.513861656188964844e+00
4.340978999999999921e+00 2.513861656188964844e+00
4.346129000000000353e+00 2.513861656188964844e+00
4.351275000000000226e+00 2.513861656188964844e+00
4.356276000000000259e+00 2.508687019348144531e+00
4.361316999999999666e+00 2.508687019348144531e+00
4.364902999999999977e+00 2.508687019348144531e+00
4.370009999999999728e+00 2.508687019348144531e+00
4.374977000000000338e+00 2.508687019348144531e+00
4.380043999999999826e+00 2.508687019348144531e+00
4.385388999999999982e+00 2.508687019348144531e+00
4.390482000000000440e+00 2.503512382507324219e+00
4.395504999999999995e+00 2.503512382507324219e+00
4.400564000000000142e+00 2.503512382507324219e+00
4.405566999999999567e+00 2.503512382507324219e+00
4.410607999999999862e+00 2.508687019348144531e+00
4.415626999999999747e+00 2.508687019348144531e+00
4.420912000000000397e+00 2.503512382507324219e+00
4.426014000000000337e+00 2.503512382507324219e+00
4.429649999999999643e+00 2.508687019348144531e+00
4.433245999999999576e+00 2.513861656188964844e+00
4.436850999999999878e+00 2.513861656188964844e+00
4.441886000000000223e+00 2.508687019348144531e+00
4.447008000000000294e+00 2.513861656188964844e+00
4.455435999999999730e+00 2.513861656188964844e+00
4.460660999999999987e+00 2.513861656188964844e+00
4.465878000000000014e+00 2.508687019348144531e+00
4.469638999999999918e+00 2.508687019348144531e+00
4.473240999999999801e+00 2.508687019348144531e+00
4.476848000000000383e+00 2.513861656188964844e+00
4.482132000000000005e+00 2.508687019348144531e+00
4.494330999999999854e+00 2.508687019348144531e+00
4.510543000000000191e+00 2.508687019348144531e+00
4.516097000000000250e+00 2.503512382507324219e+00
4.521329999999999849e+00 2.503512382507324219e+00
4.526354999999999684e+00 2.503512382507324219e+00
4.531476999999999755e+00 2.503512382507324219e+00
4.536505000000000010e+00 2.508687019348144531e+00
4.541647000000000212e+00 2.508687019348144531e+00
4.546833000000000347e+00 2.508687019348144531e+00
4.551892999999999745e+00 2.513861656188964844e+00
4.557000000000000384e+00 2.508687019348144531e+00
4.560635999999999690e+00 2.513861656188964844e+00
4.569535000000000124e+00 2.513861656188964844e+00
4.574690000000000367e+00 2.513861656188964844e+00
4.579850999999999672e+00 2.513861656188964844e+00
4.584910999999999959e+00 2.503512382507324219e+00
4.590033000000000030e+00 2.503512382507324219e+00
4.595113999999999699e+00 2.508687019348144531e+00
4.600276000000000032e+00 2.508687019348144531e+00
4.605318999999999718e+00 2.503512382507324219e+00
4.610438000000000258e+00 2.498338699340820312e+00
4.614008000000000109e+00 2.503512382507324219e+00
4.619123000000000090e+00 2.498338699340820312e+00
4.624195000000000277e+00 2.498338699340820312e+00
4.629336000000000340e+00 2.503512382507324219e+00
4.634417000000000009e+00 2.508687019348144531e+00
4.639550999999999981e+00 2.508687019348144531e+00
4.644631000000000398e+00 2.508687019348144531e+00
4.649754999999999860e+00 2.513861656188964844e+00
4.654835000000000278e+00 2.513861656188964844e+00
4.659945999999999700e+00 2.513861656188964844e+00
4.665032000000000068e+00 2.519036293029785156e+00
4.668796000000000390e+00 2.513861656188964844e+00
4.673859000000000208e+00 2.513861656188964844e+00
4.678951999999999778e+00 2.513861656188964844e+00
4.684063000000000088e+00 2.508687019348144531e+00
4.692865000000000286e+00 2.503512382507324219e+00
4.698121999999999687e+00 2.503512382507324219e+00
4.703216000000000285e+00 2.503512382507324219e+00
4.708330000000000126e+00 2.498338699340820312e+00
4.713434000000000346e+00 2.498338699340820312e+00
4.717050000000000409e+00 2.503512382507324219e+00
4.720641999999999783e+00 2.503512382507324219e+00
4.724241000000000135e+00 2.498338699340820312e+00
4.729420000000000179e+00 2.508687019348144531e+00
4.734538999999999831e+00 2.508687019348144531e+00
4.739714000000000205e+00 2.519036293029785156e+00
4.744826999999999906e+00 2.513861656188964844e+00
4.749998999999999860e+00 2.513861656188964844e+00
4.755117000000000260e+00 2.513861656188964844e+00
4.758810000000000429e+00 2.513861656188964844e+00
4.762419000000000402e+00 2.513861656188964844e+00
4.766015999999999586e+00 2.513861656188964844e+00
4.771270999999999596e+00 2.513861656188964844e+00
4.776380999999999766e+00 2.508687019348144531e+00
4.781622999999999735e+00 2.503512382507324219e+00
4.786820999999999771e+00 2.498338699340820312e+00
4.790502000000000038e+00 2.498338699340820312e+00
4.795621999999999829e+00 2.503512382507324219e+00
4.800832999999999906e+00 2.498338699340820312e+00
4.806293000000000148e+00 2.503512382507324219e+00
4.817366999999999955e+00 2.503512382507324219e+00
4.822524999999999729e+00 2.503512382507324219e+00
4.827734999999999665e+00 2.508687019348144531e+00
4.832907999999999760e+00 2.508687019348144531e+00
4.838106999999999935e+00 2.513861656188964844e+00
4.843255000000000088e+00 2.513861656188964844e+00
4.848462999999999745e+00 2.513861656188964844e+00
4.853623999999999938e+00 2.508687019348144531e+00
4.858816000000000024e+00 2.513861656188964844e+00
4.864003000000000299e+00 2.513861656188964844e+00
4.869257000000000168e+00 2.508687019348144531e+00
4.874558000000000391e+00 2.508687019348144531e+00
4.879809999999999981e+00 2.508687019348144531e+00
4.884998999999999647e+00 2.503512382507324219e+00
4.890219000000000094e+00 2.498338699340820312e+00
4.895401999999999809e+00 2.503512382507324219e+00
4.900630999999999737e+00 2.503512382507324219e+00
4.905799000000000021e+00 2.503512382507324219e+00
4.911064999999999792e+00 2.508687019348144531e+00
4.916313999999999851e+00 2.508687019348144531e+00
4.920059000000000182e+00 2.508687019348144531e+00
4.928931000000000395e+00 2.503512382507324219e+00
4.934237000000000428e+00 2.513861656188964844e+00
4.938079000000000107e+00 2.513861656188964844e+00
4.943254999999999733e+00 2.513861656188964844e+00
4.948591000000000406e+00 2.508687019348144531e+00
4.952245999999999704e+00 2.508687019348144531e+00
4.957510000000000083e+00 2.508687019348144531e+00
4.962743999999999822e+00 2.513861656188964844e+00
4.968009999999999593e+00 2.508687019348144531e+00
4.973484000000000016e+00 2.508687019348144531e+00
4.980316000000000187e+00 2.508687019348144531e+00
4.994923000000000002e+00 2.508687019348144531e+00
5.007770999999999972e+00 2.503512382507324219e+00
5.016682000000000308e+00 2.508687019348144531e+00
5.026442000000000299e+00 2.498338699340820312e+00
5.033377999999999908e+00 2.508687019348144531e+00
5.045588000000000406e+00 2.508687019348144531e+00
5.052572999999999759e+00 2.508687019348144531e+00
5.059234000000000009e+00 2.508687019348144531e+00
5.065871999999999709e+00 2.508687019348144531e+00
5.072739000000000331e+00 2.513861656188964844e+00
5.078680000000000305e+00 2.513861656188964844e+00
5.083991000000000149e+00 2.508687019348144531e+00
5.089337000000000444e+00 2.503512382507324219e+00
5.093077000000000076e+00 2.508687019348144531e+00
5.098340000000000316e+00 2.508687019348144531e+00
5.103591999999999906e+00 2.508687019348144531e+00
5.108854000000000006e+00 2.503512382507324219e+00
5.114126999999999867e+00 2.498338699340820312e+00
5.119489999999999874e+00 2.493164062500000000e+00
5.124753000000000114e+00 2.498338699340820312e+00
5.130075999999999858e+00 2.508687019348144531e+00
5.135352000000000139e+00 2.513861656188964844e+00
5.140674999999999883e+00 2.508687019348144531e+00
5.144422999999999746e+00 2.513861656188964844e+00
5.149751000000000190e+00 2.508687019348144531e+00
5.158738999999999741e+00 2.513861656188964844e+00
5.164226000000000205e+00 2.513861656188964844e+00
5.168063000000000073e+00 2.513861656188964844e+00
5.173352000000000395e+00 2.513861656188964844e+00
5.178676000000000279e+00 2.513861656188964844e+00
5.184117999999999782e+00 2.508687019348144531e+00
5.189512999999999820e+00 2.503512382507324219e+00
5.194811999999999763e+00 2.503512382507324219e+00
5.200190000000000090e+00 2.498338699340820312e+00
5.205506999999999884e+00 2.498338699340820312e+00
5.210871000000000031e+00 2.498338699340820312e+00
5.216164000000000023e+00 2.498338699340820312e+00
5.220037999999999734e+00 2.503512382507324219e+00
5.225896999999999792e+00 2.498338699340820312e+00
5.231325000000000003e+00 2.508687019348144531e+00
5.236684000000000339e+00 2.513861656188964844e+00
5.242003000000000412e+00 2.513861656188964844e+00
5.247372999999999621e+00 2.513861656188964844e+00
5.252791000000000210e+00 2.513861656188964844e+00
5.258170999999999928e+00 2.508687019348144531e+00
5.263479000000000241e+00 2.519036293029785156e+00
5.272395000000000387e+00 2.513861656188964844e+00
5.277826000000000128e+00 2.513861656188964844e+00
5.283139000000000252e+00 2.503512382507324219e+00
5.288584000000000174e+00 2.503512382507324219e+00
5.294133000000000422e+00 2.498338699340820312e+00
5.299576000000000064e+00 2.503512382507324219e+00
5.304878000000000426e+00 2.498338699340820312e+00
5.310275999999999996e+00 2.498338699340820312e+00
5.315612999999999921e+00 2.503512382507324219e+00
5.320993999999999780e+00 2.503512382507324219e+00
5.326329999999999565e+00 2.508687019348144531e+00
5.331774000000000235e+00 2.513861656188964844e+00
5.337151999999999674e+00 2.513861656188964844e+00
5.342505000000000059e+00 2.513861656188964844e+00
5.347904999999999909e+00 2.513861656188964844e+00
5.351621999999999879e+00 2.513861656188964844e+00
5.356989999999999696e+00 2.513861656188964844e+00
5.362326000000000370e+00 2.513861656188964844e+00
5.367712000000000039e+00 2.508687019348144531e+00
5.373064000000000284e+00 2.508687019348144531e+00
5.376841999999999899e+00 2.508687019348144531e+00
5.382153999999999883e+00 2.503512382507324219e+00
5.391048999999999758e+00 2.498338699340820312e+00
5.397113000000000049e+00 2.503512382507324219e+00
5.402483000000000146e+00 2.503512382507324219e+00
5.406267999999999851e+00 2.503512382507324219e+00
5.411704000000000292e+00 2.503512382507324219e+00
5.417167000000000066e+00 2.503512382507324219e+00
5.422549000000000063e+00 2.503512382507324219e+00
5.428007000000000026e+00 2.508687019348144531e+00
5.433394999999999975e+00 2.513861656188964844e+00
5.438839999999999897e+00 2.513861656188964844e+00
5.444243000000000166e+00 2.513861656188964844e+00
5.448057000000000372e+00 2.508687019348144531e+00
5.453427999999999720e+00 2.513861656188964844e+00
5.458826000000000178e+00 2.508687019348144531e+00
5.464252000000000109e+00 2.508687019348144531e+00
5.469712999999999603e+00 2.513861656188964844e+00
5.473429999999999573e+00 2.508687019348144531e+00
5.478836000000000261e+00 2.508687019348144531e+00
5.482625999999999777e+00 2.503512382507324219e+00
5.488126000000000282e+00 2.508687019348144531e+00
5.497437999999999825e+00 2.508687019348144531e+00
5.504999999999999893e+00 2.503512382507324219e+00
5.518703999999999610e+00 2.508687019348144531e+00
5.526654999999999873e+00 2.503512382507324219e+00
5.530444000000000138e+00 2.508687019348144531e+00
5.535918999999999812e+00 2.508687019348144531e+00
5.541600999999999999e+00 2.508687019348144531e+00
5.547195000000000320e+00 2.508687019348144531e+00
5.552703000000000166e+00 2.513861656188964844e+00
5.558283000000000307e+00 2.508687019348144531e+00
5.563779000000000252e+00 2.513861656188964844e+00
5.567662999999999585e+00 2.508687019348144531e+00
5.573158000000000278e+00 2.513861656188964844e+00
5.578668999999999656e+00 2.519036293029785156e+00
5.584176000000000251e+00 2.508687019348144531e+00
5.588059000000000331e+00 2.508687019348144531e+00
5.593556999999999668e+00 2.503512382507324219e+00
5.599434999999999718e+00 2.503512382507324219e+00
5.605381000000000391e+00 2.508687019348144531e+00
5.610966000000000342e+00 2.508687019348144531e+00
5.616484999999999950e+00 2.498338699340820312e+00
5.622221999999999831e+00 2.498338699340820312e+00
5.631173000000000428e+00 2.503512382507324219e+00
5.636993999999999616e+00 2.508687019348144531e+00
5.642498999999999931e+00 2.508687019348144531e+00
5.648038999999999810e+00 2.508687019348144531e+00
5.653558000000000305e+00 2.508687019348144531e+00
5.659057999999999922e+00 2.508687019348144531e+00
5.662823999999999636e+00 2.513861656188964844e+00
5.668349000000000082e+00 2.513861656188964844e+00
5.673855999999999788e+00 2.513861656188964844e+00
5.679457000000000200e+00 2.513861656188964844e+00
5.684956999999999816e+00 2.508687019348144531e+00
5.690540000000000376e+00 2.508687019348144531e+00
5.696051999999999893e+00 2.503512382507324219e+00
5.701690000000000147e+00 2.498338699340820312e+00
5.707285999999999859e+00 2.498338699340820312e+00
5.712806999999999746e+00 2.498338699340820312e+00
5.716648000000000174e+00 2.503512382507324219e+00
5.722215000000000273e+00 2.498338699340820312e+00
5.727812000000000126e+00 2.503512382507324219e+00
5.733366000000000184e+00 2.508687019348144531e+00
5.738934999999999675e+00 2.508687019348144531e+00
5.748096000000000316e+00 2.513861656188964844e+00
5.753871000000000180e+00 2.513861656188964844e+00
5.757832999999999757e+00 2.513861656188964844e+00
5.763359000000000343e+00 2.513861656188964844e+00
5.768934999999999924e+00 2.513861656188964844e+00
5.774509000000000114e+00 2.513861656188964844e+00
5.778540999999999705e+00 2.508687019348144531e+00
5.785637000000000363e+00 2.503512382507324219e+00
5.792824000000000417e+00 2.498338699340820312e+00
5.799966000000000399e+00 2.498338699340820312e+00
5.807157000000000124e+00 2.498338699340820312e+00
5.814585000000000115e+00 2.498338699340820312e+00
5.821811000000000291e+00 2.503512382507324219e+00
5.829024999999999679e+00 2.508687019348144531e+00
5.836152000000000228e+00 2.513861656188964844e+00
5.843337000000000003e+00 2.513861656188964844e+00
5.850534999999999819e+00 2.513861656188964844e+00
5.857719999999999594e+00 2.513861656188964844e+00
5.870428000000000424e+00 2.513861656188964844e+00
5.878046000000000326e+00 2.508687019348144531e+00
5.882620000000000182e+00 2.498338699340820312e+00
5.888227999999999795e+00 2.498338699340820312e+00
5.893817000000000306e+00 2.498338699340820312e+00
5.899499999999999744e+00 2.498338699340820312e+00
5.905089000000000254e+00 2.503512382507324219e+00
5.910699000000000147e+00 2.503512382507324219e+00
5.916655999999999693e+00 2.503512382507324219e+00
5.922267999999999866e+00 2.503512382507324219e+00
5.927927999999999642e+00 2.508687019348144531e+00
5.933552999999999855e+00 2.513861656188964844e+00
5.939121000000000095e+00 2.513861656188964844e+00
5.944715000000000416e+00 2.519036293029785156e+00
5.950370000000000381e+00 2.513861656188964844e+00
5.956006000000000355e+00 2.513861656188964844e+00
5.961695999999999884e+00 2.508687019348144531e+00
5.967349999999999710e+00 2.508687019348144531e+00
5.971235000000000070e+00 2.508687019348144531e+00
5.976848000000000383e+00 2.513861656188964844e+00
5.986061000000000298e+00 2.503512382507324219e+00
5.996458999999999762e+00 2.503512382507324219e+00
6.005664999999999587e+00 2.503512382507324219e+00
6.012931000000000026e+00 2.503512382507324219e+00
6.019251999999999825e+00 2.508687019348144531e+00
6.023461000000000176e+00 2.503512382507324219e+00
6.027498999999999718e+00 2.508687019348144531e+00
6.031558000000000419e+00 2.513861656188964844e+00
6.037512000000000434e+00 2.508687019348144531e+00
6.042444999999999844e+00 2.508687019348144531e+00
6.046503999999999657e+00 2.513861656188964844e+00
6.052317000000000391e+00 2.508687019348144531e+00
6.058068999999999704e+00 2.508687019348144531e+00
6.063779000000000252e+00 2.513861656188964844e+00
6.069518000000000413e+00 2.508687019348144531e+00
6.075165000000000148e+00 2.508687019348144531e+00
6.080921000000000021e+00 2.508687019348144531e+00
6.086604999999999599e+00 2.508687019348144531e+00
6.092292999999999736e+00 2.503512382507324219e+00
6.101441000000000336e+00 2.503512382507324219e+00
6.106438999999999950e+00 2.503512382507324219e+00
6.112203000000000053e+00 2.513861656188964844e+00
6.117979000000000056e+00 2.498338699340820312e+00
6.123675999999999675e+00 2.503512382507324219e+00
6.129451000000000427e+00 2.503512382507324219e+00
6.135146999999999906e+00 2.508687019348144531e+00
6.140914999999999679e+00 2.508687019348144531e+00
6.144855999999999874e+00 2.508687019348144531e+00
6.150611999999999746e+00 2.508687019348144531e+00
6.156342000000000425e+00 2.508687019348144531e+00
6.162078000000000166e+00 2.513861656188964844e+00
6.167844999999999800e+00 2.513861656188964844e+00
6.173561000000000298e+00 2.513861656188964844e+00
6.179294999999999760e+00 2.508687019348144531e+00
6.184968999999999717e+00 2.503512382507324219e+00
6.190722000000000058e+00 2.508687019348144531e+00
6.196381999999999834e+00 2.508687019348144531e+00
6.202104000000000283e+00 2.503512382507324219e+00
6.207829000000000264e+00 2.498338699340820312e+00
6.216971000000000025e+00 2.503512382507324219e+00
6.223268000000000022e+00 2.498338699340820312e+00
6.228978999999999822e+00 2.498338699340820312e+00
6.234625999999999557e+00 2.508687019348144531e+00
6.240357000000000376e+00 2.513861656188964844e+00
6.245999000000000301e+00 2.513861656188964844e+00
6.251828999999999859e+00 2.513861656188964844e+00
6.257639000000000173e+00 2.513861656188964844e+00
6.263326000000000171e+00 2.513861656188964844e+00
6.269015999999999700e+00 2.513861656188964844e+00
6.274688000000000265e+00 2.513861656188964844e+00
6.280441999999999858e+00 2.513861656188964844e+00
6.286107999999999585e+00 2.503512382507324219e+00
6.291859999999999786e+00 2.498338699340820312e+00
6.297608000000000317e+00 2.503512382507324219e+00
6.303290999999999755e+00 2.498338699340820312e+00
6.308976999999999613e+00 2.503512382507324219e+00
6.314637000000000278e+00 2.498338699340820312e+00
6.320494000000000057e+00 2.498338699340820312e+00
6.324652999999999636e+00 2.503512382507324219e+00
6.328725000000000378e+00 2.513861656188964844e+00
6.338176999999999950e+00 2.519036293029785156e+00
6.344293000000000404e+00 2.513861656188964844e+00
6.350138000000000282e+00 2.513861656188964844e+00
6.355862000000000123e+00 2.513861656188964844e+00
6.361660999999999788e+00 2.513861656188964844e+00
6.367452000000000112e+00 2.513861656188964844e+00
6.373172000000000281e+00 2.513861656188964844e+00
6.378929000000000293e+00 2.508687019348144531e+00
6.384687999999999697e+00 2.503512382507324219e+00
6.390494000000000341e+00 2.498338699340820312e+00
6.396239999999999704e+00 2.503512382507324219e+00
6.402088000000000001e+00 2.503512382507324219e+00
6.407894999999999897e+00 2.498338699340820312e+00
6.413636999999999588e+00 2.508687019348144531e+00
6.417644000000000126e+00 2.503512382507324219e+00
6.423371000000000386e+00 2.503512382507324219e+00
6.429126000000000118e+00 2.508687019348144531e+00
6.434885999999999662e+00 2.508687019348144531e+00
6.440686999999999607e+00 2.513861656188964844e+00
6.449841000000000157e+00 2.513861656188964844e+00
6.456025000000000347e+00 2.513861656188964844e+00
6.460234999999999950e+00 2.508687019348144531e+00
6.466014999999999624e+00 2.508687019348144531e+00
6.471925999999999846e+00 2.513861656188964844e+00
6.477777999999999814e+00 2.508687019348144531e+00
6.483584999999999710e+00 2.503512382507324219e+00
6.489404000000000394e+00 2.498338699340820312e+00
6.499741000000000213e+00 2.503512382507324219e+00
6.508320999999999579e+00 2.503512382507324219e+00
6.519388000000000183e+00 2.503512382507324219e+00
6.525295999999999985e+00 2.503512382507324219e+00
6.531297000000000352e+00 2.513861656188964844e+00
6.537270999999999610e+00 2.508687019348144531e+00
6.543177000000000021e+00 2.508687019348144531e+00
6.549102000000000423e+00 2.513861656188964844e+00
6.554998000000000324e+00 2.508687019348144531e+00
6.564554000000000222e+00 2.508687019348144531e+00
6.570853999999999751e+00 2.513861656188964844e+00
6.574830999999999648e+00 2.508687019348144531e+00
6.580804999999999794e+00 2.513861656188964844e+00
6.587336999999999776e+00 2.503512382507324219e+00
6.596496000000000137e+00 2.503512382507324219e+00
6.605796999999999919e+00 2.508687019348144531e+00
6.615088000000000079e+00 2.503512382507324219e+00
6.624394999999999811e+00 2.503512382507324219e+00
6.633661000000000030e+00 2.539734840393066406e+00
6.642905999999999977e+00 2.896781921386718750e+00
6.652143999999999835e+00 4.785508155822753906e+00
6.661570000000000213e+00 4.790682792663574219e+00
6.670778000000000318e+00 4.795857429504394531e+00
6.686814000000000036e+00 4.790682792663574219e+00
6.693558000000000341e+00 4.785508155822753906e+00
6.699408000000000030e+00 4.790682792663574219e+00
6.705288000000000359e+00 4.785508155822753906e+00
6.711185000000000400e+00 4.790682792663574219e+00
6.717082000000000441e+00 4.785508155822753906e+00
6.722971000000000252e+00 4.785508155822753906e+00
6.728862000000000343e+00 4.785508155822753906e+00
6.734784999999999577e+00 4.790682792663574219e+00
6.740708999999999840e+00 4.790682792663574219e+00
6.746637999999999913e+00 4.795857429504394531e+00
6.750575000000000436e+00 4.795857429504394531e+00
6.756407000000000274e+00 4.795857429504394531e+00
6.762298999999999616e+00 4.795857429504394531e+00
6.768256000000000050e+00 4.795857429504394531e+00
6.774161000000000321e+00 4.795857429504394531e+00
6.780114000000000196e+00 4.790682792663574219e+00
6.785987999999999687e+00 4.790682792663574219e+00
6.791974999999999874e+00 4.785508155822753906e+00
6.797934999999999839e+00 4.785508155822753906e+00
6.807469000000000214e+00 4.790682792663574219e+00
6.813572999999999880e+00 4.780333518981933594e+00
6.819628999999999941e+00 2.462116241455078125e+00
6.825662000000000340e+00 2.436243057250976562e+00
6.831671000000000049e+00 2.487989425659179688e+00
6.838002000000000358e+00 2.560433387756347656e+00
6.844005000000000116e+00 2.632877349853515625e+00
6.850076999999999749e+00 2.694972991943359375e+00
6.856061000000000405e+00 2.746718406677246094e+00
6.862199000000000382e+00 2.798464775085449219e+00
6.868281999999999776e+00 2.850210189819335938e+00
6.874311999999999756e+00 2.881258010864257812e+00
6.880364000000000146e+00 2.912305831909179688e+00
6.884450000000000180e+00 3.129638671875000000e+00
6.890492000000000061e+00 2.663925170898437500e+00
6.896497000000000099e+00 4.785508155822753906e+00
6.902514000000000038e+00 4.785508155822753906e+00
6.908555999999999919e+00 4.785508155822753906e+00
6.914570000000000327e+00 4.785508155822753906e+00
6.924123999999999945e+00 4.790682792663574219e+00
6.930520999999999709e+00 4.790682792663574219e+00
6.936480000000000423e+00 4.790682792663574219e+00
6.942715999999999887e+00 4.790682792663574219e+00
6.948674999999999713e+00 4.790682792663574219e+00
6.954648999999999859e+00 4.790682792663574219e+00
6.960721999999999632e+00 4.790682792663574219e+00
6.966738999999999571e+00 4.790682792663574219e+00
6.972724000000000366e+00 4.785508155822753906e+00
6.978723999999999705e+00 4.790682792663574219e+00
6.984678999999999860e+00 4.785508155822753906e+00
6.990732999999999642e+00 4.785508155822753906e+00
7.001140000000000363e+00 4.785508155822753906e+00
7.012901000000000273e+00 4.785508155822753906e+00
7.022275999999999740e+00 4.785508155822753906e+00
7.028462000000000209e+00 4.785508155822753906e+00
7.038320999999999827e+00 4.790682792663574219e+00
7.044692000000000398e+00 4.790682792663574219e+00
7.050817000000000334e+00 4.790682792663574219e+00
7.056893999999999778e+00 4.790682792663574219e+00
7.062869000000000064e+00 4.790682792663574219e+00
7.068842000000000070e+00 4.785508155822753906e+00
7.074870999999999910e+00 4.790682792663574219e+00
7.081013999999999697e+00 4.785508155822753906e+00
7.087079000000000129e+00 4.785508155822753906e+00
