9.399999999999999448e-05 2.663925170898437500e+00
3.915000000000000077e-03 2.653575897216796875e+00
7.067000000000000365e-03 2.653575897216796875e+00
1.020500000000000053e-02 2.658750534057617188e+00
1.350100000000000085e-02 2.653575897216796875e+00
1.678500000000000131e-02 2.653575897216796875e+00
2.009599999999999928e-02 2.653575897216796875e+00
2.324199999999999877e-02 2.658750534057617188e+00
2.654199999999999962e-02 2.658750534057617188e+00
2.983999999999999847e-02 2.658750534057617188e+00
3.314099999999999685e-02 2.653575897216796875e+00
3.713400000000000034e-02 2.658750534057617188e+00
4.027800000000000130e-02 2.653575897216796875e+00
4.342399999999999732e-02 2.648401260375976562e+00
4.687999999999999806e-02 2.653575897216796875e+00
5.366599999999999843e-02 2.658750534057617188e+00
5.976299999999999668e-02 2.658750534057617188e+00
6.458700000000000552e-02 2.658750534057617188e+00
6.972000000000000419e-02 2.658750534057617188e+00
7.303700000000000470e-02 2.663925170898437500e+00
7.633900000000000408e-02 2.663925170898437500e+00
7.967399999999999483e-02 2.663925170898437500e+00
8.281600000000000072e-02 2.658750534057617188e+00
8.615200000000000635e-02 2.658750534057617188e+00
8.945000000000000173e-02 2.658750534057617188e+00
9.619500000000000273e-02 2.663925170898437500e+00
9.953900000000000248e-02 2.653575897216796875e+00
1.028560000000000030e-01 2.653575897216796875e+00
1.059950000000000059e-01 2.653575897216796875e+00
1.092909999999999993e-01 2.653575897216796875e+00
1.124349999999999933e-01 2.658750534057617188e+00
1.157409999999999967e-01 2.653575897216796875e+00
1.190329999999999999e-01 2.653575897216796875e+00
1.223280000000000062e-01 2.653575897216796875e+00
1.256230000000000124e-01 2.653575897216796875e+00
1.289190000000000058e-01 2.653575897216796875e+00
1.320659999999999890e-01 2.653575897216796875e+00
1.352039999999999909e-01 2.648401260375976562e+00
1.385000000000000120e-01 2.653575897216796875e+00
1.416439999999999921e-01 2.653575897216796875e+00
1.449429999999999885e-01 2.653575897216796875e+00
1.482390000000000096e-01 2.658750534057617188e+00
1.515569999999999973e-01 2.658750534057617188e+00
1.548390000000000044e-01 2.658750534057617188e+00
1.581369999999999998e-01 2.658750534057617188e+00
1.614339999999999942e-01 2.663925170898437500e+00
1.647319999999999895e-01 2.658750534057617188e+00
1.678739999999999954e-01 2.658750534057617188e+00
1.710150000000000003e-01 2.663925170898437500e+00
1.745109999999999995e-01 2.658750534057617188e+00
1.777970000000000106e-01 2.663925170898437500e+00
1.810990000000000100e-01 2.658750534057617188e+00
1.844099999999999906e-01 2.663925170898437500e+00
1.876710000000000045e-01 2.663925170898437500e+00
1.908330000000000026e-01 2.663925170898437500e+00
1.941330000000000000e-01 2.663925170898437500e+00
1.974319999999999964e-01 2.658750534057617188e+00
2.007369999999999988e-01 2.648401260375976562e+00
2.075130000000000030e-01 2.653575897216796875e+00
2.108299999999999896e-01 2.653575897216796875e+00
2.143069999999999975e-01 2.648401260375976562e+00
2.174530000000000074e-01 2.653575897216796875e+00
2.205749999999999933e-01 2.653575897216796875e+00
2.238890000000000047e-01 2.653575897216796875e+00
2.270349999999999868e-01 2.648401260375976562e+00
2.303300000000000070e-01 2.653575897216796875e+00
2.334749999999999881e-01 2.648401260375976562e+00
2.366209999999999980e-01 2.653575897216796875e+00
2.399270000000000014e-01 2.653575897216796875e+00
2.430609999999999993e-01 2.653575897216796875e+00
2.462040000000000062e-01 2.658750534057617188e+00
2.495020000000000016e-01 2.658750534057617188e+00
2.526490000000000125e-01 2.658750534057617188e+00
2.557869999999999866e-01 2.663925170898437500e+00
2.590830000000000077e-01 2.663925170898437500e+00
2.622289999999999899e-01 2.663925170898437500e+00
2.655239999999999823e-01 2.663925170898437500e+00
2.686689999999999912e-01 2.663925170898437500e+00
2.718570000000000153e-01 2.663925170898437500e+00
2.749880000000000102e-01 2.669099807739257812e+00
2.782899999999999818e-01 2.663925170898437500e+00
2.814300000000000135e-01 2.663925170898437500e+00
2.847299999999999831e-01 2.663925170898437500e+00
2.883350000000000080e-01 2.658750534057617188e+00
2.916380000000000083e-01 2.663925170898437500e+00
2.949359999999999760e-01 2.658750534057617188e+00
2.979209999999999914e-01 2.653575897216796875e+00
3.010630000000000250e-01 2.648401260375976562e+00
3.045180000000000109e-01 2.648401260375976562e+00
3.078159999999999785e-01 2.653575897216796875e+00
3.112659999999999871e-01 2.653575897216796875e+00
3.144120000000000248e-01 2.653575897216796875e+00
3.209980000000000055e-01 2.653575897216796875e+00
3.243869999999999809e-01 2.648401260375976562e+00
3.276640000000000108e-01 2.658750534057617188e+00
3.308019999999999849e-01 2.658750534057617188e+00
3.341040000000000121e-01 2.653575897216796875e+00
3.372479999999999922e-01 2.658750534057617188e+00
3.405440000000000134e-01 2.653575897216796875e+00
3.438399999999999790e-01 2.658750534057617188e+00
3.471429999999999794e-01 2.663925170898437500e+00
3.504390000000000005e-01 2.658750534057617188e+00
3.537420000000000009e-01 2.663925170898437500e+00
3.570320000000000160e-01 2.663925170898437500e+00
3.603330000000000144e-01 2.663925170898437500e+00
3.634979999999999878e-01 2.658750534057617188e+00
3.669769999999999976e-01 2.658750534057617188e+00
3.704120000000000190e-01 2.663925170898437500e+00
3.738609999999999989e-01 2.663925170898437500e+00
3.770029999999999770e-01 2.658750534057617188e+00
3.803010000000000002e-01 2.658750534057617188e+00
3.834429999999999783e-01 2.653575897216796875e+00
3.867419999999999747e-01 2.663925170898437500e+00
3.898849999999999816e-01 2.658750534057617188e+00
3.934199999999999919e-01 2.658750534057617188e+00
3.969440000000000190e-01 2.653575897216796875e+00
4.002459999999999907e-01 2.653575897216796875e+00
4.035429999999999851e-01 2.653575897216796875e+00
4.068370000000000042e-01 2.653575897216796875e+00
4.101420000000000066e-01 2.653575897216796875e+00
4.134349999999999969e-01 2.653575897216796875e+00
4.167350000000000221e-01 2.658750534057617188e+00
4.197230000000000127e-01 2.658750534057617188e+00
4.228649999999999909e-01 2.658750534057617188e+00
4.260070000000000245e-01 2.653575897216796875e+00
4.293060000000000209e-01 2.653575897216796875e+00
4.361240000000000117e-01 2.653575897216796875e+00
4.395609999999999795e-01 2.658750534057617188e+00
4.428710000000000147e-01 2.658750534057617188e+00
4.460129999999999928e-01 2.658750534057617188e+00
4.493110000000000159e-01 2.663925170898437500e+00
4.524580000000000268e-01 2.663925170898437500e+00
4.555969999999999742e-01 2.663925170898437500e+00
4.588949999999999974e-01 2.663925170898437500e+00
4.620770000000000155e-01 2.658750534057617188e+00
4.652160000000000184e-01 2.663925170898437500e+00
4.684940000000000215e-01 2.658750534057617188e+00
4.716620000000000257e-01 2.663925170898437500e+00
4.749869999999999925e-01 2.663925170898437500e+00
4.782770000000000077e-01 2.658750534057617188e+00
4.817299999999999915e-01 2.663925170898437500e+00
4.851809999999999734e-01 2.658750534057617188e+00
4.884680000000000133e-01 2.658750534057617188e+00
4.919419999999999904e-01 2.658750534057617188e+00
4.953710000000000058e-01 2.663925170898437500e+00
4.988259999999999916e-01 2.658750534057617188e+00
5.021480000000000388e-01 2.658750534057617188e+00
5.055709999999999926e-01 2.653575897216796875e+00
5.090280000000000360e-01 2.658750534057617188e+00
5.124849999999999683e-01 2.658750534057617188e+00
5.159299999999999997e-01 2.658750534057617188e+00
5.194119999999999848e-01 2.658750534057617188e+00
5.226929999999999632e-01 2.658750534057617188e+00
5.261209999999999498e-01 2.658750534057617188e+00
5.295879999999999477e-01 2.658750534057617188e+00
5.330279999999999463e-01 2.653575897216796875e+00
5.363289999999999447e-01 2.653575897216796875e+00
5.397769999999999513e-01 2.658750534057617188e+00
5.431280000000000552e-01 2.653575897216796875e+00
5.517130000000000090e-01 2.658750534057617188e+00
5.553690000000000015e-01 2.663925170898437500e+00
5.588210000000000122e-01 2.658750534057617188e+00
5.621310000000000473e-01 2.663925170898437500e+00
5.655620000000000092e-01 2.663925170898437500e+00
5.689939999999999998e-01 2.658750534057617188e+00
5.724709999999999521e-01 2.663925170898437500e+00
5.759199999999999875e-01 2.663925170898437500e+00
5.793719999999999981e-01 2.663925170898437500e+00
5.828259999999999552e-01 2.663925170898437500e+00
5.861129999999999951e-01 2.669099807739257812e+00
5.895709999999999562e-01 2.669099807739257812e+00
5.928769999999999873e-01 2.669099807739257812e+00
5.963349999999999485e-01 2.663925170898437500e+00
5.997639999999999638e-01 2.658750534057617188e+00
6.032319999999999904e-01 2.658750534057617188e+00
6.065139999999999976e-01 2.658750534057617188e+00
6.099639999999999507e-01 2.658750534057617188e+00
6.134159999999999613e-01 2.658750534057617188e+00
6.167139999999999844e-01 2.658750534057617188e+00
6.201609999999999623e-01 2.658750534057617188e+00
6.236230000000000384e-01 2.653575897216796875e+00
6.269109999999999960e-01 2.653575897216796875e+00
6.303670000000000107e-01 2.653575897216796875e+00
6.338179999999999925e-01 2.653575897216796875e+00
6.371130000000000404e-01 2.653575897216796875e+00
6.405859999999999888e-01 2.658750534057617188e+00
6.441700000000000204e-01 2.658750534057617188e+00
6.476229999999999487e-01 2.663925170898437500e+00
6.509570000000000078e-01 2.663925170898437500e+00
6.545619999999999772e-01 2.663925170898437500e+00
6.581029999999999935e-01 2.663925170898437500e+00
6.671160000000000423e-01 2.663925170898437500e+00
6.708659999999999624e-01 2.669099807739257812e+00
6.744850000000000012e-01 2.669099807739257812e+00
6.779330000000000078e-01 2.669099807739257812e+00
6.813839999999999897e-01 2.669099807739257812e+00
6.849939999999999918e-01 2.669099807739257812e+00
6.882829999999999782e-01 2.669099807739257812e+00
6.917360000000000175e-01 2.669099807739257812e+00
6.951840000000000241e-01 2.669099807739257812e+00
6.984749999999999570e-01 2.663925170898437500e+00
7.019349999999999756e-01 2.658750534057617188e+00
7.053789999999999782e-01 2.658750534057617188e+00
7.086700000000000221e-01 2.658750534057617188e+00
7.121210000000000040e-01 2.653575897216796875e+00
7.155660000000000354e-01 2.658750534057617188e+00
7.188579999999999970e-01 2.653575897216796875e+00
7.221699999999999786e-01 2.658750534057617188e+00
7.256160000000000387e-01 2.658750534057617188e+00
7.289189999999999836e-01 2.658750534057617188e+00
7.323669999999999902e-01 2.653575897216796875e+00
7.358130000000000503e-01 2.653575897216796875e+00
7.391100000000000447e-01 2.658750534057617188e+00
7.425599999999999978e-01 2.658750534057617188e+00
7.459120000000000195e-01 2.658750534057617188e+00
7.493419999999999526e-01 2.663925170898437500e+00
7.527949999999999919e-01 2.669099807739257812e+00
7.560900000000000398e-01 2.669099807739257812e+00
7.595499999999999474e-01 2.669099807739257812e+00
7.629930000000000323e-01 2.669099807739257812e+00
7.662820000000000187e-01 2.669099807739257812e+00
7.697669999999999790e-01 2.669099807739257812e+00
7.777129999999999876e-01 2.674274444580078125e+00
7.813999999999999835e-01 2.669099807739257812e+00
7.849880000000000191e-01 2.669099807739257812e+00
7.882770000000000055e-01 2.663925170898437500e+00
7.917359999999999953e-01 2.663925170898437500e+00
7.951829999999999732e-01 2.663925170898437500e+00
7.984900000000000331e-01 2.658750534057617188e+00
8.019290000000000029e-01 2.653575897216796875e+00
8.053709999999999480e-01 2.658750534057617188e+00
8.088490000000000402e-01 2.653575897216796875e+00
8.121289999999999898e-01 2.658750534057617188e+00
8.155949999999999589e-01 2.658750534057617188e+00
8.188710000000000155e-01 2.653575897216796875e+00
8.224820000000000464e-01 2.658750534057617188e+00
8.259319999999999995e-01 2.658750534057617188e+00
8.293789999999999774e-01 2.658750534057617188e+00
8.326729999999999965e-01 2.658750534057617188e+00
8.361250000000000071e-01 2.663925170898437500e+00
8.396040000000000170e-01 2.663925170898437500e+00
8.430279999999999996e-01 2.663925170898437500e+00
8.463600000000000012e-01 2.663925170898437500e+00
8.498179999999999623e-01 2.663925170898437500e+00
8.531339999999999479e-01 2.669099807739257812e+00
8.565620000000000456e-01 2.674274444580078125e+00
8.600160000000000027e-01 2.669099807739257812e+00
8.633119999999999683e-01 2.674274444580078125e+00
8.667629999999999502e-01 2.674274444580078125e+00
8.702050000000000063e-01 2.674274444580078125e+00
8.735060000000000047e-01 2.669099807739257812e+00
8.769780000000000353e-01 2.669099807739257812e+00
8.804100000000000259e-01 2.663925170898437500e+00
8.837059999999999915e-01 2.663925170898437500e+00
8.922109999999999763e-01 2.669099807739257812e+00
8.958249999999999824e-01 2.663925170898437500e+00
8.991179999999999728e-01 2.658750534057617188e+00
9.025670000000000082e-01 2.658750534057617188e+00
9.060200000000000475e-01 2.658750534057617188e+00
9.093390000000000084e-01 2.653575897216796875e+00
9.127889999999999615e-01 2.658750534057617188e+00
9.162219999999999809e-01 2.658750534057617188e+00
9.195170000000000288e-01 2.663925170898437500e+00
9.229690000000000394e-01 2.663925170898437500e+00
9.264379999999999837e-01 2.663925170898437500e+00
9.297299999999999454e-01 2.658750534057617188e+00
9.331629999999999647e-01 2.658750534057617188e+00
9.366189999999999793e-01 2.658750534057617188e+00
9.399570000000000425e-01 2.658750534057617188e+00
9.434050000000000491e-01 2.658750534057617188e+00
9.467010000000000147e-01 2.663925170898437500e+00
9.501519999999999966e-01 2.663925170898437500e+00
9.536069999999999824e-01 2.674274444580078125e+00
9.569220000000000503e-01 2.669099807739257812e+00
9.603509999999999547e-01 2.669099807739257812e+00
9.638050000000000228e-01 2.669099807739257812e+00
9.670980000000000132e-01 2.669099807739257812e+00
9.711419999999999497e-01 2.669099807739257812e+00
9.748080000000000078e-01 2.669099807739257812e+00
9.782330000000000192e-01 2.669099807739257812e+00
9.815859999999999586e-01 2.663925170898437500e+00
9.849639999999999507e-01 2.663925170898437500e+00
9.884199999999999653e-01 2.669099807739257812e+00
9.917359999999999509e-01 2.663925170898437500e+00
9.951630000000000198e-01 2.663925170898437500e+00
1.003398999999999930e+00 2.663925170898437500e+00
1.008815999999999935e+00 2.658750534057617188e+00
1.012982999999999967e+00 2.663925170898437500e+00
1.017082999999999959e+00 2.658750534057617188e+00
1.021166999999999936e+00 2.663925170898437500e+00
1.025315999999999894e+00 2.658750534057617188e+00
1.029403999999999986e+00 2.663925170898437500e+00
1.033625999999999934e+00 2.663925170898437500e+00
1.039530000000000065e+00 2.669099807739257812e+00
1.043670000000000098e+00 2.658750534057617188e+00
1.047741000000000033e+00 2.663925170898437500e+00
1.052108999999999961e+00 2.669099807739257812e+00
1.062297000000000047e+00 2.669099807739257812e+00
1.071841999999999961e+00 2.663925170898437500e+00
1.086526000000000103e+00 2.669099807739257812e+00
1.092135999999999996e+00 2.669099807739257812e+00
1.096282999999999896e+00 2.674274444580078125e+00
1.100368000000000013e+00 2.663925170898437500e+00
1.104551000000000061e+00 2.663925170898437500e+00
1.108643999999999963e+00 2.663925170898437500e+00
1.117936999999999959e+00 2.663925170898437500e+00
1.122422999999999949e+00 2.663925170898437500e+00
1.126573999999999964e+00 2.658750534057617188e+00
1.130689000000000055e+00 2.658750534057617188e+00
1.134951999999999961e+00 2.658750534057617188e+00
1.139108000000000009e+00 2.658750534057617188e+00
1.143261000000000083e+00 2.653575897216796875e+00
1.147404000000000091e+00 2.658750534057617188e+00
1.151618999999999948e+00 2.663925170898437500e+00
1.155796999999999963e+00 2.674274444580078125e+00
1.159974000000000061e+00 2.669099807739257812e+00
1.164168000000000092e+00 2.669099807739257812e+00
1.168322000000000083e+00 2.669099807739257812e+00
1.172552000000000039e+00 2.674274444580078125e+00
1.176784999999999970e+00 2.669099807739257812e+00
1.180426999999999893e+00 2.669099807739257812e+00
1.184010999999999925e+00 2.669099807739257812e+00
1.187570000000000014e+00 2.674274444580078125e+00
1.191144999999999898e+00 2.674274444580078125e+00
1.194785999999999904e+00 2.674274444580078125e+00
1.198353000000000002e+00 2.669099807739257812e+00
1.201985999999999999e+00 2.663925170898437500e+00
1.205565999999999915e+00 2.663925170898437500e+00
1.209136999999999906e+00 2.658750534057617188e+00
1.212771999999999961e+00 2.658750534057617188e+00
1.216345000000000010e+00 2.658750534057617188e+00
1.219935999999999909e+00 2.663925170898437500e+00
1.223581000000000030e+00 2.658750534057617188e+00
1.230574999999999974e+00 2.653575897216796875e+00
1.234548999999999896e+00 2.658750534057617188e+00
1.238147000000000109e+00 2.658750534057617188e+00
1.241807000000000105e+00 2.658750534057617188e+00
1.245398999999999923e+00 2.658750534057617188e+00
1.248998000000000053e+00 2.669099807739257812e+00
1.252620000000000067e+00 2.674274444580078125e+00
1.256224000000000007e+00 2.674274444580078125e+00
1.259827999999999948e+00 2.674274444580078125e+00
1.263657000000000030e+00 2.674274444580078125e+00
1.267284000000000077e+00 2.669099807739257812e+00
1.270901999999999976e+00 2.674274444580078125e+00
1.274610999999999938e+00 2.674274444580078125e+00
1.278278999999999943e+00 2.674274444580078125e+00
1.281971999999999889e+00 2.674274444580078125e+00
1.285600000000000076e+00 2.674274444580078125e+00
1.289223000000000008e+00 2.674274444580078125e+00
1.292863000000000095e+00 2.669099807739257812e+00
1.296502000000000043e+00 2.663925170898437500e+00
1.300141999999999909e+00 2.658750534057617188e+00
1.303825000000000012e+00 2.658750534057617188e+00
1.307468000000000075e+00 2.658750534057617188e+00
1.311113999999999891e+00 2.658750534057617188e+00
1.314842999999999984e+00 2.658750534057617188e+00
1.318483999999999989e+00 2.658750534057617188e+00
1.322178999999999993e+00 2.658750534057617188e+00
1.325828000000000007e+00 2.658750534057617188e+00
1.329474000000000045e+00 2.663925170898437500e+00
1.333118000000000025e+00 2.658750534057617188e+00
1.336764999999999981e+00 2.663925170898437500e+00
1.340508000000000033e+00 2.669099807739257812e+00
1.347580999999999918e+00 2.669099807739257812e+00
1.351447999999999983e+00 2.674274444580078125e+00
1.355129000000000028e+00 2.674274444580078125e+00
1.358783000000000074e+00 2.674274444580078125e+00
1.362435999999999980e+00 2.674274444580078125e+00
1.366087000000000051e+00 2.674274444580078125e+00
1.369744999999999990e+00 2.674274444580078125e+00
1.373488999999999960e+00 2.674274444580078125e+00
1.377156000000000047e+00 2.669099807739257812e+00
1.380957999999999908e+00 2.669099807739257812e+00
1.384711000000000025e+00 2.669099807739257812e+00
1.388379999999999947e+00 2.669099807739257812e+00
1.392131000000000007e+00 2.669099807739257812e+00
1.395815000000000028e+00 2.669099807739257812e+00
1.399489999999999901e+00 2.658750534057617188e+00
1.403175999999999979e+00 2.658750534057617188e+00
1.406870999999999983e+00 2.663925170898437500e+00
1.410554000000000086e+00 2.658750534057617188e+00
1.414304000000000006e+00 2.658750534057617188e+00
1.417990000000000084e+00 2.658750534057617188e+00
1.421721000000000013e+00 2.669099807739257812e+00
1.425421000000000049e+00 2.663925170898437500e+00
1.429105999999999987e+00 2.663925170898437500e+00
1.432827000000000073e+00 2.663925170898437500e+00
1.436515999999999904e+00 2.663925170898437500e+00
1.440210999999999908e+00 2.669099807739257812e+00
1.443983000000000017e+00 2.663925170898437500e+00
1.447686999999999946e+00 2.669099807739257812e+00
1.451391000000000098e+00 2.674274444580078125e+00
1.455165000000000042e+00 2.674274444580078125e+00
1.462342000000000031e+00 2.669099807739257812e+00
1.466288999999999954e+00 2.669099807739257812e+00
1.470013000000000014e+00 2.674274444580078125e+00
1.473802000000000056e+00 2.669099807739257812e+00
1.477532999999999985e+00 2.669099807739257812e+00
1.481303999999999954e+00 2.674274444580078125e+00
1.485049000000000063e+00 2.669099807739257812e+00
1.488771000000000067e+00 2.669099807739257812e+00
1.492517000000000094e+00 2.674274444580078125e+00
1.496242999999999990e+00 2.663925170898437500e+00
1.499972000000000083e+00 2.658750534057617188e+00
1.503770999999999969e+00 2.663925170898437500e+00
1.507519000000000053e+00 2.663925170898437500e+00
1.511263999999999941e+00 2.663925170898437500e+00
1.515047999999999950e+00 2.663925170898437500e+00
1.518780000000000019e+00 2.663925170898437500e+00
1.522526999999999964e+00 2.663925170898437500e+00
1.526269000000000098e+00 2.663925170898437500e+00
1.530013999999999985e+00 2.663925170898437500e+00
1.533816000000000068e+00 2.663925170898437500e+00
1.537563999999999931e+00 2.669099807739257812e+00
1.541311000000000098e+00 2.669099807739257812e+00
1.545080000000000009e+00 2.663925170898437500e+00
1.548834999999999962e+00 2.669099807739257812e+00
1.552605000000000013e+00 2.669099807739257812e+00
1.556356999999999990e+00 2.674274444580078125e+00
1.560110000000000108e+00 2.669099807739257812e+00
1.563155999999999990e+00 2.669099807739257812e+00
1.566888999999999976e+00 2.669099807739257812e+00
1.570697000000000010e+00 2.674274444580078125e+00
1.577963999999999922e+00 2.669099807739257812e+00
1.582014000000000031e+00 2.669099807739257812e+00
1.585825999999999958e+00 2.669099807739257812e+00
1.589623999999999926e+00 2.674274444580078125e+00
1.593504000000000032e+00 2.679449081420898438e+00
1.597309000000000090e+00 2.674274444580078125e+00
1.601107999999999976e+00 2.669099807739257812e+00
1.604991000000000057e+00 2.663925170898437500e+00
1.608810000000000073e+00 2.663925170898437500e+00
1.612729000000000079e+00 2.663925170898437500e+00
1.616538000000000030e+00 2.663925170898437500e+00
1.620349999999999957e+00 2.663925170898437500e+00
1.624243000000000103e+00 2.669099807739257812e+00
1.628066000000000013e+00 2.669099807739257812e+00
1.631971999999999978e+00 2.663925170898437500e+00
1.635783999999999905e+00 2.658750534057617188e+00
1.639588000000000045e+00 2.663925170898437500e+00
1.643480000000000052e+00 2.663925170898437500e+00
1.647294000000000036e+00 2.658750534057617188e+00
1.651092999999999922e+00 2.663925170898437500e+00
1.654949000000000003e+00 2.669099807739257812e+00
1.658744999999999914e+00 2.669099807739257812e+00
1.662598999999999938e+00 2.669099807739257812e+00
1.666415999999999897e+00 2.669099807739257812e+00
1.670231000000000021e+00 2.674274444580078125e+00
1.674096000000000029e+00 2.674274444580078125e+00
1.677920999999999996e+00 2.674274444580078125e+00
1.681823000000000068e+00 2.674274444580078125e+00
1.688925000000000010e+00 2.674274444580078125e+00
1.692844999999999933e+00 2.674274444580078125e+00
1.696682000000000023e+00 2.669099807739257812e+00
1.700511000000000106e+00 2.663925170898437500e+00
1.704388999999999932e+00 2.663925170898437500e+00
1.708226999999999940e+00 2.669099807739257812e+00
1.712137000000000020e+00 2.663925170898437500e+00
1.715991000000000044e+00 2.658750534057617188e+00
1.719832999999999945e+00 2.658750534057617188e+00
1.723751000000000033e+00 2.663925170898437500e+00
1.727608000000000033e+00 2.658750534057617188e+00
1.731498999999999899e+00 2.658750534057617188e+00
1.735346999999999973e+00 2.658750534057617188e+00
1.739198000000000022e+00 2.663925170898437500e+00
1.743071000000000037e+00 2.658750534057617188e+00
1.746931999999999929e+00 2.663925170898437500e+00
1.750801999999999969e+00 2.663925170898437500e+00
1.754758000000000040e+00 2.669099807739257812e+00
1.758629999999999916e+00 2.674274444580078125e+00
1.762542999999999971e+00 2.674274444580078125e+00
1.766424999999999912e+00 2.674274444580078125e+00
1.770305999999999935e+00 2.674274444580078125e+00
1.773338000000000081e+00 2.674274444580078125e+00
1.777212000000000014e+00 2.674274444580078125e+00
1.781109999999999971e+00 2.679449081420898438e+00
1.785239000000000020e+00 2.679449081420898438e+00
1.789145999999999903e+00 2.674274444580078125e+00
1.793036000000000074e+00 2.674274444580078125e+00
1.800289999999999946e+00 2.663925170898437500e+00
1.804419999999999913e+00 2.658750534057617188e+00
1.808318000000000092e+00 2.658750534057617188e+00
1.812283000000000088e+00 2.658750534057617188e+00
1.816189000000000053e+00 2.658750534057617188e+00
1.820090999999999903e+00 2.658750534057617188e+00
1.823196999999999957e+00 2.663925170898437500e+00
1.827085000000000070e+00 2.658750534057617188e+00
1.830969999999999986e+00 2.663925170898437500e+00
1.834996000000000071e+00 2.658750534057617188e+00
1.838905000000000012e+00 2.658750534057617188e+00
1.842832000000000026e+00 2.663925170898437500e+00
1.846734000000000098e+00 2.669099807739257812e+00
1.850638000000000005e+00 2.669099807739257812e+00
1.854610000000000092e+00 2.679449081420898438e+00
1.858524999999999983e+00 2.674274444580078125e+00
1.862576999999999927e+00 2.679449081420898438e+00
1.866517999999999899e+00 2.674274444580078125e+00
1.870441999999999938e+00 2.674274444580078125e+00
1.874381000000000075e+00 2.679449081420898438e+00
1.878303000000000056e+00 2.674274444580078125e+00
1.882555999999999896e+00 2.674274444580078125e+00
1.887566999999999995e+00 2.669099807739257812e+00
1.892371000000000025e+00 2.669099807739257812e+00
1.897103999999999902e+00 2.663925170898437500e+00
1.901896000000000031e+00 2.658750534057617188e+00
1.906611000000000056e+00 2.658750534057617188e+00
1.916655999999999915e+00 2.658750534057617188e+00
1.921755000000000102e+00 2.658750534057617188e+00
1.926536999999999944e+00 2.669099807739257812e+00
1.931300999999999934e+00 2.669099807739257812e+00
1.936102999999999907e+00 2.663925170898437500e+00
1.940852999999999939e+00 2.663925170898437500e+00
1.945761000000000074e+00 2.663925170898437500e+00
1.950558000000000014e+00 2.669099807739257812e+00
1.955414999999999903e+00 2.674274444580078125e+00
1.960239000000000065e+00 2.674274444580078125e+00
1.965028999999999915e+00 2.674274444580078125e+00
1.969767000000000046e+00 2.674274444580078125e+00
1.974631999999999943e+00 2.674274444580078125e+00
1.979427999999999965e+00 2.674274444580078125e+00
1.983967000000000036e+00 2.669099807739257812e+00
1.988070999999999922e+00 2.669099807739257812e+00
1.992224999999999913e+00 2.669099807739257812e+00
1.996332999999999913e+00 2.669099807739257812e+00
2.000414000000000136e+00 2.663925170898437500e+00
2.004550000000000054e+00 2.658750534057617188e+00
2.008647999999999989e+00 2.663925170898437500e+00
2.012801000000000062e+00 2.663925170898437500e+00
2.016976999999999798e+00 2.663925170898437500e+00
2.021199000000000190e+00 2.663925170898437500e+00
2.029869999999999841e+00 2.663925170898437500e+00
2.034040000000000070e+00 2.658750534057617188e+00
2.038101000000000163e+00 2.669099807739257812e+00
2.042215999999999809e+00 2.663925170898437500e+00
2.046282000000000156e+00 2.674274444580078125e+00
2.050336000000000158e+00 2.669099807739257812e+00
2.057961999999999847e+00 2.669099807739257812e+00
2.064131999999999856e+00 2.669099807739257812e+00
2.070279000000000202e+00 2.663925170898437500e+00
2.075616999999999823e+00 2.669099807739257812e+00
2.081532999999999856e+00 2.669099807739257812e+00
2.085720999999999936e+00 2.669099807739257812e+00
2.089881000000000100e+00 2.674274444580078125e+00
2.094059999999999810e+00 2.674274444580078125e+00
2.098123000000000182e+00 2.674274444580078125e+00
2.102273999999999976e+00 2.663925170898437500e+00
2.106367000000000100e+00 2.669099807739257812e+00
2.110478000000000076e+00 2.663925170898437500e+00
2.114654999999999951e+00 2.663925170898437500e+00
2.118736000000000175e+00 2.663925170898437500e+00
2.122843000000000035e+00 2.669099807739257812e+00
2.126943999999999946e+00 2.663925170898437500e+00
2.131066999999999823e+00 2.669099807739257812e+00
2.138576000000000032e+00 2.658750534057617188e+00
2.143041999999999891e+00 2.658750534057617188e+00
2.146174999999999944e+00 2.663925170898437500e+00
2.150272000000000183e+00 2.669099807739257812e+00
2.154462000000000099e+00 2.669099807739257812e+00
2.157598999999999823e+00 2.674274444580078125e+00
2.161761999999999961e+00 2.669099807739257812e+00
2.165871999999999797e+00 2.674274444580078125e+00
2.169951999999999881e+00 2.669099807739257812e+00
2.174151999999999862e+00 2.674274444580078125e+00
2.178279999999999994e+00 2.674274444580078125e+00
2.181394000000000055e+00 2.679449081420898438e+00
2.185573000000000210e+00 2.674274444580078125e+00
2.189754000000000200e+00 2.674274444580078125e+00
2.192975000000000119e+00 2.674274444580078125e+00
2.197105999999999781e+00 2.669099807739257812e+00
2.201232000000000077e+00 2.663925170898437500e+00
2.205413000000000068e+00 2.669099807739257812e+00
2.209544999999999870e+00 2.663925170898437500e+00
2.213772000000000073e+00 2.669099807739257812e+00
2.217926999999999982e+00 2.658750534057617188e+00
2.222132000000000218e+00 2.658750534057617188e+00
2.226284999999999847e+00 2.658750534057617188e+00
2.229404999999999859e+00 2.663925170898437500e+00
2.233626999999999807e+00 2.658750534057617188e+00
2.236762999999999835e+00 2.658750534057617188e+00
2.240904000000000007e+00 2.663925170898437500e+00
2.245146000000000086e+00 2.658750534057617188e+00
2.249540999999999791e+00 2.663925170898437500e+00
2.257324000000000108e+00 2.669099807739257812e+00
2.261671000000000209e+00 2.669099807739257812e+00
2.264829999999999899e+00 2.669099807739257812e+00
2.267964999999999787e+00 2.669099807739257812e+00
2.272200999999999915e+00 2.674274444580078125e+00
2.275358999999999909e+00 2.674274444580078125e+00
2.279523999999999884e+00 2.674274444580078125e+00
2.283786000000000094e+00 2.674274444580078125e+00
2.287970000000000059e+00 2.674274444580078125e+00
2.292514999999999858e+00 2.674274444580078125e+00
2.296685999999999783e+00 2.674274444580078125e+00
2.300870000000000193e+00 2.663925170898437500e+00
2.305163999999999991e+00 2.658750534057617188e+00
2.309340999999999866e+00 2.658750534057617188e+00
2.313537999999999872e+00 2.658750534057617188e+00
2.317717000000000027e+00 2.653575897216796875e+00
2.322004999999999875e+00 2.658750534057617188e+00
2.325197999999999876e+00 2.663925170898437500e+00
2.329403000000000112e+00 2.658750534057617188e+00
2.333699999999999886e+00 2.658750534057617188e+00
2.337905999999999818e+00 2.658750534057617188e+00
2.342187000000000019e+00 2.658750534057617188e+00
2.345365000000000144e+00 2.669099807739257812e+00
2.349591000000000207e+00 2.674274444580078125e+00
2.353832000000000146e+00 2.674274444580078125e+00
2.358048000000000144e+00 2.674274444580078125e+00
2.362324000000000090e+00 2.674274444580078125e+00
2.369994000000000156e+00 2.669099807739257812e+00
2.374457000000000040e+00 2.674274444580078125e+00
2.378705000000000069e+00 2.674274444580078125e+00
2.382953999999999795e+00 2.674274444580078125e+00
2.387202999999999964e+00 2.669099807739257812e+00
2.391439000000000092e+00 2.669099807739257812e+00
2.394997000000000043e+00 2.674274444580078125e+00
2.399235000000000007e+00 2.663925170898437500e+00
2.403509999999999813e+00 2.658750534057617188e+00
2.407760000000000122e+00 2.658750534057617188e+00
2.410954999999999959e+00 2.658750534057617188e+00
2.415344000000000158e+00 2.658750534057617188e+00
2.419580999999999982e+00 2.658750534057617188e+00
2.423913000000000206e+00 2.663925170898437500e+00
2.428173000000000137e+00 2.663925170898437500e+00
2.431416000000000022e+00 2.663925170898437500e+00
2.435753000000000057e+00 2.663925170898437500e+00
2.440012999999999987e+00 2.663925170898437500e+00
2.444322000000000106e+00 2.663925170898437500e+00
2.448585000000000012e+00 2.669099807739257812e+00
2.452873999999999999e+00 2.674274444580078125e+00
2.457155000000000200e+00 2.674274444580078125e+00
2.461435999999999957e+00 2.674274444580078125e+00
2.465762999999999927e+00 2.674274444580078125e+00
2.470057999999999865e+00 2.669099807739257812e+00
2.474406000000000105e+00 2.669099807739257812e+00
2.478692000000000117e+00 2.663925170898437500e+00
2.486448999999999909e+00 2.669099807739257812e+00
2.490917000000000048e+00 2.669099807739257812e+00
2.495462999999999987e+00 2.674274444580078125e+00
2.499772999999999801e+00 2.658750534057617188e+00
2.504125000000000156e+00 2.658750534057617188e+00
2.508418999999999954e+00 2.658750534057617188e+00
2.512729000000000212e+00 2.663925170898437500e+00
2.517021999999999871e+00 2.663925170898437500e+00
2.521323999999999899e+00 2.663925170898437500e+00
2.524610000000000021e+00 2.663925170898437500e+00
2.528948999999999891e+00 2.663925170898437500e+00
2.533291000000000182e+00 2.663925170898437500e+00
2.537618000000000151e+00 2.663925170898437500e+00
2.541980999999999824e+00 2.663925170898437500e+00
2.545230000000000103e+00 2.663925170898437500e+00
2.549564000000000163e+00 2.674274444580078125e+00
2.553929000000000116e+00 2.669099807739257812e+00
2.558256999999999781e+00 2.669099807739257812e+00
2.563054000000000165e+00 2.669099807739257812e+00
2.568741000000000163e+00 2.669099807739257812e+00
2.573116000000000181e+00 2.669099807739257812e+00
2.577459999999999862e+00 2.669099807739257812e+00
2.581888999999999879e+00 2.669099807739257812e+00
2.586263000000000201e+00 2.674274444580078125e+00
2.590603999999999907e+00 2.669099807739257812e+00
2.595006000000000146e+00 2.669099807739257812e+00
2.603123000000000076e+00 2.663925170898437500e+00
2.607613999999999876e+00 2.663925170898437500e+00
2.612070999999999810e+00 2.658750534057617188e+00
2.616446999999999967e+00 2.663925170898437500e+00
2.620797000000000043e+00 2.663925170898437500e+00
2.625281000000000198e+00 2.663925170898437500e+00
2.629640000000000200e+00 2.663925170898437500e+00
2.634075000000000166e+00 2.658750534057617188e+00
2.638437999999999839e+00 2.663925170898437500e+00
2.642816999999999972e+00 2.653575897216796875e+00
2.647190999999999850e+00 2.663925170898437500e+00
2.651615000000000055e+00 2.663925170898437500e+00
2.656003000000000114e+00 2.669099807739257812e+00
2.660393000000000008e+00 2.669099807739257812e+00
2.664814999999999934e+00 2.669099807739257812e+00
2.669182000000000166e+00 2.669099807739257812e+00
2.673598999999999837e+00 2.669099807739257812e+00
2.677985000000000060e+00 2.669099807739257812e+00
2.682428999999999952e+00 2.674274444580078125e+00
2.686888000000000165e+00 2.674274444580078125e+00
2.692377000000000020e+00 2.674274444580078125e+00
2.697797000000000001e+00 2.669099807739257812e+00
2.703610999999999986e+00 2.663925170898437500e+00
2.709023999999999877e+00 2.663925170898437500e+00
2.714701999999999948e+00 2.663925170898437500e+00
2.725213999999999803e+00 2.658750534057617188e+00
2.731033000000000044e+00 2.658750534057617188e+00
2.736574000000000062e+00 2.658750534057617188e+00
2.742029000000000050e+00 2.658750534057617188e+00
2.747431000000000179e+00 2.658750534057617188e+00
2.752975000000000172e+00 2.663925170898437500e+00
2.758366999999999791e+00 2.663925170898437500e+00
2.763796999999999837e+00 2.674274444580078125e+00
2.769232999999999834e+00 2.674274444580078125e+00
2.774707999999999952e+00 2.674274444580078125e+00
2.780123000000000122e+00 2.669099807739257812e+00
2.785581000000000085e+00 2.669099807739257812e+00
2.790579999999999838e+00 2.674274444580078125e+00
2.795039000000000051e+00 2.674274444580078125e+00
2.799460999999999977e+00 2.663925170898437500e+00
2.804086999999999996e+00 2.663925170898437500e+00
2.807404000000000011e+00 2.658750534057617188e+00
2.811906000000000017e+00 2.658750534057617188e+00
2.815221000000000195e+00 2.658750534057617188e+00
2.819662999999999808e+00 2.658750534057617188e+00
2.823040999999999912e+00 2.658750534057617188e+00
2.827503000000000100e+00 2.658750534057617188e+00
2.831989000000000090e+00 2.658750534057617188e+00
2.839776000000000078e+00 2.653575897216796875e+00
2.844667999999999974e+00 2.653575897216796875e+00
2.847980000000000178e+00 2.663925170898437500e+00
2.852523000000000142e+00 2.674274444580078125e+00
2.856984999999999886e+00 2.674274444580078125e+00
2.861435000000000173e+00 2.674274444580078125e+00
2.865927999999999809e+00 2.674274444580078125e+00
2.870388000000000162e+00 2.674274444580078125e+00
2.874913999999999970e+00 2.674274444580078125e+00
2.879385000000000083e+00 2.669099807739257812e+00
2.882779999999999898e+00 2.669099807739257812e+00
2.887265000000000192e+00 2.674274444580078125e+00
2.890598999999999918e+00 2.669099807739257812e+00
2.895134000000000096e+00 2.663925170898437500e+00
2.899617999999999807e+00 2.658750534057617188e+00
2.904205000000000148e+00 2.658750534057617188e+00
2.908688000000000162e+00 2.658750534057617188e+00
2.911980999999999931e+00 2.658750534057617188e+00
2.916500999999999788e+00 2.658750534057617188e+00
2.921006000000000213e+00 2.658750534057617188e+00
2.925600000000000200e+00 2.653575897216796875e+00
2.930082000000000075e+00 2.658750534057617188e+00
2.934652999999999956e+00 2.658750534057617188e+00
2.939141999999999921e+00 2.663925170898437500e+00
2.943687000000000165e+00 2.663925170898437500e+00
2.948196999999999957e+00 2.663925170898437500e+00
2.956110999999999933e+00 2.669099807739257812e+00
2.960751000000000133e+00 2.669099807739257812e+00
2.964204000000000061e+00 2.674274444580078125e+00
2.968722000000000083e+00 2.674274444580078125e+00
2.973262000000000072e+00 2.669099807739257812e+00
2.977796999999999805e+00 2.669099807739257812e+00
2.982432000000000194e+00 2.669099807739257812e+00
2.986966999999999928e+00 2.663925170898437500e+00
2.991540999999999784e+00 2.669099807739257812e+00
2.996083000000000052e+00 2.663925170898437500e+00
3.000636000000000081e+00 2.658750534057617188e+00
3.005276999999999976e+00 2.658750534057617188e+00
3.009815000000000129e+00 2.653575897216796875e+00
3.013196999999999903e+00 2.658750534057617188e+00
3.017745000000000122e+00 2.658750534057617188e+00
3.022324999999999928e+00 2.663925170898437500e+00
3.026861999999999941e+00 2.658750534057617188e+00
3.030210999999999988e+00 2.663925170898437500e+00
3.033500000000000085e+00 2.658750534057617188e+00
3.038053999999999810e+00 2.663925170898437500e+00
3.042696999999999985e+00 2.663925170898437500e+00
3.047254999999999825e+00 2.663925170898437500e+00
3.051858999999999877e+00 2.674274444580078125e+00
3.055178999999999867e+00 2.669099807739257812e+00
3.063946000000000058e+00 2.669099807739257812e+00
3.072648000000000046e+00 2.663925170898437500e+00
3.084569000000000116e+00 2.669099807739257812e+00
3.094256000000000117e+00 2.669099807739257812e+00
3.098908999999999914e+00 2.658750534057617188e+00
3.103528999999999982e+00 2.658750534057617188e+00
3.108489000000000058e+00 2.663925170898437500e+00
3.113100000000000200e+00 2.658750534057617188e+00
3.117687999999999793e+00 2.658750534057617188e+00
3.122361000000000164e+00 2.658750534057617188e+00
3.126962999999999937e+00 2.658750534057617188e+00
3.131629999999999914e+00 2.658750534057617188e+00
3.136206000000000049e+00 2.658750534057617188e+00
3.139578000000000202e+00 2.658750534057617188e+00
3.144270000000000120e+00 2.658750534057617188e+00
3.148881999999999959e+00 2.663925170898437500e+00
3.153503000000000167e+00 2.663925170898437500e+00
3.158122999999999791e+00 2.669099807739257812e+00
3.162726000000000148e+00 2.663925170898437500e+00
3.167355000000000143e+00 2.663925170898437500e+00
3.170764999999999834e+00 2.669099807739257812e+00
3.174209999999999976e+00 2.669099807739257812e+00
3.178828999999999905e+00 2.663925170898437500e+00
3.183486999999999956e+00 2.663925170898437500e+00
3.188112999999999975e+00 2.669099807739257812e+00
3.192759999999999820e+00 2.669099807739257812e+00
3.200791999999999859e+00 2.674274444580078125e+00
3.205851000000000006e+00 2.658750534057617188e+00
3.210542999999999925e+00 2.658750534057617188e+00
3.215221000000000107e+00 2.658750534057617188e+00
3.218595999999999790e+00 2.658750534057617188e+00
3.223212000000000188e+00 2.658750534057617188e+00
3.226557000000000119e+00 2.658750534057617188e+00
3.231202999999999825e+00 2.658750534057617188e+00
3.235897000000000023e+00 2.653575897216796875e+00
3.240545000000000009e+00 2.658750534057617188e+00
3.245228000000000002e+00 2.658750534057617188e+00
3.248591999999999924e+00 2.658750534057617188e+00
3.253217999999999943e+00 2.658750534057617188e+00
3.256559000000000204e+00 2.669099807739257812e+00
3.261165999999999787e+00 2.663925170898437500e+00
3.265877000000000141e+00 2.663925170898437500e+00
3.270532999999999912e+00 2.669099807739257812e+00
3.275211000000000094e+00 2.674274444580078125e+00
3.278560999999999837e+00 2.669099807739257812e+00
3.283193999999999946e+00 2.669099807739257812e+00
3.287837000000000121e+00 2.669099807739257812e+00
3.292593000000000103e+00 2.669099807739257812e+00
3.297216999999999842e+00 2.669099807739257812e+00
3.301937999999999818e+00 2.663925170898437500e+00
3.306560000000000166e+00 2.663925170898437500e+00
3.311420000000000030e+00 2.653575897216796875e+00
3.319332999999999867e+00 2.658750534057617188e+00
3.324238999999999944e+00 2.653575897216796875e+00
3.328917999999999822e+00 2.653575897216796875e+00
3.333613999999999855e+00 2.653575897216796875e+00
3.338308000000000053e+00 2.653575897216796875e+00
3.343004999999999782e+00 2.658750534057617188e+00
3.347690000000000055e+00 2.658750534057617188e+00
3.352425999999999906e+00 2.669099807739257812e+00
3.357132000000000005e+00 2.669099807739257812e+00
3.361892000000000102e+00 2.674274444580078125e+00
3.366557999999999939e+00 2.674274444580078125e+00
3.371232000000000006e+00 2.669099807739257812e+00
3.375986999999999849e+00 2.669099807739257812e+00
3.379379000000000133e+00 2.674274444580078125e+00
3.384173000000000098e+00 2.663925170898437500e+00
3.388835999999999959e+00 2.669099807739257812e+00
3.393548000000000009e+00 2.669099807739257812e+00
3.398200999999999805e+00 2.658750534057617188e+00
3.402925999999999895e+00 2.658750534057617188e+00
3.406359000000000137e+00 2.658750534057617188e+00
3.409819000000000155e+00 2.658750534057617188e+00
3.414604000000000195e+00 2.653575897216796875e+00
3.419362000000000013e+00 2.653575897216796875e+00
3.424148999999999887e+00 2.653575897216796875e+00
3.428827000000000069e+00 2.658750534057617188e+00
3.436987999999999932e+00 2.653575897216796875e+00
3.441959999999999908e+00 2.658750534057617188e+00
3.446683999999999859e+00 2.658750534057617188e+00
3.451407999999999809e+00 2.663925170898437500e+00
3.456192999999999849e+00 2.669099807739257812e+00
3.460923999999999889e+00 2.669099807739257812e+00
3.465783000000000058e+00 2.663925170898437500e+00
3.470490999999999993e+00 2.669099807739257812e+00
3.473990000000000133e+00 2.669099807739257812e+00
3.478727999999999820e+00 2.669099807739257812e+00
3.483487999999999918e+00 2.663925170898437500e+00
3.488215999999999983e+00 2.663925170898437500e+00
3.493005999999999833e+00 2.658750534057617188e+00
3.497751000000000055e+00 2.658750534057617188e+00
3.502552999999999805e+00 2.653575897216796875e+00
3.507312999999999903e+00 2.658750534057617188e+00
3.512173000000000211e+00 2.653575897216796875e+00
3.516934000000000005e+00 2.653575897216796875e+00
3.521792000000000034e+00 2.658750534057617188e+00
3.526537999999999951e+00 2.658750534057617188e+00
3.529971000000000192e+00 2.658750534057617188e+00
3.534765000000000157e+00 2.663925170898437500e+00
3.539531999999999901e+00 2.663925170898437500e+00
3.544353000000000087e+00 2.658750534057617188e+00
3.549225999999999992e+00 2.663925170898437500e+00
3.557237999999999900e+00 2.663925170898437500e+00
3.562272999999999801e+00 2.663925170898437500e+00
3.567044000000000104e+00 2.663925170898437500e+00
3.571864000000000150e+00 2.663925170898437500e+00
3.576640999999999959e+00 2.663925170898437500e+00
3.581433999999999784e+00 2.663925170898437500e+00
3.586287000000000003e+00 2.663925170898437500e+00
3.591079000000000132e+00 2.658750534057617188e+00
3.595974000000000004e+00 2.658750534057617188e+00
3.600776000000000199e+00 2.653575897216796875e+00
3.605627999999999833e+00 2.653575897216796875e+00
3.610428999999999888e+00 2.658750534057617188e+00
3.615301999999999794e+00 2.658750534057617188e+00
3.620108000000000104e+00 2.653575897216796875e+00
3.624964999999999993e+00 2.658750534057617188e+00
3.629774999999999974e+00 2.658750534057617188e+00
3.634653999999999829e+00 2.653575897216796875e+00
3.639477999999999991e+00 2.658750534057617188e+00
3.644308999999999799e+00 2.658750534057617188e+00
3.649124000000000034e+00 2.658750534057617188e+00
3.654025999999999996e+00 2.658750534057617188e+00
3.658859999999999779e+00 2.663925170898437500e+00
3.663658999999999999e+00 2.663925170898437500e+00
3.672156000000000198e+00 2.663925170898437500e+00
3.677115999999999829e+00 2.658750534057617188e+00
3.682011999999999841e+00 2.658750534057617188e+00
3.686846000000000068e+00 2.663925170898437500e+00
3.691723999999999783e+00 2.669099807739257812e+00
3.695180000000000131e+00 2.669099807739257812e+00
3.700039999999999996e+00 2.658750534057617188e+00
3.703606999999999871e+00 2.658750534057617188e+00
3.708469000000000015e+00 2.658750534057617188e+00
3.713328999999999880e+00 2.658750534057617188e+00
3.718201999999999785e+00 2.658750534057617188e+00
3.723046000000000078e+00 2.658750534057617188e+00
3.727838999999999903e+00 2.653575897216796875e+00
3.732704000000000022e+00 2.653575897216796875e+00
3.737487999999999921e+00 2.653575897216796875e+00
3.742361999999999966e+00 2.653575897216796875e+00
3.747202000000000144e+00 2.658750534057617188e+00
3.752117999999999842e+00 2.658750534057617188e+00
3.756962999999999830e+00 2.663925170898437500e+00
3.761861000000000121e+00 2.658750534057617188e+00
3.766713999999999896e+00 2.663925170898437500e+00
3.770179000000000169e+00 2.663925170898437500e+00
3.775056999999999885e+00 2.663925170898437500e+00
3.783431000000000211e+00 2.663925170898437500e+00
3.788670000000000204e+00 2.663925170898437500e+00
3.793550000000000200e+00 2.663925170898437500e+00
3.798418999999999990e+00 2.658750534057617188e+00
3.803310000000000191e+00 2.658750534057617188e+00
3.806772000000000045e+00 2.653575897216796875e+00
3.811700000000000088e+00 2.658750534057617188e+00
3.815189999999999859e+00 2.653575897216796875e+00
3.820095999999999936e+00 2.653575897216796875e+00
3.825039999999999996e+00 2.653575897216796875e+00
3.829887999999999959e+00 2.653575897216796875e+00
3.834823999999999788e+00 2.653575897216796875e+00
3.839691999999999883e+00 2.648401260375976562e+00
3.843379000000000101e+00 2.653575897216796875e+00
3.848266999999999882e+00 2.658750534057617188e+00
3.851815999999999907e+00 2.658750534057617188e+00
3.856713000000000058e+00 2.663925170898437500e+00
3.861685000000000034e+00 2.663925170898437500e+00
3.865222999999999853e+00 2.663925170898437500e+00
3.870112999999999914e+00 2.663925170898437500e+00
3.875061000000000089e+00 2.663925170898437500e+00
3.879928000000000043e+00 2.669099807739257812e+00
3.884873999999999938e+00 2.663925170898437500e+00
3.889737999999999918e+00 2.663925170898437500e+00
3.898261000000000198e+00 2.663925170898437500e+00
3.903378000000000014e+00 2.653575897216796875e+00
3.908287000000000067e+00 2.648401260375976562e+00
3.911772000000000027e+00 2.653575897216796875e+00
3.916682000000000219e+00 2.653575897216796875e+00
3.921781999999999879e+00 2.653575897216796875e+00
3.926717000000000013e+00 2.653575897216796875e+00
3.931710999999999956e+00 2.653575897216796875e+00
3.936656999999999851e+00 2.653575897216796875e+00
3.941650999999999794e+00 2.653575897216796875e+00
3.946578000000000142e+00 2.658750534057617188e+00
3.951563000000000159e+00 2.663925170898437500e+00
3.956504999999999939e+00 2.669099807739257812e+00
3.961444000000000187e+00 2.663925170898437500e+00
3.966492999999999824e+00 2.663925170898437500e+00
3.971438000000000024e+00 2.663925170898437500e+00
3.974991999999999859e+00 2.663925170898437500e+00
3.979941000000000173e+00 2.663925170898437500e+00
3.983573999999999948e+00 2.658750534057617188e+00
3.988499000000000017e+00 2.663925170898437500e+00
3.993468000000000018e+00 2.658750534057617188e+00
3.997018000000000182e+00 2.653575897216796875e+00
4.002028000000000141e+00 2.653575897216796875e+00
4.006943999999999839e+00 2.653575897216796875e+00
4.015424999999999578e+00 2.653575897216796875e+00
4.020550000000000068e+00 2.648401260375976562e+00
4.025936999999999877e+00 2.653575897216796875e+00
4.030890999999999558e+00 2.653575897216796875e+00
4.035984000000000016e+00 2.653575897216796875e+00
4.040957999999999828e+00 2.658750534057617188e+00
4.046050000000000146e+00 2.658750534057617188e+00
4.051000000000000156e+00 2.663925170898437500e+00
4.056096000000000146e+00 2.663925170898437500e+00
4.061060999999999588e+00 2.658750534057617188e+00
4.066213000000000299e+00 2.658750534057617188e+00
4.077295999999999587e+00 2.658750534057617188e+00
4.084272000000000347e+00 2.658750534057617188e+00
4.092811000000000199e+00 2.658750534057617188e+00
4.098146999999999984e+00 2.653575897216796875e+00
4.103183999999999720e+00 2.653575897216796875e+00
4.108202999999999605e+00 2.653575897216796875e+00
4.113217999999999819e+00 2.653575897216796875e+00
4.118189000000000100e+00 2.653575897216796875e+00
4.121807000000000443e+00 2.653575897216796875e+00
4.130518000000000356e+00 2.648401260375976562e+00
4.136007000000000211e+00 2.653575897216796875e+00
4.141016999999999726e+00 2.653575897216796875e+00
4.146132999999999846e+00 2.658750534057617188e+00
4.151113999999999749e+00 2.658750534057617188e+00
4.156227999999999589e+00 2.658750534057617188e+00
4.161232000000000042e+00 2.658750534057617188e+00
4.166333999999999982e+00 2.658750534057617188e+00
4.171354000000000006e+00 2.658750534057617188e+00
4.174984000000000250e+00 2.653575897216796875e+00
4.178577999999999903e+00 2.658750534057617188e+00
4.183616999999999919e+00 2.658750534057617188e+00
4.187203000000000230e+00 2.658750534057617188e+00
4.190799000000000163e+00 2.658750534057617188e+00
4.195927000000000184e+00 2.663925170898437500e+00
4.200999000000000372e+00 2.653575897216796875e+00
4.206138000000000154e+00 2.653575897216796875e+00
4.211185000000000400e+00 2.658750534057617188e+00
4.216295999999999822e+00 2.653575897216796875e+00
4.221340999999999788e+00 2.653575897216796875e+00
4.226455999999999769e+00 2.653575897216796875e+00
4.231596999999999831e+00 2.653575897216796875e+00
4.235186999999999813e+00 2.653575897216796875e+00
4.243864000000000303e+00 2.648401260375976562e+00
4.249278999999999584e+00 2.653575897216796875e+00
4.254400000000000404e+00 2.658750534057617188e+00
4.259408999999999779e+00 2.658750534057617188e+00
4.264537999999999940e+00 2.658750534057617188e+00
4.269758000000000386e+00 2.658750534057617188e+00
4.273429000000000144e+00 2.658750534057617188e+00
4.278513000000000233e+00 2.663925170898437500e+00
4.283599999999999852e+00 2.658750534057617188e+00
4.287185000000000024e+00 2.658750534057617188e+00
4.290778999999999677e+00 2.658750534057617188e+00
4.295944000000000429e+00 2.658750534057617188e+00
4.300995000000000346e+00 2.653575897216796875e+00
4.306180999999999592e+00 2.653575897216796875e+00
4.309788000000000174e+00 2.653575897216796875e+00
4.314958999999999989e+00 2.653575897216796875e+00
4.320026999999999617e+00 2.648401260375976562e+00
4.325158000000000058e+00 2.653575897216796875e+00
4.330198000000000214e+00 2.648401260375976562e+00
4.335378000000000398e+00 2.648401260375976562e+00
4.340476999999999919e+00 2.648401260375976562e+00
4.345604999999999940e+00 2.653575897216796875e+00
4.349197000000000202e+00 2.653575897216796875e+00
4.354517000000000415e+00 2.653575897216796875e+00
4.362968000000000401e+00 2.658750534057617188e+00
4.368418000000000134e+00 2.658750534057617188e+00
4.373549999999999827e+00 2.663925170898437500e+00
4.377201000000000342e+00 2.658750534057617188e+00
4.382388999999999868e+00 2.663925170898437500e+00
4.387510999999999939e+00 2.663925170898437500e+00
4.392693000000000403e+00 2.658750534057617188e+00
4.397788000000000252e+00 2.658750534057617188e+00
4.402967000000000297e+00 2.648401260375976562e+00
4.408068000000000097e+00 2.648401260375976562e+00
4.413191000000000308e+00 2.648401260375976562e+00
4.418338000000000321e+00 2.648401260375976562e+00
4.423462999999999923e+00 2.648401260375976562e+00
4.428592000000000084e+00 2.648401260375976562e+00
4.433741000000000376e+00 2.648401260375976562e+00
4.438940999999999804e+00 2.653575897216796875e+00
4.442568999999999768e+00 2.648401260375976562e+00
4.446172999999999931e+00 2.653575897216796875e+00
4.449768999999999863e+00 2.653575897216796875e+00
4.454997999999999791e+00 2.658750534057617188e+00
4.460144999999999804e+00 2.658750534057617188e+00
4.465328000000000408e+00 2.658750534057617188e+00
4.470635999999999832e+00 2.658750534057617188e+00
4.479110999999999621e+00 2.658750534057617188e+00
4.484680000000000000e+00 2.658750534057617188e+00
4.489848000000000283e+00 2.653575897216796875e+00
4.495073999999999792e+00 2.653575897216796875e+00
4.500219999999999665e+00 2.648401260375976562e+00
4.505419999999999980e+00 2.653575897216796875e+00
4.510587000000000124e+00 2.648401260375976562e+00
4.515827999999999953e+00 2.648401260375976562e+00
4.520990000000000286e+00 2.648401260375976562e+00
4.524761999999999951e+00 2.653575897216796875e+00
4.529950999999999617e+00 2.648401260375976562e+00
4.535161999999999694e+00 2.648401260375976562e+00
4.540373999999999910e+00 2.648401260375976562e+00
4.545584999999999987e+00 2.653575897216796875e+00
4.550748999999999711e+00 2.658750534057617188e+00
4.556036999999999892e+00 2.658750534057617188e+00
4.561219000000000356e+00 2.658750534057617188e+00
4.566505000000000258e+00 2.658750534057617188e+00
4.571743999999999808e+00 2.653575897216796875e+00
4.575368000000000102e+00 2.658750534057617188e+00
4.580588999999999800e+00 2.653575897216796875e+00
4.585841000000000278e+00 2.653575897216796875e+00
4.594592999999999705e+00 2.653575897216796875e+00
4.600124000000000102e+00 2.648401260375976562e+00
4.605375000000000441e+00 2.648401260375976562e+00
4.610579999999999679e+00 2.648401260375976562e+00
4.615827999999999598e+00 2.653575897216796875e+00
4.621032999999999724e+00 2.648401260375976562e+00
4.626369999999999649e+00 2.648401260375976562e+00
4.631647000000000070e+00 2.653575897216796875e+00
4.635379000000000360e+00 2.648401260375976562e+00
4.640664000000000122e+00 2.653575897216796875e+00
4.645973999999999826e+00 2.648401260375976562e+00
4.651190999999999853e+00 2.653575897216796875e+00
4.656462000000000323e+00 2.653575897216796875e+00
4.660162999999999833e+00 2.653575897216796875e+00
4.665460000000000385e+00 2.653575897216796875e+00
4.670672999999999853e+00 2.653575897216796875e+00
4.676021999999999679e+00 2.653575897216796875e+00
4.681246999999999936e+00 2.653575897216796875e+00
4.686563999999999730e+00 2.648401260375976562e+00
4.691883999999999943e+00 2.653575897216796875e+00
4.697122000000000241e+00 2.653575897216796875e+00
4.700785999999999909e+00 2.648401260375976562e+00
4.706260000000000332e+00 2.653575897216796875e+00
4.714885999999999910e+00 2.653575897216796875e+00
4.720486000000000182e+00 2.648401260375976562e+00
4.725869999999999571e+00 2.653575897216796875e+00
4.731150000000000411e+00 2.653575897216796875e+00
4.734962000000000337e+00 2.648401260375976562e+00
4.740307999999999744e+00 2.648401260375976562e+00
4.745642000000000138e+00 2.643226623535156250e+00
4.750931999999999711e+00 2.648401260375976562e+00
4.754766000000000048e+00 2.653575897216796875e+00
4.760062999999999711e+00 2.653575897216796875e+00
4.763816000000000273e+00 2.653575897216796875e+00
4.769069000000000003e+00 2.653575897216796875e+00
4.774458000000000091e+00 2.653575897216796875e+00
4.779752000000000223e+00 2.653575897216796875e+00
4.785090000000000288e+00 2.658750534057617188e+00
4.790377000000000329e+00 2.658750534057617188e+00
4.794158000000000364e+00 2.653575897216796875e+00
4.799453999999999887e+00 2.653575897216796875e+00
4.804827000000000403e+00 2.648401260375976562e+00
4.810153999999999819e+00 2.653575897216796875e+00
4.815526000000000195e+00 2.648401260375976562e+00
4.820837000000000039e+00 2.648401260375976562e+00
4.826374999999999638e+00 2.648401260375976562e+00
4.835093999999999781e+00 2.648401260375976562e+00
4.840837999999999752e+00 2.643226623535156250e+00
4.846277999999999864e+00 2.643226623535156250e+00
4.849976999999999983e+00 2.648401260375976562e+00
4.855364999999999931e+00 2.653575897216796875e+00
4.860675999999999775e+00 2.653575897216796875e+00
4.866111000000000075e+00 2.653575897216796875e+00
4.871425999999999590e+00 2.653575897216796875e+00
4.875191000000000052e+00 2.653575897216796875e+00
4.880487999999999715e+00 2.658750534057617188e+00
4.885893000000000264e+00 2.653575897216796875e+00
4.889517999999999809e+00 2.653575897216796875e+00
4.894885999999999626e+00 2.653575897216796875e+00
4.900224999999999831e+00 2.648401260375976562e+00
4.904002000000000194e+00 2.658750534057617188e+00
4.907753999999999728e+00 4.190430641174316406e+00
4.913060999999999900e+00 4.790682792663574219e+00
4.916798000000000002e+00 4.785508155822753906e+00
4.922147999999999968e+00 4.790682792663574219e+00
4.927491999999999983e+00 4.790682792663574219e+00
4.932922999999999725e+00 4.790682792663574219e+00
4.938266999999999740e+00 4.790682792663574219e+00
4.943662999999999919e+00 4.790682792663574219e+00
4.952562999999999604e+00 4.801032066345214844e+00
4.958057000000000158e+00 4.801032066345214844e+00
4.963464000000000098e+00 4.801032066345214844e+00
4.968995999999999746e+00 4.801032066345214844e+00
4.972787000000000290e+00 4.801032066345214844e+00
4.978144999999999598e+00 4.801032066345214844e+00
4.983502999999999794e+00 4.801032066345214844e+00
4.988864000000000409e+00 4.801032066345214844e+00
4.994315000000000282e+00 4.795857429504394531e+00
4.999674999999999869e+00 4.795857429504394531e+00
5.005100999999999800e+00 4.790682792663574219e+00
5.010474000000000316e+00 4.790682792663574219e+00
5.015920999999999630e+00 4.790682792663574219e+00
5.021274000000000015e+00 4.790682792663574219e+00
5.026683000000000234e+00 4.790682792663574219e+00
5.032110000000000305e+00 4.795857429504394531e+00
5.037504000000000204e+00 4.790682792663574219e+00
5.043099999999999916e+00 4.790682792663574219e+00
5.048491000000000284e+00 4.801032066345214844e+00
5.053869999999999862e+00 4.801032066345214844e+00
5.059262999999999622e+00 4.801032066345214844e+00
5.068872999999999962e+00 4.801032066345214844e+00
5.083465999999999596e+00 4.795857429504394531e+00
5.095100000000000406e+00 4.801032066345214844e+00
5.103470999999999869e+00 4.790682792663574219e+00
5.109515000000000029e+00 4.790682792663574219e+00
5.114976000000000411e+00 4.795857429504394531e+00
5.120345000000000368e+00 4.795857429504394531e+00
5.125784000000000340e+00 4.790682792663574219e+00
5.131187999999999860e+00 4.795857429504394531e+00
5.136670999999999765e+00 4.795857429504394531e+00
5.142157000000000089e+00 4.795857429504394531e+00
5.147749000000000130e+00 4.801032066345214844e+00
5.153190999999999633e+00 4.801032066345214844e+00
5.158604999999999663e+00 4.795857429504394531e+00
5.164030000000000342e+00 4.795857429504394531e+00
5.167792000000000385e+00 4.801032066345214844e+00
5.173206000000000415e+00 4.801032066345214844e+00
5.182497999999999827e+00 4.795857429504394531e+00
5.188263000000000069e+00 4.795857429504394531e+00
5.193726999999999983e+00 4.795857429504394531e+00
5.199160000000000004e+00 4.795857429504394531e+00
5.204616999999999827e+00 4.790682792663574219e+00
5.210049999999999848e+00 4.795857429504394531e+00
5.215580000000000105e+00 4.795857429504394531e+00
5.219362000000000279e+00 4.795857429504394531e+00
5.224896000000000207e+00 4.795857429504394531e+00
5.230354000000000170e+00 4.795857429504394531e+00
5.234189999999999898e+00 4.795857429504394531e+00
5.239639999999999631e+00 4.795857429504394531e+00
5.245149999999999757e+00 4.785508155822753906e+00
5.250563999999999787e+00 4.795857429504394531e+00
