1.420999999999999954e-03 3.139987945556640625e+00
4.856000000000000073e-03 3.139987945556640625e+00
8.319999999999999271e-03 3.145162582397460938e+00
1.176899999999999995e-02 3.139987945556640625e+00
1.523200000000000075e-02 3.145162582397460938e+00
1.882899999999999852e-02 3.145162582397460938e+00
2.212799999999999837e-02 3.145162582397460938e+00
2.557200000000000098e-02 3.139987945556640625e+00
2.903899999999999884e-02 3.139987945556640625e+00
3.263100000000000028e-02 3.139987945556640625e+00
3.623900000000000038e-02 3.139987945556640625e+00
3.984599999999999947e-02 3.139987945556640625e+00
4.711100000000000010e-02 3.139987945556640625e+00
5.072399999999999826e-02 3.139987945556640625e+00
5.417299999999999893e-02 3.139987945556640625e+00
5.767599999999999810e-02 3.139987945556640625e+00
6.122999999999999970e-02 3.139987945556640625e+00
6.449799999999999978e-02 3.134813308715820312e+00
6.796900000000000164e-02 3.134813308715820312e+00
7.142999999999999350e-02 3.139987945556640625e+00
7.490499999999999936e-02 3.150337219238281250e+00
7.837299999999999822e-02 3.145162582397460938e+00
8.179899999999999671e-02 3.145162582397460938e+00
8.509099999999999997e-02 3.150337219238281250e+00
8.854099999999999471e-02 3.145162582397460938e+00
9.199999999999999845e-02 3.150337219238281250e+00
9.545299999999999618e-02 3.150337219238281250e+00
9.890999999999999792e-02 3.150337219238281250e+00
1.023629999999999957e-01 3.145162582397460938e+00
1.057980000000000032e-01 3.150337219238281250e+00
1.092540000000000039e-01 3.145162582397460938e+00
1.126989999999999936e-01 3.150337219238281250e+00
1.161439999999999972e-01 3.150337219238281250e+00
1.195950000000000069e-01 3.150337219238281250e+00
1.232199999999999962e-01 3.139987945556640625e+00
1.264959999999999973e-01 3.139987945556640625e+00
1.299559999999999882e-01 3.139987945556640625e+00
1.335449999999999970e-01 3.139987945556640625e+00
1.370129999999999959e-01 3.139987945556640625e+00
1.404600000000000015e-01 3.139987945556640625e+00
1.438929999999999931e-01 3.139987945556640625e+00
1.473409999999999997e-01 3.134813308715820312e+00
1.508039999999999936e-01 3.134813308715820312e+00
1.581579999999999930e-01 3.134813308715820312e+00
1.616549999999999931e-01 3.129638671875000000e+00
1.651179999999999870e-01 3.134813308715820312e+00
1.685669999999999946e-01 3.139987945556640625e+00
1.718949999999999922e-01 3.145162582397460938e+00
1.753389999999999949e-01 3.145162582397460938e+00
1.787900000000000045e-01 3.145162582397460938e+00
1.822650000000000103e-01 3.145162582397460938e+00
1.856929999999999970e-01 3.145162582397460938e+00
1.891619999999999968e-01 3.150337219238281250e+00
1.925870000000000082e-01 3.150337219238281250e+00
1.960429999999999950e-01 3.150337219238281250e+00
1.994910000000000017e-01 3.150337219238281250e+00
2.029630000000000045e-01 3.150337219238281250e+00
2.064030000000000031e-01 3.155511856079101562e+00
2.098500000000000087e-01 3.150337219238281250e+00
2.136280000000000123e-01 3.150337219238281250e+00
2.169000000000000095e-01 3.150337219238281250e+00
2.203509999999999913e-01 3.145162582397460938e+00
2.241960000000000064e-01 3.139987945556640625e+00
2.277079999999999937e-01 3.139987945556640625e+00
2.311779999999999946e-01 3.139987945556640625e+00
2.346020000000000050e-01 3.134813308715820312e+00
2.379090000000000094e-01 3.134813308715820312e+00
2.415100000000000025e-01 3.134813308715820312e+00
2.449659999999999893e-01 3.134813308715820312e+00
2.485600000000000032e-01 3.134813308715820312e+00
2.520160000000000178e-01 3.134813308715820312e+00
2.553119999999999834e-01 3.139987945556640625e+00
2.587570000000000148e-01 3.134813308715820312e+00
2.622090000000000254e-01 3.134813308715820312e+00
2.654880000000000018e-01 3.134813308715820312e+00
2.728189999999999782e-01 3.150337219238281250e+00
2.764289999999999803e-01 3.150337219238281250e+00
2.800369999999999804e-01 3.150337219238281250e+00
2.836589999999999945e-01 3.150337219238281250e+00
2.870889999999999831e-01 3.150337219238281250e+00
2.906440000000000135e-01 3.150337219238281250e+00
2.941380000000000106e-01 3.150337219238281250e+00
2.975829999999999864e-01 3.150337219238281250e+00
3.010450000000000070e-01 3.145162582397460938e+00
3.046459999999999724e-01 3.150337219238281250e+00
3.080910000000000037e-01 3.155511856079101562e+00
3.115399999999999836e-01 3.150337219238281250e+00
3.149870000000000170e-01 3.150337219238281250e+00
3.184449999999999781e-01 3.145162582397460938e+00
3.217439999999999745e-01 3.139987945556640625e+00
3.251859999999999751e-01 3.134813308715820312e+00
3.286390000000000144e-01 3.134813308715820312e+00
3.320899999999999963e-01 3.134813308715820312e+00
3.355429999999999802e-01 3.134813308715820312e+00
3.389869999999999828e-01 3.134813308715820312e+00
3.422789999999999999e-01 3.134813308715820312e+00
3.457299999999999818e-01 3.134813308715820312e+00
3.491819999999999924e-01 3.134813308715820312e+00
3.526360000000000050e-01 3.134813308715820312e+00
3.560860000000000136e-01 3.139987945556640625e+00
3.595309999999999895e-01 3.139987945556640625e+00
3.631809999999999761e-01 3.139987945556640625e+00
3.666229999999999767e-01 3.139987945556640625e+00
3.699149999999999938e-01 3.139987945556640625e+00
3.733679999999999777e-01 3.150337219238281250e+00
3.768190000000000150e-01 3.150337219238281250e+00
3.840230000000000032e-01 3.150337219238281250e+00
3.875419999999999976e-01 3.150337219238281250e+00
3.910159999999999747e-01 3.150337219238281250e+00
3.942979999999999818e-01 3.150337219238281250e+00
3.977439999999999864e-01 3.145162582397460938e+00
4.012000000000000011e-01 3.150337219238281250e+00
4.044949999999999934e-01 3.145162582397460938e+00
4.079400000000000248e-01 3.145162582397460938e+00
4.113970000000000127e-01 3.145162582397460938e+00
4.151290000000000258e-01 3.145162582397460938e+00
4.184289999999999954e-01 3.145162582397460938e+00
4.218879999999999852e-01 3.139987945556640625e+00
4.253339999999999899e-01 3.139987945556640625e+00
4.287869999999999737e-01 3.134813308715820312e+00
4.320729999999999849e-01 3.139987945556640625e+00
4.355260000000000242e-01 3.134813308715820312e+00
4.389739999999999753e-01 3.139987945556640625e+00
4.424359999999999959e-01 3.139987945556640625e+00
4.460410000000000208e-01 3.139987945556640625e+00
4.494819999999999927e-01 3.145162582397460938e+00
4.529299999999999993e-01 3.139987945556640625e+00
4.563809999999999811e-01 3.139987945556640625e+00
4.597100000000000075e-01 3.139987945556640625e+00
4.633200000000000096e-01 3.139987945556640625e+00
4.667649999999999855e-01 3.139987945556640625e+00
4.702160000000000228e-01 3.145162582397460938e+00
4.738280000000000269e-01 3.150337219238281250e+00
4.771199999999999886e-01 3.150337219238281250e+00
4.805740000000000012e-01 3.150337219238281250e+00
4.840220000000000078e-01 3.145162582397460938e+00
4.873149999999999982e-01 3.145162582397460938e+00
4.908080000000000220e-01 3.150337219238281250e+00
4.969689999999999941e-01 3.145162582397460938e+00
5.004389999999999672e-01 3.145162582397460938e+00
5.040379999999999860e-01 3.145162582397460938e+00
5.074790000000000134e-01 3.150337219238281250e+00
5.109280000000000488e-01 3.145162582397460938e+00
5.143839999999999524e-01 3.145162582397460938e+00
5.179770000000000207e-01 3.145162582397460938e+00
5.214450000000000474e-01 3.139987945556640625e+00
5.248840000000000172e-01 3.139987945556640625e+00
5.283290000000000486e-01 3.139987945556640625e+00
5.317800000000000304e-01 3.139987945556640625e+00
5.352390000000000203e-01 3.139987945556640625e+00
5.386849999999999694e-01 3.139987945556640625e+00
5.421409999999999840e-01 3.139987945556640625e+00
5.455849999999999866e-01 3.139987945556640625e+00
5.490369999999999973e-01 3.139987945556640625e+00
5.525179999999999536e-01 3.139987945556640625e+00
5.559730000000000505e-01 3.139987945556640625e+00
5.594519999999999493e-01 3.139987945556640625e+00
5.630380000000000384e-01 3.134813308715820312e+00
5.664759999999999796e-01 3.139987945556640625e+00
5.699269999999999614e-01 3.139987945556640625e+00
5.733850000000000335e-01 3.145162582397460938e+00
5.768349999999999866e-01 3.145162582397460938e+00
5.801309999999999523e-01 3.145162582397460938e+00
5.835909999999999709e-01 3.145162582397460938e+00
5.868820000000000148e-01 3.145162582397460938e+00
5.903279999999999639e-01 3.145162582397460938e+00
5.937780000000000280e-01 3.145162582397460938e+00
5.972349999999999604e-01 3.145162582397460938e+00
6.043770000000000531e-01 3.139987945556640625e+00
6.078189999999999982e-01 3.150337219238281250e+00
6.112790000000000168e-01 3.150337219238281250e+00
6.147139999999999826e-01 3.150337219238281250e+00
6.183130000000000015e-01 3.150337219238281250e+00
6.217740000000000489e-01 3.145162582397460938e+00
6.252229999999999732e-01 3.145162582397460938e+00
6.285190000000000499e-01 3.139987945556640625e+00
6.319770000000000110e-01 3.139987945556640625e+00
6.354239999999999888e-01 3.139987945556640625e+00
6.387180000000000080e-01 3.139987945556640625e+00
6.421700000000000186e-01 3.145162582397460938e+00
6.456229999999999469e-01 3.139987945556640625e+00
6.489580000000000348e-01 3.139987945556640625e+00
6.524130000000000207e-01 3.134813308715820312e+00
6.557020000000000071e-01 3.134813308715820312e+00
6.591569999999999929e-01 3.134813308715820312e+00
6.626049999999999995e-01 3.134813308715820312e+00
6.659049999999999692e-01 3.134813308715820312e+00
6.693480000000000540e-01 3.134813308715820312e+00
6.728030000000000399e-01 3.145162582397460938e+00
6.760939999999999728e-01 3.145162582397460938e+00
6.795390000000000041e-01 3.145162582397460938e+00
6.829950000000000188e-01 3.145162582397460938e+00
6.862930000000000419e-01 3.145162582397460938e+00
6.897370000000000445e-01 3.150337219238281250e+00
6.933399999999999563e-01 3.150337219238281250e+00
6.967940000000000245e-01 3.150337219238281250e+00
7.000849999999999573e-01 3.150337219238281250e+00
7.035329999999999639e-01 3.150337219238281250e+00
7.072490000000000165e-01 3.150337219238281250e+00
7.133439999999999781e-01 3.150337219238281250e+00
7.167989999999999640e-01 3.150337219238281250e+00
7.202290000000000081e-01 3.145162582397460938e+00
7.236920000000000019e-01 3.145162582397460938e+00
7.271379999999999511e-01 3.145162582397460938e+00
7.362079999999999735e-01 3.134813308715820312e+00
7.495429999999999593e-01 3.134813308715820312e+00
7.597190000000000332e-01 3.134813308715820312e+00
7.689399999999999569e-01 3.129638671875000000e+00
7.800629999999999509e-01 3.150337219238281250e+00
7.840190000000000214e-01 3.145162582397460938e+00
7.876119999999999788e-01 3.145162582397460938e+00
7.909169999999999812e-01 3.150337219238281250e+00
7.943540000000000045e-01 3.150337219238281250e+00
7.978119999999999656e-01 3.150337219238281250e+00
8.012669999999999515e-01 3.155511856079101562e+00
8.047069999999999501e-01 3.150337219238281250e+00
8.081559999999999855e-01 3.150337219238281250e+00
8.117670000000000163e-01 3.150337219238281250e+00
8.152199999999999447e-01 3.150337219238281250e+00
8.189410000000000300e-01 3.145162582397460938e+00
8.253200000000000536e-01 3.134813308715820312e+00
8.287750000000000394e-01 3.129638671875000000e+00
8.322319999999999718e-01 3.129638671875000000e+00
8.358389999999999986e-01 3.134813308715820312e+00
8.393190000000000373e-01 3.134813308715820312e+00
8.429269999999999818e-01 3.134813308715820312e+00
8.463720000000000132e-01 3.134813308715820312e+00
8.498259999999999703e-01 3.134813308715820312e+00
8.534429999999999517e-01 3.134813308715820312e+00
8.568789999999999463e-01 3.134813308715820312e+00
8.603300000000000392e-01 3.139987945556640625e+00
8.637880000000000003e-01 3.139987945556640625e+00
8.672320000000000029e-01 3.139987945556640625e+00
8.706810000000000382e-01 3.150337219238281250e+00
8.741299999999999626e-01 3.150337219238281250e+00
8.775830000000000020e-01 3.150337219238281250e+00
8.810559999999999503e-01 3.150337219238281250e+00
8.844819999999999904e-01 3.150337219238281250e+00
8.879289999999999683e-01 3.150337219238281250e+00
8.913820000000000077e-01 3.150337219238281250e+00
8.948359999999999648e-01 3.155511856079101562e+00
8.982740000000000169e-01 3.150337219238281250e+00
9.017199999999999660e-01 3.150337219238281250e+00
9.051759999999999806e-01 3.150337219238281250e+00
9.086330000000000240e-01 3.145162582397460938e+00
9.122369999999999646e-01 3.145162582397460938e+00
9.155339999999999590e-01 3.145162582397460938e+00
9.190150000000000263e-01 3.145162582397460938e+00
9.226109999999999589e-01 3.134813308715820312e+00
9.258990000000000276e-01 3.134813308715820312e+00
9.293529999999999847e-01 3.134813308715820312e+00
9.361129999999999729e-01 3.134813308715820312e+00
9.394869999999999610e-01 3.134813308715820312e+00
9.429650000000000531e-01 3.139987945556640625e+00
9.464089999999999447e-01 3.139987945556640625e+00
9.497020000000000461e-01 3.139987945556640625e+00
9.533059999999999867e-01 3.139987945556640625e+00
9.567499999999999893e-01 3.139987945556640625e+00
9.602049999999999752e-01 3.145162582397460938e+00
9.638200000000000101e-01 3.139987945556640625e+00
9.671089999999999964e-01 3.145162582397460938e+00
9.705660000000000398e-01 3.145162582397460938e+00
9.740130000000000177e-01 3.150337219238281250e+00
9.773060000000000080e-01 3.150337219238281250e+00
9.807690000000000019e-01 3.150337219238281250e+00
9.842109999999999470e-01 3.145162582397460938e+00
9.875110000000000277e-01 3.145162582397460938e+00
9.909639999999999560e-01 3.145162582397460938e+00
9.944119999999999626e-01 3.145162582397460938e+00
9.977110000000000145e-01 3.145162582397460938e+00
1.001155999999999935e+00 3.145162582397460938e+00
1.005705000000000071e+00 3.145162582397460938e+00
1.009592999999999963e+00 3.145162582397460938e+00
1.013619000000000048e+00 3.145162582397460938e+00
1.017497000000000096e+00 3.145162582397460938e+00
1.021630999999999956e+00 3.139987945556640625e+00
1.025511000000000061e+00 3.134813308715820312e+00
1.029389000000000109e+00 3.139987945556640625e+00
1.033328000000000024e+00 3.139987945556640625e+00
1.037190000000000056e+00 3.139987945556640625e+00
1.041131999999999946e+00 3.139987945556640625e+00
1.048507999999999996e+00 3.139987945556640625e+00
1.052843999999999891e+00 3.134813308715820312e+00
1.056745999999999963e+00 3.139987945556640625e+00
1.060721999999999943e+00 3.139987945556640625e+00
1.064632999999999940e+00 3.139987945556640625e+00
1.068542000000000103e+00 3.134813308715820312e+00
1.072510999999999992e+00 3.145162582397460938e+00
1.076421999999999990e+00 3.145162582397460938e+00
1.080438000000000009e+00 3.145162582397460938e+00
1.084443000000000046e+00 3.145162582397460938e+00
1.088362999999999969e+00 3.145162582397460938e+00
1.092384999999999939e+00 3.145162582397460938e+00
1.096316999999999986e+00 3.145162582397460938e+00
1.100225000000000009e+00 3.145162582397460938e+00
1.104216000000000086e+00 3.145162582397460938e+00
1.108835000000000015e+00 3.145162582397460938e+00
1.112918000000000074e+00 3.150337219238281250e+00
1.116856000000000071e+00 3.150337219238281250e+00
1.121018999999999988e+00 3.145162582397460938e+00
1.124964000000000075e+00 3.139987945556640625e+00
1.128937000000000079e+00 3.139987945556640625e+00
1.132978000000000041e+00 3.139987945556640625e+00
1.136935000000000029e+00 3.139987945556640625e+00
1.140970999999999957e+00 3.139987945556640625e+00
1.144914999999999905e+00 3.139987945556640625e+00
1.148868999999999918e+00 3.139987945556640625e+00
1.152876000000000012e+00 3.134813308715820312e+00
1.156843999999999983e+00 3.134813308715820312e+00
1.164471999999999952e+00 3.134813308715820312e+00
1.168828999999999896e+00 3.134813308715820312e+00
1.172917999999999905e+00 3.139987945556640625e+00
1.176895999999999942e+00 3.145162582397460938e+00
1.180973999999999968e+00 3.145162582397460938e+00
1.184936999999999907e+00 3.139987945556640625e+00
1.188911999999999969e+00 3.145162582397460938e+00
1.192967000000000111e+00 3.145162582397460938e+00
1.196963999999999917e+00 3.145162582397460938e+00
1.201035999999999992e+00 3.145162582397460938e+00
1.205022999999999955e+00 3.150337219238281250e+00
1.208990999999999927e+00 3.150337219238281250e+00
1.213035000000000085e+00 3.145162582397460938e+00
1.217090999999999923e+00 3.150337219238281250e+00
1.221313000000000093e+00 3.145162582397460938e+00
1.225319000000000047e+00 3.145162582397460938e+00
1.229360999999999926e+00 3.139987945556640625e+00
1.233433000000000002e+00 3.139987945556640625e+00
1.237438000000000038e+00 3.134813308715820312e+00
1.241468000000000016e+00 3.134813308715820312e+00
1.245476000000000028e+00 3.134813308715820312e+00
1.249492000000000047e+00 3.134813308715820312e+00
1.253627000000000047e+00 3.134813308715820312e+00
1.257627999999999968e+00 3.134813308715820312e+00
1.261649999999999938e+00 3.134813308715820312e+00
1.265765000000000029e+00 3.134813308715820312e+00
1.269770999999999983e+00 3.134813308715820312e+00
1.277694000000000107e+00 3.145162582397460938e+00
1.281940000000000079e+00 3.150337219238281250e+00
1.285983000000000098e+00 3.145162582397460938e+00
1.290030000000000010e+00 3.150337219238281250e+00
1.294165000000000010e+00 3.150337219238281250e+00
1.298251000000000044e+00 3.150337219238281250e+00
1.302329000000000070e+00 3.150337219238281250e+00
1.306378000000000039e+00 3.145162582397460938e+00
1.310478000000000032e+00 3.150337219238281250e+00
1.314592999999999900e+00 3.150337219238281250e+00
1.318651000000000018e+00 3.150337219238281250e+00
1.323110999999999926e+00 3.134813308715820312e+00
1.327191000000000010e+00 3.134813308715820312e+00
1.331356999999999902e+00 3.134813308715820312e+00
1.335439000000000043e+00 3.134813308715820312e+00
1.339495000000000102e+00 3.134813308715820312e+00
1.343658999999999937e+00 3.134813308715820312e+00
1.347723000000000004e+00 3.134813308715820312e+00
1.351842999999999906e+00 3.134813308715820312e+00
1.355928999999999940e+00 3.129638671875000000e+00
1.360004999999999908e+00 3.134813308715820312e+00
1.364195000000000046e+00 3.139987945556640625e+00
1.368282999999999916e+00 3.139987945556640625e+00
1.372427000000000064e+00 3.145162582397460938e+00
1.376505000000000090e+00 3.150337219238281250e+00
1.380654999999999966e+00 3.150337219238281250e+00
1.384849999999999914e+00 3.150337219238281250e+00
1.392676999999999943e+00 3.150337219238281250e+00
1.397021999999999986e+00 3.150337219238281250e+00
1.401215000000000099e+00 3.150337219238281250e+00
1.405321999999999960e+00 3.145162582397460938e+00
1.409407000000000076e+00 3.150337219238281250e+00
1.413628000000000107e+00 3.145162582397460938e+00
1.417740999999999918e+00 3.139987945556640625e+00
1.421931000000000056e+00 3.134813308715820312e+00
1.426255000000000051e+00 3.134813308715820312e+00
1.430487999999999982e+00 3.134813308715820312e+00
1.434636000000000022e+00 3.134813308715820312e+00
1.438744999999999941e+00 3.129638671875000000e+00
1.442952000000000012e+00 3.134813308715820312e+00
1.447121000000000102e+00 3.134813308715820312e+00
1.451319000000000026e+00 3.139987945556640625e+00
1.455443999999999960e+00 3.134813308715820312e+00
1.459578000000000042e+00 3.139987945556640625e+00
1.463886000000000021e+00 3.139987945556640625e+00
1.468029999999999946e+00 3.139987945556640625e+00
1.472391000000000005e+00 3.150337219238281250e+00
1.476742999999999917e+00 3.150337219238281250e+00
1.481098999999999943e+00 3.150337219238281250e+00
1.485279999999999934e+00 3.150337219238281250e+00
1.489446999999999965e+00 3.145162582397460938e+00
1.493676999999999921e+00 3.145162582397460938e+00
1.498261999999999983e+00 3.145162582397460938e+00
1.510218000000000060e+00 3.145162582397460938e+00
1.514483999999999941e+00 3.145162582397460938e+00
1.518675999999999915e+00 3.150337219238281250e+00
1.522963999999999984e+00 3.134813308715820312e+00
1.527385999999999910e+00 3.134813308715820312e+00
1.531605000000000105e+00 3.134813308715820312e+00
1.535792999999999964e+00 3.139987945556640625e+00
1.539994000000000085e+00 3.139987945556640625e+00
1.544316000000000022e+00 3.139987945556640625e+00
1.548505000000000020e+00 3.139987945556640625e+00
1.552762999999999893e+00 3.139987945556640625e+00
1.556942999999999966e+00 3.134813308715820312e+00
1.561269000000000018e+00 3.139987945556640625e+00
1.565695999999999977e+00 3.134813308715820312e+00
1.569393000000000038e+00 3.139987945556640625e+00
1.573104000000000058e+00 3.145162582397460938e+00
1.576777000000000095e+00 3.145162582397460938e+00
1.580395999999999912e+00 3.145162582397460938e+00
1.583998999999999935e+00 3.150337219238281250e+00
1.587571000000000065e+00 3.145162582397460938e+00
1.591164000000000023e+00 3.150337219238281250e+00
1.594745000000000079e+00 3.145162582397460938e+00
1.598330999999999946e+00 3.150337219238281250e+00
1.601936999999999944e+00 3.145162582397460938e+00
1.605529999999999902e+00 3.145162582397460938e+00
1.609121999999999941e+00 3.150337219238281250e+00
1.612765000000000004e+00 3.145162582397460938e+00
1.618954999999999922e+00 3.150337219238281250e+00
1.622678000000000065e+00 3.139987945556640625e+00
1.626559000000000088e+00 3.139987945556640625e+00
1.630168999999999979e+00 3.134813308715820312e+00
1.633853000000000000e+00 3.139987945556640625e+00
1.637458999999999998e+00 3.139987945556640625e+00
1.641080000000000094e+00 3.139987945556640625e+00
1.644675000000000109e+00 3.139987945556640625e+00
1.648366999999999916e+00 3.139987945556640625e+00
1.652010999999999896e+00 3.139987945556640625e+00
1.655632999999999910e+00 3.139987945556640625e+00
1.659243000000000023e+00 3.134813308715820312e+00
1.662911999999999946e+00 3.134813308715820312e+00
1.666519000000000084e+00 3.139987945556640625e+00
1.670141000000000098e+00 3.139987945556640625e+00
1.673828000000000094e+00 3.145162582397460938e+00
1.677440999999999960e+00 3.145162582397460938e+00
1.681132000000000071e+00 3.150337219238281250e+00
1.684765000000000068e+00 3.145162582397460938e+00
1.688388000000000000e+00 3.139987945556640625e+00
1.692013999999999907e+00 3.145162582397460938e+00
1.695642000000000094e+00 3.139987945556640625e+00
1.699324999999999974e+00 3.150337219238281250e+00
1.703011999999999970e+00 3.150337219238281250e+00
1.706653999999999893e+00 3.145162582397460938e+00
1.710293999999999981e+00 3.150337219238281250e+00
1.714013999999999927e+00 3.150337219238281250e+00
1.717665999999999915e+00 3.150337219238281250e+00
1.721319999999999961e+00 3.139987945556640625e+00
1.724987999999999966e+00 3.139987945556640625e+00
1.729281999999999986e+00 3.139987945556640625e+00
1.739249000000000045e+00 3.139987945556640625e+00
1.746412000000000075e+00 3.139987945556640625e+00
1.754299999999999971e+00 3.134813308715820312e+00
1.760297999999999918e+00 3.134813308715820312e+00
1.772995000000000099e+00 3.134813308715820312e+00
1.784216000000000024e+00 3.145162582397460938e+00
1.790216999999999947e+00 3.145162582397460938e+00
1.794237000000000082e+00 3.145162582397460938e+00
1.797930999999999946e+00 3.150337219238281250e+00
1.801668000000000047e+00 3.150337219238281250e+00
1.805360000000000076e+00 3.150337219238281250e+00
1.809029999999999916e+00 3.150337219238281250e+00
1.812820000000000098e+00 3.150337219238281250e+00
1.816508000000000012e+00 3.150337219238281250e+00
1.820184999999999942e+00 3.145162582397460938e+00
1.823968999999999951e+00 3.139987945556640625e+00
1.827644000000000046e+00 3.134813308715820312e+00
1.831504999999999939e+00 3.134813308715820312e+00
1.835202000000000000e+00 3.129638671875000000e+00
1.839256999999999920e+00 3.134813308715820312e+00
1.846038000000000068e+00 3.134813308715820312e+00
1.849725000000000064e+00 3.134813308715820312e+00
1.853609999999999980e+00 3.134813308715820312e+00
1.857307000000000041e+00 3.134813308715820312e+00
1.861073999999999895e+00 3.134813308715820312e+00
1.864783999999999997e+00 3.134813308715820312e+00
1.868479999999999919e+00 3.134813308715820312e+00
1.872247999999999912e+00 3.145162582397460938e+00
1.875952999999999982e+00 3.150337219238281250e+00
1.879655000000000076e+00 3.150337219238281250e+00
1.883453999999999962e+00 3.145162582397460938e+00
1.887172000000000072e+00 3.150337219238281250e+00
1.890930999999999917e+00 3.150337219238281250e+00
1.894640000000000102e+00 3.150337219238281250e+00
1.898357999999999990e+00 3.150337219238281250e+00
1.902088999999999919e+00 3.150337219238281250e+00
1.905799000000000021e+00 3.150337219238281250e+00
1.909508999999999901e+00 3.145162582397460938e+00
1.913283000000000067e+00 3.145162582397460938e+00
1.917005999999999988e+00 3.145162582397460938e+00
1.920773999999999981e+00 3.139987945556640625e+00
1.924501000000000017e+00 3.134813308715820312e+00
1.928207999999999922e+00 3.134813308715820312e+00
1.931990000000000096e+00 3.134813308715820312e+00
1.935707000000000066e+00 3.134813308715820312e+00
1.939437999999999995e+00 3.134813308715820312e+00
1.943227999999999955e+00 3.134813308715820312e+00
1.946960999999999942e+00 3.134813308715820312e+00
1.953141000000000016e+00 3.134813308715820312e+00
1.956952000000000025e+00 3.139987945556640625e+00
1.960769999999999902e+00 3.139987945556640625e+00
1.964525999999999994e+00 3.134813308715820312e+00
1.968274999999999997e+00 3.139987945556640625e+00
1.972037000000000040e+00 3.145162582397460938e+00
1.975786000000000042e+00 3.150337219238281250e+00
1.979567999999999994e+00 3.150337219238281250e+00
1.983395000000000019e+00 3.150337219238281250e+00
1.987152999999999947e+00 3.150337219238281250e+00
1.990990000000000038e+00 3.150337219238281250e+00
1.994747999999999966e+00 3.145162582397460938e+00
1.998504999999999976e+00 3.145162582397460938e+00
2.002353999999999967e+00 3.145162582397460938e+00
2.006117999999999846e+00 3.145162582397460938e+00
2.009869000000000128e+00 3.145162582397460938e+00
2.013738000000000028e+00 3.145162582397460938e+00
2.017494999999999816e+00 3.145162582397460938e+00
2.021275000000000155e+00 3.139987945556640625e+00
2.025043999999999844e+00 3.134813308715820312e+00
2.028814000000000117e+00 3.134813308715820312e+00
2.032683000000000018e+00 3.134813308715820312e+00
2.036452000000000151e+00 3.134813308715820312e+00
2.040214999999999890e+00 3.139987945556640625e+00
2.044033999999999907e+00 3.139987945556640625e+00
2.047807000000000155e+00 3.139987945556640625e+00
2.051607999999999876e+00 3.139987945556640625e+00
2.055379999999999985e+00 3.134813308715820312e+00
2.061943999999999999e+00 3.139987945556640625e+00
2.065872000000000153e+00 3.134813308715820312e+00
2.069671000000000038e+00 3.145162582397460938e+00
2.073570000000000135e+00 3.145162582397460938e+00
2.077357999999999816e+00 3.150337219238281250e+00
2.081179000000000112e+00 3.145162582397460938e+00
2.084979999999999833e+00 3.145162582397460938e+00
2.088776999999999884e+00 3.139987945556640625e+00
2.092658999999999825e+00 3.145162582397460938e+00
2.096464000000000105e+00 3.145162582397460938e+00
2.100257000000000041e+00 3.150337219238281250e+00
2.104105000000000114e+00 3.145162582397460938e+00
2.107911000000000090e+00 3.145162582397460938e+00
2.111974000000000018e+00 3.145162582397460938e+00
2.115879000000000065e+00 3.145162582397460938e+00
2.119733000000000089e+00 3.145162582397460938e+00
2.123705999999999872e+00 3.139987945556640625e+00
2.127540000000000209e+00 3.139987945556640625e+00
2.131403999999999854e+00 3.139987945556640625e+00
2.135467999999999922e+00 3.139987945556640625e+00
2.139311999999999880e+00 3.139987945556640625e+00
2.143193999999999821e+00 3.145162582397460938e+00
2.147034000000000109e+00 3.139987945556640625e+00
2.150940999999999992e+00 3.134813308715820312e+00
2.154771999999999910e+00 3.139987945556640625e+00
2.158612999999999893e+00 3.139987945556640625e+00
2.162542999999999882e+00 3.134813308715820312e+00
2.166393999999999931e+00 3.134813308715820312e+00
2.172715999999999870e+00 3.134813308715820312e+00
2.176673000000000080e+00 3.145162582397460938e+00
2.180582999999999938e+00 3.145162582397460938e+00
2.184438999999999798e+00 3.145162582397460938e+00
2.188288000000000011e+00 3.139987945556640625e+00
2.192159999999999886e+00 3.145162582397460938e+00
2.196013000000000215e+00 3.145162582397460938e+00
2.199863000000000124e+00 3.145162582397460938e+00
2.203853000000000062e+00 3.145162582397460938e+00
2.207707999999999782e+00 3.150337219238281250e+00
2.211600999999999928e+00 3.150337219238281250e+00
2.215456000000000092e+00 3.150337219238281250e+00
2.219387000000000221e+00 3.145162582397460938e+00
2.223304000000000169e+00 3.139987945556640625e+00
2.227174000000000209e+00 3.139987945556640625e+00
2.231095999999999968e+00 3.134813308715820312e+00
2.235027000000000097e+00 3.134813308715820312e+00
2.238898999999999972e+00 3.139987945556640625e+00
2.242846999999999813e+00 3.139987945556640625e+00
2.246717999999999993e+00 3.134813308715820312e+00
2.250642000000000031e+00 3.134813308715820312e+00
2.254506000000000121e+00 3.134813308715820312e+00
2.258375000000000021e+00 3.134813308715820312e+00
2.262261000000000077e+00 3.134813308715820312e+00
2.266137000000000068e+00 3.134813308715820312e+00
2.270144000000000162e+00 3.134813308715820312e+00
2.274903000000000119e+00 3.139987945556640625e+00
2.279567999999999817e+00 3.145162582397460938e+00
2.287866000000000177e+00 3.145162582397460938e+00
2.292952000000000101e+00 3.150337219238281250e+00
2.297614999999999963e+00 3.150337219238281250e+00
2.302308000000000021e+00 3.150337219238281250e+00
2.306976999999999833e+00 3.150337219238281250e+00
2.310429000000000066e+00 3.150337219238281250e+00
2.315119999999999845e+00 3.150337219238281250e+00
2.319892999999999983e+00 3.145162582397460938e+00
2.324774999999999814e+00 3.139987945556640625e+00
2.329471999999999987e+00 3.134813308715820312e+00
2.334229999999999805e+00 3.134813308715820312e+00
2.339103000000000154e+00 3.134813308715820312e+00
2.343859000000000137e+00 3.139987945556640625e+00
2.348559999999999981e+00 3.134813308715820312e+00
2.353399000000000019e+00 3.134813308715820312e+00
2.358118000000000158e+00 3.129638671875000000e+00
2.362893999999999828e+00 3.134813308715820312e+00
2.367617999999999778e+00 3.134813308715820312e+00
2.372053000000000189e+00 3.139987945556640625e+00
2.375973999999999808e+00 3.150337219238281250e+00
2.379887999999999781e+00 3.150337219238281250e+00
2.383887000000000089e+00 3.150337219238281250e+00
2.387815999999999939e+00 3.150337219238281250e+00
2.391741000000000117e+00 3.150337219238281250e+00
2.395665000000000155e+00 3.150337219238281250e+00
2.402022000000000101e+00 3.145162582397460938e+00
2.406026999999999916e+00 3.145162582397460938e+00
2.409971999999999781e+00 3.150337219238281250e+00
2.414029000000000202e+00 3.145162582397460938e+00
2.417987999999999804e+00 3.145162582397460938e+00
2.421953999999999940e+00 3.134813308715820312e+00
2.425904000000000060e+00 3.134813308715820312e+00
2.429847999999999786e+00 3.129638671875000000e+00
2.433926000000000034e+00 3.134813308715820312e+00
2.438009000000000093e+00 3.134813308715820312e+00
2.441981999999999875e+00 3.129638671875000000e+00
2.445934999999999970e+00 3.134813308715820312e+00
2.449892999999999876e+00 3.134813308715820312e+00
2.453956999999999944e+00 3.134813308715820312e+00
2.457905999999999924e+00 3.139987945556640625e+00
2.461883999999999961e+00 3.139987945556640625e+00
2.465847999999999818e+00 3.139987945556640625e+00
2.469946999999999893e+00 3.139987945556640625e+00
2.474009999999999820e+00 3.150337219238281250e+00
2.477980000000000071e+00 3.150337219238281250e+00
2.481955999999999829e+00 3.150337219238281250e+00
2.485933000000000170e+00 3.150337219238281250e+00
2.489895000000000191e+00 3.150337219238281250e+00
2.493946999999999914e+00 3.150337219238281250e+00
2.497910000000000075e+00 3.145162582397460938e+00
2.500967000000000162e+00 3.150337219238281250e+00
2.504958999999999936e+00 3.150337219238281250e+00
2.508936999999999973e+00 3.150337219238281250e+00
2.513259000000000132e+00 3.145162582397460938e+00
2.519334000000000184e+00 3.139987945556640625e+00
2.523600000000000065e+00 3.134813308715820312e+00
2.527578999999999798e+00 3.134813308715820312e+00
2.531604999999999883e+00 3.134813308715820312e+00
2.535595999999999961e+00 3.134813308715820312e+00
2.539626999999999857e+00 3.139987945556640625e+00
2.543699000000000154e+00 3.139987945556640625e+00
2.547693000000000207e+00 3.134813308715820312e+00
2.550797000000000203e+00 3.139987945556640625e+00
2.554797000000000207e+00 3.139987945556640625e+00
2.558794999999999931e+00 3.139987945556640625e+00
2.562847999999999793e+00 3.139987945556640625e+00
2.566867999999999927e+00 3.139987945556640625e+00
2.570942000000000061e+00 3.139987945556640625e+00
2.574959999999999916e+00 3.145162582397460938e+00
2.578969999999999985e+00 3.150337219238281250e+00
2.583089000000000190e+00 3.145162582397460938e+00
2.587194999999999911e+00 3.145162582397460938e+00
2.591256000000000004e+00 3.150337219238281250e+00
2.595277999999999974e+00 3.145162582397460938e+00
2.599295000000000133e+00 3.145162582397460938e+00
2.603445999999999927e+00 3.145162582397460938e+00
2.607473999999999847e+00 3.145162582397460938e+00
2.611521000000000203e+00 3.145162582397460938e+00
2.614609000000000183e+00 3.145162582397460938e+00
2.618660999999999905e+00 3.145162582397460938e+00
2.621824999999999850e+00 3.139987945556640625e+00
2.625005999999999950e+00 3.139987945556640625e+00
2.631782999999999983e+00 3.134813308715820312e+00
2.635844000000000076e+00 3.139987945556640625e+00
2.639928999999999970e+00 3.139987945556640625e+00
2.644092999999999805e+00 3.134813308715820312e+00
2.648140000000000160e+00 3.139987945556640625e+00
2.652197000000000138e+00 3.139987945556640625e+00
2.656252999999999975e+00 3.134813308715820312e+00
2.660299000000000191e+00 3.139987945556640625e+00
2.664412000000000003e+00 3.134813308715820312e+00
2.668492999999999782e+00 3.134813308715820312e+00
2.672626999999999864e+00 3.139987945556640625e+00
2.676676000000000055e+00 3.145162582397460938e+00
2.679796000000000067e+00 3.145162582397460938e+00
2.683988999999999958e+00 3.145162582397460938e+00
2.688060000000000116e+00 3.139987945556640625e+00
2.692171000000000092e+00 3.145162582397460938e+00
2.696234000000000020e+00 3.145162582397460938e+00
2.700309999999999988e+00 3.139987945556640625e+00
2.704435000000000144e+00 3.145162582397460938e+00
2.708501000000000047e+00 3.150337219238281250e+00
2.712635000000000129e+00 3.150337219238281250e+00
2.716701000000000032e+00 3.150337219238281250e+00
2.719971000000000139e+00 3.139987945556640625e+00
2.724130000000000162e+00 3.139987945556640625e+00
2.728213000000000221e+00 3.139987945556640625e+00
2.732294000000000000e+00 3.139987945556640625e+00
2.738900999999999808e+00 3.139987945556640625e+00
2.750221999999999944e+00 3.134813308715820312e+00
2.760207999999999995e+00 3.134813308715820312e+00
2.767989000000000033e+00 3.134813308715820312e+00
2.779116999999999837e+00 3.145162582397460938e+00
2.787656000000000134e+00 3.145162582397460938e+00
2.799694999999999823e+00 3.150337219238281250e+00
2.804535000000000000e+00 3.145162582397460938e+00
2.808651999999999926e+00 3.150337219238281250e+00
2.812879000000000129e+00 3.150337219238281250e+00
2.816987000000000130e+00 3.150337219238281250e+00
2.821185999999999972e+00 3.145162582397460938e+00
2.825290999999999997e+00 3.145162582397460938e+00
2.828425000000000189e+00 3.139987945556640625e+00
2.832625000000000171e+00 3.139987945556640625e+00
2.835786000000000140e+00 3.134813308715820312e+00
2.839891999999999861e+00 3.134813308715820312e+00
2.843185000000000073e+00 3.134813308715820312e+00
2.847358999999999973e+00 3.134813308715820312e+00
2.851510999999999907e+00 3.134813308715820312e+00
2.855628999999999973e+00 3.134813308715820312e+00
2.862169000000000185e+00 3.134813308715820312e+00
2.866610999999999798e+00 3.134813308715820312e+00
2.870838000000000001e+00 3.134813308715820312e+00
2.874989999999999934e+00 3.145162582397460938e+00
2.879121000000000041e+00 3.145162582397460938e+00
2.883323999999999998e+00 3.150337219238281250e+00
2.887429000000000023e+00 3.150337219238281250e+00
2.891579999999999817e+00 3.145162582397460938e+00
2.895712000000000064e+00 3.150337219238281250e+00
2.899849000000000121e+00 3.150337219238281250e+00
2.904097000000000151e+00 3.150337219238281250e+00
2.908234000000000208e+00 3.150337219238281250e+00
2.911423999999999790e+00 3.150337219238281250e+00
2.915576000000000167e+00 3.150337219238281250e+00
2.919728000000000101e+00 3.139987945556640625e+00
2.922998999999999903e+00 3.129638671875000000e+00
2.927160000000000206e+00 3.134813308715820312e+00
2.931375000000000064e+00 3.129638671875000000e+00
2.934569999999999901e+00 3.134813308715820312e+00
2.938727000000000089e+00 3.129638671875000000e+00
2.942949000000000037e+00 3.134813308715820312e+00
2.947162000000000059e+00 3.134813308715820312e+00
2.951413000000000064e+00 3.134813308715820312e+00
2.954616999999999827e+00 3.134813308715820312e+00
2.958772000000000180e+00 3.134813308715820312e+00
2.963014999999999954e+00 3.134813308715820312e+00
2.966197000000000195e+00 3.134813308715820312e+00
2.972786999999999846e+00 3.145162582397460938e+00
2.977040999999999826e+00 3.150337219238281250e+00
2.980221999999999927e+00 3.150337219238281250e+00
2.984478999999999882e+00 3.150337219238281250e+00
2.988672999999999913e+00 3.145162582397460938e+00
2.992935000000000123e+00 3.150337219238281250e+00
2.997129000000000154e+00 3.145162582397460938e+00
3.001415000000000166e+00 3.150337219238281250e+00
3.004605000000000192e+00 3.139987945556640625e+00
3.008792999999999829e+00 3.145162582397460938e+00
3.013071000000000055e+00 3.145162582397460938e+00
3.017268000000000061e+00 3.145162582397460938e+00
3.021497999999999795e+00 3.134813308715820312e+00
3.025688999999999851e+00 3.134813308715820312e+00
3.029901000000000177e+00 3.134813308715820312e+00
3.034199999999999786e+00 3.134813308715820312e+00
3.037449000000000066e+00 3.134813308715820312e+00
3.041690000000000005e+00 3.134813308715820312e+00
3.045904999999999863e+00 3.134813308715820312e+00
3.049183000000000199e+00 3.134813308715820312e+00
3.053463999999999956e+00 3.139987945556640625e+00
3.057672000000000168e+00 3.134813308715820312e+00
3.061907999999999852e+00 3.139987945556640625e+00
3.066127999999999965e+00 3.139987945556640625e+00
3.070345999999999798e+00 3.139987945556640625e+00
3.074656000000000056e+00 3.145162582397460938e+00
3.079972000000000154e+00 3.150337219238281250e+00
3.088788999999999785e+00 3.150337219238281250e+00
3.094415999999999833e+00 3.145162582397460938e+00
3.099572000000000216e+00 3.145162582397460938e+00
3.104840999999999962e+00 3.139987945556640625e+00
3.110100999999999782e+00 3.145162582397460938e+00
3.115549000000000124e+00 3.139987945556640625e+00
3.120928999999999842e+00 3.139987945556640625e+00
3.126142000000000198e+00 3.134813308715820312e+00
3.131419999999999870e+00 3.134813308715820312e+00
3.136645999999999823e+00 3.139987945556640625e+00
3.141878000000000171e+00 3.139987945556640625e+00
3.147079999999999878e+00 3.139987945556640625e+00
3.152327000000000101e+00 3.134813308715820312e+00
3.157542999999999989e+00 3.139987945556640625e+00
3.162765999999999966e+00 3.139987945556640625e+00
3.167974000000000068e+00 3.139987945556640625e+00
3.173313999999999968e+00 3.139987945556640625e+00
3.178119000000000138e+00 3.145162582397460938e+00
3.182392999999999805e+00 3.150337219238281250e+00
3.185579999999999856e+00 3.145162582397460938e+00
3.189839999999999787e+00 3.139987945556640625e+00
3.193258000000000152e+00 3.145162582397460938e+00
3.197586999999999957e+00 3.145162582397460938e+00
3.204347999999999974e+00 3.145162582397460938e+00
3.208933000000000035e+00 3.145162582397460938e+00
3.212263999999999786e+00 3.145162582397460938e+00
3.216525999999999996e+00 3.150337219238281250e+00
3.220863000000000032e+00 3.145162582397460938e+00
3.225128000000000217e+00 3.139987945556640625e+00
3.229404999999999859e+00 3.139987945556640625e+00
3.233778000000000041e+00 3.139987945556640625e+00
3.236988999999999894e+00 3.134813308715820312e+00
3.241337999999999830e+00 3.139987945556640625e+00
3.245633000000000212e+00 3.139987945556640625e+00
3.249919999999999920e+00 3.139987945556640625e+00
3.254494999999999916e+00 3.134813308715820312e+00
3.258788000000000018e+00 3.129638671875000000e+00
3.263145999999999880e+00 3.129638671875000000e+00
3.267437000000000147e+00 3.134813308715820312e+00
3.271745999999999821e+00 3.139987945556640625e+00
3.276065000000000005e+00 3.145162582397460938e+00
3.280406999999999851e+00 3.150337219238281250e+00
3.284707000000000043e+00 3.139987945556640625e+00
3.289010999999999907e+00 3.145162582397460938e+00
3.293397000000000130e+00 3.150337219238281250e+00
3.296616000000000213e+00 3.150337219238281250e+00
3.300975999999999910e+00 3.150337219238281250e+00
3.305282000000000053e+00 3.145162582397460938e+00
3.309587000000000057e+00 3.145162582397460938e+00
3.313979999999999926e+00 3.150337219238281250e+00
3.320532000000000039e+00 3.145162582397460938e+00
3.324933999999999834e+00 3.134813308715820312e+00
3.329254999999999853e+00 3.139987945556640625e+00
3.333647000000000027e+00 3.139987945556640625e+00
3.337968000000000046e+00 3.134813308715820312e+00
3.342322999999999933e+00 3.134813308715820312e+00
3.346645999999999788e+00 3.134813308715820312e+00
3.351045000000000051e+00 3.129638671875000000e+00
3.355404000000000053e+00 3.134813308715820312e+00
3.359736999999999973e+00 3.134813308715820312e+00
3.364211000000000062e+00 3.134813308715820312e+00
3.368549999999999933e+00 3.129638671875000000e+00
3.372955000000000148e+00 3.139987945556640625e+00
3.376205999999999818e+00 3.139987945556640625e+00
3.380583999999999811e+00 3.145162582397460938e+00
3.384926000000000101e+00 3.150337219238281250e+00
3.389267999999999947e+00 3.145162582397460938e+00
3.392609000000000208e+00 3.150337219238281250e+00
3.396959999999999980e+00 3.150337219238281250e+00
3.401353999999999989e+00 3.150337219238281250e+00
3.404634000000000160e+00 3.150337219238281250e+00
3.408962999999999965e+00 3.150337219238281250e+00
3.413365999999999900e+00 3.150337219238281250e+00
3.417720000000000091e+00 3.150337219238281250e+00
3.422095000000000109e+00 3.139987945556640625e+00
3.426464999999999872e+00 3.139987945556640625e+00
3.430903999999999954e+00 3.129638671875000000e+00
3.437621000000000038e+00 3.129638671875000000e+00
3.442197000000000173e+00 3.134813308715820312e+00
3.446565999999999796e+00 3.134813308715820312e+00
3.450998999999999928e+00 3.134813308715820312e+00
3.455426000000000109e+00 3.134813308715820312e+00
3.459814000000000167e+00 3.129638671875000000e+00
3.464339999999999975e+00 3.134813308715820312e+00
3.468717999999999968e+00 3.134813308715820312e+00
3.473155999999999910e+00 3.145162582397460938e+00
3.476408999999999860e+00 3.150337219238281250e+00
3.480831999999999926e+00 3.150337219238281250e+00
3.485237999999999836e+00 3.150337219238281250e+00
3.489621999999999780e+00 3.150337219238281250e+00
3.494079000000000157e+00 3.150337219238281250e+00
3.498453000000000035e+00 3.150337219238281250e+00
3.502909999999999968e+00 3.145162582397460938e+00
3.506225999999999843e+00 3.145162582397460938e+00
3.510669000000000040e+00 3.145162582397460938e+00
3.515054000000000123e+00 3.145162582397460938e+00
3.519471999999999934e+00 3.139987945556640625e+00
3.522820999999999980e+00 3.134813308715820312e+00
3.527209000000000039e+00 3.134813308715820312e+00
3.531594999999999818e+00 3.129638671875000000e+00
3.535995999999999917e+00 3.134813308715820312e+00
3.540449999999999875e+00 3.129638671875000000e+00
3.544849000000000139e+00 3.129638671875000000e+00
3.551477000000000217e+00 3.139987945556640625e+00
3.556191000000000102e+00 3.134813308715820312e+00
3.560671000000000141e+00 3.139987945556640625e+00
3.565097999999999878e+00 3.134813308715820312e+00
3.569522000000000084e+00 3.145162582397460938e+00
3.574038999999999966e+00 3.145162582397460938e+00
3.578454999999999941e+00 3.150337219238281250e+00
3.582940999999999931e+00 3.150337219238281250e+00
3.586122000000000032e+00 3.145162582397460938e+00
3.589421999999999890e+00 3.145162582397460938e+00
3.593910999999999856e+00 3.145162582397460938e+00
3.597240000000000215e+00 3.145162582397460938e+00
3.601675000000000182e+00 3.145162582397460938e+00
3.606117999999999935e+00 3.145162582397460938e+00
3.610641999999999907e+00 3.145162582397460938e+00
3.615076000000000178e+00 3.145162582397460938e+00
3.619530999999999832e+00 3.139987945556640625e+00
3.624114000000000058e+00 3.134813308715820312e+00
3.628588000000000147e+00 3.134813308715820312e+00
3.633125999999999856e+00 3.139987945556640625e+00
3.637573999999999863e+00 3.134813308715820312e+00
3.642030000000000101e+00 3.134813308715820312e+00
3.646472000000000158e+00 3.139987945556640625e+00
3.650980000000000114e+00 3.139987945556640625e+00
3.655676999999999843e+00 3.134813308715820312e+00
3.660595999999999961e+00 3.139987945556640625e+00
3.667157000000000000e+00 3.139987945556640625e+00
3.671844000000000108e+00 3.139987945556640625e+00
3.676309999999999967e+00 3.145162582397460938e+00
3.680820999999999898e+00 3.145162582397460938e+00
3.685283000000000087e+00 3.145162582397460938e+00
3.689747999999999806e+00 3.139987945556640625e+00
3.694398000000000071e+00 3.145162582397460938e+00
3.698866000000000209e+00 3.145162582397460938e+00
3.703383000000000091e+00 3.145162582397460938e+00
3.707876000000000172e+00 3.145162582397460938e+00
3.712391000000000219e+00 3.145162582397460938e+00
3.716876000000000069e+00 3.145162582397460938e+00
3.720184999999999853e+00 3.139987945556640625e+00
3.724721000000000171e+00 3.139987945556640625e+00
3.729192999999999980e+00 3.139987945556640625e+00
3.733750000000000124e+00 3.139987945556640625e+00
3.738678000000000168e+00 3.134813308715820312e+00
3.748372999999999955e+00 3.145162582397460938e+00
3.756558000000000064e+00 3.139987945556640625e+00
3.763520000000000199e+00 3.134813308715820312e+00
3.777193000000000023e+00 3.139987945556640625e+00
3.783739999999999881e+00 3.145162582397460938e+00
3.793371000000000048e+00 3.145162582397460938e+00
3.803568999999999978e+00 3.145162582397460938e+00
3.811268000000000100e+00 3.145162582397460938e+00
3.816211000000000020e+00 3.150337219238281250e+00
3.819682999999999939e+00 3.145162582397460938e+00
3.824475000000000069e+00 3.139987945556640625e+00
3.827799000000000174e+00 3.139987945556640625e+00
3.832399999999999807e+00 3.139987945556640625e+00
3.837034000000000056e+00 3.134813308715820312e+00
3.841673000000000116e+00 3.134813308715820312e+00
3.846236999999999906e+00 3.134813308715820312e+00
3.850868999999999875e+00 3.134813308715820312e+00
3.855450999999999961e+00 3.129638671875000000e+00
3.858845000000000081e+00 3.129638671875000000e+00
3.863570000000000171e+00 3.134813308715820312e+00
3.868151000000000117e+00 3.134813308715820312e+00
3.872902999999999984e+00 3.139987945556640625e+00
3.877482999999999791e+00 3.145162582397460938e+00
3.882630999999999943e+00 3.145162582397460938e+00
3.888313999999999826e+00 3.145162582397460938e+00
3.894101000000000035e+00 3.150337219238281250e+00
3.899774999999999991e+00 3.150337219238281250e+00
3.905574000000000101e+00 3.145162582397460938e+00
3.911322999999999883e+00 3.150337219238281250e+00
3.920806999999999931e+00 3.150337219238281250e+00
3.926934999999999842e+00 3.134813308715820312e+00
3.932675000000000143e+00 3.134813308715820312e+00
3.938397999999999843e+00 3.129638671875000000e+00
3.944188000000000027e+00 3.129638671875000000e+00
3.949889000000000205e+00 3.129638671875000000e+00
3.955744999999999845e+00 3.129638671875000000e+00
3.961520000000000152e+00 3.134813308715820312e+00
3.967817999999999845e+00 3.134813308715820312e+00
3.973660000000000192e+00 3.145162582397460938e+00
3.979394999999999794e+00 3.145162582397460938e+00
3.984744000000000064e+00 3.145162582397460938e+00
3.989341000000000026e+00 3.145162582397460938e+00
3.994089999999999918e+00 3.145162582397460938e+00
3.998695999999999806e+00 3.145162582397460938e+00
4.003357000000000276e+00 3.145162582397460938e+00
4.007982000000000156e+00 3.150337219238281250e+00
4.012590999999999575e+00 3.150337219238281250e+00
4.017210999999999643e+00 3.145162582397460938e+00
4.021787999999999919e+00 3.134813308715820312e+00
4.026488999999999763e+00 3.129638671875000000e+00
4.033896999999999622e+00 3.134813308715820312e+00
4.038663999999999810e+00 3.129638671875000000e+00
4.043366999999999933e+00 3.134813308715820312e+00
4.047985999999999862e+00 3.129638671875000000e+00
4.052604999999999791e+00 3.134813308715820312e+00
4.057976000000000028e+00 3.134813308715820312e+00
4.061397999999999620e+00 3.139987945556640625e+00
4.065997000000000305e+00 3.139987945556640625e+00
4.070758999999999794e+00 3.145162582397460938e+00
4.075362000000000151e+00 3.150337219238281250e+00
4.080009000000000441e+00 3.150337219238281250e+00
4.084717000000000375e+00 3.150337219238281250e+00
4.089361000000000246e+00 3.150337219238281250e+00
4.094113000000000113e+00 3.150337219238281250e+00
4.098773000000000444e+00 3.145162582397460938e+00
4.103445999999999927e+00 3.139987945556640625e+00
4.108100999999999559e+00 3.139987945556640625e+00
4.112841999999999665e+00 3.145162582397460938e+00
4.117507999999999946e+00 3.145162582397460938e+00
4.122169999999999668e+00 3.134813308715820312e+00
4.126831000000000138e+00 3.134813308715820312e+00
4.131637999999999700e+00 3.134813308715820312e+00
4.136314999999999742e+00 3.134813308715820312e+00
4.143470999999999904e+00 3.134813308715820312e+00
4.148499000000000159e+00 3.139987945556640625e+00
4.153277000000000108e+00 3.139987945556640625e+00
4.157961000000000240e+00 3.139987945556640625e+00
4.162651999999999575e+00 3.139987945556640625e+00
4.167349999999999888e+00 3.139987945556640625e+00
4.172060000000000102e+00 3.145162582397460938e+00
4.176747999999999905e+00 3.145162582397460938e+00
4.180197999999999858e+00 3.145162582397460938e+00
4.184949999999999726e+00 3.145162582397460938e+00
4.189644999999999619e+00 3.139987945556640625e+00
4.194420000000000037e+00 3.145162582397460938e+00
4.197821000000000247e+00 3.145162582397460938e+00
4.201267999999999780e+00 3.145162582397460938e+00
4.205953000000000053e+00 3.145162582397460938e+00
4.209385000000000154e+00 3.145162582397460938e+00
4.214171000000000333e+00 3.145162582397460938e+00
4.218847000000000236e+00 3.145162582397460938e+00
4.223595000000000432e+00 3.139987945556640625e+00
4.227012000000000214e+00 3.139987945556640625e+00
4.231673999999999936e+00 3.139987945556640625e+00
4.236364000000000019e+00 3.139987945556640625e+00
4.239813999999999972e+00 3.139987945556640625e+00
4.244597999999999871e+00 3.139987945556640625e+00
4.249456000000000344e+00 3.139987945556640625e+00
4.256447999999999787e+00 3.134813308715820312e+00
4.261566000000000187e+00 3.134813308715820312e+00
4.265031999999999712e+00 3.129638671875000000e+00
4.269756000000000107e+00 3.134813308715820312e+00
4.275250999999999912e+00 3.145162582397460938e+00
4.280275999999999748e+00 3.145162582397460938e+00
4.285061999999999927e+00 3.150337219238281250e+00
4.289774000000000420e+00 3.145162582397460938e+00
4.293415999999999677e+00 3.139987945556640625e+00
4.298138999999999932e+00 3.139987945556640625e+00
4.302969000000000044e+00 3.145162582397460938e+00
4.307710000000000150e+00 3.145162582397460938e+00
4.312465999999999688e+00 3.145162582397460938e+00
4.317192999999999614e+00 3.150337219238281250e+00
4.320553000000000310e+00 3.139987945556640625e+00
4.323991999999999614e+00 3.139987945556640625e+00
4.327442999999999707e+00 3.139987945556640625e+00
4.332184999999999953e+00 3.134813308715820312e+00
4.336913000000000018e+00 3.139987945556640625e+00
4.341675999999999647e+00 3.134813308715820312e+00
4.346419000000000032e+00 3.134813308715820312e+00
4.351212000000000302e+00 3.134813308715820312e+00
4.355940000000000367e+00 3.129638671875000000e+00
4.359395000000000131e+00 3.134813308715820312e+00
4.364188000000000400e+00 3.134813308715820312e+00
4.371643999999999863e+00 3.134813308715820312e+00
4.376650999999999847e+00 3.145162582397460938e+00
4.381446999999999647e+00 3.145162582397460938e+00
4.386168999999999762e+00 3.145162582397460938e+00
4.390957000000000221e+00 3.145162582397460938e+00
4.395681999999999867e+00 3.150337219238281250e+00
4.400444000000000244e+00 3.150337219238281250e+00
4.405181999999999931e+00 3.145162582397460938e+00
4.408641000000000254e+00 3.150337219238281250e+00
4.413421999999999734e+00 3.150337219238281250e+00
4.418149999999999800e+00 3.150337219238281250e+00
4.422973999999999961e+00 3.134813308715820312e+00
4.427721000000000018e+00 3.139987945556640625e+00
4.432470999999999606e+00 3.134813308715820312e+00
4.437192999999999721e+00 3.134813308715820312e+00
4.441980000000000040e+00 3.134813308715820312e+00
4.445441999999999894e+00 3.134813308715820312e+00
4.450175999999999910e+00 3.129638671875000000e+00
4.455210000000000115e+00 3.129638671875000000e+00
4.459994000000000014e+00 3.134813308715820312e+00
4.464807000000000414e+00 3.134813308715820312e+00
4.469551000000000052e+00 3.139987945556640625e+00
4.474381000000000164e+00 3.145162582397460938e+00
4.481609999999999872e+00 3.150337219238281250e+00
4.486692999999999820e+00 3.145162582397460938e+00
4.491522999999999932e+00 3.150337219238281250e+00
4.496290000000000120e+00 3.150337219238281250e+00
4.501103999999999772e+00 3.150337219238281250e+00
4.505872000000000099e+00 3.150337219238281250e+00
4.510739000000000054e+00 3.150337219238281250e+00
4.515512000000000192e+00 3.145162582397460938e+00
4.520287999999999862e+00 3.139987945556640625e+00
4.525148999999999866e+00 3.134813308715820312e+00
4.529925999999999675e+00 3.134813308715820312e+00
4.534812999999999761e+00 3.129638671875000000e+00
4.539590999999999710e+00 3.129638671875000000e+00
4.544444000000000372e+00 3.134813308715820312e+00
4.549222000000000321e+00 3.129638671875000000e+00
4.554060999999999915e+00 3.134813308715820312e+00
4.558849999999999625e+00 3.139987945556640625e+00
4.563702000000000147e+00 3.139987945556640625e+00
4.568525000000000169e+00 3.139987945556640625e+00
4.573350999999999722e+00 3.145162582397460938e+00
4.578165000000000262e+00 3.150337219238281250e+00
4.583046000000000397e+00 3.150337219238281250e+00
4.587839999999999918e+00 3.145162582397460938e+00
4.597428999999999988e+00 3.150337219238281250e+00
4.602388000000000368e+00 3.145162582397460938e+00
4.607235000000000191e+00 3.145162582397460938e+00
4.612066000000000443e+00 3.145162582397460938e+00
4.616863999999999635e+00 3.145162582397460938e+00
4.621700999999999837e+00 3.134813308715820312e+00
4.626551000000000080e+00 3.134813308715820312e+00
4.631402999999999714e+00 3.129638671875000000e+00
4.636201999999999934e+00 3.129638671875000000e+00
4.641105999999999732e+00 3.129638671875000000e+00
4.644613999999999798e+00 3.139987945556640625e+00
4.648206000000000060e+00 3.139987945556640625e+00
4.653082999999999636e+00 3.139987945556640625e+00
4.657930000000000348e+00 3.139987945556640625e+00
4.662895999999999930e+00 3.139987945556640625e+00
4.667722999999999622e+00 3.139987945556640625e+00
4.672557000000000293e+00 3.150337219238281250e+00
4.677419000000000437e+00 3.150337219238281250e+00
4.682356999999999658e+00 3.145162582397460938e+00
4.687363999999999642e+00 3.139987945556640625e+00
4.693556000000000061e+00 3.145162582397460938e+00
4.699595000000000411e+00 3.145162582397460938e+00
4.705810999999999744e+00 3.139987945556640625e+00
4.715716999999999715e+00 3.145162582397460938e+00
4.722043000000000212e+00 3.139987945556640625e+00
4.728140999999999927e+00 3.134813308715820312e+00
4.734280000000000044e+00 3.134813308715820312e+00
4.740337000000000245e+00 3.134813308715820312e+00
4.749455000000000204e+00 3.139987945556640625e+00
4.759755000000000180e+00 3.145162582397460938e+00
4.773552999999999713e+00 3.139987945556640625e+00
4.797177999999999720e+00 3.145162582397460938e+00
4.802970000000000184e+00 3.139987945556640625e+00
4.815571000000000268e+00 3.145162582397460938e+00
4.820956999999999937e+00 3.145162582397460938e+00
4.828254000000000268e+00 3.139987945556640625e+00
4.833385999999999960e+00 3.139987945556640625e+00
4.838241000000000014e+00 3.139987945556640625e+00
4.843201999999999785e+00 3.139987945556640625e+00
4.848061000000000398e+00 3.134813308715820312e+00
4.853023999999999560e+00 3.134813308715820312e+00
4.857889000000000124e+00 3.134813308715820312e+00
4.862879000000000396e+00 3.134813308715820312e+00
4.867760999999999783e+00 3.134813308715820312e+00
4.872669000000000139e+00 3.134813308715820312e+00
4.876180999999999877e+00 3.139987945556640625e+00
4.881132000000000026e+00 3.145162582397460938e+00
4.886025000000000063e+00 3.145162582397460938e+00
4.889587999999999823e+00 3.145162582397460938e+00
4.894775000000000098e+00 3.145162582397460938e+00
4.899676000000000364e+00 3.150337219238281250e+00
4.904696999999999640e+00 3.150337219238281250e+00
4.908140000000000391e+00 3.150337219238281250e+00
4.913116999999999734e+00 3.150337219238281250e+00
4.918008999999999631e+00 3.145162582397460938e+00
4.922994000000000092e+00 3.139987945556640625e+00
4.927878999999999898e+00 3.139987945556640625e+00
4.932858999999999661e+00 3.134813308715820312e+00
4.940066999999999986e+00 3.134813308715820312e+00
4.945338999999999707e+00 3.134813308715820312e+00
4.950239999999999974e+00 3.134813308715820312e+00
4.955217000000000205e+00 3.129638671875000000e+00
4.960122000000000142e+00 3.134813308715820312e+00
4.965094999999999814e+00 3.134813308715820312e+00
4.969992999999999661e+00 3.134813308715820312e+00
4.975020999999999916e+00 3.145162582397460938e+00
4.979928000000000132e+00 3.145162582397460938e+00
4.984935000000000116e+00 3.145162582397460938e+00
4.989836000000000382e+00 3.145162582397460938e+00
4.994930000000000092e+00 3.150337219238281250e+00
4.999840999999999980e+00 3.150337219238281250e+00
5.004863000000000284e+00 3.150337219238281250e+00
5.009776999999999703e+00 3.150337219238281250e+00
5.013436999999999699e+00 3.150337219238281250e+00
5.018360999999999628e+00 3.150337219238281250e+00
5.023337999999999859e+00 3.134813308715820312e+00
5.028256999999999977e+00 3.134813308715820312e+00
5.033239000000000019e+00 3.134813308715820312e+00
5.036806999999999590e+00 3.134813308715820312e+00
5.041769999999999641e+00 3.134813308715820312e+00
5.046694999999999709e+00 3.134813308715820312e+00
5.054015999999999842e+00 3.129638671875000000e+00
5.059247000000000050e+00 3.134813308715820312e+00
5.064288999999999596e+00 3.139987945556640625e+00
5.069228999999999985e+00 3.139987945556640625e+00
5.072784000000000404e+00 3.145162582397460938e+00
5.076382999999999868e+00 3.150337219238281250e+00
5.079979999999999940e+00 3.150337219238281250e+00
5.085045000000000037e+00 3.150337219238281250e+00
5.089995000000000047e+00 3.145162582397460938e+00
5.095089999999999897e+00 3.150337219238281250e+00
5.100057999999999758e+00 3.150337219238281250e+00
5.105093000000000103e+00 3.145162582397460938e+00
5.110083999999999627e+00 3.145162582397460938e+00
5.115368000000000137e+00 3.145162582397460938e+00
5.120523999999999631e+00 3.139987945556640625e+00
5.125532999999999895e+00 3.134813308715820312e+00
5.130588000000000370e+00 3.134813308715820312e+00
5.134190000000000254e+00 3.134813308715820312e+00
5.137789999999999857e+00 3.129638671875000000e+00
5.141396000000000299e+00 3.134813308715820312e+00
5.144988999999999812e+00 3.139987945556640625e+00
5.149931999999999732e+00 3.139987945556640625e+00
5.155019000000000240e+00 3.134813308715820312e+00
5.160002000000000422e+00 3.139987945556640625e+00
5.167565999999999882e+00 3.139987945556640625e+00
5.172870999999999775e+00 3.139987945556640625e+00
5.177872999999999948e+00 3.150337219238281250e+00
5.182951000000000086e+00 3.150337219238281250e+00
5.187949999999999839e+00 3.145162582397460938e+00
5.191692999999999891e+00 3.145162582397460938e+00
5.196752000000000038e+00 3.145162582397460938e+00
5.201774999999999594e+00 3.145162582397460938e+00
5.205390000000000406e+00 3.139987945556640625e+00
5.208991000000000149e+00 3.145162582397460938e+00
5.214065999999999867e+00 3.145162582397460938e+00
5.219064000000000370e+00 3.145162582397460938e+00
5.224122999999999628e+00 3.134813308715820312e+00
5.229123000000000410e+00 3.134813308715820312e+00
5.234181999999999668e+00 3.139987945556640625e+00
5.239192000000000071e+00 3.139987945556640625e+00
5.242835999999999608e+00 3.139987945556640625e+00
5.246436000000000099e+00 3.139987945556640625e+00
5.250034000000000312e+00 3.139987945556640625e+00
5.253795000000000215e+00 3.134813308715820312e+00
5.257395999999999958e+00 3.134813308715820312e+00
5.260997999999999841e+00 3.134813308715820312e+00
5.264602000000000004e+00 3.134813308715820312e+00
5.268195999999999657e+00 3.134813308715820312e+00
5.273309000000000246e+00 3.139987945556640625e+00
5.280972000000000222e+00 3.150337219238281250e+00
5.286291000000000295e+00 3.145162582397460938e+00
5.291387000000000285e+00 3.145162582397460938e+00
5.296499999999999986e+00 3.139987945556640625e+00
5.301614999999999966e+00 3.145162582397460938e+00
5.305219000000000129e+00 3.145162582397460938e+00
5.308824999999999683e+00 3.145162582397460938e+00
5.313926999999999623e+00 3.150337219238281250e+00
5.318956000000000017e+00 3.145162582397460938e+00
5.324053000000000146e+00 3.134813308715820312e+00
5.329089999999999883e+00 3.134813308715820312e+00
5.334201000000000192e+00 3.139987945556640625e+00
5.339243999999999879e+00 3.139987945556640625e+00
5.344342000000000148e+00 3.134813308715820312e+00
5.349374000000000073e+00 3.139987945556640625e+00
5.354476000000000013e+00 3.134813308715820312e+00
5.359511999999999610e+00 3.134813308715820312e+00
5.363204999999999778e+00 3.134813308715820312e+00
5.366805000000000270e+00 3.134813308715820312e+00
5.370415000000000383e+00 3.134813308715820312e+00
5.375490000000000101e+00 3.145162582397460938e+00
5.380588999999999622e+00 3.145162582397460938e+00
5.385653999999999719e+00 3.145162582397460938e+00
5.393127999999999922e+00 3.145162582397460938e+00
5.398490999999999929e+00 3.145162582397460938e+00
5.403622000000000369e+00 3.150337219238281250e+00
5.408682999999999907e+00 3.150337219238281250e+00
5.412420000000000009e+00 3.150337219238281250e+00
5.417497000000000007e+00 3.150337219238281250e+00
5.422590999999999717e+00 3.139987945556640625e+00
5.426179000000000308e+00 3.139987945556640625e+00
5.429782000000000330e+00 3.139987945556640625e+00
5.434994999999999798e+00 3.139987945556640625e+00
5.440081000000000166e+00 3.134813308715820312e+00
5.443800999999999668e+00 3.134813308715820312e+00
5.447409999999999641e+00 3.134813308715820312e+00
5.451011000000000273e+00 3.134813308715820312e+00
5.456089999999999662e+00 3.134813308715820312e+00
5.461225999999999914e+00 3.134813308715820312e+00
5.466313000000000422e+00 3.134813308715820312e+00
5.471455999999999875e+00 3.139987945556640625e+00
5.476544999999999774e+00 3.145162582397460938e+00
5.481691999999999787e+00 3.145162582397460938e+00
5.486793999999999727e+00 3.150337219238281250e+00
5.491906000000000176e+00 3.150337219238281250e+00
5.497689000000000270e+00 3.150337219238281250e+00
5.508227999999999902e+00 3.150337219238281250e+00
5.514915000000000234e+00 3.145162582397460938e+00
5.521435999999999567e+00 3.145162582397460938e+00
5.527912999999999855e+00 3.134813308715820312e+00
5.534444999999999837e+00 3.134813308715820312e+00
5.540963999999999778e+00 3.129638671875000000e+00
5.547418000000000404e+00 3.134813308715820312e+00
5.553954000000000057e+00 3.134813308715820312e+00
5.560412999999999606e+00 3.134813308715820312e+00
5.566891000000000034e+00 3.134813308715820312e+00
5.573357999999999812e+00 3.145162582397460938e+00
5.579824000000000339e+00 3.150337219238281250e+00
5.586432000000000286e+00 3.145162582397460938e+00
5.592927000000000426e+00 3.150337219238281250e+00
5.597248999999999697e+00 3.145162582397460938e+00
5.602384999999999948e+00 3.145162582397460938e+00
5.607637000000000427e+00 3.139987945556640625e+00
5.612785999999999831e+00 3.145162582397460938e+00
5.620562999999999754e+00 3.145162582397460938e+00
5.625779999999999781e+00 3.134813308715820312e+00
5.631018000000000079e+00 3.129638671875000000e+00
5.636150999999999911e+00 3.134813308715820312e+00
5.641366999999999798e+00 3.134813308715820312e+00
5.645036000000000165e+00 3.134813308715820312e+00
5.650167999999999857e+00 3.134813308715820312e+00
5.655386000000000024e+00 3.134813308715820312e+00
5.660579000000000249e+00 3.139987945556640625e+00
5.664185999999999943e+00 3.139987945556640625e+00
5.669322000000000195e+00 3.139987945556640625e+00
5.674544000000000032e+00 3.145162582397460938e+00
5.678206999999999560e+00 3.145162582397460938e+00
5.683429000000000286e+00 3.150337219238281250e+00
5.688578999999999830e+00 3.145162582397460938e+00
5.693808999999999898e+00 3.145162582397460938e+00
5.698977000000000182e+00 3.145162582397460938e+00
5.704201000000000299e+00 3.139987945556640625e+00
5.709404000000000146e+00 3.139987945556640625e+00
5.714656999999999876e+00 3.145162582397460938e+00
5.719824000000000019e+00 3.145162582397460938e+00
5.725107000000000390e+00 3.134813308715820312e+00
5.730275999999999925e+00 3.134813308715820312e+00
5.737879000000000396e+00 3.134813308715820312e+00
5.743392000000000053e+00 3.145162582397460938e+00
5.750958999999999932e+00 3.279702186584472656e+00
5.758733999999999575e+00 4.790682792663574219e+00
5.769529999999999603e+00 4.790682792663574219e+00
5.780826000000000242e+00 4.790682792663574219e+00
5.792284000000000432e+00 4.790682792663574219e+00
5.805606000000000044e+00 4.790682792663574219e+00
5.818052999999999919e+00 4.790682792663574219e+00
5.823399000000000214e+00 4.790682792663574219e+00
5.828608000000000011e+00 4.790682792663574219e+00
5.833882000000000012e+00 4.790682792663574219e+00
5.839063000000000336e+00 4.790682792663574219e+00
5.842844000000000371e+00 4.790682792663574219e+00
5.850507999999999598e+00 4.790682792663574219e+00
5.856167000000000122e+00 4.790682792663574219e+00
5.861496999999999957e+00 4.785508155822753906e+00
5.865211000000000396e+00 4.785508155822753906e+00
5.870504999999999640e+00 4.790682792663574219e+00
5.875745000000000218e+00 4.790682792663574219e+00
5.881073999999999913e+00 4.790682792663574219e+00
5.886312000000000211e+00 4.790682792663574219e+00
5.891629000000000005e+00 4.790682792663574219e+00
5.896869999999999834e+00 4.790682792663574219e+00
5.900585000000000413e+00 4.795857429504394531e+00
5.905806000000000111e+00 4.795857429504394531e+00
5.911138000000000225e+00 4.795857429504394531e+00
5.916385000000000005e+00 4.795857429504394531e+00
5.921748000000000012e+00 4.785508155822753906e+00
5.926980000000000359e+00 4.790682792663574219e+00
5.932258000000000031e+00 4.790682792663574219e+00
5.937515000000000320e+00 4.790682792663574219e+00
5.942757000000000289e+00 4.785508155822753906e+00
5.948032000000000430e+00 4.790682792663574219e+00
5.951774999999999594e+00 4.790682792663574219e+00
5.957065000000000055e+00 4.785508155822753906e+00
5.964906000000000041e+00 4.785508155822753906e+00
5.970310999999999702e+00 4.790682792663574219e+00
5.975636999999999865e+00 4.790682792663574219e+00
5.980978999999999601e+00 4.790682792663574219e+00
5.986239999999999561e+00 4.795857429504394531e+00
5.991570000000000285e+00 4.790682792663574219e+00
5.996832000000000384e+00 4.790682792663574219e+00
6.002112000000000336e+00 4.795857429504394531e+00
6.007368999999999737e+00 4.795857429504394531e+00
6.012686000000000419e+00 4.790682792663574219e+00
6.017965000000000231e+00 4.795857429504394531e+00
6.023329999999999629e+00 4.785508155822753906e+00
6.028609999999999580e+00 4.785508155822753906e+00
6.033929999999999794e+00 4.785508155822753906e+00
6.039198999999999984e+00 4.785508155822753906e+00
6.044514000000000387e+00 4.785508155822753906e+00
6.049812000000000189e+00 4.785508155822753906e+00
6.055191999999999908e+00 4.785508155822753906e+00
6.060541999999999874e+00 4.785508155822753906e+00
6.065836000000000006e+00 4.785508155822753906e+00
6.071169000000000260e+00 4.795857429504394531e+00
6.078820000000000334e+00 4.795857429504394531e+00
6.084469000000000349e+00 4.795857429504394531e+00
6.088187999999999711e+00 4.795857429504394531e+00
6.093560000000000088e+00 4.795857429504394531e+00
6.098897000000000013e+00 4.795857429504394531e+00
6.104258999999999880e+00 4.795857429504394531e+00
6.109556999999999682e+00 4.790682792663574219e+00
6.115022999999999875e+00 4.790682792663574219e+00
6.120334999999999859e+00 4.790682792663574219e+00
6.125954000000000121e+00 4.785508155822753906e+00
6.131357000000000390e+00 4.785508155822753906e+00
6.136658999999999864e+00 4.790682792663574219e+00
6.142030000000000101e+00 4.785508155822753906e+00
6.147355000000000125e+00 4.785508155822753906e+00
6.152677999999999869e+00 4.785508155822753906e+00
6.157998000000000083e+00 4.790682792663574219e+00
6.161779000000000117e+00 4.785508155822753906e+00
6.167099999999999582e+00 4.790682792663574219e+00
6.172433999999999976e+00 4.795857429504394531e+00
6.177757999999999861e+00 4.795857429504394531e+00
6.183188000000000351e+00 4.795857429504394531e+00
6.187196000000000140e+00 4.795857429504394531e+00
6.194660999999999973e+00 4.790682792663574219e+00
