2.017999999999999829e-03 2.384497642517089844e+00
4.670999999999999805e-03 2.389671325683593750e+00
7.373000000000000213e-03 2.394845962524414062e+00
1.021299999999999986e-02 2.389671325683593750e+00
1.305800000000000016e-02 2.389671325683593750e+00
1.575899999999999870e-02 2.394845962524414062e+00
1.843200000000000047e-02 2.389671325683593750e+00
2.111999999999999988e-02 2.389671325683593750e+00
2.403900000000000134e-02 2.394845962524414062e+00
2.670300000000000104e-02 2.394845962524414062e+00
2.938999999999999946e-02 2.389671325683593750e+00
3.223600000000000076e-02 2.394845962524414062e+00
3.493399999999999977e-02 2.394845962524414062e+00
3.759699999999999848e-02 2.389671325683593750e+00
4.028099999999999736e-02 2.394845962524414062e+00
4.310900000000000148e-02 2.389671325683593750e+00
4.596000000000000085e-02 2.384497642517089844e+00
4.880299999999999916e-02 2.384497642517089844e+00
5.152999999999999942e-02 2.384497642517089844e+00
5.416200000000000181e-02 2.384497642517089844e+00
5.668700000000000128e-02 2.384497642517089844e+00
5.938800000000000329e-02 2.379323005676269531e+00
6.224299999999999972e-02 2.379323005676269531e+00
6.507200000000000484e-02 2.384497642517089844e+00
6.773500000000000354e-02 2.384497642517089844e+00
7.042299999999999949e-02 2.379323005676269531e+00
7.310600000000000431e-02 2.384497642517089844e+00
7.878300000000000580e-02 2.379323005676269531e+00
8.156399999999999761e-02 2.379323005676269531e+00
8.440000000000000280e-02 2.384497642517089844e+00
8.721700000000000286e-02 2.379323005676269531e+00
9.021300000000000152e-02 2.379323005676269531e+00
9.290800000000000447e-02 2.384497642517089844e+00
9.557999999999999829e-02 2.384497642517089844e+00
9.841500000000000248e-02 2.389671325683593750e+00
1.010979999999999934e-01 2.394845962524414062e+00
1.038010000000000044e-01 2.389671325683593750e+00
1.066330000000000056e-01 2.394845962524414062e+00
1.093240000000000045e-01 2.389671325683593750e+00
1.119980000000000003e-01 2.389671325683593750e+00
1.146760000000000002e-01 2.394845962524414062e+00
1.173980000000000024e-01 2.394845962524414062e+00
1.200969999999999954e-01 2.394845962524414062e+00
1.227649999999999991e-01 2.394845962524414062e+00
1.256069999999999964e-01 2.389671325683593750e+00
1.282999999999999974e-01 2.394845962524414062e+00
1.309639999999999971e-01 2.394845962524414062e+00
1.338060000000000083e-01 2.389671325683593750e+00
1.364849999999999952e-01 2.389671325683593750e+00
1.391739999999999922e-01 2.389671325683593750e+00
1.417990000000000084e-01 2.389671325683593750e+00
1.445400000000000018e-01 2.384497642517089844e+00
1.472289999999999988e-01 2.384497642517089844e+00
1.499080000000000135e-01 2.379323005676269531e+00
1.525940000000000074e-01 2.379323005676269531e+00
1.552779999999999994e-01 2.384497642517089844e+00
1.579599999999999893e-01 2.384497642517089844e+00
1.607999999999999985e-01 2.379323005676269531e+00
1.634790000000000132e-01 2.379323005676269531e+00
1.661660000000000081e-01 2.379323005676269531e+00
1.687079999999999969e-01 2.379323005676269531e+00
1.713949999999999918e-01 2.379323005676269531e+00
1.742370000000000030e-01 2.384497642517089844e+00
1.769070000000000087e-01 2.379323005676269531e+00
1.795859999999999956e-01 2.384497642517089844e+00
1.851730000000000043e-01 2.384497642517089844e+00
1.881700000000000039e-01 2.384497642517089844e+00
1.910119999999999874e-01 2.384497642517089844e+00
1.938529999999999975e-01 2.384497642517089844e+00
1.965339999999999865e-01 2.389671325683593750e+00
1.993910000000000127e-01 2.389671325683593750e+00
2.022190000000000099e-01 2.389671325683593750e+00
2.051800000000000013e-01 2.389671325683593750e+00
2.079000000000000015e-01 2.389671325683593750e+00
2.105720000000000092e-01 2.389671325683593750e+00
2.134630000000000138e-01 2.389671325683593750e+00
2.161279999999999868e-01 2.394845962524414062e+00
2.188110000000000055e-01 2.384497642517089844e+00
2.215540000000000009e-01 2.389671325683593750e+00
2.243509999999999949e-01 2.389671325683593750e+00
2.270359999999999878e-01 2.389671325683593750e+00
2.296999999999999875e-01 2.384497642517089844e+00
2.324060000000000015e-01 2.389671325683593750e+00
2.352210000000000134e-01 2.384497642517089844e+00
2.379030000000000034e-01 2.389671325683593750e+00
2.406059999999999865e-01 2.389671325683593750e+00
2.434350000000000125e-01 2.384497642517089844e+00
2.466170000000000029e-01 2.379323005676269531e+00
2.495650000000000091e-01 2.384497642517089844e+00
2.524069999999999925e-01 2.379323005676269531e+00
2.550830000000000042e-01 2.379323005676269531e+00
2.577670000000000239e-01 2.379323005676269531e+00
2.602940000000000254e-01 2.379323005676269531e+00
2.629980000000000095e-01 2.384497642517089844e+00
2.658440000000000247e-01 2.384497642517089844e+00
2.685069999999999957e-01 2.379323005676269531e+00
2.711879999999999846e-01 2.384497642517089844e+00
2.740400000000000058e-01 2.384497642517089844e+00
2.767129999999999868e-01 2.379323005676269531e+00
2.794289999999999830e-01 2.384497642517089844e+00
2.822689999999999921e-01 2.384497642517089844e+00
2.849349999999999938e-01 2.384497642517089844e+00
2.881340000000000012e-01 2.384497642517089844e+00
2.985349999999999948e-01 2.384497642517089844e+00
3.016170000000000240e-01 2.384497642517089844e+00
3.044189999999999952e-01 2.389671325683593750e+00
3.070970000000000089e-01 2.389671325683593750e+00
3.098049999999999971e-01 2.384497642517089844e+00
3.126599999999999935e-01 2.384497642517089844e+00
3.153290000000000259e-01 2.389671325683593750e+00
3.180089999999999861e-01 2.384497642517089844e+00
3.206919999999999771e-01 2.384497642517089844e+00
3.233770000000000255e-01 2.389671325683593750e+00
3.262180000000000080e-01 2.384497642517089844e+00
3.289020000000000277e-01 2.384497642517089844e+00
3.316180000000000239e-01 2.384497642517089844e+00
3.344269999999999743e-01 2.384497642517089844e+00
3.371120000000000227e-01 2.384497642517089844e+00
3.397939999999999849e-01 2.384497642517089844e+00
3.425009999999999999e-01 2.384497642517089844e+00
3.451810000000000156e-01 2.379323005676269531e+00
3.480050000000000088e-01 2.384497642517089844e+00
3.507009999999999850e-01 2.379323005676269531e+00
3.533689999999999887e-01 2.379323005676269531e+00
3.558950000000000169e-01 2.384497642517089844e+00
3.585829999999999851e-01 2.384497642517089844e+00
3.614229999999999943e-01 2.379323005676269531e+00
3.641139999999999932e-01 2.384497642517089844e+00
3.667960000000000109e-01 2.384497642517089844e+00
3.694749999999999979e-01 2.379323005676269531e+00
3.721789999999999821e-01 2.384497642517089844e+00
3.750129999999999852e-01 2.384497642517089844e+00
3.776990000000000069e-01 2.379323005676269531e+00
3.803610000000000047e-01 2.384497642517089844e+00
3.828900000000000081e-01 2.384497642517089844e+00
3.855739999999999723e-01 2.384497642517089844e+00
3.881049999999999778e-01 2.379323005676269531e+00
3.907900000000000262e-01 2.379323005676269531e+00
3.934710000000000152e-01 2.379323005676269531e+00
3.961549999999999794e-01 2.384497642517089844e+00
3.986879999999999868e-01 2.384497642517089844e+00
4.013689999999999758e-01 2.384497642517089844e+00
4.046409999999999729e-01 2.384497642517089844e+00
4.104369999999999963e-01 2.384497642517089844e+00
4.132770000000000055e-01 2.384497642517089844e+00
4.160010000000000097e-01 2.384497642517089844e+00
4.188160000000000216e-01 2.384497642517089844e+00
4.215510000000000090e-01 2.384497642517089844e+00
4.241829999999999767e-01 2.384497642517089844e+00
4.267119999999999802e-01 2.384497642517089844e+00
4.293959999999999999e-01 2.384497642517089844e+00
4.321070000000000189e-01 2.389671325683593750e+00
4.347599999999999798e-01 2.384497642517089844e+00
4.372880000000000100e-01 2.384497642517089844e+00
4.399890000000000190e-01 2.384497642517089844e+00
4.428369999999999806e-01 2.384497642517089844e+00
4.454980000000000051e-01 2.379323005676269531e+00
4.481840000000000268e-01 2.379323005676269531e+00
4.508679999999999910e-01 2.379323005676269531e+00
4.535699999999999732e-01 2.379323005676269531e+00
4.563880000000000159e-01 2.384497642517089844e+00
4.590679999999999761e-01 2.379323005676269531e+00
4.617780000000000218e-01 2.379323005676269531e+00
4.646080000000000210e-01 2.384497642517089844e+00
4.672930000000000139e-01 2.384497642517089844e+00
4.699760000000000049e-01 2.379323005676269531e+00
4.727979999999999960e-01 2.379323005676269531e+00
4.754940000000000278e-01 2.374148368835449219e+00
4.781659999999999799e-01 2.374148368835449219e+00
4.810039999999999871e-01 2.379323005676269531e+00
4.836880000000000068e-01 2.379323005676269531e+00
4.863669999999999938e-01 2.374148368835449219e+00
4.889149999999999885e-01 2.379323005676269531e+00
4.916070000000000162e-01 2.379323005676269531e+00
4.944459999999999966e-01 2.379323005676269531e+00
4.971110000000000251e-01 2.384497642517089844e+00
4.996849999999999903e-01 2.384497642517089844e+00
5.023769999999999625e-01 2.384497642517089844e+00
5.052069999999999617e-01 2.384497642517089844e+00
5.080339999999999856e-01 2.384497642517089844e+00
5.110069999999999890e-01 2.384497642517089844e+00
5.166539999999999466e-01 2.384497642517089844e+00
5.195990000000000331e-01 2.384497642517089844e+00
5.224849999999999772e-01 2.384497642517089844e+00
5.251419999999999977e-01 2.389671325683593750e+00
5.278300000000000214e-01 2.384497642517089844e+00
5.305079999999999796e-01 2.384497642517089844e+00
5.331970000000000320e-01 2.384497642517089844e+00
5.358779999999999655e-01 2.384497642517089844e+00
5.385600000000000387e-01 2.384497642517089844e+00
5.410890000000000422e-01 2.389671325683593750e+00
5.438020000000000076e-01 2.384497642517089844e+00
5.466170000000000195e-01 2.384497642517089844e+00
5.492970000000000352e-01 2.384497642517089844e+00
5.520040000000000502e-01 2.379323005676269531e+00
5.548250000000000126e-01 2.379323005676269531e+00
5.575090000000000323e-01 2.379323005676269531e+00
5.601939999999999698e-01 2.374148368835449219e+00
5.628769999999999607e-01 2.374148368835449219e+00
5.655729999999999924e-01 2.379323005676269531e+00
5.681049999999999711e-01 2.374148368835449219e+00
5.707900000000000196e-01 2.374148368835449219e+00
5.736160000000000148e-01 2.379323005676269531e+00
5.763249999999999762e-01 2.374148368835449219e+00
5.790030000000000454e-01 2.374148368835449219e+00
5.818510000000000071e-01 2.379323005676269531e+00
5.845089999999999453e-01 2.379323005676269531e+00
5.872089999999999810e-01 2.374148368835449219e+00
5.898719999999999519e-01 2.379323005676269531e+00
5.925839999999999996e-01 2.379323005676269531e+00
5.954380000000000228e-01 2.379323005676269531e+00
5.981189999999999563e-01 2.384497642517089844e+00
6.008219999999999672e-01 2.384497642517089844e+00
6.034899999999999709e-01 2.384497642517089844e+00
6.061739999999999906e-01 2.384497642517089844e+00
6.087010000000000476e-01 2.389671325683593750e+00
6.113669999999999938e-01 2.384497642517089844e+00
6.142330000000000290e-01 2.384497642517089844e+00
6.169289999999999496e-01 2.389671325683593750e+00
6.196000000000000396e-01 2.384497642517089844e+00
6.224399999999999933e-01 2.384497642517089844e+00
6.278740000000000432e-01 2.384497642517089844e+00
6.305420000000000469e-01 2.384497642517089844e+00
6.332630000000000203e-01 2.389671325683593750e+00
6.359339999999999993e-01 2.384497642517089844e+00
6.386140000000000150e-01 2.384497642517089844e+00
6.412940000000000307e-01 2.384497642517089844e+00
6.440080000000000249e-01 2.379323005676269531e+00
6.468260000000000121e-01 2.374148368835449219e+00
6.495300000000000518e-01 2.374148368835449219e+00
6.522179999999999644e-01 2.374148368835449219e+00
6.550550000000000539e-01 2.379323005676269531e+00
6.577359999999999873e-01 2.379323005676269531e+00
6.604090000000000238e-01 2.379323005676269531e+00
6.630859999999999532e-01 2.374148368835449219e+00
6.657699999999999729e-01 2.374148368835449219e+00
6.683019999999999516e-01 2.374148368835449219e+00
6.709889999999999466e-01 2.374148368835449219e+00
6.738450000000000273e-01 2.379323005676269531e+00
6.765130000000000310e-01 2.374148368835449219e+00
6.792000000000000259e-01 2.379323005676269531e+00
6.819020000000000081e-01 2.379323005676269531e+00
6.845679999999999543e-01 2.379323005676269531e+00
6.870950000000000113e-01 2.379323005676269531e+00
6.897830000000000350e-01 2.379323005676269531e+00
6.925139999999999629e-01 2.379323005676269531e+00
6.951810000000000489e-01 2.384497642517089844e+00
6.980250000000000066e-01 2.384497642517089844e+00
7.007079999999999975e-01 2.384497642517089844e+00
7.033970000000000500e-01 2.384497642517089844e+00
7.060779999999999834e-01 2.384497642517089844e+00
7.087590000000000279e-01 2.384497642517089844e+00
7.115930000000000311e-01 2.384497642517089844e+00
7.143009999999999637e-01 2.384497642517089844e+00
7.169900000000000162e-01 2.384497642517089844e+00
7.198080000000000034e-01 2.384497642517089844e+00
7.224949999999999983e-01 2.384497642517089844e+00
7.251729999999999565e-01 2.379323005676269531e+00
7.277120000000000255e-01 2.379323005676269531e+00
7.303929999999999589e-01 2.384497642517089844e+00
7.330710000000000282e-01 2.379323005676269531e+00
7.382940000000000058e-01 2.384497642517089844e+00
7.411750000000000282e-01 2.384497642517089844e+00
7.440609999999999724e-01 2.379323005676269531e+00
7.467260000000000009e-01 2.379323005676269531e+00
7.494229999999999503e-01 2.379323005676269531e+00
7.520989999999999620e-01 2.374148368835449219e+00
7.547800000000000065e-01 2.379323005676269531e+00
7.576209999999999889e-01 2.379323005676269531e+00
7.603309999999999791e-01 2.374148368835449219e+00
7.629869999999999708e-01 2.374148368835449219e+00
7.656870000000000065e-01 2.379323005676269531e+00
7.683510000000000062e-01 2.379323005676269531e+00
7.708949999999999969e-01 2.379323005676269531e+00
7.735859999999999959e-01 2.379323005676269531e+00
7.764079999999999870e-01 2.379323005676269531e+00
7.790829999999999700e-01 2.379323005676269531e+00
7.818060000000000009e-01 2.384497642517089844e+00
7.846100000000000296e-01 2.379323005676269531e+00
7.873229999999999951e-01 2.379323005676269531e+00
7.900120000000000475e-01 2.379323005676269531e+00
7.926969999999999850e-01 2.379323005676269531e+00
7.953860000000000374e-01 2.384497642517089844e+00
7.980650000000000244e-01 2.384497642517089844e+00
8.007450000000000401e-01 2.384497642517089844e+00
8.032780000000000475e-01 2.384497642517089844e+00
8.059549999999999770e-01 2.384497642517089844e+00
8.112749999999999684e-01 2.384497642517089844e+00
8.190380000000000438e-01 2.384497642517089844e+00
8.233540000000000303e-01 2.384497642517089844e+00
8.262190000000000367e-01 2.384497642517089844e+00
8.288780000000000037e-01 2.384497642517089844e+00
8.318219999999999503e-01 2.384497642517089844e+00
8.345559999999999645e-01 2.384497642517089844e+00
8.372579999999999467e-01 2.384497642517089844e+00
8.399400000000000199e-01 2.384497642517089844e+00
8.426139999999999741e-01 2.379323005676269531e+00
8.453800000000000203e-01 2.379323005676269531e+00
8.573110000000000452e-01 2.379323005676269531e+00
8.632549999999999946e-01 2.374148368835449219e+00
8.722659999999999858e-01 2.379323005676269531e+00
8.821529999999999649e-01 2.379323005676269531e+00
8.852240000000000109e-01 2.379323005676269531e+00
8.879160000000000386e-01 2.384497642517089844e+00
8.906190000000000495e-01 2.379323005676269531e+00
8.934680000000000399e-01 2.384497642517089844e+00
8.961289999999999534e-01 2.379323005676269531e+00
8.988129999999999731e-01 2.384497642517089844e+00
9.015929999999999778e-01 2.379323005676269531e+00
9.043379999999999752e-01 2.384497642517089844e+00
9.070279999999999454e-01 2.384497642517089844e+00
9.096999999999999531e-01 2.384497642517089844e+00
9.124079999999999968e-01 2.384497642517089844e+00
9.152080000000000215e-01 2.389671325683593750e+00
9.179140000000000077e-01 2.384497642517089844e+00
9.205959999999999699e-01 2.384497642517089844e+00
9.234520000000000506e-01 2.384497642517089844e+00
9.261209999999999720e-01 2.384497642517089844e+00
9.288030000000000452e-01 2.384497642517089844e+00
9.315470000000000139e-01 2.384497642517089844e+00
9.341709999999999736e-01 2.384497642517089844e+00
9.366980000000000306e-01 2.384497642517089844e+00
9.394040000000000168e-01 2.389671325683593750e+00
9.422469999999999457e-01 2.384497642517089844e+00
9.449049999999999949e-01 2.384497642517089844e+00
9.476080000000000059e-01 2.384497642517089844e+00
9.502709999999999768e-01 2.379323005676269531e+00
9.534289999999999710e-01 2.379323005676269531e+00
9.583939999999999682e-01 2.379323005676269531e+00
9.612829999999999986e-01 2.384497642517089844e+00
9.642439999999999900e-01 2.467290878295898438e+00
9.669370000000000465e-01 3.517732620239257812e+00
9.696230000000000127e-01 4.780333518981933594e+00
9.724509999999999543e-01 4.785508155822753906e+00
9.751469999999999860e-01 4.780333518981933594e+00
9.777379999999999960e-01 4.785508155822753906e+00
9.805279999999999552e-01 4.785508155822753906e+00
9.832180000000000364e-01 4.780333518981933594e+00
9.858930000000000193e-01 4.780333518981933594e+00
9.885739999999999528e-01 4.780333518981933594e+00
9.922879999999999479e-01 4.785508155822753906e+00
9.949470000000000258e-01 4.785508155822753906e+00
9.974929999999999630e-01 4.785508155822753906e+00
1.000159999999999938e+00 4.785508155822753906e+00
1.003166000000000002e+00 4.785508155822753906e+00
1.007141999999999982e+00 4.785508155822753906e+00
1.011098999999999970e+00 4.785508155822753906e+00
1.015111000000000097e+00 4.785508155822753906e+00
1.019166999999999934e+00 4.785508155822753906e+00
1.023188999999999904e+00 4.785508155822753906e+00
1.027144000000000057e+00 4.381890296936035156e+00
1.031090000000000062e+00 1.530689239501953125e+00
1.035077000000000025e+00 1.468594551086425781e+00
1.039069999999999938e+00 1.530689239501953125e+00
1.043136999999999981e+00 1.566911697387695312e+00
1.047141000000000099e+00 1.597959518432617188e+00
1.051091999999999915e+00 1.634181022644042969e+00
1.055066000000000059e+00 1.660054206848144531e+00
1.059036000000000088e+00 1.685927391052246094e+00
1.065687999999999969e+00 1.696276664733886719e+00
1.069730999999999987e+00 1.696276664733886719e+00
1.073828999999999922e+00 1.696276664733886719e+00
1.077811000000000075e+00 1.680752754211425781e+00
1.081879999999999953e+00 1.665228843688964844e+00
1.085884000000000071e+00 1.660054206848144531e+00
1.089863000000000026e+00 1.649704933166503906e+00
1.093941999999999970e+00 1.660054206848144531e+00
1.097949999999999982e+00 4.387064933776855469e+00
1.102014999999999967e+00 1.773895263671875000e+00
1.106009000000000020e+00 1.696276664733886719e+00
1.110025000000000039e+00 1.675578117370605469e+00
1.114111999999999991e+00 1.680752754211425781e+00
1.118141000000000052e+00 1.691102027893066406e+00
1.122222999999999971e+00 1.701451301574707031e+00
1.126227000000000089e+00 1.706625938415527344e+00
1.130233999999999961e+00 2.068846702575683594e+00
1.134311999999999987e+00 1.737672805786132812e+00
1.138325999999999949e+00 1.732498168945312500e+00
1.142430000000000057e+00 1.716974258422851562e+00
1.146454000000000084e+00 1.691102027893066406e+00
1.150503999999999971e+00 1.675578117370605469e+00
1.154565999999999981e+00 1.670403480529785156e+00
1.158603000000000049e+00 1.665228843688964844e+00
1.162635000000000085e+00 1.660054206848144531e+00
1.166676000000000046e+00 1.660054206848144531e+00
1.171292000000000000e+00 1.665228843688964844e+00
1.177793000000000090e+00 3.543605804443359375e+00
1.181915999999999967e+00 1.763545989990234375e+00
1.185999999999999943e+00 1.768720626831054688e+00
1.190061000000000035e+00 1.768720626831054688e+00
1.194228999999999985e+00 1.763545989990234375e+00
1.198282999999999987e+00 1.763545989990234375e+00
1.202442000000000011e+00 1.758371353149414062e+00
1.206504999999999939e+00 1.758371353149414062e+00
1.210561999999999916e+00 1.753196716308593750e+00
1.214647999999999950e+00 1.748022079467773438e+00
1.218741000000000074e+00 1.815292358398437500e+00
1.222855000000000025e+00 1.427197456359863281e+00
1.226922000000000068e+00 1.365102767944335938e+00
1.231011000000000077e+00 1.318531036376953125e+00
1.235090000000000021e+00 1.313356399536132812e+00
1.239158999999999899e+00 1.328880310058593750e+00
1.243230999999999975e+00 1.085674285888671875e+00
1.247311999999999976e+00 1.623831748962402344e+00
1.251411999999999969e+00 1.535863876342773438e+00
1.255484000000000044e+00 1.494466781616210938e+00
1.259555999999999898e+00 1.489292144775390625e+00
1.263743999999999978e+00 1.499641418457031250e+00
1.267840999999999996e+00 1.504816055297851562e+00
1.271991000000000094e+00 1.515165328979492188e+00
1.276081000000000021e+00 1.520339965820312500e+00
1.280197999999999947e+00 1.525514602661132812e+00
1.287095000000000100e+00 1.530689239501953125e+00
1.291244999999999976e+00 2.389671325683593750e+00
1.295393000000000017e+00 1.639355659484863281e+00
1.299495999999999984e+00 1.551387786865234375e+00
1.303704999999999892e+00 1.504816055297851562e+00
1.307841000000000031e+00 1.494466781616210938e+00
1.312035000000000062e+00 1.494466781616210938e+00
1.316154000000000046e+00 1.499641418457031250e+00
1.320295999999999914e+00 1.499641418457031250e+00
1.324508000000000019e+00 1.509990692138671875e+00
1.328667999999999960e+00 1.566911697387695312e+00
1.332837000000000049e+00 1.644530296325683594e+00
1.336972999999999967e+00 1.706625938415527344e+00
1.341161999999999965e+00 1.639355659484863281e+00
1.345302999999999916e+00 1.597959518432617188e+00
1.349498000000000086e+00 1.577260971069335938e+00
1.353728000000000042e+00 1.566911697387695312e+00
1.357901000000000025e+00 1.566911697387695312e+00
1.362128999999999923e+00 1.561737060546875000e+00
1.366298000000000012e+00 1.561737060546875000e+00
1.370454000000000061e+00 1.556562423706054688e+00
1.374611000000000027e+00 1.561737060546875000e+00
1.378773000000000026e+00 1.597959518432617188e+00
1.382980000000000098e+00 2.850210189819335938e+00
1.387161000000000088e+00 1.727323532104492188e+00
1.391305999999999932e+00 1.685927391052246094e+00
1.395528000000000102e+00 1.634181022644042969e+00
1.403939000000000048e+00 1.577260971069335938e+00
1.408114000000000088e+00 1.561737060546875000e+00
1.412384000000000084e+00 1.556562423706054688e+00
1.416589000000000098e+00 1.592784881591796875e+00
1.420784999999999965e+00 1.013230323791503906e+00
1.424978000000000078e+00 1.810117721557617188e+00
1.429208999999999952e+00 1.737672805786132812e+00
1.433429999999999982e+00 1.691102027893066406e+00
1.437624000000000013e+00 1.654879570007324219e+00
1.441891000000000034e+00 1.629006385803222656e+00
1.446096000000000048e+00 1.603133201599121094e+00
1.450321999999999889e+00 1.587610244750976562e+00
1.454588999999999910e+00 1.572086334228515625e+00
1.458782999999999941e+00 1.566911697387695312e+00
1.463027999999999995e+00 1.556562423706054688e+00
1.467232000000000092e+00 1.556562423706054688e+00
1.471438999999999941e+00 1.551387786865234375e+00
1.475684999999999913e+00 1.551387786865234375e+00
1.479915000000000092e+00 1.541038513183593750e+00
1.484223999999999988e+00 1.541038513183593750e+00
1.488439000000000068e+00 1.535863876342773438e+00
1.492674999999999974e+00 1.530689239501953125e+00
1.496934999999999905e+00 1.535863876342773438e+00
1.501162000000000107e+00 1.561737060546875000e+00
1.505439999999999889e+00 1.654879570007324219e+00
1.512389999999999901e+00 4.578524589538574219e+00
1.516737000000000002e+00 1.737672805786132812e+00
1.521003000000000105e+00 1.825640678405761719e+00
1.525268000000000068e+00 1.784244537353515625e+00
1.529541000000000039e+00 1.732498168945312500e+00
1.533878000000000075e+00 1.711799621582031250e+00
1.537050000000000027e+00 1.691102027893066406e+00
1.540755000000000097e+00 1.680752754211425781e+00
1.545072000000000001e+00 1.660054206848144531e+00
1.549371999999999971e+00 1.654879570007324219e+00
1.553711999999999982e+00 1.644530296325683594e+00
1.557979999999999920e+00 1.639355659484863281e+00
1.562332999999999972e+00 1.639355659484863281e+00
1.566604000000000108e+00 1.639355659484863281e+00
1.570880999999999972e+00 1.665228843688964844e+00
1.575179000000000107e+00 4.495731353759765625e+00
1.579455000000000053e+00 1.670403480529785156e+00
1.583812999999999915e+00 1.561737060546875000e+00
1.588105000000000100e+00 1.515165328979492188e+00
1.592481999999999953e+00 1.489292144775390625e+00
1.596769000000000105e+00 1.473769187927246094e+00
1.601121000000000016e+00 1.463419914245605469e+00
1.605431999999999970e+00 1.504816055297851562e+00
1.609763999999999973e+00 1.639355659484863281e+00
1.614177999999999891e+00 1.639355659484863281e+00
1.618703999999999921e+00 1.566911697387695312e+00
1.625672000000000006e+00 1.530689239501953125e+00
1.630060000000000064e+00 1.504816055297851562e+00
1.634498000000000006e+00 1.499641418457031250e+00
1.638803999999999927e+00 1.489292144775390625e+00
1.643146999999999913e+00 1.484118461608886719e+00
1.647470999999999908e+00 1.473769187927246094e+00
1.651893000000000056e+00 1.468594551086425781e+00
1.656223999999999918e+00 1.468594551086425781e+00
1.660552999999999946e+00 1.468594551086425781e+00
1.664873999999999965e+00 1.494466781616210938e+00
1.669194000000000067e+00 1.918784141540527344e+00
1.673613000000000017e+00 1.867037773132324219e+00
1.678050000000000042e+00 1.701451301574707031e+00
1.682542999999999900e+00 1.654879570007324219e+00
1.686970999999999998e+00 1.629006385803222656e+00
1.691400000000000015e+00 1.618657112121582031e+00
1.695880000000000054e+00 1.613482475280761719e+00
1.700293999999999972e+00 1.613482475280761719e+00
1.704796999999999896e+00 1.608307838439941406e+00
1.709241000000000010e+00 1.618657112121582031e+00
1.713705999999999952e+00 1.618657112121582031e+00
1.718132999999999910e+00 1.623831748962402344e+00
1.722658999999999940e+00 1.675578117370605469e+00
1.727109000000000005e+00 4.764809608459472656e+00
1.731624000000000052e+00 1.748022079467773438e+00
1.740537999999999919e+00 1.691102027893066406e+00
1.744892000000000110e+00 1.613482475280761719e+00
1.749354999999999993e+00 1.597959518432617188e+00
1.753673999999999955e+00 1.582435607910156250e+00
1.757455999999999907e+00 1.582435607910156250e+00
1.761227000000000098e+00 1.577260971069335938e+00
1.765039999999999942e+00 1.577260971069335938e+00
1.768839999999999968e+00 1.577260971069335938e+00
1.772631999999999985e+00 1.572086334228515625e+00
1.776427999999999896e+00 1.572086334228515625e+00
1.780235000000000012e+00 1.572086334228515625e+00
1.783217000000000052e+00 1.572086334228515625e+00
1.786353000000000080e+00 1.572086334228515625e+00
1.790151999999999965e+00 1.582435607910156250e+00
1.794062999999999963e+00 1.742847442626953125e+00
1.797870999999999997e+00 2.177513122558593750e+00
1.801736999999999922e+00 3.936875343322753906e+00
1.805539000000000005e+00 1.846339225769042969e+00
1.809344000000000063e+00 1.846339225769042969e+00
1.813220000000000054e+00 1.794593811035156250e+00
1.821428999999999965e+00 1.716974258422851562e+00
1.830823000000000089e+00 1.691102027893066406e+00
1.834032000000000107e+00 1.665228843688964844e+00
1.837215999999999960e+00 1.660054206848144531e+00
1.841042000000000067e+00 1.660054206848144531e+00
1.844924999999999926e+00 1.654879570007324219e+00
1.851128000000000107e+00 8.786907196044921875e-01
1.858646000000000020e+00 1.649704933166503906e+00
1.862384999999999957e+00 1.608307838439941406e+00
1.868500000000000050e+00 1.551387786865234375e+00
1.876325999999999938e+00 1.520339965820312500e+00
1.884263999999999939e+00 1.499641418457031250e+00
1.887261000000000077e+00 1.494466781616210938e+00
1.890460999999999947e+00 1.494466781616210938e+00
1.894363000000000019e+00 1.489292144775390625e+00
1.898203000000000085e+00 1.489292144775390625e+00
1.901213999999999960e+00 1.484118461608886719e+00
1.904479999999999951e+00 1.478943824768066406e+00
1.908334999999999892e+00 1.478943824768066406e+00
1.912266999999999939e+00 1.473769187927246094e+00
1.916128000000000053e+00 1.478943824768066406e+00
1.919977000000000045e+00 1.587610244750976562e+00
1.923947999999999992e+00 2.234434127807617188e+00
1.927796000000000065e+00 2.979575157165527344e+00
1.931735999999999898e+00 1.825640678405761719e+00
1.935599000000000069e+00 1.799768447875976562e+00
1.939456000000000069e+00 1.753196716308593750e+00
1.942417000000000060e+00 1.716974258422851562e+00
1.945608999999999922e+00 1.696276664733886719e+00
1.949470999999999954e+00 1.670403480529785156e+00
1.952460000000000084e+00 1.649704933166503906e+00
1.955680000000000085e+00 1.634181022644042969e+00
1.959553000000000100e+00 1.597959518432617188e+00
1.963511999999999924e+00 1.592784881591796875e+00
1.969311000000000034e+00 1.685927391052246094e+00
1.973065000000000069e+00 1.696276664733886719e+00
1.976069999999999993e+00 1.375451087951660156e+00
1.979387999999999925e+00 9.045639038085937500e-01
1.983292999999999973e+00 3.508825302124023438e-01
1.987174999999999914e+00 7.389764785766601562e-01
1.991052000000000044e+00 1.773895263671875000e+00
1.994941999999999993e+00 2.560433387756347656e+00
1.998823999999999934e+00 2.876083374023437500e+00
2.001828000000000163e+00 2.317227363586425781e+00
2.005053999999999892e+00 3.103765487670898438e+00
2.008951000000000153e+00 3.300399780273437500e+00
2.012877000000000027e+00 2.777766227722167969e+00
2.016774999999999984e+00 1.711799621582031250e+00
2.020674000000000081e+00 1.251261711120605469e+00
2.024621999999999922e+00 1.546213150024414062e+00
2.028531000000000084e+00 1.841164588928222656e+00
2.032455999999999818e+00 2.089545249938964844e+00
2.036364999999999981e+00 2.296528816223144531e+00
2.040268000000000193e+00 2.312052726745605469e+00
2.044309000000000154e+00 2.265481948852539062e+00
2.048216000000000037e+00 2.239608764648437500e+00
2.051228000000000051e+00 2.244783401489257812e+00
2.054549000000000181e+00 2.275830268859863281e+00
2.058479000000000170e+00 2.291354179382324219e+00
2.062396999999999814e+00 2.286179542541503906e+00
2.066323999999999828e+00 2.291354179382324219e+00
2.070232999999999990e+00 2.286179542541503906e+00
2.074641999999999875e+00 2.286179542541503906e+00
2.080276000000000014e+00 2.286179542541503906e+00
2.084265999999999952e+00 2.286179542541503906e+00
2.088188999999999851e+00 2.286179542541503906e+00
2.091235999999999873e+00 2.291354179382324219e+00
2.094565999999999928e+00 2.291354179382324219e+00
2.098501000000000172e+00 2.296528816223144531e+00
2.102428999999999881e+00 2.291354179382324219e+00
2.106357000000000035e+00 2.296528816223144531e+00
2.109408000000000172e+00 2.296528816223144531e+00
2.112678999999999974e+00 2.296528816223144531e+00
2.116624999999999979e+00 2.296528816223144531e+00
2.119601999999999986e+00 2.296528816223144531e+00
2.122888999999999804e+00 2.296528816223144531e+00
2.126853000000000105e+00 2.296528816223144531e+00
2.130802000000000085e+00 2.296528816223144531e+00
2.134757000000000016e+00 2.296528816223144531e+00
2.137814999999999799e+00 2.296528816223144531e+00
2.141097999999999946e+00 2.296528816223144531e+00
2.145055999999999852e+00 2.291354179382324219e+00
2.149026000000000103e+00 2.291354179382324219e+00
2.152089999999999836e+00 2.286179542541503906e+00
2.155384999999999884e+00 2.286179542541503906e+00
2.159359999999999946e+00 2.286179542541503906e+00
2.162424999999999820e+00 2.281004905700683594e+00
2.165748999999999924e+00 2.286179542541503906e+00
2.169718000000000035e+00 2.286179542541503906e+00
2.173753000000000046e+00 2.286179542541503906e+00
2.177719999999999878e+00 2.286179542541503906e+00
2.181745999999999963e+00 2.286179542541503906e+00
2.184806000000000026e+00 2.286179542541503906e+00
2.191021000000000107e+00 2.291354179382324219e+00
2.194571999999999967e+00 2.291354179382324219e+00
2.198548000000000169e+00 2.296528816223144531e+00
2.202542000000000222e+00 2.296528816223144531e+00
2.206513000000000169e+00 2.296528816223144531e+00
2.210494000000000181e+00 2.296528816223144531e+00
2.214491999999999905e+00 2.296528816223144531e+00
2.218466999999999967e+00 2.296528816223144531e+00
2.222452999999999790e+00 2.296528816223144531e+00
2.226491999999999916e+00 2.296528816223144531e+00
2.230488999999999944e+00 2.296528816223144531e+00
2.234490999999999783e+00 2.301703453063964844e+00
2.238466999999999985e+00 2.296528816223144531e+00
2.242480000000000029e+00 2.296528816223144531e+00
2.246475000000000222e+00 2.286179542541503906e+00
2.250481000000000176e+00 2.286179542541503906e+00
2.254497999999999891e+00 2.286179542541503906e+00
2.258506999999999820e+00 2.286179542541503906e+00
2.262518000000000029e+00 2.286179542541503906e+00
2.266545999999999950e+00 2.286179542541503906e+00
2.270547000000000093e+00 2.281004905700683594e+00
2.273610000000000131e+00 2.286179542541503906e+00
2.276961000000000013e+00 2.286179542541503906e+00
2.280050999999999828e+00 2.286179542541503906e+00
2.283405000000000129e+00 2.291354179382324219e+00
2.287418999999999869e+00 2.291354179382324219e+00
2.291443000000000119e+00 2.291354179382324219e+00
2.295471000000000039e+00 2.296528816223144531e+00
2.301524999999999821e+00 2.296528816223144531e+00
2.304415999999999798e+00 2.296528816223144531e+00
2.307793000000000205e+00 2.301703453063964844e+00
2.311892999999999976e+00 2.296528816223144531e+00
2.315913999999999806e+00 2.296528816223144531e+00
2.319945999999999842e+00 2.291354179382324219e+00
2.324041999999999941e+00 2.291354179382324219e+00
2.328097000000000083e+00 2.291354179382324219e+00
2.331201000000000079e+00 2.296528816223144531e+00
2.334726999999999997e+00 2.296528816223144531e+00
2.338764999999999983e+00 2.291354179382324219e+00
2.341874999999999929e+00 2.296528816223144531e+00
2.345256000000000007e+00 2.291354179382324219e+00
2.349302999999999919e+00 2.286179542541503906e+00
2.353364000000000011e+00 2.281004905700683594e+00
2.356433000000000000e+00 2.281004905700683594e+00
2.359811999999999799e+00 2.286179542541503906e+00
2.363935000000000120e+00 2.286179542541503906e+00
2.367993999999999932e+00 2.286179542541503906e+00
2.372104999999999908e+00 2.291354179382324219e+00
2.375221999999999944e+00 2.286179542541503906e+00
2.378619000000000039e+00 2.286179542541503906e+00
2.382690000000000197e+00 2.291354179382324219e+00
2.386753000000000124e+00 2.286179542541503906e+00
2.390810000000000102e+00 2.291354179382324219e+00
2.394896000000000136e+00 2.291354179382324219e+00
2.398975000000000080e+00 2.296528816223144531e+00
2.401978000000000169e+00 2.291354179382324219e+00
2.405424000000000007e+00 2.291354179382324219e+00
2.409977000000000036e+00 2.291354179382324219e+00
2.415668999999999844e+00 2.291354179382324219e+00
2.419773999999999869e+00 2.291354179382324219e+00
2.423941000000000123e+00 2.291354179382324219e+00
2.428078999999999876e+00 2.291354179382324219e+00
2.432227000000000139e+00 2.291354179382324219e+00
2.436334000000000000e+00 2.291354179382324219e+00
2.440421999999999869e+00 2.291354179382324219e+00
2.444620000000000015e+00 2.291354179382324219e+00
2.448723000000000205e+00 2.291354179382324219e+00
2.451849999999999863e+00 2.291354179382324219e+00
2.455299999999999816e+00 2.286179542541503906e+00
2.459964999999999957e+00 2.291354179382324219e+00
2.465002000000000137e+00 2.286179542541503906e+00
2.469914999999999861e+00 2.286179542541503906e+00
2.474921000000000149e+00 2.291354179382324219e+00
2.479848000000000052e+00 2.291354179382324219e+00
2.484868000000000077e+00 2.286179542541503906e+00
2.489812000000000136e+00 2.281004905700683594e+00
2.494816999999999840e+00 2.286179542541503906e+00
2.499744999999999884e+00 2.291354179382324219e+00
2.504773000000000138e+00 2.291354179382324219e+00
2.509701999999999877e+00 2.291354179382324219e+00
2.514740999999999893e+00 2.291354179382324219e+00
2.519963999999999871e+00 2.286179542541503906e+00
2.527594000000000118e+00 2.291354179382324219e+00
2.532636000000000109e+00 2.296528816223144531e+00
2.537596000000000185e+00 2.291354179382324219e+00
2.542612999999999790e+00 2.291354179382324219e+00
2.547568000000000055e+00 2.286179542541503906e+00
2.552608999999999906e+00 2.286179542541503906e+00
2.557660999999999962e+00 2.286179542541503906e+00
2.561872000000000149e+00 2.286179542541503906e+00
2.566021999999999803e+00 2.286179542541503906e+00
2.570151000000000074e+00 2.281004905700683594e+00
2.574371000000000187e+00 2.281004905700683594e+00
2.578498000000000179e+00 2.281004905700683594e+00
2.581656999999999869e+00 2.281004905700683594e+00
2.585160999999999820e+00 2.281004905700683594e+00
2.589313999999999893e+00 2.275830268859863281e+00
2.592468999999999912e+00 2.286179542541503906e+00
2.595994999999999830e+00 2.291354179382324219e+00
2.600159999999999805e+00 2.291354179382324219e+00
2.604379000000000222e+00 2.286179542541503906e+00
2.608534000000000130e+00 2.291354179382324219e+00
2.612699999999999800e+00 2.286179542541503906e+00
2.616861000000000104e+00 2.291354179382324219e+00
2.620026000000000188e+00 2.291354179382324219e+00
2.623616000000000170e+00 2.291354179382324219e+00
2.627772000000000219e+00 2.291354179382324219e+00
2.633847999999999967e+00 2.291354179382324219e+00
2.637863999999999987e+00 2.291354179382324219e+00
2.642096000000000000e+00 2.296528816223144531e+00
2.646287000000000056e+00 2.286179542541503906e+00
2.650466000000000211e+00 2.286179542541503906e+00
2.653617999999999810e+00 2.281004905700683594e+00
2.657172000000000089e+00 2.286179542541503906e+00
2.661359000000000030e+00 2.281004905700683594e+00
2.665541999999999856e+00 2.281004905700683594e+00
2.669723999999999986e+00 2.281004905700683594e+00
2.674001000000000072e+00 2.281004905700683594e+00
2.678195999999999799e+00 2.281004905700683594e+00
2.682472000000000190e+00 2.281004905700683594e+00
2.686662000000000106e+00 2.275830268859863281e+00
2.690853000000000161e+00 2.281004905700683594e+00
2.695062000000000069e+00 2.286179542541503906e+00
2.699272000000000116e+00 2.291354179382324219e+00
2.703466999999999842e+00 2.291354179382324219e+00
2.706621000000000166e+00 2.296528816223144531e+00
2.710176999999999836e+00 2.296528816223144531e+00
2.714449000000000112e+00 2.296528816223144531e+00
2.718655000000000044e+00 2.291354179382324219e+00
2.722868000000000066e+00 2.291354179382324219e+00
2.726021999999999945e+00 2.291354179382324219e+00
2.729677000000000131e+00 2.296528816223144531e+00
2.732765999999999806e+00 2.291354179382324219e+00
2.736365000000000158e+00 2.291354179382324219e+00
2.740657000000000121e+00 2.291354179382324219e+00
2.746157999999999877e+00 2.281004905700683594e+00
2.749155000000000015e+00 2.281004905700683594e+00
2.752781999999999840e+00 2.275830268859863281e+00
2.757019999999999804e+00 2.281004905700683594e+00
2.761252999999999957e+00 2.281004905700683594e+00
2.765508000000000077e+00 2.281004905700683594e+00
2.769738999999999951e+00 2.275830268859863281e+00
2.774087000000000192e+00 2.281004905700683594e+00
2.777139000000000024e+00 2.281004905700683594e+00
2.780750999999999973e+00 2.281004905700683594e+00
2.785019000000000133e+00 2.281004905700683594e+00
2.789251000000000147e+00 2.281004905700683594e+00
2.793509999999999938e+00 2.291354179382324219e+00
2.797746000000000066e+00 2.291354179382324219e+00
2.802055999999999880e+00 2.286179542541503906e+00
2.806318000000000090e+00 2.291354179382324219e+00
2.810543000000000013e+00 2.291354179382324219e+00
2.817178000000000182e+00 2.291354179382324219e+00
2.825028999999999790e+00 2.291354179382324219e+00
2.829504000000000019e+00 2.286179542541503906e+00
2.832643000000000022e+00 2.286179542541503906e+00
2.838054000000000077e+00 2.286179542541503906e+00
2.842232000000000092e+00 2.291354179382324219e+00
2.845454999999999846e+00 2.281004905700683594e+00
2.849101000000000106e+00 2.275830268859863281e+00
2.855592000000000130e+00 2.275830268859863281e+00
2.863841999999999999e+00 2.281004905700683594e+00
2.868126000000000175e+00 2.281004905700683594e+00
2.872488999999999848e+00 2.281004905700683594e+00
2.878639999999999866e+00 2.286179542541503906e+00
2.884400999999999993e+00 2.286179542541503906e+00
2.893847000000000058e+00 2.286179542541503906e+00
2.898893000000000164e+00 2.291354179382324219e+00
2.903198999999999863e+00 2.291354179382324219e+00
2.907474999999999810e+00 2.291354179382324219e+00
2.911827000000000165e+00 2.286179542541503906e+00
2.916107999999999922e+00 2.286179542541503906e+00
2.920395000000000074e+00 2.286179542541503906e+00
2.924790999999999919e+00 2.286179542541503906e+00
2.929088000000000136e+00 2.286179542541503906e+00
2.933409000000000155e+00 2.286179542541503906e+00
2.937708999999999904e+00 2.286179542541503906e+00
2.942079000000000111e+00 2.286179542541503906e+00
2.946363999999999983e+00 2.281004905700683594e+00
2.950666000000000011e+00 2.281004905700683594e+00
2.955001999999999907e+00 2.281004905700683594e+00
2.958225000000000104e+00 2.281004905700683594e+00
2.961946999999999885e+00 2.281004905700683594e+00
2.966254000000000168e+00 2.286179542541503906e+00
2.970565000000000122e+00 2.286179542541503906e+00
2.976773000000000113e+00 2.286179542541503906e+00
2.980410000000000004e+00 2.281004905700683594e+00
2.984215999999999980e+00 2.281004905700683594e+00
2.988535999999999859e+00 2.281004905700683594e+00
2.992862999999999829e+00 2.281004905700683594e+00
2.997180000000000177e+00 2.291354179382324219e+00
3.001562999999999981e+00 2.286179542541503906e+00
3.005905999999999967e+00 2.281004905700683594e+00
3.010212000000000110e+00 2.286179542541503906e+00
3.014699999999999935e+00 2.286179542541503906e+00
3.019047000000000036e+00 2.286179542541503906e+00
3.023397000000000112e+00 2.286179542541503906e+00
3.027728999999999893e+00 2.286179542541503906e+00
3.032115999999999811e+00 2.291354179382324219e+00
3.036474000000000117e+00 2.291354179382324219e+00
3.040811999999999848e+00 2.291354179382324219e+00
3.045173999999999825e+00 2.286179542541503906e+00
3.049525000000000041e+00 2.281004905700683594e+00
3.052846999999999866e+00 2.281004905700683594e+00
3.055530000000000079e+00 2.281004905700683594e+00
3.058051999999999992e+00 2.286179542541503906e+00
3.060741999999999852e+00 2.281004905700683594e+00
3.063419000000000114e+00 2.281004905700683594e+00
3.067187000000000108e+00 2.281004905700683594e+00
3.071607999999999894e+00 2.281004905700683594e+00
3.074847999999999804e+00 2.281004905700683594e+00
3.077408999999999839e+00 2.281004905700683594e+00
3.080092000000000052e+00 2.281004905700683594e+00
3.085875000000000146e+00 2.275830268859863281e+00
3.090088999999999864e+00 2.275830268859863281e+00
3.094552000000000191e+00 2.281004905700683594e+00
3.098911999999999889e+00 2.286179542541503906e+00
3.103304000000000062e+00 2.286179542541503906e+00
3.107671999999999990e+00 2.286179542541503906e+00
3.112106999999999957e+00 2.286179542541503906e+00
3.116489000000000065e+00 2.286179542541503906e+00
3.120865999999999918e+00 2.291354179382324219e+00
3.125259999999999927e+00 2.291354179382324219e+00
3.129642000000000035e+00 2.291354179382324219e+00
3.134151999999999827e+00 2.291354179382324219e+00
3.138554000000000066e+00 2.291354179382324219e+00
3.142971999999999877e+00 2.291354179382324219e+00
3.146243999999999819e+00 2.281004905700683594e+00
3.148769999999999847e+00 2.281004905700683594e+00
3.152610000000000134e+00 2.281004905700683594e+00
3.155816999999999872e+00 2.281004905700683594e+00
3.158504000000000200e+00 2.281004905700683594e+00
3.162344000000000044e+00 2.281004905700683594e+00
3.166748000000000118e+00 2.281004905700683594e+00
3.171161000000000119e+00 2.275830268859863281e+00
3.175584999999999880e+00 2.281004905700683594e+00
3.178854999999999986e+00 2.275830268859863281e+00
3.181554000000000215e+00 2.281004905700683594e+00
3.185331000000000135e+00 2.281004905700683594e+00
3.189745999999999970e+00 2.275830268859863281e+00
3.196136000000000088e+00 2.281004905700683594e+00
3.200400000000000134e+00 2.286179542541503906e+00
3.204887999999999959e+00 2.286179542541503906e+00
3.209300999999999959e+00 2.291354179382324219e+00
3.213797000000000015e+00 2.291354179382324219e+00
3.218214000000000130e+00 2.291354179382324219e+00
3.222668000000000088e+00 2.291354179382324219e+00
3.227081999999999784e+00 2.291354179382324219e+00
3.231559999999999988e+00 2.291354179382324219e+00
3.236025999999999847e+00 2.291354179382324219e+00
3.240451999999999888e+00 2.291354179382324219e+00
3.244924000000000142e+00 2.281004905700683594e+00
3.249357999999999969e+00 2.281004905700683594e+00
3.253880999999999801e+00 2.275830268859863281e+00
3.258319000000000187e+00 2.275830268859863281e+00
3.262843000000000160e+00 2.281004905700683594e+00
3.268324999999999925e+00 2.275830268859863281e+00
3.273813999999999780e+00 2.275830268859863281e+00
3.279256000000000171e+00 2.275830268859863281e+00
3.284749999999999837e+00 2.281004905700683594e+00
3.290160000000000196e+00 2.281004905700683594e+00
3.295653000000000166e+00 2.286179542541503906e+00
3.301085000000000047e+00 2.286179542541503906e+00
3.309480999999999895e+00 2.291354179382324219e+00
3.314875999999999934e+00 2.291354179382324219e+00
3.320310000000000095e+00 2.286179542541503906e+00
3.325829000000000146e+00 2.296528816223144531e+00
3.331271000000000093e+00 2.286179542541503906e+00
3.336767000000000039e+00 2.281004905700683594e+00
3.342284999999999950e+00 2.286179542541503906e+00
3.346036999999999928e+00 2.281004905700683594e+00
3.350961999999999996e+00 2.281004905700683594e+00
3.356421000000000099e+00 2.281004905700683594e+00
3.361960999999999977e+00 2.275830268859863281e+00
3.366603000000000012e+00 2.281004905700683594e+00
3.371087999999999862e+00 2.281004905700683594e+00
3.375573000000000157e+00 2.281004905700683594e+00
3.380050000000000221e+00 2.281004905700683594e+00
3.383434999999999970e+00 2.286179542541503906e+00
3.387300999999999895e+00 2.281004905700683594e+00
3.391828999999999983e+00 2.286179542541503906e+00
3.396314999999999973e+00 2.286179542541503906e+00
3.400797999999999988e+00 2.291354179382324219e+00
3.405286999999999953e+00 2.291354179382324219e+00
3.409762999999999877e+00 2.291354179382324219e+00
3.414305999999999841e+00 2.286179542541503906e+00
3.419554000000000205e+00 2.286179542541503906e+00
3.423636999999999819e+00 2.286179542541503906e+00
3.428134000000000015e+00 2.286179542541503906e+00
3.432719000000000076e+00 2.286179542541503906e+00
3.437248999999999999e+00 2.286179542541503906e+00
3.441800999999999888e+00 2.286179542541503906e+00
3.446308000000000149e+00 2.281004905700683594e+00
3.450804000000000205e+00 2.281004905700683594e+00
3.455325000000000202e+00 2.281004905700683594e+00
3.459827999999999903e+00 2.286179542541503906e+00
3.464405999999999874e+00 2.286179542541503906e+00
3.468904000000000210e+00 2.281004905700683594e+00
3.473427000000000042e+00 2.281004905700683594e+00
3.477927999999999908e+00 2.281004905700683594e+00
3.482486000000000193e+00 2.281004905700683594e+00
3.486991999999999869e+00 2.281004905700683594e+00
3.491550000000000153e+00 2.286179542541503906e+00
3.496075999999999961e+00 2.286179542541503906e+00
3.500609999999999999e+00 2.286179542541503906e+00
3.505154000000000103e+00 2.286179542541503906e+00
3.508420000000000094e+00 2.286179542541503906e+00
3.511105000000000143e+00 2.286179542541503906e+00
3.515089999999999826e+00 2.291354179382324219e+00
3.519630999999999954e+00 2.286179542541503906e+00
3.524236999999999842e+00 2.286179542541503906e+00
3.530699999999999950e+00 2.286179542541503906e+00
3.535203000000000095e+00 2.286179542541503906e+00
3.539765000000000050e+00 2.291354179382324219e+00
3.544388000000000094e+00 2.286179542541503906e+00
3.548942999999999959e+00 2.281004905700683594e+00
3.553533999999999970e+00 2.281004905700683594e+00
3.558088000000000140e+00 2.281004905700683594e+00
3.562730000000000175e+00 2.281004905700683594e+00
3.567292999999999825e+00 2.281004905700683594e+00
3.571943999999999786e+00 2.281004905700683594e+00
3.576509000000000160e+00 2.286179542541503906e+00
3.581077000000000066e+00 2.281004905700683594e+00
3.584436999999999873e+00 2.281004905700683594e+00
3.588411999999999935e+00 2.275830268859863281e+00
3.592996999999999996e+00 2.286179542541503906e+00
3.597570999999999852e+00 2.281004905700683594e+00
3.602196999999999871e+00 2.286179542541503906e+00
3.606756999999999991e+00 2.286179542541503906e+00
3.611314999999999831e+00 2.286179542541503906e+00
3.615889000000000131e+00 2.286179542541503906e+00
3.619240000000000013e+00 2.286179542541503906e+00
3.623200999999999894e+00 2.286179542541503906e+00
3.627765000000000128e+00 2.291354179382324219e+00
3.632411999999999974e+00 2.291354179382324219e+00
3.637173000000000211e+00 2.291354179382324219e+00
3.642984000000000222e+00 2.286179542541503906e+00
3.647597000000000200e+00 2.286179542541503906e+00
3.652270999999999823e+00 2.281004905700683594e+00
3.656870000000000065e+00 2.281004905700683594e+00
3.661464000000000052e+00 2.286179542541503906e+00
3.664819000000000049e+00 2.281004905700683594e+00
3.668806000000000012e+00 2.275830268859863281e+00
3.673423999999999801e+00 2.281004905700683594e+00
3.678024999999999878e+00 2.275830268859863281e+00
3.682697000000000109e+00 2.281004905700683594e+00
3.686046999999999851e+00 2.281004905700683594e+00
3.690059999999999896e+00 2.281004905700683594e+00
3.694755999999999929e+00 2.286179542541503906e+00
3.699373000000000022e+00 2.286179542541503906e+00
3.704053000000000040e+00 2.286179542541503906e+00
3.708772999999999875e+00 2.291354179382324219e+00
3.713432000000000066e+00 2.291354179382324219e+00
3.718048000000000020e+00 2.286179542541503906e+00
3.722732000000000152e+00 2.286179542541503906e+00
3.727384999999999948e+00 2.286179542541503906e+00
3.732073999999999891e+00 2.286179542541503906e+00
3.736683999999999894e+00 2.291354179382324219e+00
3.741347000000000200e+00 2.291354179382324219e+00
3.745988000000000095e+00 2.286179542541503906e+00
3.750693000000000055e+00 2.281004905700683594e+00
3.756612000000000062e+00 2.281004905700683594e+00
3.761254999999999793e+00 2.281004905700683594e+00
3.764663000000000093e+00 2.281004905700683594e+00
3.768702000000000218e+00 2.275830268859863281e+00
3.773349000000000064e+00 2.275830268859863281e+00
3.777988000000000124e+00 2.275830268859863281e+00
3.782681999999999878e+00 2.281004905700683594e+00
3.786036000000000179e+00 2.281004905700683594e+00
3.790202999999999989e+00 2.286179542541503906e+00
3.795043000000000166e+00 2.286179542541503906e+00
3.799707999999999863e+00 2.291354179382324219e+00
3.803212999999999955e+00 2.291354179382324219e+00
3.807256000000000196e+00 2.291354179382324219e+00
3.811992000000000047e+00 2.291354179382324219e+00
3.816641999999999868e+00 2.296528816223144531e+00
3.823481000000000130e+00 2.286179542541503906e+00
3.829502999999999879e+00 2.286179542541503906e+00
3.837012999999999785e+00 2.286179542541503906e+00
3.843526000000000220e+00 2.286179542541503906e+00
3.847814000000000068e+00 2.275830268859863281e+00
3.852590000000000181e+00 2.281004905700683594e+00
3.857283999999999935e+00 2.281004905700683594e+00
3.863649000000000111e+00 2.275830268859863281e+00
3.873184999999999878e+00 2.281004905700683594e+00
3.880294999999999828e+00 2.281004905700683594e+00
3.886623000000000161e+00 2.281004905700683594e+00
3.895182000000000144e+00 2.286179542541503906e+00
3.900335999999999803e+00 2.291354179382324219e+00
3.904958000000000151e+00 2.291354179382324219e+00
3.909628000000000103e+00 2.296528816223144531e+00
3.914406000000000052e+00 2.291354179382324219e+00
3.917880999999999947e+00 2.286179542541503906e+00
3.922026999999999930e+00 2.286179542541503906e+00
3.926708999999999783e+00 2.286179542541503906e+00
3.931379000000000179e+00 2.281004905700683594e+00
3.936071999999999793e+00 2.286179542541503906e+00
3.939465999999999912e+00 2.286179542541503906e+00
3.942295999999999800e+00 2.286179542541503906e+00
3.945136999999999894e+00 2.281004905700683594e+00
3.949214000000000002e+00 2.281004905700683594e+00
3.954039999999999999e+00 2.281004905700683594e+00
3.958736000000000033e+00 2.281004905700683594e+00
3.963452999999999893e+00 2.281004905700683594e+00
3.966826999999999881e+00 2.281004905700683594e+00
3.969657000000000213e+00 2.281004905700683594e+00
3.972353000000000023e+00 2.286179542541503906e+00
3.976481999999999850e+00 2.281004905700683594e+00
3.983245000000000147e+00 2.286179542541503906e+00
3.987821999999999978e+00 2.281004905700683594e+00
3.992593999999999976e+00 2.281004905700683594e+00
3.997310999999999837e+00 2.296528816223144531e+00
4.002080000000000304e+00 2.291354179382324219e+00
4.006808000000000369e+00 2.286179542541503906e+00
4.011580000000000368e+00 2.286179542541503906e+00
4.016308000000000433e+00 2.286179542541503906e+00
4.021074999999999733e+00 2.286179542541503906e+00
4.025837000000000110e+00 2.291354179382324219e+00
4.030554000000000414e+00 2.286179542541503906e+00
4.035300999999999583e+00 2.291354179382324219e+00
4.040024999999999977e+00 2.286179542541503906e+00
4.044850000000000279e+00 2.286179542541503906e+00
4.049585000000000434e+00 2.286179542541503906e+00
4.054377999999999815e+00 2.281004905700683594e+00
4.059108000000000160e+00 2.286179542541503906e+00
4.063898000000000010e+00 2.281004905700683594e+00
4.068661999999999779e+00 2.281004905700683594e+00
4.073433999999999777e+00 2.286179542541503906e+00
4.078179999999999694e+00 2.281004905700683594e+00
4.082926999999999751e+00 2.281004905700683594e+00
4.087661999999999907e+00 2.281004905700683594e+00
4.094339999999999868e+00 2.281004905700683594e+00
4.097616000000000369e+00 2.291354179382324219e+00
4.101867000000000374e+00 2.291354179382324219e+00
4.106633000000000422e+00 2.291354179382324219e+00
4.111379999999999590e+00 2.286179542541503906e+00
4.116132999999999598e+00 2.286179542541503906e+00
4.120884000000000214e+00 2.286179542541503906e+00
4.125649000000000122e+00 2.291354179382324219e+00
4.130395000000000039e+00 2.291354179382324219e+00
4.135215999999999781e+00 2.291354179382324219e+00
4.138658999999999644e+00 2.291354179382324219e+00
4.142846999999999724e+00 2.291354179382324219e+00
4.147611000000000381e+00 2.286179542541503906e+00
4.152444000000000024e+00 2.281004905700683594e+00
4.157199999999999562e+00 2.286179542541503906e+00
4.160657999999999745e+00 2.281004905700683594e+00
4.164894999999999570e+00 2.286179542541503906e+00
4.169656999999999947e+00 2.281004905700683594e+00
4.174484999999999779e+00 2.281004905700683594e+00
4.179249000000000436e+00 2.275830268859863281e+00
4.182655999999999707e+00 2.275830268859863281e+00
4.186844999999999928e+00 2.281004905700683594e+00
4.191680999999999990e+00 2.275830268859863281e+00
4.196449999999999569e+00 2.286179542541503906e+00
4.201240000000000308e+00 2.286179542541503906e+00
4.207302000000000319e+00 2.286179542541503906e+00
4.212189999999999657e+00 2.286179542541503906e+00
4.216997000000000106e+00 2.296528816223144531e+00
4.221854000000000440e+00 2.286179542541503906e+00
4.226653999999999911e+00 2.291354179382324219e+00
4.231451999999999991e+00 2.291354179382324219e+00
4.236264000000000252e+00 2.291354179382324219e+00
4.241063999999999723e+00 2.291354179382324219e+00
4.245915000000000106e+00 2.286179542541503906e+00
4.250716999999999857e+00 2.286179542541503906e+00
4.255531000000000397e+00 2.281004905700683594e+00
4.260347000000000328e+00 2.281004905700683594e+00
4.265213000000000143e+00 2.275830268859863281e+00
4.270019999999999705e+00 2.275830268859863281e+00
4.274891000000000219e+00 2.281004905700683594e+00
4.279702000000000339e+00 2.275830268859863281e+00
4.284589000000000425e+00 2.281004905700683594e+00
4.289406999999999748e+00 2.281004905700683594e+00
4.294279999999999653e+00 2.286179542541503906e+00
4.299106000000000094e+00 2.291354179382324219e+00
4.302646000000000193e+00 2.291354179382324219e+00
4.306866000000000305e+00 2.291354179382324219e+00
4.311729999999999841e+00 2.291354179382324219e+00
4.316635999999999918e+00 2.291354179382324219e+00
4.323426000000000435e+00 2.291354179382324219e+00
4.328255000000000408e+00 2.291354179382324219e+00
4.333099999999999952e+00 2.291354179382324219e+00
4.337926999999999644e+00 2.286179542541503906e+00
4.342832999999999721e+00 2.291354179382324219e+00
4.347724000000000366e+00 2.275830268859863281e+00
4.352619999999999933e+00 2.281004905700683594e+00
4.357464000000000226e+00 2.281004905700683594e+00
4.362362000000000073e+00 2.281004905700683594e+00
4.367205000000000226e+00 2.281004905700683594e+00
4.372114999999999974e+00 2.275830268859863281e+00
4.376973999999999698e+00 2.281004905700683594e+00
4.381884000000000334e+00 2.286179542541503906e+00
4.386725000000000207e+00 2.281004905700683594e+00
4.391642000000000046e+00 2.286179542541503906e+00
4.396481999999999779e+00 2.291354179382324219e+00
4.401337999999999973e+00 2.291354179382324219e+00
4.404842000000000368e+00 2.291354179382324219e+00
4.409125999999999657e+00 2.296528816223144531e+00
4.414058999999999955e+00 2.291354179382324219e+00
4.418925999999999910e+00 2.291354179382324219e+00
4.423809000000000324e+00 2.286179542541503906e+00
4.428758000000000195e+00 2.286179542541503906e+00
4.435679999999999623e+00 2.286179542541503906e+00
4.440570000000000128e+00 2.286179542541503906e+00
4.445458999999999605e+00 2.281004905700683594e+00
4.450355000000000061e+00 2.281004905700683594e+00
4.455300000000000260e+00 2.275830268859863281e+00
4.460303999999999824e+00 2.281004905700683594e+00
4.465283999999999587e+00 2.286179542541503906e+00
4.470189999999999664e+00 2.286179542541503906e+00
4.475168000000000035e+00 2.286179542541503906e+00
4.480058999999999791e+00 2.281004905700683594e+00
4.483642999999999823e+00 2.286179542541503906e+00
4.487961000000000311e+00 2.281004905700683594e+00
4.491457999999999728e+00 2.286179542541503906e+00
4.494449999999999612e+00 2.286179542541503906e+00
4.498756000000000199e+00 2.291354179382324219e+00
4.503664999999999807e+00 2.291354179382324219e+00
4.508566000000000074e+00 2.291354179382324219e+00
4.513480000000000381e+00 2.286179542541503906e+00
4.518394999999999939e+00 2.286179542541503906e+00
4.523312999999999917e+00 2.286179542541503906e+00
4.528229999999999755e+00 2.286179542541503906e+00
4.533138000000000112e+00 2.291354179382324219e+00
4.538141000000000425e+00 2.286179542541503906e+00
4.544152999999999665e+00 2.281004905700683594e+00
4.549138000000000126e+00 2.286179542541503906e+00
4.554141999999999690e+00 2.286179542541503906e+00
4.559071999999999569e+00 2.286179542541503906e+00
4.564068999999999932e+00 2.286179542541503906e+00
4.568990999999999580e+00 2.281004905700683594e+00
4.573920000000000208e+00 2.281004905700683594e+00
4.578839999999999577e+00 2.286179542541503906e+00
4.583777000000000434e+00 2.286179542541503906e+00
4.588696999999999804e+00 2.281004905700683594e+00
4.593660999999999994e+00 2.281004905700683594e+00
4.598601999999999634e+00 2.286179542541503906e+00
4.603555000000000064e+00 2.286179542541503906e+00
4.608492000000000033e+00 2.286179542541503906e+00
4.613437000000000232e+00 2.286179542541503906e+00
4.618374000000000201e+00 2.286179542541503906e+00
4.623306999999999611e+00 2.286179542541503906e+00
4.628241000000000049e+00 2.286179542541503906e+00
4.633183999999999969e+00 2.291354179382324219e+00
4.638142000000000209e+00 2.286179542541503906e+00
4.641661000000000037e+00 2.291354179382324219e+00
4.646011999999999809e+00 2.286179542541503906e+00
4.654383000000000159e+00 2.286179542541503906e+00
4.659176999999999680e+00 2.286179542541503906e+00
4.664220000000000255e+00 2.286179542541503906e+00
4.669172999999999796e+00 2.286179542541503906e+00
4.674217999999999762e+00 2.281004905700683594e+00
4.679173999999999722e+00 2.275830268859863281e+00
4.684248000000000189e+00 2.281004905700683594e+00
4.689212999999999631e+00 2.281004905700683594e+00
4.694251999999999647e+00 2.281004905700683594e+00
4.699233999999999689e+00 2.286179542541503906e+00
4.702848000000000361e+00 2.286179542541503906e+00
4.707227999999999746e+00 2.291354179382324219e+00
4.712247999999999770e+00 2.286179542541503906e+00
4.717215999999999632e+00 2.291354179382324219e+00
4.722230999999999845e+00 2.291354179382324219e+00
4.727211999999999748e+00 2.291354179382324219e+00
4.732238999999999862e+00 2.291354179382324219e+00
4.737207999999999863e+00 2.291354179382324219e+00
4.742262000000000199e+00 2.291354179382324219e+00
4.747232000000000340e+00 2.281004905700683594e+00
4.752292999999999878e+00 2.286179542541503906e+00
4.757278999999999591e+00 2.281004905700683594e+00
4.762489999999999668e+00 2.281004905700683594e+00
4.769001000000000268e+00 2.281004905700683594e+00
4.774109000000000158e+00 2.281004905700683594e+00
4.779097000000000151e+00 2.281004905700683594e+00
4.784173000000000009e+00 2.281004905700683594e+00
4.789176999999999573e+00 2.281004905700683594e+00
4.794270000000000032e+00 2.281004905700683594e+00
4.799266000000000254e+00 2.286179542541503906e+00
4.804344999999999644e+00 2.291354179382324219e+00
4.809343000000000146e+00 2.291354179382324219e+00
4.814420000000000144e+00 2.291354179382324219e+00
4.819440000000000168e+00 2.291354179382324219e+00
4.826998999999999818e+00 2.291354179382324219e+00
4.833484999999999587e+00 2.291354179382324219e+00
4.843054999999999666e+00 2.286179542541503906e+00
4.849711000000000105e+00 2.281004905700683594e+00
4.854840000000000266e+00 2.281004905700683594e+00
4.864258999999999666e+00 2.281004905700683594e+00
4.873432000000000208e+00 2.275830268859863281e+00
4.880450999999999873e+00 2.281004905700683594e+00
4.887849000000000110e+00 2.286179542541503906e+00
4.895241000000000398e+00 2.286179542541503906e+00
4.900367000000000139e+00 2.286179542541503906e+00
4.904086999999999641e+00 2.296528816223144531e+00
4.908578000000000330e+00 2.291354179382324219e+00
4.913677999999999990e+00 2.291354179382324219e+00
4.918741999999999948e+00 2.291354179382324219e+00
4.923828999999999567e+00 2.291354179382324219e+00
4.928899999999999615e+00 2.291354179382324219e+00
4.933993000000000073e+00 2.291354179382324219e+00
4.939053999999999611e+00 2.291354179382324219e+00
4.942719999999999558e+00 2.286179542541503906e+00
4.945706000000000380e+00 2.286179542541503906e+00
4.950177000000000049e+00 2.286179542541503906e+00
4.953833000000000375e+00 2.281004905700683594e+00
4.956821999999999839e+00 2.286179542541503906e+00
4.961342000000000141e+00 2.281004905700683594e+00
4.966446000000000360e+00 2.286179542541503906e+00
4.971563999999999872e+00 2.286179542541503906e+00
4.976655000000000051e+00 2.286179542541503906e+00
4.981838999999999906e+00 2.286179542541503906e+00
4.986945999999999657e+00 2.286179542541503906e+00
4.992111999999999661e+00 2.286179542541503906e+00
4.997169999999999668e+00 2.296528816223144531e+00
5.004292999999999658e+00 2.291354179382324219e+00
5.009244999999999948e+00 2.291354179382324219e+00
5.014433999999999614e+00 2.291354179382324219e+00
5.019536000000000442e+00 2.286179542541503906e+00
5.024727999999999639e+00 2.291354179382324219e+00
5.029818999999999818e+00 2.286179542541503906e+00
5.035072999999999688e+00 2.291354179382324219e+00
5.040173000000000236e+00 2.291354179382324219e+00
5.043843999999999994e+00 2.286179542541503906e+00
5.046828999999999787e+00 2.286179542541503906e+00
5.049809999999999910e+00 2.286179542541503906e+00
5.054420999999999609e+00 2.286179542541503906e+00
5.059539000000000009e+00 2.286179542541503906e+00
5.063228999999999758e+00 2.286179542541503906e+00
5.066212000000000160e+00 2.291354179382324219e+00
5.070711000000000190e+00 2.286179542541503906e+00
5.075841999999999743e+00 2.286179542541503906e+00
5.080938999999999872e+00 2.286179542541503906e+00
5.086060999999999943e+00 2.286179542541503906e+00
5.089620000000000033e+00 2.286179542541503906e+00
5.094222000000000250e+00 2.286179542541503906e+00
5.099338999999999622e+00 2.291354179382324219e+00
5.104504999999999626e+00 2.291354179382324219e+00
5.109703999999999802e+00 2.296528816223144531e+00
5.115902000000000172e+00 2.296528816223144531e+00
5.121077999999999797e+00 2.291354179382324219e+00
5.124653000000000347e+00 2.291354179382324219e+00
5.129177999999999571e+00 2.291354179382324219e+00
5.132934999999999803e+00 2.296528816223144531e+00
5.137465999999999866e+00 2.296528816223144531e+00
5.142665000000000042e+00 2.296528816223144531e+00
5.147783999999999693e+00 2.286179542541503906e+00
5.153151000000000259e+00 2.286179542541503906e+00
5.158254999999999590e+00 2.291354179382324219e+00
5.163420000000000343e+00 2.286179542541503906e+00
5.167036999999999658e+00 2.286179542541503906e+00
5.170022999999999591e+00 2.286179542541503906e+00
5.173009999999999664e+00 2.286179542541503906e+00
5.176039000000000279e+00 2.286179542541503906e+00
5.179026000000000352e+00 2.281004905700683594e+00
5.182021999999999906e+00 2.286179542541503906e+00
5.186599000000000181e+00 2.286179542541503906e+00
5.191817999999999600e+00 2.286179542541503906e+00
5.195429999999999993e+00 2.286179542541503906e+00
5.198409999999999975e+00 2.291354179382324219e+00
5.203038000000000274e+00 2.291354179382324219e+00
5.208180999999999727e+00 2.291354179382324219e+00
5.211841999999999864e+00 2.296528816223144531e+00
5.216390999999999778e+00 2.296528816223144531e+00
5.221599999999999575e+00 2.296528816223144531e+00
5.228746000000000116e+00 2.296528816223144531e+00
5.233787999999999663e+00 2.296528816223144531e+00
5.238965000000000316e+00 2.296528816223144531e+00
5.244215999999999767e+00 2.291354179382324219e+00
5.249388999999999861e+00 2.291354179382324219e+00
5.254724000000000395e+00 2.286179542541503906e+00
5.259827999999999726e+00 2.286179542541503906e+00
5.265080000000000204e+00 2.286179542541503906e+00
5.270273000000000430e+00 2.281004905700683594e+00
5.275528999999999691e+00 2.286179542541503906e+00
5.280711000000000155e+00 2.281004905700683594e+00
5.285883000000000109e+00 2.286179542541503906e+00
5.291070000000000384e+00 2.281004905700683594e+00
5.296254000000000239e+00 2.286179542541503906e+00
5.301442999999999905e+00 2.291354179382324219e+00
5.306650999999999563e+00 2.296528816223144531e+00
5.311893999999999672e+00 2.296528816223144531e+00
5.317110999999999699e+00 2.301703453063964844e+00
5.322354999999999947e+00 2.296528816223144531e+00
5.327554000000000123e+00 2.296528816223144531e+00
5.332794999999999952e+00 2.296528816223144531e+00
5.338034999999999641e+00 2.296528816223144531e+00
5.345081000000000415e+00 2.286179542541503906e+00
5.350277000000000172e+00 2.286179542541503906e+00
5.355546000000000362e+00 2.281004905700683594e+00
5.359187000000000367e+00 2.281004905700683594e+00
5.363813999999999638e+00 2.281004905700683594e+00
5.369013999999999953e+00 2.286179542541503906e+00
5.374295000000000044e+00 2.286179542541503906e+00
5.379499000000000031e+00 2.286179542541503906e+00
5.384777999999999842e+00 2.291354179382324219e+00
5.389987999999999779e+00 2.286179542541503906e+00
5.395266000000000339e+00 2.291354179382324219e+00
5.400475000000000136e+00 2.296528816223144531e+00
5.405699000000000254e+00 2.296528816223144531e+00
5.410923000000000371e+00 2.296528816223144531e+00
5.416135999999999839e+00 2.296528816223144531e+00
5.421355000000000146e+00 2.296528816223144531e+00
5.426580000000000403e+00 2.296528816223144531e+00
5.431866000000000305e+00 2.296528816223144531e+00
5.437109999999999665e+00 2.291354179382324219e+00
5.442397999999999847e+00 2.291354179382324219e+00
5.446055999999999564e+00 2.286179542541503906e+00
5.450770000000000337e+00 2.286179542541503906e+00
5.457108999999999988e+00 2.286179542541503906e+00
5.462572999999999901e+00 2.286179542541503906e+00
5.466342000000000034e+00 2.312052726745605469e+00
5.471001000000000225e+00 2.462116241455078125e+00
5.476281000000000176e+00 4.785508155822753906e+00
5.481529000000000096e+00 4.780333518981933594e+00
5.484799999999999898e+00 4.780333518981933594e+00
5.488489000000000395e+00 4.785508155822753906e+00
5.493177000000000199e+00 4.780333518981933594e+00
5.498439000000000298e+00 4.785508155822753906e+00
5.503718000000000110e+00 4.785508155822753906e+00
5.508986000000000161e+00 4.785508155822753906e+00
5.514334999999999987e+00 4.785508155822753906e+00
5.519599000000000366e+00 4.785508155822753906e+00
5.524924999999999642e+00 4.785508155822753906e+00
5.530168999999999890e+00 4.785508155822753906e+00
5.535482000000000014e+00 4.785508155822753906e+00
5.540742999999999974e+00 4.785508155822753906e+00
5.546007000000000353e+00 4.780333518981933594e+00
5.549633000000000038e+00 4.785508155822753906e+00
5.554382000000000374e+00 4.785508155822753906e+00
5.559779999999999944e+00 4.785508155822753906e+00
5.565180999999999933e+00 4.785508155822753906e+00
5.571577999999999697e+00 4.785508155822753906e+00
5.576893000000000100e+00 4.785508155822753906e+00
5.582230000000000025e+00 4.785508155822753906e+00
5.587506999999999557e+00 4.780333518981933594e+00
5.592858999999999803e+00 4.780333518981933594e+00
5.598150999999999655e+00 4.785508155822753906e+00
5.603458999999999968e+00 4.780333518981933594e+00
5.608759000000000050e+00 4.785508155822753906e+00
5.614066000000000223e+00 4.785508155822753906e+00
5.619342999999999755e+00 4.785508155822753906e+00
5.623090000000000366e+00 4.785508155822753906e+00
5.626242000000000409e+00 4.785508155822753906e+00
5.629379000000000133e+00 4.785508155822753906e+00
5.632530000000000037e+00 4.785508155822753906e+00
5.635670000000000179e+00 4.785508155822753906e+00
5.640367000000000353e+00 4.785508155822753906e+00
5.645730000000000359e+00 4.785508155822753906e+00
5.651023999999999603e+00 4.780333518981933594e+00
5.656323000000000434e+00 4.780333518981933594e+00
5.661741000000000135e+00 4.785508155822753906e+00
5.665432000000000023e+00 4.785508155822753906e+00
5.670148000000000188e+00 4.785508155822753906e+00
5.675606000000000151e+00 4.785508155822753906e+00
5.682007999999999726e+00 4.780333518981933594e+00
5.687364999999999782e+00 4.780333518981933594e+00
5.692749000000000059e+00 4.785508155822753906e+00
5.698078999999999894e+00 4.780333518981933594e+00
5.703402999999999778e+00 4.785508155822753906e+00
5.707113999999999798e+00 4.785508155822753906e+00
5.710261000000000031e+00 4.785508155822753906e+00
5.715092000000000283e+00 4.785508155822753906e+00
5.720399999999999707e+00 4.785508155822753906e+00
5.725783999999999985e+00 4.785508155822753906e+00
5.731105999999999590e+00 4.785508155822753906e+00
5.734866000000000241e+00 4.785508155822753906e+00
5.739607999999999599e+00 4.785508155822753906e+00
5.745015999999999678e+00 4.785508155822753906e+00
5.750354999999999883e+00 4.785508155822753906e+00
5.755757000000000012e+00 4.785508155822753906e+00
5.759504999999999875e+00 4.780333518981933594e+00
5.764363999999999599e+00 4.780333518981933594e+00
5.769706000000000223e+00 4.785508155822753906e+00
5.775102000000000402e+00 4.780333518981933594e+00
5.780445000000000277e+00 4.780333518981933594e+00
5.784257000000000204e+00 4.780333518981933594e+00
5.789194000000000173e+00 4.780333518981933594e+00
5.796730000000000160e+00 4.785508155822753906e+00
5.800422000000000189e+00 4.785508155822753906e+00
5.805284000000000333e+00 4.785508155822753906e+00
5.810646000000000200e+00 4.790682792663574219e+00
5.814467999999999748e+00 4.785508155822753906e+00
5.819288000000000238e+00 4.785508155822753906e+00
5.824831999999999788e+00 4.790682792663574219e+00
5.834144000000000219e+00 4.785508155822753906e+00
5.843258999999999759e+00 4.785508155822753906e+00
5.848901999999999823e+00 4.780333518981933594e+00
5.852426000000000350e+00 4.780333518981933594e+00
5.857872999999999664e+00 4.780333518981933594e+00
5.863374000000000308e+00 4.780333518981933594e+00
5.868838000000000221e+00 4.780333518981933594e+00
5.875567000000000206e+00 4.780333518981933594e+00
5.883108000000000004e+00 4.780333518981933594e+00
5.886834000000000344e+00 4.780333518981933594e+00
5.891788000000000025e+00 4.785508155822753906e+00
5.895580999999999960e+00 4.790682792663574219e+00
5.901231000000000115e+00 4.785508155822753906e+00
5.908856000000000108e+00 4.785508155822753906e+00
5.915771999999999586e+00 4.785508155822753906e+00
5.926662000000000319e+00 4.790682792663574219e+00
5.931563999999999837e+00 4.785508155822753906e+00
5.936416999999999611e+00 4.785508155822753906e+00
5.941927999999999876e+00 4.785508155822753906e+00
5.947320000000000384e+00 4.780333518981933594e+00
5.952804000000000428e+00 4.780333518981933594e+00
5.958217999999999570e+00 4.780333518981933594e+00
5.963670999999999722e+00 4.780333518981933594e+00
5.969091999999999842e+00 4.785508155822753906e+00
5.974623000000000239e+00 4.780333518981933594e+00
5.980046999999999890e+00 4.780333518981933594e+00
5.985589000000000048e+00 4.780333518981933594e+00
5.991007999999999889e+00 4.780333518981933594e+00
5.996462000000000181e+00 4.785508155822753906e+00
6.001966999999999608e+00 4.785508155822753906e+00
6.007489999999999775e+00 4.785508155822753906e+00
6.014991000000000199e+00 4.785508155822753906e+00
6.020427999999999891e+00 4.785508155822753906e+00
6.025966999999999629e+00 4.785508155822753906e+00
6.031393999999999700e+00 4.785508155822753906e+00
6.036853999999999942e+00 4.785508155822753906e+00
6.042353000000000307e+00 4.785508155822753906e+00
6.047794999999999810e+00 4.785508155822753906e+00
6.053253999999999913e+00 4.780333518981933594e+00
6.057038000000000366e+00 4.785508155822753906e+00
6.061981000000000286e+00 4.785508155822753906e+00
6.067469000000000001e+00 4.785508155822753906e+00
6.072999000000000258e+00 4.785508155822753906e+00
6.078451000000000271e+00 4.785508155822753906e+00
6.083923000000000414e+00 4.780333518981933594e+00
6.089379000000000097e+00 4.785508155822753906e+00
6.094896999999999565e+00 4.785508155822753906e+00
6.100346000000000046e+00 4.785508155822753906e+00
6.105870000000000353e+00 4.785508155822753906e+00
6.111331999999999987e+00 4.785508155822753906e+00
6.116831000000000351e+00 4.785508155822753906e+00
6.124268999999999963e+00 4.785508155822753906e+00
6.129595000000000127e+00 4.785508155822753906e+00
6.135149000000000186e+00 4.790682792663574219e+00
6.140617999999999910e+00 4.785508155822753906e+00
6.144449999999999967e+00 4.785508155822753906e+00
6.149350000000000094e+00 4.785508155822753906e+00
6.154923000000000144e+00 4.780333518981933594e+00
6.160406000000000049e+00 4.780333518981933594e+00
6.166074000000000055e+00 4.785508155822753906e+00
6.169813999999999687e+00 4.785508155822753906e+00
6.174769000000000396e+00 4.780333518981933594e+00
6.180263000000000062e+00 4.785508155822753906e+00
6.185839999999999783e+00 4.780333518981933594e+00
6.191353999999999580e+00 4.780333518981933594e+00
6.196841000000000044e+00 4.780333518981933594e+00
6.200635000000000119e+00 4.785508155822753906e+00
6.205593999999999610e+00 4.785508155822753906e+00
6.211083999999999605e+00 4.785508155822753906e+00
6.216592000000000340e+00 4.785508155822753906e+00
6.222153999999999741e+00 4.785508155822753906e+00
6.227675999999999767e+00 4.790682792663574219e+00
6.233210999999999835e+00 4.785508155822753906e+00
6.240711000000000119e+00 4.785508155822753906e+00
6.246240000000000236e+00 4.785508155822753906e+00
6.251522999999999719e+00 4.780333518981933594e+00
6.255106999999999751e+00 4.785508155822753906e+00
6.260610999999999926e+00 4.785508155822753906e+00
6.264442999999999984e+00 4.785508155822753906e+00
6.269411999999999985e+00 4.780333518981933594e+00
6.275002999999999886e+00 4.785508155822753906e+00
6.280539000000000094e+00 4.780333518981933594e+00
6.286057999999999701e+00 4.780333518981933594e+00
6.291628000000000220e+00 4.780333518981933594e+00
6.297169000000000239e+00 4.785508155822753906e+00
6.302743000000000428e+00 4.785508155822753906e+00
6.308272999999999797e+00 4.785508155822753906e+00
6.313805000000000334e+00 4.790682792663574219e+00
6.317637999999999643e+00 4.785508155822753906e+00
6.322642000000000095e+00 4.785508155822753906e+00
6.328166999999999653e+00 4.785508155822753906e+00
6.333705000000000140e+00 4.785508155822753906e+00
6.339240000000000208e+00 4.785508155822753906e+00
6.344877000000000322e+00 4.785508155822753906e+00
6.351664000000000421e+00 4.785508155822753906e+00
6.357268999999999615e+00 4.780333518981933594e+00
6.362880999999999787e+00 4.780333518981933594e+00
6.368523999999999852e+00 4.785508155822753906e+00
6.374001999999999946e+00 4.780333518981933594e+00
6.377849000000000323e+00 4.780333518981933594e+00
6.382894000000000290e+00 4.785508155822753906e+00
6.388457999999999970e+00 4.785508155822753906e+00
6.394013000000000169e+00 4.790682792663574219e+00
6.399587999999999610e+00 4.790682792663574219e+00
6.405237999999999765e+00 4.785508155822753906e+00
6.410795000000000243e+00 4.785508155822753906e+00
6.416377999999999915e+00 4.790682792663574219e+00
6.422006999999999799e+00 4.790682792663574219e+00
6.427596999999999561e+00 4.790682792663574219e+00
6.433250000000000135e+00 4.790682792663574219e+00
6.438801999999999914e+00 4.785508155822753906e+00
6.444460000000000299e+00 4.785508155822753906e+00
6.450051000000000201e+00 4.780333518981933594e+00
6.455682999999999616e+00 4.780333518981933594e+00
6.461352999999999902e+00 4.785508155822753906e+00
6.468116000000000199e+00 4.780333518981933594e+00
6.473778000000000254e+00 4.780333518981933594e+00
6.479349000000000025e+00 4.785508155822753906e+00
6.483260999999999719e+00 4.785508155822753906e+00
6.488259000000000221e+00 4.785508155822753906e+00
6.493863000000000163e+00 4.790682792663574219e+00
6.499439999999999884e+00 4.790682792663574219e+00
6.505124000000000350e+00 4.790682792663574219e+00
6.510716000000000392e+00 4.790682792663574219e+00
6.516328999999999816e+00 4.785508155822753906e+00
6.521992000000000012e+00 4.785508155822753906e+00
6.527588999999999864e+00 4.785508155822753906e+00
6.533252000000000059e+00 4.785508155822753906e+00
6.538858000000000281e+00 4.785508155822753906e+00
6.544539000000000328e+00 4.780333518981933594e+00
6.550131999999999621e+00 4.785508155822753906e+00
6.554013000000000311e+00 4.780333518981933594e+00
6.559033999999999587e+00 4.780333518981933594e+00
6.564716999999999913e+00 4.785508155822753906e+00
6.570331000000000365e+00 4.785508155822753906e+00
6.577964999999999840e+00 4.780333518981933594e+00
6.583447999999999745e+00 4.785508155822753906e+00
6.589061000000000057e+00 4.785508155822753906e+00
6.594745999999999775e+00 4.785508155822753906e+00
6.600375999999999799e+00 4.785508155822753906e+00
6.606109000000000009e+00 4.785508155822753906e+00
6.611807999999999907e+00 4.785508155822753906e+00
6.617452000000000112e+00 4.785508155822753906e+00
6.623143999999999920e+00 4.785508155822753906e+00
6.628783000000000314e+00 4.785508155822753906e+00
6.634494000000000113e+00 4.785508155822753906e+00
6.640119999999999578e+00 4.785508155822753906e+00
6.645832999999999657e+00 4.780333518981933594e+00
6.651523000000000074e+00 4.780333518981933594e+00
6.657136000000000386e+00 4.780333518981933594e+00
6.662901999999999880e+00 4.785508155822753906e+00
6.668549999999999756e+00 4.785508155822753906e+00
6.674231999999999942e+00 4.785508155822753906e+00
6.679882000000000097e+00 4.780333518981933594e+00
6.687511999999999901e+00 4.785508155822753906e+00
6.691220000000000390e+00 4.780333518981933594e+00
6.696405999999999636e+00 4.785508155822753906e+00
6.702122000000000135e+00 4.785508155822753906e+00
6.707784000000000191e+00 4.785508155822753906e+00
6.711659000000000042e+00 4.785508155822753906e+00
6.716759999999999842e+00 4.785508155822753906e+00
6.722476000000000340e+00 4.785508155822753906e+00
6.728155000000000108e+00 4.785508155822753906e+00
6.732021999999999728e+00 4.785508155822753906e+00
6.737123000000000417e+00 4.785508155822753906e+00
6.742854999999999599e+00 4.790682792663574219e+00
6.748539000000000065e+00 4.785508155822753906e+00
6.754216999999999693e+00 4.785508155822753906e+00
6.759903999999999691e+00 4.785508155822753906e+00
6.765686999999999784e+00 4.785508155822753906e+00
6.771374999999999922e+00 4.785508155822753906e+00
6.777065000000000339e+00 4.780333518981933594e+00
6.782822000000000351e+00 4.785508155822753906e+00
6.788490000000000357e+00 4.785508155822753906e+00
6.794260000000000410e+00 4.785508155822753906e+00
6.802064999999999806e+00 4.790682792663574219e+00
6.807743999999999573e+00 4.785508155822753906e+00
6.813462999999999603e+00 4.790682792663574219e+00
6.819156000000000439e+00 4.785508155822753906e+00
6.824969000000000285e+00 4.785508155822753906e+00
6.832091000000000136e+00 4.790682792663574219e+00
6.841023999999999994e+00 4.790682792663574219e+00
6.848626000000000325e+00 4.785508155822753906e+00
6.855451000000000406e+00 4.780333518981933594e+00
6.861171999999999827e+00 4.780333518981933594e+00
6.868967999999999741e+00 4.785508155822753906e+00
6.879675999999999902e+00 4.780333518981933594e+00
6.886942000000000341e+00 4.785508155822753906e+00
6.895671000000000106e+00 4.785508155822753906e+00
6.903087000000000195e+00 4.790682792663574219e+00
6.911010000000000097e+00 4.785508155822753906e+00
6.916612999999999900e+00 4.790682792663574219e+00
6.922451999999999828e+00 4.785508155822753906e+00
6.928188999999999709e+00 4.785508155822753906e+00
6.933950000000000280e+00 4.790682792663574219e+00
6.939686000000000021e+00 4.785508155822753906e+00
6.945516999999999719e+00 4.780333518981933594e+00
6.951266999999999641e+00 4.785508155822753906e+00
6.957061999999999635e+00 4.785508155822753906e+00
6.962892000000000081e+00 4.785508155822753906e+00
6.968630000000000102e+00 4.785508155822753906e+00
6.974477000000000260e+00 4.785508155822753906e+00
