2.841999999999999908e-03 2.767416954040527344e+00
5.452599999999999808e-02 2.757067680358886719e+00
1.062339999999999951e-01 2.762242317199707031e+00
1.578930000000000056e-01 2.751893043518066406e+00
2.096159999999999968e-01 2.762242317199707031e+00
2.612780000000000102e-01 2.757067680358886719e+00
3.126880000000000215e-01 2.762242317199707031e+00
3.683370000000000255e-01 2.757067680358886719e+00
4.200459999999999749e-01 2.767416954040527344e+00
4.717509999999999759e-01 2.751893043518066406e+00
5.234769999999999701e-01 2.762242317199707031e+00
5.752350000000000518e-01 2.751893043518066406e+00
6.267759999999999998e-01 2.762242317199707031e+00
6.783209999999999518e-01 2.757067680358886719e+00
7.300200000000000022e-01 2.762242317199707031e+00
7.815729999999999622e-01 2.757067680358886719e+00
8.395780000000000465e-01 2.762242317199707031e+00
8.912409999999999499e-01 2.751893043518066406e+00
9.427780000000000049e-01 2.767416954040527344e+00
9.944509999999999739e-01 2.757067680358886719e+00
1.046014999999999917e+00 2.762242317199707031e+00
1.097714000000000079e+00 2.757067680358886719e+00
1.149413000000000018e+00 2.757067680358886719e+00
1.201100000000000056e+00 2.767416954040527344e+00
1.252796000000000021e+00 2.757067680358886719e+00
1.304469000000000101e+00 2.757067680358886719e+00
1.356176000000000048e+00 2.757067680358886719e+00
1.407845999999999931e+00 2.762242317199707031e+00
1.459406999999999899e+00 2.762242317199707031e+00
1.511106000000000060e+00 2.772591590881347656e+00
1.567911999999999972e+00 2.757067680358886719e+00
1.619494999999999907e+00 2.772591590881347656e+00
1.670871999999999913e+00 2.751893043518066406e+00
1.726299000000000028e+00 2.767416954040527344e+00
1.777948000000000084e+00 2.762242317199707031e+00
1.829657000000000089e+00 2.762242317199707031e+00
1.881175000000000042e+00 2.762242317199707031e+00
1.932706999999999953e+00 2.767416954040527344e+00
1.984229000000000021e+00 2.757067680358886719e+00
2.035814999999999930e+00 2.767416954040527344e+00
2.087359999999999882e+00 2.757067680358886719e+00
2.139037000000000077e+00 2.767416954040527344e+00
2.190602000000000160e+00 2.762242317199707031e+00
2.242271000000000125e+00 2.767416954040527344e+00
2.293835000000000068e+00 2.767416954040527344e+00
2.345339000000000063e+00 2.772591590881347656e+00
2.401165000000000216e+00 2.757067680358886719e+00
2.452866000000000213e+00 2.767416954040527344e+00
2.504410000000000025e+00 2.772591590881347656e+00
2.556019000000000041e+00 2.762242317199707031e+00
2.607635000000000147e+00 2.772591590881347656e+00
2.659161999999999804e+00 2.762242317199707031e+00
2.710712000000000010e+00 2.777766227722167969e+00
2.762417999999999818e+00 2.757067680358886719e+00
2.814092000000000038e+00 2.772591590881347656e+00
2.879821999999999882e+00 2.772591590881347656e+00
2.933266000000000151e+00 2.772591590881347656e+00
2.999228000000000005e+00 2.767416954040527344e+00
3.054367000000000054e+00 2.772591590881347656e+00
3.105541999999999803e+00 2.777766227722167969e+00
3.156781000000000059e+00 2.767416954040527344e+00
3.208299999999999930e+00 2.777766227722167969e+00
3.259551999999999783e+00 2.767416954040527344e+00
3.312497000000000025e+00 2.782940864562988281e+00
3.363693000000000044e+00 2.767416954040527344e+00
3.414899999999999824e+00 2.777766227722167969e+00
3.466153999999999957e+00 2.772591590881347656e+00
3.517406999999999950e+00 2.777766227722167969e+00
3.568779000000000146e+00 2.772591590881347656e+00
3.619984999999999786e+00 2.782940864562988281e+00
3.671389000000000014e+00 2.767416954040527344e+00
3.723018000000000161e+00 2.777766227722167969e+00
3.774532000000000220e+00 2.772591590881347656e+00
3.826119999999999965e+00 2.782940864562988281e+00
3.877784000000000120e+00 2.777766227722167969e+00
3.929494000000000042e+00 2.782940864562988281e+00
3.980986000000000136e+00 2.772591590881347656e+00
4.032580000000000275e+00 2.788115501403808594e+00
4.088911000000000406e+00 2.772591590881347656e+00
4.140735000000000277e+00 2.782940864562988281e+00
4.192419000000000118e+00 2.772591590881347656e+00
4.244102999999999959e+00 2.782940864562988281e+00
4.295799999999999841e+00 2.777766227722167969e+00
4.347478999999999871e+00 2.782940864562988281e+00
4.399028999999999634e+00 2.782940864562988281e+00
4.450719999999999565e+00 2.777766227722167969e+00
4.539058999999999955e+00 4.785508155822753906e+00
4.608446999999999960e+00 4.785508155822753906e+00
4.677233000000000196e+00 4.785508155822753906e+00
4.736580000000000013e+00 4.785508155822753906e+00
4.787922000000000011e+00 1.887736320495605469e+00
4.842622999999999678e+00 1.913609504699707031e+00
4.894073999999999813e+00 2.286179542541503906e+00
4.945437000000000083e+00 1.903260231018066406e+00
4.996677000000000035e+00 2.042974472045898438e+00
5.047931000000000168e+00 1.970529556274414062e+00
5.099143999999999899e+00 2.058497428894042969e+00
5.150399000000000171e+00 1.991228103637695312e+00
5.201457000000000441e+00 1.965354919433593750e+00
5.252723999999999727e+00 1.918784141540527344e+00
5.303937000000000346e+00 1.944656372070312500e+00
5.355385000000000062e+00 1.934308052062988281e+00
5.406896999999999842e+00 2.705322265625000000e+00
5.458530999999999800e+00 1.913609504699707031e+00
5.510158999999999807e+00 1.913609504699707031e+00
5.564798999999999829e+00 1.970529556274414062e+00
5.622832999999999970e+00 3.600526809692382812e+00
5.674552000000000263e+00 1.934308052062988281e+00
5.726096000000000075e+00 2.275830268859863281e+00
5.777650000000000396e+00 1.934308052062988281e+00
5.829202999999999690e+00 1.934308052062988281e+00
5.880853000000000108e+00 1.929133415222167969e+00
5.932420999999999722e+00 1.955005645751953125e+00
5.983932000000000251e+00 1.929133415222167969e+00
6.035643000000000313e+00 1.944656372070312500e+00
6.087182000000000315e+00 2.193037033081054688e+00
6.138895999999999908e+00 1.944656372070312500e+00
6.190602000000000160e+00 2.534560203552246094e+00
6.258348999999999940e+00 1.903260231018066406e+00
6.330542999999999587e+00 1.903260231018066406e+00
6.397738999999999621e+00 1.923958778381347656e+00
6.449003000000000263e+00 1.955005645751953125e+00
6.500405999999999906e+00 1.846339225769042969e+00
6.551771999999999707e+00 2.353449821472167969e+00
6.602959000000000245e+00 2.348275184631347656e+00
6.654239999999999711e+00 2.343100547790527344e+00
6.705478000000000272e+00 2.343100547790527344e+00
6.756693000000000282e+00 2.337925910949707031e+00
6.807939000000000185e+00 2.353449821472167969e+00
6.859187000000000367e+00 2.343100547790527344e+00
6.910560000000000258e+00 2.353449821472167969e+00
6.963513999999999982e+00 2.343100547790527344e+00
7.014700999999999631e+00 2.348275184631347656e+00
7.066177999999999848e+00 2.343100547790527344e+00
7.117700000000000138e+00 2.348275184631347656e+00
7.169118000000000102e+00 2.348275184631347656e+00
7.220793999999999713e+00 2.353449821472167969e+00
7.272331999999999574e+00 2.337925910949707031e+00
7.324023000000000394e+00 2.348275184631347656e+00
7.375560000000000116e+00 2.337925910949707031e+00
7.427272999999999570e+00 2.353449821472167969e+00
7.478782999999999959e+00 2.343100547790527344e+00
7.530502000000000251e+00 2.348275184631347656e+00
7.582175999999999583e+00 2.343100547790527344e+00
7.634135999999999811e+00 2.348275184631347656e+00
7.685830000000000162e+00 2.343100547790527344e+00
7.737390000000000434e+00 2.353449821472167969e+00
7.789090999999999987e+00 2.337925910949707031e+00
7.840798000000000378e+00 2.353449821472167969e+00
7.892458999999999669e+00 2.343100547790527344e+00
7.943852999999999831e+00 2.353449821472167969e+00
7.995394000000000112e+00 2.343100547790527344e+00
8.047117000000000075e+00 2.343100547790527344e+00
8.099118999999999957e+00 2.343100547790527344e+00
8.150800999999999519e+00 2.348275184631347656e+00
8.202355000000000729e+00 2.348275184631347656e+00
8.254032000000000480e+00 2.343100547790527344e+00
8.305571000000000481e+00 2.343100547790527344e+00
8.373134000000000299e+00 2.337925910949707031e+00
8.431219999999999715e+00 2.348275184631347656e+00
8.499370000000000758e+00 2.348275184631347656e+00
8.550819000000000614e+00 2.343100547790527344e+00
8.606495999999999924e+00 2.353449821472167969e+00
8.657709999999999795e+00 2.343100547790527344e+00
8.708977000000000857e+00 2.353449821472167969e+00
8.760172999999999988e+00 2.343100547790527344e+00
8.811429000000000400e+00 2.348275184631347656e+00
8.864086999999999605e+00 2.343100547790527344e+00
8.915435000000000443e+00 2.353449821472167969e+00
8.966670000000000584e+00 2.343100547790527344e+00
9.018050999999999817e+00 2.353449821472167969e+00
9.069290999999999769e+00 2.343100547790527344e+00
9.120722000000000662e+00 2.348275184631347656e+00
9.172456000000000387e+00 2.343100547790527344e+00
9.223997999999999919e+00 2.348275184631347656e+00
9.275536000000000669e+00 2.343100547790527344e+00
9.327204000000000050e+00 2.353449821472167969e+00
9.378752999999999673e+00 2.337925910949707031e+00
9.430433999999999983e+00 4.785508155822753906e+00
9.481991999999999976e+00 4.780333518981933594e+00
9.535705000000000098e+00 4.785508155822753906e+00
9.587348000000000425e+00 4.785508155822753906e+00
9.638994999999999536e+00 4.785508155822753906e+00
9.690554000000000556e+00 4.785508155822753906e+00
9.742107000000000738e+00 2.032625198364257812e+00
9.793630999999999531e+00 2.224084854125976562e+00
9.845214999999999606e+00 1.929133415222167969e+00
9.896895999999999916e+00 1.996402740478515625e+00
9.948572000000000415e+00 1.991228103637695312e+00
1.000017199999999917e+01 1.949831008911132812e+00
1.005182100000000034e+01 1.986053466796875000e+00
1.010337200000000024e+01 2.508687019348144531e+00
1.015552300000000052e+01 1.913609504699707031e+00
1.021184099999999972e+01 1.955005645751953125e+00
1.026356200000000030e+01 2.074021339416503906e+00
1.031518600000000063e+01 1.903260231018066406e+00
1.036687900000000084e+01 1.934308052062988281e+00
1.041841499999999954e+01 2.001577377319335938e+00
1.047010000000000041e+01 1.929133415222167969e+00
1.052179899999999968e+01 1.944656372070312500e+00
1.057355100000000014e+01 1.960180282592773438e+00
1.063760100000000008e+01 2.581131935119628906e+00
1.068925499999999928e+01 1.903260231018066406e+00
1.075372100000000053e+01 1.918784141540527344e+00
1.082125500000000073e+01 1.955005645751953125e+00
1.089175099999999929e+01 1.898085594177246094e+00
1.094292800000000021e+01 1.934308052062988281e+00
1.099418400000000062e+01 2.384497642517089844e+00
1.104554100000000005e+01 1.923958778381347656e+00
1.109679299999999991e+01 2.358624458312988281e+00
1.114815600000000018e+01 1.929133415222167969e+00
1.119941799999999965e+01 3.052020072937011719e+00
1.125081199999999981e+01 1.934308052062988281e+00
1.130218999999999951e+01 2.032625198364257812e+00
1.135359300000000005e+01 1.944656372070312500e+00
1.140496100000000013e+01 1.820466995239257812e+00
1.145621000000000045e+01 2.379323005676269531e+00
1.150758100000000006e+01 2.343100547790527344e+00
1.155919899999999956e+01 2.327576637268066406e+00
1.161141399999999990e+01 2.337925910949707031e+00
1.166303199999999940e+01 2.322402000427246094e+00
1.171455699999999922e+01 2.332751274108886719e+00
1.176610400000000034e+01 2.332751274108886719e+00
1.181750500000000059e+01 2.337925910949707031e+00
1.187574399999999919e+01 2.332751274108886719e+00
1.193083200000000055e+01 2.337925910949707031e+00
1.198412700000000086e+01 2.322402000427246094e+00
1.204251499999999986e+01 2.343100547790527344e+00
1.209488200000000013e+01 2.327576637268066406e+00
1.214626600000000067e+01 2.332751274108886719e+00
1.219763799999999954e+01 2.327576637268066406e+00
1.224903699999999951e+01 2.327576637268066406e+00
1.230044700000000013e+01 2.337925910949707031e+00
1.235180800000000012e+01 2.332751274108886719e+00
1.240321800000000074e+01 2.332751274108886719e+00
1.245457999999999998e+01 2.327576637268066406e+00
1.250584199999999946e+01 2.332751274108886719e+00
1.255720600000000076e+01 2.327576637268066406e+00
1.260991500000000087e+01 2.337925910949707031e+00
1.266134399999999971e+01 2.322402000427246094e+00
1.271259799999999984e+01 2.337925910949707031e+00
1.276418499999999945e+01 2.327576637268066406e+00
1.281572500000000048e+01 2.332751274108886719e+00
1.287292300000000012e+01 2.327576637268066406e+00
1.292464999999999975e+01 2.337925910949707031e+00
1.297617499999999957e+01 2.322402000427246094e+00
1.303016099999999966e+01 2.337925910949707031e+00
1.308189699999999966e+01 2.322402000427246094e+00
1.313372200000000056e+01 2.343100547790527344e+00
1.318543099999999946e+01 2.332751274108886719e+00
1.323710400000000043e+01 2.332751274108886719e+00
1.328881200000000007e+01 2.327576637268066406e+00
1.334047999999999945e+01 2.332751274108886719e+00
1.339398800000000023e+01 2.327576637268066406e+00
1.344839600000000068e+01 2.337925910949707031e+00
1.350299399999999928e+01 2.332751274108886719e+00
1.356589600000000040e+01 2.327576637268066406e+00
1.362068999999999974e+01 2.343100547790527344e+00
1.367197499999999977e+01 2.322402000427246094e+00
1.372319000000000067e+01 2.337925910949707031e+00
1.377459400000000045e+01 2.332751274108886719e+00
1.382600000000000051e+01 2.332751274108886719e+00
1.387736499999999928e+01 2.327576637268066406e+00
1.392861599999999989e+01 2.332751274108886719e+00
1.397998499999999922e+01 2.327576637268066406e+00
1.403107400000000027e+01 2.337925910949707031e+00
1.408245800000000081e+01 2.327576637268066406e+00
1.413583900000000071e+01 2.343100547790527344e+00
1.418744200000000077e+01 2.322402000427246094e+00
1.423900199999999927e+01 2.337925910949707031e+00
1.429070500000000088e+01 2.327576637268066406e+00
1.434241199999999949e+01 2.337925910949707031e+00
1.439409599999999934e+01 2.332751274108886719e+00
1.444583399999999962e+01 2.337925910949707031e+00
1.449750000000000050e+01 2.327576637268066406e+00
1.457055300000000031e+01 2.332751274108886719e+00
1.464542900000000003e+01 2.337925910949707031e+00
1.472161499999999990e+01 2.337925910949707031e+00
1.477303500000000014e+01 2.327576637268066406e+00
1.482444100000000020e+01 2.337925910949707031e+00
1.487583200000000083e+01 2.327576637268066406e+00
1.492721000000000053e+01 2.332751274108886719e+00
1.497861200000000004e+01 2.327576637268066406e+00
1.502998400000000068e+01 2.332751274108886719e+00
1.508137900000000009e+01 2.322402000427246094e+00
1.513260000000000005e+01 2.332751274108886719e+00
1.518399800000000077e+01 2.322402000427246094e+00
1.523537100000000066e+01 2.332751274108886719e+00
1.528698299999999932e+01 2.322402000427246094e+00
1.533882000000000012e+01 2.327576637268066406e+00
1.539038900000000076e+01 2.322402000427246094e+00
1.544207300000000060e+01 2.327576637268066406e+00
1.549363499999999938e+01 2.322402000427246094e+00
1.554534400000000005e+01 2.322402000427246094e+00
1.559700499999999934e+01 2.317227363586425781e+00
1.565410600000000052e+01 2.317227363586425781e+00
1.570571200000000012e+01 2.322402000427246094e+00
1.575742900000000013e+01 2.317227363586425781e+00
1.580913100000000071e+01 2.327576637268066406e+00
1.586083099999999924e+01 2.317227363586425781e+00
1.591233700000000084e+01 2.322402000427246094e+00
1.596404300000000021e+01 2.322402000427246094e+00
1.601554700000000153e+01 2.544909477233886719e+00
1.606711100000000059e+01 4.785508155822753906e+00
1.611884900000000087e+01 4.790682792663574219e+00
1.619077199999999905e+01 4.780333518981933594e+00
1.626111600000000124e+01 4.785508155822753906e+00
1.632176199999999966e+01 4.790682792663574219e+00
1.637426299999999912e+01 4.785508155822753906e+00
1.642575100000000177e+01 4.785508155822753906e+00
1.647695900000000080e+01 4.785508155822753906e+00
1.652821000000000140e+01 4.790682792663574219e+00
1.657957800000000148e+01 4.785508155822753906e+00
1.663512899999999917e+01 4.785508155822753906e+00
1.668635499999999894e+01 4.780333518981933594e+00
1.673756399999999900e+01 4.785508155822753906e+00
1.678881799999999913e+01 4.785508155822753906e+00
1.684019299999999930e+01 4.790682792663574219e+00
1.689158799999999871e+01 4.785508155822753906e+00
1.694296100000000038e+01 4.790682792663574219e+00
1.699436000000000035e+01 4.785508155822753906e+00
1.704594900000000024e+01 4.790682792663574219e+00
1.709836800000000068e+01 4.785508155822753906e+00
1.715016400000000019e+01 4.785508155822753906e+00
1.720187699999999964e+01 4.785508155822753906e+00
1.725370799999999960e+01 4.785508155822753906e+00
1.730556800000000095e+01 4.785508155822753906e+00
1.735726599999999920e+01 4.785508155822753906e+00
1.740895199999999932e+01 4.785508155822753906e+00
1.746064900000000009e+01 4.780333518981933594e+00
1.751233399999999918e+01 4.785508155822753906e+00
1.756419700000000006e+01 4.780333518981933594e+00
1.761587600000000009e+01 4.785508155822753906e+00
1.767455700000000007e+01 4.785508155822753906e+00
1.772701400000000049e+01 4.790682792663574219e+00
1.778278200000000098e+01 4.780333518981933594e+00
1.783460499999999982e+01 4.790682792663574219e+00
1.789296900000000079e+01 4.785508155822753906e+00
1.795714500000000058e+01 4.785508155822753906e+00
1.802840000000000131e+01 4.780333518981933594e+00
1.810059599999999946e+01 4.785508155822753906e+00
1.815200700000000111e+01 4.785508155822753906e+00
1.820337500000000119e+01 4.785508155822753906e+00
1.825476899999999958e+01 4.790682792663574219e+00
1.830599300000000085e+01 4.785508155822753906e+00
1.835723700000000136e+01 4.790682792663574219e+00
1.840865099999999899e+01 4.785508155822753906e+00
1.846001800000000159e+01 4.785508155822753906e+00
1.851142499999999913e+01 4.780333518981933594e+00
1.856278599999999912e+01 4.785508155822753906e+00
1.861404599999999832e+01 4.780333518981933594e+00
1.866968299999999914e+01 4.790682792663574219e+00
1.872094299999999834e+01 4.780333518981933594e+00
1.877237799999999979e+01 4.785508155822753906e+00
1.882396400000000014e+01 4.785508155822753906e+00
1.887565999999999988e+01 4.785508155822753906e+00
1.892740799999999979e+01 4.780333518981933594e+00
1.897904899999999984e+01 4.785508155822753906e+00
1.903076199999999929e+01 4.785508155822753906e+00
1.908247199999999921e+01 4.790682792663574219e+00
1.913451299999999833e+01 4.785508155822753906e+00
1.918632900000000063e+01 4.790682792663574219e+00
1.924496200000000101e+01 4.785508155822753906e+00
1.929673999999999978e+01 4.785508155822753906e+00
1.934856999999999871e+01 4.790682792663574219e+00
1.940300900000000084e+01 4.785508155822753906e+00
1.945471099999999964e+01 4.785508155822753906e+00
1.950638700000000014e+01 4.785508155822753906e+00
1.955812699999999893e+01 4.785508155822753906e+00
1.960996499999999898e+01 4.780333518981933594e+00
1.966372900000000001e+01 4.785508155822753906e+00
1.972122399999999942e+01 4.785508155822753906e+00
1.977281800000000089e+01 4.790682792663574219e+00
1.982449799999999840e+01 4.785508155822753906e+00
1.987609300000000090e+01 4.785508155822753906e+00
1.992790499999999909e+01 4.785508155822753906e+00
1.997959200000000024e+01 4.785508155822753906e+00
2.003110099999999960e+01 4.785508155822753906e+00
2.008269599999999855e+01 4.790682792663574219e+00
2.014204000000000150e+01 4.780333518981933594e+00
2.019388899999999865e+01 4.785508155822753906e+00
2.024540800000000118e+01 4.785508155822753906e+00
2.029712299999999914e+01 4.785508155822753906e+00
2.034897099999999881e+01 4.790682792663574219e+00
2.040923300000000040e+01 4.785508155822753906e+00
2.046088500000000110e+01 4.785508155822753906e+00
2.051244600000000062e+01 4.785508155822753906e+00
2.056417499999999876e+01 4.785508155822753906e+00
2.061587700000000112e+01 4.785508155822753906e+00
2.066778599999999955e+01 4.785508155822753906e+00
2.072270299999999921e+01 4.785508155822753906e+00
2.077442699999999931e+01 4.785508155822753906e+00
2.082596300000000156e+01 4.780333518981933594e+00
2.087768700000000166e+01 4.785508155822753906e+00
2.092954500000000095e+01 4.785508155822753906e+00
2.098115299999999905e+01 4.785508155822753906e+00
2.103270699999999849e+01 4.785508155822753906e+00
2.108463199999999915e+01 4.790682792663574219e+00
2.113631499999999974e+01 4.785508155822753906e+00
2.118814599999999970e+01 4.790682792663574219e+00
2.123985000000000056e+01 4.785508155822753906e+00
2.129151600000000144e+01 4.785508155822753906e+00
2.134345100000000173e+01 4.785508155822753906e+00
2.139946700000000135e+01 4.785508155822753906e+00
2.145116099999999904e+01 4.785508155822753906e+00
2.150289199999999923e+01 4.780333518981933594e+00
2.155463500000000110e+01 4.785508155822753906e+00
2.160630799999999851e+01 4.785508155822753906e+00
2.167232500000000073e+01 4.785508155822753906e+00
2.172422299999999851e+01 4.785508155822753906e+00
2.177586200000000005e+01 4.785508155822753906e+00
2.182741400000000098e+01 4.780333518981933594e+00
2.187915699999999930e+01 4.785508155822753906e+00
2.194378400000000084e+01 4.785508155822753906e+00
2.199532800000000066e+01 4.785508155822753906e+00
2.204710700000000045e+01 4.780333518981933594e+00
2.209892100000000070e+01 4.785508155822753906e+00
2.215060199999999924e+01 4.785508155822753906e+00
2.220270899999999870e+01 4.785508155822753906e+00
2.225464699999999851e+01 4.790682792663574219e+00
2.231102800000000030e+01 4.780333518981933594e+00
2.236277199999999965e+01 4.785508155822753906e+00
2.242323400000000078e+01 4.785508155822753906e+00
2.247528099999999895e+01 4.785508155822753906e+00
2.252683999999999997e+01 4.785508155822753906e+00
2.257857299999999867e+01 4.785508155822753906e+00
2.263028500000000065e+01 4.785508155822753906e+00
2.269062399999999968e+01 4.785508155822753906e+00
2.274238499999999874e+01 4.780333518981933594e+00
2.279403399999999991e+01 4.785508155822753906e+00
2.284557500000000019e+01 4.785508155822753906e+00
2.289728699999999861e+01 4.785508155822753906e+00
2.294912300000000016e+01 4.790682792663574219e+00
2.300462500000000077e+01 4.780333518981933594e+00
2.305635699999999844e+01 4.785508155822753906e+00
2.310806300000000135e+01 4.785508155822753906e+00
2.315974500000000091e+01 4.785508155822753906e+00
2.321144500000000122e+01 4.785508155822753906e+00
2.326311799999999863e+01 4.785508155822753906e+00
2.331498300000000157e+01 4.785508155822753906e+00
2.336665400000000048e+01 4.790682792663574219e+00
2.342032199999999875e+01 4.780333518981933594e+00
2.347199799999999925e+01 4.790682792663574219e+00
2.352355400000000074e+01 4.785508155822753906e+00
2.357526199999999861e+01 4.785508155822753906e+00
2.362697599999999909e+01 4.785508155822753906e+00
2.367958600000000047e+01 4.785508155822753906e+00
2.373115999999999914e+01 4.780333518981933594e+00
2.378275299999999959e+01 4.790682792663574219e+00
2.383445100000000139e+01 4.780333518981933594e+00
2.388603399999999866e+01 4.785508155822753906e+00
2.394143400000000099e+01 4.785508155822753906e+00
2.399305899999999880e+01 4.785508155822753906e+00
2.404460699999999918e+01 4.785508155822753906e+00
2.409631699999999910e+01 4.785508155822753906e+00
2.414819900000000175e+01 4.785508155822753906e+00
2.419982200000000105e+01 4.785508155822753906e+00
2.425134100000000004e+01 4.785508155822753906e+00
2.430307900000000032e+01 4.785508155822753906e+00
2.435858500000000149e+01 4.785508155822753906e+00
2.441060299999999827e+01 4.780333518981933594e+00
2.446230699999999914e+01 4.785508155822753906e+00
2.451417800000000113e+01 4.785508155822753906e+00
2.456584399999999846e+01 4.785508155822753906e+00
2.461755600000000044e+01 4.785508155822753906e+00
2.467744599999999977e+01 4.785508155822753906e+00
2.472929699999999897e+01 4.785508155822753906e+00
2.478094199999999958e+01 4.785508155822753906e+00
2.483389299999999977e+01 4.780333518981933594e+00
2.488545699999999883e+01 4.790682792663574219e+00
2.493717699999999837e+01 4.780333518981933594e+00
2.498882000000000048e+01 4.785508155822753906e+00
2.504056100000000029e+01 4.785508155822753906e+00
2.509384999999999977e+01 4.785508155822753906e+00
2.514871199999999973e+01 4.785508155822753906e+00
2.521150499999999894e+01 4.785508155822753906e+00
2.526682100000000020e+01 4.785508155822753906e+00
2.531971400000000116e+01 4.785508155822753906e+00
2.537108599999999825e+01 4.785508155822753906e+00
2.542232699999999923e+01 4.780333518981933594e+00
2.547358699999999843e+01 4.790682792663574219e+00
2.552478999999999942e+01 4.780333518981933594e+00
2.557620100000000107e+01 4.785508155822753906e+00
2.562724899999999906e+01 4.785508155822753906e+00
2.567875000000000085e+01 4.785508155822753906e+00
2.572999199999999931e+01 4.785508155822753906e+00
2.578143000000000029e+01 4.785508155822753906e+00
2.583280099999999990e+01 4.780333518981933594e+00
2.588420400000000043e+01 4.790682792663574219e+00
2.593581500000000162e+01 4.780333518981933594e+00
2.598756500000000003e+01 4.785508155822753906e+00
2.603939000000000092e+01 4.785508155822753906e+00
2.609109300000000076e+01 4.785508155822753906e+00
2.614296600000000126e+01 4.785508155822753906e+00
2.619460499999999925e+01 4.785508155822753906e+00
2.624634999999999962e+01 4.785508155822753906e+00
2.630254899999999907e+01 4.785508155822753906e+00
2.635477900000000062e+01 4.785508155822753906e+00
2.640694099999999978e+01 4.785508155822753906e+00
2.645857900000000029e+01 4.785508155822753906e+00
2.651028700000000171e+01 4.780333518981933594e+00
2.656215800000000016e+01 4.785508155822753906e+00
2.661386200000000102e+01 4.785508155822753906e+00
2.666553700000000049e+01 4.785508155822753906e+00
2.671922400000000053e+01 4.785508155822753906e+00
2.677084800000000087e+01 4.785508155822753906e+00
2.682239600000000124e+01 4.785508155822753906e+00
2.687391600000000125e+01 4.785508155822753906e+00
2.692567700000000031e+01 4.785508155822753906e+00
2.697750699999999924e+01 4.790682792663574219e+00
2.702937400000000068e+01 4.780333518981933594e+00
2.708566599999999980e+01 4.785508155822753906e+00
2.713735600000000048e+01 4.785508155822753906e+00
2.718907799999999853e+01 4.785508155822753906e+00
2.724074600000000146e+01 4.785508155822753906e+00
2.729244600000000176e+01 4.785508155822753906e+00
2.734442800000000062e+01 4.780333518981933594e+00
2.739596399999999932e+01 4.790682792663574219e+00
2.744757900000000106e+01 4.785508155822753906e+00
2.749933100000000152e+01 4.785508155822753906e+00
2.755114700000000028e+01 4.790682792663574219e+00
2.760285400000000067e+01 4.785508155822753906e+00
2.765453199999999967e+01 4.790682792663574219e+00
2.771205199999999991e+01 4.785508155822753906e+00
2.776356399999999880e+01 4.785508155822753906e+00
2.781523800000000080e+01 4.785508155822753906e+00
2.786864399999999975e+01 4.785508155822753906e+00
2.792036200000000079e+01 4.785508155822753906e+00
2.797203899999999877e+01 4.785508155822753906e+00
2.802375500000000130e+01 4.780333518981933594e+00
2.807543000000000077e+01 4.790682792663574219e+00
2.812709999999999866e+01 4.780333518981933594e+00
2.817881399999999914e+01 4.785508155822753906e+00
2.823049400000000020e+01 4.785508155822753906e+00
2.828235199999999949e+01 4.785508155822753906e+00
2.833948200000000028e+01 4.780333518981933594e+00
2.839124299999999934e+01 4.790682792663574219e+00
2.844275499999999823e+01 4.785508155822753906e+00
2.849444300000000041e+01 4.790682792663574219e+00
2.854601699999999909e+01 4.780333518981933594e+00
2.859770100000000070e+01 4.785508155822753906e+00
2.865406400000000176e+01 4.785508155822753906e+00
2.871498100000000164e+01 4.785508155822753906e+00
2.876652199999999837e+01 4.785508155822753906e+00
2.881824399999999997e+01 4.785508155822753906e+00
2.887010899999999936e+01 4.785508155822753906e+00
2.892177799999999976e+01 4.785508155822753906e+00
2.897350700000000145e+01 4.785508155822753906e+00
2.902535500000000113e+01 4.785508155822753906e+00
2.907702899999999957e+01 4.790682792663574219e+00
2.912873300000000043e+01 4.785508155822753906e+00
2.918056899999999843e+01 4.790682792663574219e+00
2.923225899999999911e+01 4.785508155822753906e+00
2.928395599999999988e+01 4.785508155822753906e+00
2.934132699999999971e+01 4.785508155822753906e+00
2.939302599999999899e+01 4.785508155822753906e+00
2.944450600000000051e+01 4.780333518981933594e+00
2.949590299999999843e+01 4.790682792663574219e+00
2.954729100000000130e+01 4.780333518981933594e+00
2.959901299999999935e+01 4.785508155822753906e+00
2.965068099999999873e+01 4.790682792663574219e+00
2.970238000000000156e+01 4.785508155822753906e+00
2.975399499999999975e+01 4.785508155822753906e+00
2.980558500000000066e+01 4.780333518981933594e+00
2.985882499999999951e+01 4.785508155822753906e+00
2.991036400000000128e+01 4.785508155822753906e+00
2.996203600000000122e+01 4.785508155822753906e+00
3.001356099999999927e+01 4.785508155822753906e+00
