1.273000000000000043e-03 2.498338699340820312e+00
4.413000000000000256e-03 2.498338699340820312e+00
7.727000000000000361e-03 2.498338699340820312e+00
1.087300000000000072e-02 2.503512382507324219e+00
1.401099999999999915e-02 2.503512382507324219e+00
1.731299999999999853e-02 2.503512382507324219e+00
2.045100000000000043e-02 2.503512382507324219e+00
2.375299999999999981e-02 2.503512382507324219e+00
2.690700000000000036e-02 2.503512382507324219e+00
3.004700000000000079e-02 2.503512382507324219e+00
3.334899999999999670e-02 2.503512382507324219e+00
3.649700000000000166e-02 2.503512382507324219e+00
3.962799999999999656e-02 2.508687019348144531e+00
4.293000000000000288e-02 2.508687019348144531e+00
4.606999999999999984e-02 2.508687019348144531e+00
4.921299999999999980e-02 2.508687019348144531e+00
5.220000000000000334e-02 2.503512382507324219e+00
5.534599999999999936e-02 2.498338699340820312e+00
5.860699999999999937e-02 2.498338699340820312e+00
6.732200000000000684e-02 2.498338699340820312e+00
7.048799999999999510e-02 2.498338699340820312e+00
7.362599999999999700e-02 2.498338699340820312e+00
7.692599999999999438e-02 2.493164062500000000e+00
8.007100000000000328e-02 2.493164062500000000e+00
8.322100000000000330e-02 2.498338699340820312e+00
8.651399999999999368e-02 2.493164062500000000e+00
8.965700000000000058e-02 2.493164062500000000e+00
9.278899999999999648e-02 2.493164062500000000e+00
9.594099999999999850e-02 2.493164062500000000e+00
9.925399999999999501e-02 2.498338699340820312e+00
1.025429999999999953e-01 2.498338699340820312e+00
1.056860000000000022e-01 2.503512382507324219e+00
1.091570000000000040e-01 2.498338699340820312e+00
1.122910000000000019e-01 2.503512382507324219e+00
1.154189999999999938e-01 2.503512382507324219e+00
1.187219999999999942e-01 2.508687019348144531e+00
1.218700000000000061e-01 2.508687019348144531e+00
1.250130000000000130e-01 2.508687019348144531e+00
1.283050000000000024e-01 2.508687019348144531e+00
1.314500000000000113e-01 2.508687019348144531e+00
1.347490000000000077e-01 2.508687019348144531e+00
1.378870000000000096e-01 2.508687019348144531e+00
1.410359999999999947e-01 2.508687019348144531e+00
1.443319999999999881e-01 2.508687019348144531e+00
1.474789999999999990e-01 2.508687019348144531e+00
1.506250000000000089e-01 2.508687019348144531e+00
1.539220000000000033e-01 2.498338699340820312e+00
1.570680000000000132e-01 2.498338699340820312e+00
1.602049999999999863e-01 2.498338699340820312e+00
1.633499999999999952e-01 2.493164062500000000e+00
1.665550000000000086e-01 2.493164062500000000e+00
1.696779999999999955e-01 2.493164062500000000e+00
1.781959999999999933e-01 2.493164062500000000e+00
1.814870000000000094e-01 2.493164062500000000e+00
1.846250000000000113e-01 2.493164062500000000e+00
1.879240000000000077e-01 2.493164062500000000e+00
1.910650000000000126e-01 2.493164062500000000e+00
1.941990000000000105e-01 2.493164062500000000e+00
1.973530000000000006e-01 2.493164062500000000e+00
2.004950000000000065e-01 2.498338699340820312e+00
2.036330000000000084e-01 2.503512382507324219e+00
2.069870000000000043e-01 2.503512382507324219e+00
2.111010000000000109e-01 2.508687019348144531e+00
2.142340000000000078e-01 2.508687019348144531e+00
2.175390000000000101e-01 2.508687019348144531e+00
2.209470000000000045e-01 2.508687019348144531e+00
2.245429999999999926e-01 2.508687019348144531e+00
2.352239999999999887e-01 2.508687019348144531e+00
2.410450000000000093e-01 2.503512382507324219e+00
2.449179999999999968e-01 2.503512382507324219e+00
2.504359999999999919e-01 2.503512382507324219e+00
2.536539999999999906e-01 2.493164062500000000e+00
2.568280000000000007e-01 2.493164062500000000e+00
2.600219999999999754e-01 2.493164062500000000e+00
2.633179999999999965e-01 2.493164062500000000e+00
2.664730000000000154e-01 2.493164062500000000e+00
2.695930000000000271e-01 2.493164062500000000e+00
2.728990000000000027e-01 2.493164062500000000e+00
2.760420000000000096e-01 2.493164062500000000e+00
2.793539999999999912e-01 2.498338699340820312e+00
2.880699999999999927e-01 2.493164062500000000e+00
2.914430000000000076e-01 2.498338699340820312e+00
2.945969999999999978e-01 2.498338699340820312e+00
2.977520000000000167e-01 2.498338699340820312e+00
3.008919999999999928e-01 2.503512382507324219e+00
3.040379999999999749e-01 2.508687019348144531e+00
3.073380000000000001e-01 2.508687019348144531e+00
3.106280000000000152e-01 2.508687019348144531e+00
3.139250000000000096e-01 2.508687019348144531e+00
3.172340000000000160e-01 2.508687019348144531e+00
3.205310000000000104e-01 2.508687019348144531e+00
3.236769999999999925e-01 2.508687019348144531e+00
3.268229999999999746e-01 2.503512382507324219e+00
3.301080000000000125e-01 2.503512382507324219e+00
3.332519999999999927e-01 2.503512382507324219e+00
3.364059999999999828e-01 2.503512382507324219e+00
3.396950000000000247e-01 2.503512382507324219e+00
3.428359999999999741e-01 2.503512382507324219e+00
3.461369999999999725e-01 2.503512382507324219e+00
3.494519999999999849e-01 2.498338699340820312e+00
3.527370000000000227e-01 2.493164062500000000e+00
3.559200000000000141e-01 2.498338699340820312e+00
3.592060000000000253e-01 2.493164062500000000e+00
3.625110000000000277e-01 2.493164062500000000e+00
3.656530000000000058e-01 2.493164062500000000e+00
3.687889999999999779e-01 2.493164062500000000e+00
3.719370000000000176e-01 2.498338699340820312e+00
3.750820000000000265e-01 2.498338699340820312e+00
3.782229999999999759e-01 2.498338699340820312e+00
3.815259999999999763e-01 2.498338699340820312e+00
3.846649999999999792e-01 2.503512382507324219e+00
3.878039999999999821e-01 2.498338699340820312e+00
3.911069999999999824e-01 2.498338699340820312e+00
3.942459999999999853e-01 2.498338699340820312e+00
4.024079999999999879e-01 2.498338699340820312e+00
4.055779999999999941e-01 2.503512382507324219e+00
4.088999999999999857e-01 2.503512382507324219e+00
4.120309999999999806e-01 2.503512382507324219e+00
4.153290000000000037e-01 2.503512382507324219e+00
4.184769999999999879e-01 2.503512382507324219e+00
4.219109999999999805e-01 2.503512382507324219e+00
4.250659999999999994e-01 2.503512382507324219e+00
4.282110000000000083e-01 2.498338699340820312e+00
4.315039999999999987e-01 2.503512382507324219e+00
4.346439999999999748e-01 2.503512382507324219e+00
4.379549999999999832e-01 2.503512382507324219e+00
4.410930000000000129e-01 2.503512382507324219e+00
4.442349999999999910e-01 2.503512382507324219e+00
4.475410000000000221e-01 2.503512382507324219e+00
4.507229999999999848e-01 2.498338699340820312e+00
4.538590000000000124e-01 2.493164062500000000e+00
4.571680000000000188e-01 2.493164062500000000e+00
4.603119999999999989e-01 2.498338699340820312e+00
4.634550000000000058e-01 2.498338699340820312e+00
4.667589999999999795e-01 2.498338699340820312e+00
4.698950000000000071e-01 2.498338699340820312e+00
4.730320000000000080e-01 2.498338699340820312e+00
4.763450000000000184e-01 2.493164062500000000e+00
4.794809999999999905e-01 2.498338699340820312e+00
4.826230000000000242e-01 2.498338699340820312e+00
4.859260000000000246e-01 2.498338699340820312e+00
4.892150000000000110e-01 2.498338699340820312e+00
4.925169999999999826e-01 2.498338699340820312e+00
4.956599999999999895e-01 2.498338699340820312e+00
4.988110000000000044e-01 2.498338699340820312e+00
5.021050000000000235e-01 2.498338699340820312e+00
5.052360000000000184e-01 2.503512382507324219e+00
5.085380000000000456e-01 2.503512382507324219e+00
5.116889999999999494e-01 2.503512382507324219e+00
5.200829999999999620e-01 2.503512382507324219e+00
5.231620000000000159e-01 2.503512382507324219e+00
5.264229999999999743e-01 2.503512382507324219e+00
5.296239999999999837e-01 2.503512382507324219e+00
5.329169999999999741e-01 2.508687019348144531e+00
5.360610000000000097e-01 2.503512382507324219e+00
5.392080000000000206e-01 2.508687019348144531e+00
5.425010000000000110e-01 2.513861656188964844e+00
5.456379999999999564e-01 2.508687019348144531e+00
5.488260000000000360e-01 2.503512382507324219e+00
5.521160000000000512e-01 2.503512382507324219e+00
5.552550000000000541e-01 2.503512382507324219e+00
5.584189999999999987e-01 2.498338699340820312e+00
5.616980000000000306e-01 2.498338699340820312e+00
5.648410000000000375e-01 2.503512382507324219e+00
5.681500000000000439e-01 2.498338699340820312e+00
5.712869999999999893e-01 2.498338699340820312e+00
5.744249999999999634e-01 2.503512382507324219e+00
5.777240000000000153e-01 2.498338699340820312e+00
5.808699999999999974e-01 2.498338699340820312e+00
5.840130000000000043e-01 2.498338699340820312e+00
5.873080000000000522e-01 2.493164062500000000e+00
5.904540000000000344e-01 2.493164062500000000e+00
5.937510000000000288e-01 2.493164062500000000e+00
5.969079999999999941e-01 2.493164062500000000e+00
6.000469999999999970e-01 2.498338699340820312e+00
6.033410000000000162e-01 2.498338699340820312e+00
6.064929999999999488e-01 2.503512382507324219e+00
6.096279999999999477e-01 2.503512382507324219e+00
6.129229999999999956e-01 2.503512382507324219e+00
6.160679999999999490e-01 2.503512382507324219e+00
6.192079999999999806e-01 2.503512382507324219e+00
6.225009999999999710e-01 2.508687019348144531e+00
6.256589999999999652e-01 2.508687019348144531e+00
6.340879999999999850e-01 2.508687019348144531e+00
6.377479999999999816e-01 2.508687019348144531e+00
6.409150000000000125e-01 2.508687019348144531e+00
6.440850000000000186e-01 2.508687019348144531e+00
6.472350000000000048e-01 2.508687019348144531e+00
6.505290000000000239e-01 2.503512382507324219e+00
6.536710000000000020e-01 2.508687019348144531e+00
6.568310000000000537e-01 2.503512382507324219e+00
6.601099999999999746e-01 2.498338699340820312e+00
6.632529999999999815e-01 2.498338699340820312e+00
6.664099999999999469e-01 2.493164062500000000e+00
6.696969999999999867e-01 2.493164062500000000e+00
6.728340000000000432e-01 2.493164062500000000e+00
6.761359999999999593e-01 2.493164062500000000e+00
6.794400000000000439e-01 2.493164062500000000e+00
6.827349999999999808e-01 2.487989425659179688e+00
6.858760000000000412e-01 2.487989425659179688e+00
6.890269999999999451e-01 2.493164062500000000e+00
6.923209999999999642e-01 2.487989425659179688e+00
6.954569999999999919e-01 2.493164062500000000e+00
6.986010000000000275e-01 2.493164062500000000e+00
7.019020000000000259e-01 2.498338699340820312e+00
7.050440000000000040e-01 2.498338699340820312e+00
7.083399999999999697e-01 2.503512382507324219e+00
7.114930000000000421e-01 2.503512382507324219e+00
7.146280000000000410e-01 2.508687019348144531e+00
7.179240000000000066e-01 2.503512382507324219e+00
7.210699999999999887e-01 2.503512382507324219e+00
7.241959999999999509e-01 2.508687019348144531e+00
7.275099999999999900e-01 2.503512382507324219e+00
7.306540000000000257e-01 2.503512382507324219e+00
7.339639999999999498e-01 2.503512382507324219e+00
7.371039999999999814e-01 2.503512382507324219e+00
7.402790000000000203e-01 2.503512382507324219e+00
7.434150000000000480e-01 2.503512382507324219e+00
7.519329999999999625e-01 2.493164062500000000e+00
7.550660000000000149e-01 2.493164062500000000e+00
7.582149999999999723e-01 2.493164062500000000e+00
7.615089999999999915e-01 2.493164062500000000e+00
7.646500000000000519e-01 2.493164062500000000e+00
7.679529999999999967e-01 2.487989425659179688e+00
7.710970000000000324e-01 2.493164062500000000e+00
7.742480000000000473e-01 2.493164062500000000e+00
7.775609999999999467e-01 2.487989425659179688e+00
7.806880000000000486e-01 2.493164062500000000e+00
7.838239999999999652e-01 2.493164062500000000e+00
7.871320000000000539e-01 2.487989425659179688e+00
7.902700000000000280e-01 2.493164062500000000e+00
7.934080000000000021e-01 2.493164062500000000e+00
7.967119999999999758e-01 2.493164062500000000e+00
7.998549999999999827e-01 2.503512382507324219e+00
8.029910000000000103e-01 2.503512382507324219e+00
8.061380000000000212e-01 2.503512382507324219e+00
8.094419999999999948e-01 2.508687019348144531e+00
8.127379999999999605e-01 2.508687019348144531e+00
8.158800000000000496e-01 2.508687019348144531e+00
8.193409999999999860e-01 2.503512382507324219e+00
8.225149999999999961e-01 2.508687019348144531e+00
8.256179999999999630e-01 2.503512382507324219e+00
8.289180000000000437e-01 2.503512382507324219e+00
8.320650000000000546e-01 2.508687019348144531e+00
8.352410000000000112e-01 2.498338699340820312e+00
8.385390000000000343e-01 2.498338699340820312e+00
8.417019999999999502e-01 2.498338699340820312e+00
8.448229999999999906e-01 2.498338699340820312e+00
8.481260000000000465e-01 2.503512382507324219e+00
8.512720000000000287e-01 2.493164062500000000e+00
8.544110000000000316e-01 2.493164062500000000e+00
8.628299999999999859e-01 2.487989425659179688e+00
8.660449999999999537e-01 2.493164062500000000e+00
8.692060000000000342e-01 2.493164062500000000e+00
8.724950000000000205e-01 2.493164062500000000e+00
8.756380000000000274e-01 2.493164062500000000e+00
8.789430000000000298e-01 2.498338699340820312e+00
8.820879999999999832e-01 2.498338699340820312e+00
8.852330000000000476e-01 2.498338699340820312e+00
8.885319999999999885e-01 2.498338699340820312e+00
8.916669999999999874e-01 2.498338699340820312e+00
8.948139999999999983e-01 2.498338699340820312e+00
8.981059999999999599e-01 2.498338699340820312e+00
9.012529999999999708e-01 2.503512382507324219e+00
9.043909999999999449e-01 2.503512382507324219e+00
9.075419999999999598e-01 2.503512382507324219e+00
9.106840000000000490e-01 2.503512382507324219e+00
9.138249999999999984e-01 2.503512382507324219e+00
9.171240000000000503e-01 2.503512382507324219e+00
9.202690000000000037e-01 2.503512382507324219e+00
9.235670000000000268e-01 2.503512382507324219e+00
9.267180000000000417e-01 2.498338699340820312e+00
9.298980000000000024e-01 2.503512382507324219e+00
9.330359999999999765e-01 2.503512382507324219e+00
9.363369999999999749e-01 2.498338699340820312e+00
9.394759999999999778e-01 2.498338699340820312e+00
9.426130000000000342e-01 2.498338699340820312e+00
9.459119999999999751e-01 2.498338699340820312e+00
9.492180000000000062e-01 2.498338699340820312e+00
9.525069999999999926e-01 2.493164062500000000e+00
9.556489999999999707e-01 2.493164062500000000e+00
9.589520000000000266e-01 2.493164062500000000e+00
9.620969999999999800e-01 2.493164062500000000e+00
9.652370000000000116e-01 2.493164062500000000e+00
9.685380000000000100e-01 2.493164062500000000e+00
9.768350000000000088e-01 2.493164062500000000e+00
9.800419999999999687e-01 2.498338699340820312e+00
9.833730000000000526e-01 2.493164062500000000e+00
9.864889999999999493e-01 2.498338699340820312e+00
9.896300000000000097e-01 2.498338699340820312e+00
9.929219999999999713e-01 2.493164062500000000e+00
9.960710000000000397e-01 2.493164062500000000e+00
9.992090000000000138e-01 2.498338699340820312e+00
1.003300000000000081e+00 2.498338699340820312e+00
1.007403999999999966e+00 2.503512382507324219e+00
1.011468999999999951e+00 2.498338699340820312e+00
1.015524000000000093e+00 2.498338699340820312e+00
1.019654999999999978e+00 2.498338699340820312e+00
1.022983999999999893e+00 2.498338699340820312e+00
1.027101999999999959e+00 2.498338699340820312e+00
1.031171999999999978e+00 2.503512382507324219e+00
1.035239999999999938e+00 2.498338699340820312e+00
1.039320999999999939e+00 2.498338699340820312e+00
1.043387000000000064e+00 2.498338699340820312e+00
1.047495000000000065e+00 2.503512382507324219e+00
1.051566999999999918e+00 2.498338699340820312e+00
1.055630999999999986e+00 2.498338699340820312e+00
1.059703999999999979e+00 2.493164062500000000e+00
1.063777999999999890e+00 2.493164062500000000e+00
1.067903999999999964e+00 2.498338699340820312e+00
1.071981000000000073e+00 2.493164062500000000e+00
1.076081999999999983e+00 2.498338699340820312e+00
1.080173999999999968e+00 2.493164062500000000e+00
1.084842000000000084e+00 2.493164062500000000e+00
1.095706999999999987e+00 2.487989425659179688e+00
1.099815999999999905e+00 2.498338699340820312e+00
1.103920999999999930e+00 2.493164062500000000e+00
1.108055000000000012e+00 2.498338699340820312e+00
1.112173999999999996e+00 2.493164062500000000e+00
1.116381999999999985e+00 2.503512382507324219e+00
1.120508999999999977e+00 2.498338699340820312e+00
1.124705000000000066e+00 2.498338699340820312e+00
1.128945000000000087e+00 2.503512382507324219e+00
1.133083999999999980e+00 2.503512382507324219e+00
1.137267000000000028e+00 2.508687019348144531e+00
1.141404000000000085e+00 2.503512382507324219e+00
1.145545000000000035e+00 2.503512382507324219e+00
1.149690000000000101e+00 2.503512382507324219e+00
1.153818000000000010e+00 2.503512382507324219e+00
1.157982999999999985e+00 2.498338699340820312e+00
1.161172000000000093e+00 2.498338699340820312e+00
1.165154999999999941e+00 2.498338699340820312e+00
1.169440000000000035e+00 2.493164062500000000e+00
1.173605999999999927e+00 2.493164062500000000e+00
1.177783000000000024e+00 2.493164062500000000e+00
1.181950000000000056e+00 2.493164062500000000e+00
1.186190999999999995e+00 2.487989425659179688e+00
1.190376000000000101e+00 2.487989425659179688e+00
1.194542999999999910e+00 2.487989425659179688e+00
1.198795000000000055e+00 2.493164062500000000e+00
1.207219000000000042e+00 2.498338699340820312e+00
1.213435000000000041e+00 2.508687019348144531e+00
1.217675000000000063e+00 2.503512382507324219e+00
1.221865999999999897e+00 2.508687019348144531e+00
1.226431000000000049e+00 2.508687019348144531e+00
1.230644000000000071e+00 2.503512382507324219e+00
1.241529000000000105e+00 2.503512382507324219e+00
1.255710000000000104e+00 2.508687019348144531e+00
1.267862000000000045e+00 2.493164062500000000e+00
1.272542999999999980e+00 2.493164062500000000e+00
1.276882999999999990e+00 2.487989425659179688e+00
1.281120000000000037e+00 2.493164062500000000e+00
1.285403999999999991e+00 2.493164062500000000e+00
1.289625999999999939e+00 2.493164062500000000e+00
1.293865000000000043e+00 2.493164062500000000e+00
1.298138999999999932e+00 2.493164062500000000e+00
1.302383000000000068e+00 2.503512382507324219e+00
1.306726999999999972e+00 2.508687019348144531e+00
1.310993000000000075e+00 2.503512382507324219e+00
1.315266999999999964e+00 2.508687019348144531e+00
1.323704999999999909e+00 2.503512382507324219e+00
1.328211999999999948e+00 2.503512382507324219e+00
1.332457999999999920e+00 2.503512382507324219e+00
1.336858000000000102e+00 2.503512382507324219e+00
1.341131999999999991e+00 2.503512382507324219e+00
1.345418000000000003e+00 2.498338699340820312e+00
1.349690000000000056e+00 2.498338699340820312e+00
1.354020999999999919e+00 2.487989425659179688e+00
1.358403000000000027e+00 2.493164062500000000e+00
1.362691000000000097e+00 2.493164062500000000e+00
1.367070000000000007e+00 2.487989425659179688e+00
1.371343999999999896e+00 2.493164062500000000e+00
1.375639999999999974e+00 2.493164062500000000e+00
1.380014999999999992e+00 2.493164062500000000e+00
1.384317999999999937e+00 2.498338699340820312e+00
1.388730000000000020e+00 2.498338699340820312e+00
1.393046000000000006e+00 2.498338699340820312e+00
1.397380000000000067e+00 2.498338699340820312e+00
1.401720000000000077e+00 2.498338699340820312e+00
1.406050999999999940e+00 2.508687019348144531e+00
1.410379000000000049e+00 2.503512382507324219e+00
1.414698000000000011e+00 2.503512382507324219e+00
1.419143000000000043e+00 2.503512382507324219e+00
1.423465999999999898e+00 2.503512382507324219e+00
1.427861999999999965e+00 2.498338699340820312e+00
1.432434999999999903e+00 2.503512382507324219e+00
1.442366999999999955e+00 2.498338699340820312e+00
1.447146000000000043e+00 2.498338699340820312e+00
1.451497999999999955e+00 2.493164062500000000e+00
1.455845000000000056e+00 2.493164062500000000e+00
1.460201000000000082e+00 2.487989425659179688e+00
1.464572999999999903e+00 2.493164062500000000e+00
1.469060000000000032e+00 2.493164062500000000e+00
1.473427999999999960e+00 2.493164062500000000e+00
1.477823000000000109e+00 2.493164062500000000e+00
1.482191999999999954e+00 2.498338699340820312e+00
1.486682000000000059e+00 2.498338699340820312e+00
1.491071000000000035e+00 2.503512382507324219e+00
1.495449000000000028e+00 2.498338699340820312e+00
1.499818000000000096e+00 2.498338699340820312e+00
1.504267000000000021e+00 2.503512382507324219e+00
1.508747000000000060e+00 2.503512382507324219e+00
1.513160999999999978e+00 2.498338699340820312e+00
1.517559000000000102e+00 2.503512382507324219e+00
1.521945000000000103e+00 2.498338699340820312e+00
1.526408999999999905e+00 2.503512382507324219e+00
1.530891000000000002e+00 2.498338699340820312e+00
1.535342999999999902e+00 2.498338699340820312e+00
1.539794000000000107e+00 2.503512382507324219e+00
1.544221999999999984e+00 2.498338699340820312e+00
1.548745000000000038e+00 2.503512382507324219e+00
1.553177999999999948e+00 2.498338699340820312e+00
1.563113999999999892e+00 2.498338699340820312e+00
1.567816000000000098e+00 2.498338699340820312e+00
1.572227999999999959e+00 2.498338699340820312e+00
1.576740000000000030e+00 2.498338699340820312e+00
1.581178999999999890e+00 2.493164062500000000e+00
1.585755000000000026e+00 2.498338699340820312e+00
1.589879000000000042e+00 2.498338699340820312e+00
1.593750000000000000e+00 2.493164062500000000e+00
1.596748999999999974e+00 2.493164062500000000e+00
1.600422999999999929e+00 2.493164062500000000e+00
1.604319000000000051e+00 2.498338699340820312e+00
1.608249999999999957e+00 2.503512382507324219e+00
1.612084999999999990e+00 2.498338699340820312e+00
1.615906000000000065e+00 2.503512382507324219e+00
1.619714000000000098e+00 2.503512382507324219e+00
1.623529999999999918e+00 2.498338699340820312e+00
1.626527000000000056e+00 2.498338699340820312e+00
1.629531000000000063e+00 2.498338699340820312e+00
1.633226999999999984e+00 2.503512382507324219e+00
1.637073999999999918e+00 2.503512382507324219e+00
1.640918000000000099e+00 2.508687019348144531e+00
1.643917000000000073e+00 2.503512382507324219e+00
1.647513000000000005e+00 2.508687019348144531e+00
1.650512999999999897e+00 2.503512382507324219e+00
1.654085999999999945e+00 2.498338699340820312e+00
1.657934000000000019e+00 2.498338699340820312e+00
1.661782000000000092e+00 2.498338699340820312e+00
1.665637999999999952e+00 2.498338699340820312e+00
1.669499999999999984e+00 2.498338699340820312e+00
1.673459999999999948e+00 2.498338699340820312e+00
1.680986000000000091e+00 2.493164062500000000e+00
1.684730999999999979e+00 2.493164062500000000e+00
1.688625999999999960e+00 2.493164062500000000e+00
1.692517999999999967e+00 2.493164062500000000e+00
1.695549999999999891e+00 2.493164062500000000e+00
1.699281000000000041e+00 2.493164062500000000e+00
1.703179999999999916e+00 2.503512382507324219e+00
1.707089000000000079e+00 2.503512382507324219e+00
1.710120000000000084e+00 2.498338699340820312e+00
1.713734000000000091e+00 2.503512382507324219e+00
1.717629000000000072e+00 2.508687019348144531e+00
1.721560999999999897e+00 2.508687019348144531e+00
1.725443000000000060e+00 2.503512382507324219e+00
1.729309999999999903e+00 2.503512382507324219e+00
1.733289999999999997e+00 2.508687019348144531e+00
1.737192000000000069e+00 2.503512382507324219e+00
1.741100000000000092e+00 2.508687019348144531e+00
1.744993999999999934e+00 2.503512382507324219e+00
1.748132999999999937e+00 2.508687019348144531e+00
1.751783000000000090e+00 2.503512382507324219e+00
1.755670000000000064e+00 2.498338699340820312e+00
1.759562000000000070e+00 2.493164062500000000e+00
1.763463000000000003e+00 2.493164062500000000e+00
1.767387000000000041e+00 2.493164062500000000e+00
1.771338999999999997e+00 2.487989425659179688e+00
1.775236000000000036e+00 2.493164062500000000e+00
1.779161999999999910e+00 2.493164062500000000e+00
1.783056999999999892e+00 2.493164062500000000e+00
1.787023000000000028e+00 2.493164062500000000e+00
1.794769999999999976e+00 2.493164062500000000e+00
1.798780999999999963e+00 2.493164062500000000e+00
1.802688999999999986e+00 2.503512382507324219e+00
1.806653000000000064e+00 2.503512382507324219e+00
1.809719999999999995e+00 2.508687019348144531e+00
1.813382000000000049e+00 2.508687019348144531e+00
1.817315000000000014e+00 2.508687019348144531e+00
1.821221999999999897e+00 2.508687019348144531e+00
1.825136000000000092e+00 2.508687019348144531e+00
1.829139000000000070e+00 2.508687019348144531e+00
1.832540999999999976e+00 2.508687019348144531e+00
1.836308000000000051e+00 2.508687019348144531e+00
1.840236999999999901e+00 2.508687019348144531e+00
1.844186000000000103e+00 2.498338699340820312e+00
1.848141000000000034e+00 2.503512382507324219e+00
1.852074999999999916e+00 2.498338699340820312e+00
1.856014000000000053e+00 2.493164062500000000e+00
1.859949999999999992e+00 2.493164062500000000e+00
1.863885999999999932e+00 2.493164062500000000e+00
1.867858999999999936e+00 2.493164062500000000e+00
1.871855999999999964e+00 2.493164062500000000e+00
1.875804000000000027e+00 2.493164062500000000e+00
1.879739000000000049e+00 2.493164062500000000e+00
1.883682999999999996e+00 2.493164062500000000e+00
1.886724999999999985e+00 2.498338699340820312e+00
1.890416000000000096e+00 2.493164062500000000e+00
1.894384000000000068e+00 2.498338699340820312e+00
1.897534000000000054e+00 2.493164062500000000e+00
1.901230999999999893e+00 2.503512382507324219e+00
1.905331000000000108e+00 2.508687019348144531e+00
1.912895999999999930e+00 2.503512382507324219e+00
1.916835000000000067e+00 2.508687019348144531e+00
1.920827000000000062e+00 2.503512382507324219e+00
1.924811000000000050e+00 2.503512382507324219e+00
1.928867000000000109e+00 2.503512382507324219e+00
1.932925000000000004e+00 2.503512382507324219e+00
1.937033999999999923e+00 2.498338699340820312e+00
1.940147999999999984e+00 2.503512382507324219e+00
1.943904000000000076e+00 2.503512382507324219e+00
1.947929999999999939e+00 2.503512382507324219e+00
1.951950000000000074e+00 2.498338699340820312e+00
1.956032999999999911e+00 2.498338699340820312e+00
1.960061999999999971e+00 2.493164062500000000e+00
1.964085999999999999e+00 2.493164062500000000e+00
1.968113000000000001e+00 2.498338699340820312e+00
1.972191000000000027e+00 2.498338699340820312e+00
1.976248999999999922e+00 2.498338699340820312e+00
1.980231999999999992e+00 2.498338699340820312e+00
1.983341000000000021e+00 2.498338699340820312e+00
1.987155000000000005e+00 2.498338699340820312e+00
1.991190000000000015e+00 2.498338699340820312e+00
1.994299000000000044e+00 2.493164062500000000e+00
1.998072999999999988e+00 2.498338699340820312e+00
2.002099999999999991e+00 2.503512382507324219e+00
2.006266000000000105e+00 2.508687019348144531e+00
2.009329000000000143e+00 2.503512382507324219e+00
2.013114999999999988e+00 2.498338699340820312e+00
2.017198000000000047e+00 2.503512382507324219e+00
2.020303999999999878e+00 2.503512382507324219e+00
2.028337000000000057e+00 2.503512382507324219e+00
2.032418999999999976e+00 2.503512382507324219e+00
2.036601999999999801e+00 2.503512382507324219e+00
2.039747999999999895e+00 2.503512382507324219e+00
2.043584000000000067e+00 2.503512382507324219e+00
2.047655999999999921e+00 2.503512382507324219e+00
2.051703999999999972e+00 2.503512382507324219e+00
2.055846999999999980e+00 2.498338699340820312e+00
2.059909999999999908e+00 2.498338699340820312e+00
2.063969000000000165e+00 2.498338699340820312e+00
2.067111000000000143e+00 2.498338699340820312e+00
2.070971999999999813e+00 2.498338699340820312e+00
2.075044999999999806e+00 2.498338699340820312e+00
2.079181999999999864e+00 2.498338699340820312e+00
2.082326999999999817e+00 2.498338699340820312e+00
2.086222999999999939e+00 2.498338699340820312e+00
2.090278000000000080e+00 2.498338699340820312e+00
2.094365999999999950e+00 2.493164062500000000e+00
2.098549999999999915e+00 2.498338699340820312e+00
2.102628999999999859e+00 2.503512382507324219e+00
2.106806999999999874e+00 2.503512382507324219e+00
2.110902999999999974e+00 2.498338699340820312e+00
2.114989000000000008e+00 2.498338699340820312e+00
2.119140999999999941e+00 2.498338699340820312e+00
2.122333999999999943e+00 2.498338699340820312e+00
2.126187999999999967e+00 2.498338699340820312e+00
2.130344000000000015e+00 2.498338699340820312e+00
2.138469999999999871e+00 2.503512382507324219e+00
2.142472000000000154e+00 2.503512382507324219e+00
2.146653999999999840e+00 2.503512382507324219e+00
2.150777000000000161e+00 2.503512382507324219e+00
2.154886999999999997e+00 2.498338699340820312e+00
2.159059000000000061e+00 2.498338699340820312e+00
2.163173000000000012e+00 2.498338699340820312e+00
2.166329999999999867e+00 2.498338699340820312e+00
2.170227999999999824e+00 2.498338699340820312e+00
2.174345999999999890e+00 2.493164062500000000e+00
2.178551999999999822e+00 2.493164062500000000e+00
2.182681999999999789e+00 2.493164062500000000e+00
2.186882999999999910e+00 2.493164062500000000e+00
2.190993999999999886e+00 2.493164062500000000e+00
2.195142000000000149e+00 2.487989425659179688e+00
2.198236000000000079e+00 2.493164062500000000e+00
2.202135999999999871e+00 2.498338699340820312e+00
2.206379999999999786e+00 2.498338699340820312e+00
2.209512000000000143e+00 2.498338699340820312e+00
2.213403000000000009e+00 2.503512382507324219e+00
2.217572000000000099e+00 2.503512382507324219e+00
2.221773999999999916e+00 2.508687019348144531e+00
2.224925999999999959e+00 2.508687019348144531e+00
2.227920999999999818e+00 2.503512382507324219e+00
2.231800999999999924e+00 2.503512382507324219e+00
2.240115999999999996e+00 2.503512382507324219e+00
2.246405999999999903e+00 2.503512382507324219e+00
2.258779999999999788e+00 2.493164062500000000e+00
2.266652999999999807e+00 2.493164062500000000e+00
2.270901999999999976e+00 2.487989425659179688e+00
2.275061000000000000e+00 2.493164062500000000e+00
2.279310000000000169e+00 2.493164062500000000e+00
2.283466999999999913e+00 2.493164062500000000e+00
2.287649000000000044e+00 2.493164062500000000e+00
2.291907000000000139e+00 2.493164062500000000e+00
2.296977000000000046e+00 2.493164062500000000e+00
2.301950999999999858e+00 2.498338699340820312e+00
2.307059000000000193e+00 2.503512382507324219e+00
2.312028999999999890e+00 2.503512382507324219e+00
2.317102999999999913e+00 2.503512382507324219e+00
2.322131999999999863e+00 2.508687019348144531e+00
2.327202999999999911e+00 2.508687019348144531e+00
2.332186999999999788e+00 2.503512382507324219e+00
2.337274999999999991e+00 2.508687019348144531e+00
2.342300999999999966e+00 2.503512382507324219e+00
2.347605000000000164e+00 2.503512382507324219e+00
2.352609999999999868e+00 2.493164062500000000e+00
2.357696999999999932e+00 2.493164062500000000e+00
2.362705000000000055e+00 2.493164062500000000e+00
2.367773000000000128e+00 2.493164062500000000e+00
2.380583999999999811e+00 2.487989425659179688e+00
2.385597999999999885e+00 2.487989425659179688e+00
2.390680000000000138e+00 2.498338699340820312e+00
2.395291999999999977e+00 2.498338699340820312e+00
2.399509999999999810e+00 2.498338699340820312e+00
2.403728999999999782e+00 2.503512382507324219e+00
2.408012999999999959e+00 2.503512382507324219e+00
2.412215999999999916e+00 2.503512382507324219e+00
2.416500000000000092e+00 2.503512382507324219e+00
2.420727999999999991e+00 2.503512382507324219e+00
2.424952000000000218e+00 2.503512382507324219e+00
2.429221000000000075e+00 2.503512382507324219e+00
2.433448999999999973e+00 2.503512382507324219e+00
2.437704999999999789e+00 2.498338699340820312e+00
2.441952000000000123e+00 2.503512382507324219e+00
2.445511000000000212e+00 2.503512382507324219e+00
2.449612000000000123e+00 2.498338699340820312e+00
2.453867999999999938e+00 2.493164062500000000e+00
2.457145000000000135e+00 2.493164062500000000e+00
2.460132000000000208e+00 2.487989425659179688e+00
2.463118999999999836e+00 2.493164062500000000e+00
2.467255000000000198e+00 2.493164062500000000e+00
2.471499999999999808e+00 2.493164062500000000e+00
2.475746000000000002e+00 2.498338699340820312e+00
2.480001000000000122e+00 2.498338699340820312e+00
2.484248000000000012e+00 2.498338699340820312e+00
2.492579999999999796e+00 2.493164062500000000e+00
2.496961999999999904e+00 2.493164062500000000e+00
2.501222999999999974e+00 2.503512382507324219e+00
2.505513999999999797e+00 2.503512382507324219e+00
2.509774000000000171e+00 2.503512382507324219e+00
2.514034999999999798e+00 2.503512382507324219e+00
2.518387999999999849e+00 2.503512382507324219e+00
2.522692999999999852e+00 2.498338699340820312e+00
2.527020999999999962e+00 2.498338699340820312e+00
2.531324999999999825e+00 2.503512382507324219e+00
2.534575999999999940e+00 2.503512382507324219e+00
2.538739000000000079e+00 2.503512382507324219e+00
2.543038999999999827e+00 2.498338699340820312e+00
2.546599000000000057e+00 2.503512382507324219e+00
2.550688000000000066e+00 2.503512382507324219e+00
2.554997999999999880e+00 2.493164062500000000e+00
2.559347999999999956e+00 2.498338699340820312e+00
2.563635999999999804e+00 2.493164062500000000e+00
2.567949000000000037e+00 2.498338699340820312e+00
2.572264000000000106e+00 2.493164062500000000e+00
2.576671999999999851e+00 2.493164062500000000e+00
2.580961999999999978e+00 2.498338699340820312e+00
2.585262999999999867e+00 2.498338699340820312e+00
2.589590999999999976e+00 2.493164062500000000e+00
2.593906000000000045e+00 2.493164062500000000e+00
2.598219999999999974e+00 2.493164062500000000e+00
2.602533000000000207e+00 2.498338699340820312e+00
2.610650000000000137e+00 2.498338699340820312e+00
2.614862000000000020e+00 2.498338699340820312e+00
2.619266999999999790e+00 2.503512382507324219e+00
2.623600999999999850e+00 2.498338699340820312e+00
2.627943999999999836e+00 2.498338699340820312e+00
2.632273999999999781e+00 2.498338699340820312e+00
2.636668999999999929e+00 2.498338699340820312e+00
2.641049000000000202e+00 2.503512382507324219e+00
2.644315000000000193e+00 2.503512382507324219e+00
2.648890999999999885e+00 2.508687019348144531e+00
2.652175999999999867e+00 2.498338699340820312e+00
2.656388999999999889e+00 2.498338699340820312e+00
2.660728999999999900e+00 2.493164062500000000e+00
2.665074999999999861e+00 2.493164062500000000e+00
2.669484999999999886e+00 2.498338699340820312e+00
2.673824999999999896e+00 2.498338699340820312e+00
2.678182000000000063e+00 2.493164062500000000e+00
2.682530999999999999e+00 2.493164062500000000e+00
2.686943999999999999e+00 2.493164062500000000e+00
2.691345999999999794e+00 2.493164062500000000e+00
2.695759999999999934e+00 2.493164062500000000e+00
2.700108000000000175e+00 2.493164062500000000e+00
2.704464000000000201e+00 2.498338699340820312e+00
2.708911000000000069e+00 2.503512382507324219e+00
2.713318999999999814e+00 2.498338699340820312e+00
2.717691999999999997e+00 2.503512382507324219e+00
2.726278000000000201e+00 2.498338699340820312e+00
2.730604000000000031e+00 2.508687019348144531e+00
2.734980000000000189e+00 2.508687019348144531e+00
2.739447999999999883e+00 2.508687019348144531e+00
2.743838000000000221e+00 2.503512382507324219e+00
2.748273000000000188e+00 2.508687019348144531e+00
2.752663000000000082e+00 2.503512382507324219e+00
2.755919000000000008e+00 2.498338699340820312e+00
2.760190999999999839e+00 2.498338699340820312e+00
2.764574999999999783e+00 2.493164062500000000e+00
2.769020999999999955e+00 2.493164062500000000e+00
2.772326000000000068e+00 2.493164062500000000e+00
2.776569999999999983e+00 2.487989425659179688e+00
2.780968999999999802e+00 2.493164062500000000e+00
2.785387000000000057e+00 2.493164062500000000e+00
2.789849999999999941e+00 2.487989425659179688e+00
2.794290000000000163e+00 2.487989425659179688e+00
2.798773999999999873e+00 2.493164062500000000e+00
2.803186000000000178e+00 2.498338699340820312e+00
2.807605999999999824e+00 2.503512382507324219e+00
2.812072999999999823e+00 2.503512382507324219e+00
2.816518999999999995e+00 2.503512382507324219e+00
2.820949000000000151e+00 2.508687019348144531e+00
2.825377000000000027e+00 2.503512382507324219e+00
2.829794999999999838e+00 2.508687019348144531e+00
2.834223000000000159e+00 2.503512382507324219e+00
2.842369000000000145e+00 2.508687019348144531e+00
2.846817999999999849e+00 2.503512382507324219e+00
2.851335999999999871e+00 2.498338699340820312e+00
2.855767000000000166e+00 2.493164062500000000e+00
2.860233000000000025e+00 2.487989425659179688e+00
2.863554999999999851e+00 2.487989425659179688e+00
2.867754999999999832e+00 2.493164062500000000e+00
2.872186999999999824e+00 2.487989425659179688e+00
2.876697000000000060e+00 2.493164062500000000e+00
2.881156999999999968e+00 2.487989425659179688e+00
2.885599000000000025e+00 2.493164062500000000e+00
2.890077999999999925e+00 2.493164062500000000e+00
2.894528999999999908e+00 2.493164062500000000e+00
2.899033999999999889e+00 2.498338699340820312e+00
2.903484000000000176e+00 2.503512382507324219e+00
2.907951999999999870e+00 2.503512382507324219e+00
2.912399999999999878e+00 2.503512382507324219e+00
2.916904999999999859e+00 2.503512382507324219e+00
2.921359999999999957e+00 2.508687019348144531e+00
2.924732999999999805e+00 2.508687019348144531e+00
2.929021999999999792e+00 2.503512382507324219e+00
2.933492999999999906e+00 2.503512382507324219e+00
2.937964000000000020e+00 2.503512382507324219e+00
2.941321999999999992e+00 2.503512382507324219e+00
2.945571000000000161e+00 2.498338699340820312e+00
2.950111999999999846e+00 2.493164062500000000e+00
2.958420999999999967e+00 2.493164062500000000e+00
2.962901000000000007e+00 2.493164062500000000e+00
2.967394999999999783e+00 2.493164062500000000e+00
2.971877000000000102e+00 2.493164062500000000e+00
2.976443000000000172e+00 2.493164062500000000e+00
2.980926000000000187e+00 2.498338699340820312e+00
2.985418000000000127e+00 2.493164062500000000e+00
2.989933999999999870e+00 2.498338699340820312e+00
2.994451000000000196e+00 2.498338699340820312e+00
2.998997000000000135e+00 2.498338699340820312e+00
3.003509999999999902e+00 2.503512382507324219e+00
3.008033999999999875e+00 2.503512382507324219e+00
3.012522999999999840e+00 2.503512382507324219e+00
3.017093000000000025e+00 2.503512382507324219e+00
3.021605000000000096e+00 2.503512382507324219e+00
3.026142000000000110e+00 2.503512382507324219e+00
3.030680999999999958e+00 2.498338699340820312e+00
3.035201999999999956e+00 2.503512382507324219e+00
3.039740999999999804e+00 2.498338699340820312e+00
3.044261000000000106e+00 2.498338699340820312e+00
3.048878000000000199e+00 2.498338699340820312e+00
3.053488999999999898e+00 2.498338699340820312e+00
3.058018000000000125e+00 2.493164062500000000e+00
3.062545000000000073e+00 2.493164062500000000e+00
3.071099999999999941e+00 2.498338699340820312e+00
3.075772999999999868e+00 2.493164062500000000e+00
3.079110000000000014e+00 2.498338699340820312e+00
3.083417999999999992e+00 2.498338699340820312e+00
3.087981999999999783e+00 2.498338699340820312e+00
3.092591000000000090e+00 2.498338699340820312e+00
3.097224999999999895e+00 2.493164062500000000e+00
3.101758999999999933e+00 2.503512382507324219e+00
3.105175000000000018e+00 2.498338699340820312e+00
3.109605999999999870e+00 2.498338699340820312e+00
3.114177000000000195e+00 2.503512382507324219e+00
3.118821000000000065e+00 2.503512382507324219e+00
3.123381999999999881e+00 2.498338699340820312e+00
3.127978999999999843e+00 2.498338699340820312e+00
3.132550999999999863e+00 2.503512382507324219e+00
3.135950999999999933e+00 2.503512382507324219e+00
3.140340000000000131e+00 2.503512382507324219e+00
3.144965000000000011e+00 2.503512382507324219e+00
3.149605999999999906e+00 2.508687019348144531e+00
3.153109000000000162e+00 2.498338699340820312e+00
3.157481000000000204e+00 2.498338699340820312e+00
3.162071000000000076e+00 2.498338699340820312e+00
3.166707000000000161e+00 2.498338699340820312e+00
3.171288999999999803e+00 2.503512382507324219e+00
3.175901000000000085e+00 2.498338699340820312e+00
3.180501000000000023e+00 2.498338699340820312e+00
3.188733000000000040e+00 2.493164062500000000e+00
3.193391000000000091e+00 2.493164062500000000e+00
3.198008999999999880e+00 2.493164062500000000e+00
3.202599999999999891e+00 2.498338699340820312e+00
3.207250999999999852e+00 2.503512382507324219e+00
3.211860999999999855e+00 2.498338699340820312e+00
3.216527000000000136e+00 2.498338699340820312e+00
3.219940999999999942e+00 2.498338699340820312e+00
3.224356999999999918e+00 2.503512382507324219e+00
3.229028000000000009e+00 2.503512382507324219e+00
3.233635000000000037e+00 2.508687019348144531e+00
3.238264000000000031e+00 2.508687019348144531e+00
3.250793999999999961e+00 2.503512382507324219e+00
3.258878999999999859e+00 2.498338699340820312e+00
3.263405000000000111e+00 2.498338699340820312e+00
3.272340999999999944e+00 2.498338699340820312e+00
3.277051999999999854e+00 2.493164062500000000e+00
3.281661999999999857e+00 2.493164062500000000e+00
3.286303000000000196e+00 2.493164062500000000e+00
3.289705000000000101e+00 2.498338699340820312e+00
3.294166000000000150e+00 2.493164062500000000e+00
3.302639000000000102e+00 2.498338699340820312e+00
3.307366000000000028e+00 2.503512382507324219e+00
3.312012999999999874e+00 2.498338699340820312e+00
3.316733000000000153e+00 2.508687019348144531e+00
3.321400000000000130e+00 2.503512382507324219e+00
3.326052999999999926e+00 2.508687019348144531e+00
3.330690999999999846e+00 2.503512382507324219e+00
3.334109000000000211e+00 2.508687019348144531e+00
3.338636000000000159e+00 2.508687019348144531e+00
3.343313000000000201e+00 2.508687019348144531e+00
3.346766999999999825e+00 2.508687019348144531e+00
3.351231999999999989e+00 2.503512382507324219e+00
3.355942000000000203e+00 2.493164062500000000e+00
3.360656000000000088e+00 2.487989425659179688e+00
3.365339000000000080e+00 2.493164062500000000e+00
3.370007000000000197e+00 2.493164062500000000e+00
3.374699000000000115e+00 2.493164062500000000e+00
3.379453999999999958e+00 2.493164062500000000e+00
3.384125000000000050e+00 2.493164062500000000e+00
3.388849000000000000e+00 2.493164062500000000e+00
3.393585999999999991e+00 2.493164062500000000e+00
3.398268999999999984e+00 2.493164062500000000e+00
3.402965000000000018e+00 2.503512382507324219e+00
3.407671999999999812e+00 2.503512382507324219e+00
3.416084000000000120e+00 2.508687019348144531e+00
3.420837999999999823e+00 2.508687019348144531e+00
3.425602000000000036e+00 2.508687019348144531e+00
3.430273999999999823e+00 2.503512382507324219e+00
3.433705999999999925e+00 2.508687019348144531e+00
3.438340000000000174e+00 2.503512382507324219e+00
3.443036999999999903e+00 2.503512382507324219e+00
3.447748999999999953e+00 2.503512382507324219e+00
3.452449000000000101e+00 2.493164062500000000e+00
3.456142999999999965e+00 2.493164062500000000e+00
3.460821999999999843e+00 2.493164062500000000e+00
3.465551000000000048e+00 2.493164062500000000e+00
3.470244000000000106e+00 2.493164062500000000e+00
3.475006000000000039e+00 2.493164062500000000e+00
3.479797000000000029e+00 2.498338699340820312e+00
3.484522000000000119e+00 2.498338699340820312e+00
3.489307000000000158e+00 2.498338699340820312e+00
3.494085999999999803e+00 2.493164062500000000e+00
3.498873000000000122e+00 2.498338699340820312e+00
3.502313000000000009e+00 2.503512382507324219e+00
3.505485999999999880e+00 2.503512382507324219e+00
3.510034999999999794e+00 2.503512382507324219e+00
3.514803999999999817e+00 2.508687019348144531e+00
3.519575999999999816e+00 2.503512382507324219e+00
3.524360000000000159e+00 2.503512382507324219e+00
3.532890000000000086e+00 2.503512382507324219e+00
3.537665000000000060e+00 2.498338699340820312e+00
3.541119999999999823e+00 2.503512382507324219e+00
3.545690000000000008e+00 2.498338699340820312e+00
3.549087000000000103e+00 2.498338699340820312e+00
3.553640999999999828e+00 2.493164062500000000e+00
3.557351999999999848e+00 2.493164062500000000e+00
3.562062000000000062e+00 2.487989425659179688e+00
3.566892000000000174e+00 2.498338699340820312e+00
3.571641000000000066e+00 2.498338699340820312e+00
3.575156999999999918e+00 2.498338699340820312e+00
3.579816000000000109e+00 2.493164062500000000e+00
3.584566000000000141e+00 2.498338699340820312e+00
3.588109000000000215e+00 2.498338699340820312e+00
3.592710999999999988e+00 2.498338699340820312e+00
3.597501999999999978e+00 2.498338699340820312e+00
3.602260999999999935e+00 2.503512382507324219e+00
3.607083999999999957e+00 2.503512382507324219e+00
3.611864999999999881e+00 2.498338699340820312e+00
3.616686000000000067e+00 2.503512382507324219e+00
3.620111000000000079e+00 2.503512382507324219e+00
3.624658000000000158e+00 2.503512382507324219e+00
3.629456999999999933e+00 2.498338699340820312e+00
3.632908000000000026e+00 2.503512382507324219e+00
3.637526999999999955e+00 2.503512382507324219e+00
3.642348000000000141e+00 2.503512382507324219e+00
3.650917000000000190e+00 2.503512382507324219e+00
3.655736999999999792e+00 2.498338699340820312e+00
3.660787000000000013e+00 2.493164062500000000e+00
3.665579000000000143e+00 2.498338699340820312e+00
3.670364000000000182e+00 2.498338699340820312e+00
3.675164000000000097e+00 2.498338699340820312e+00
3.680025000000000102e+00 2.498338699340820312e+00
3.684816999999999787e+00 2.503512382507324219e+00
3.689665999999999890e+00 2.498338699340820312e+00
3.694494000000000167e+00 2.493164062500000000e+00
3.699371999999999883e+00 2.493164062500000000e+00
3.704178000000000193e+00 2.498338699340820312e+00
3.709095000000000031e+00 2.503512382507324219e+00
3.713909999999999823e+00 2.498338699340820312e+00
3.718785000000000007e+00 2.498338699340820312e+00
3.722312000000000065e+00 2.503512382507324219e+00
3.727024999999999810e+00 2.498338699340820312e+00
3.731875000000000053e+00 2.503512382507324219e+00
3.736768999999999785e+00 2.508687019348144531e+00
3.741617000000000193e+00 2.508687019348144531e+00
3.746487000000000123e+00 2.508687019348144531e+00
3.751320999999999906e+00 2.508687019348144531e+00
3.756155999999999828e+00 2.498338699340820312e+00
3.761584000000000039e+00 2.493164062500000000e+00
3.770395000000000163e+00 2.498338699340820312e+00
3.775239000000000011e+00 2.493164062500000000e+00
3.780078000000000049e+00 2.493164062500000000e+00
3.785444000000000031e+00 2.493164062500000000e+00
3.790169999999999817e+00 2.493164062500000000e+00
3.795078999999999869e+00 2.493164062500000000e+00
3.800019999999999953e+00 2.493164062500000000e+00
3.805137999999999909e+00 2.503512382507324219e+00
3.808717000000000130e+00 2.503512382507324219e+00
3.813350999999999935e+00 2.503512382507324219e+00
3.818264999999999798e+00 2.503512382507324219e+00
3.823129999999999917e+00 2.508687019348144531e+00
3.827995000000000037e+00 2.503512382507324219e+00
3.832863000000000131e+00 2.508687019348144531e+00
3.837749000000000077e+00 2.508687019348144531e+00
3.842626000000000097e+00 2.508687019348144531e+00
3.846121000000000123e+00 2.503512382507324219e+00
3.850808999999999926e+00 2.503512382507324219e+00
3.855687999999999782e+00 2.498338699340820312e+00
3.859674000000000049e+00 2.493164062500000000e+00
3.864552999999999905e+00 2.493164062500000000e+00
3.868119000000000085e+00 2.493164062500000000e+00
3.872761999999999816e+00 2.493164062500000000e+00
3.877707000000000015e+00 2.493164062500000000e+00
3.886350000000000193e+00 2.493164062500000000e+00
3.891229000000000049e+00 2.493164062500000000e+00
3.896154000000000117e+00 2.493164062500000000e+00
3.901034000000000113e+00 2.498338699340820312e+00
3.905915999999999944e+00 2.503512382507324219e+00
3.910826000000000136e+00 2.503512382507324219e+00
3.915722999999999843e+00 2.508687019348144531e+00
3.920614000000000043e+00 2.503512382507324219e+00
3.924157000000000117e+00 2.508687019348144531e+00
3.928923999999999861e+00 2.508687019348144531e+00
3.933821000000000012e+00 2.508687019348144531e+00
3.938797000000000104e+00 2.508687019348144531e+00
3.943734000000000073e+00 2.503512382507324219e+00
3.948716000000000115e+00 2.503512382507324219e+00
3.953616999999999937e+00 2.493164062500000000e+00
3.958534999999999915e+00 2.493164062500000000e+00
3.963595999999999897e+00 2.493164062500000000e+00
3.967153000000000151e+00 2.493164062500000000e+00
3.971840999999999955e+00 2.493164062500000000e+00
3.976855000000000029e+00 2.493164062500000000e+00
3.981781999999999933e+00 2.493164062500000000e+00
3.986787000000000081e+00 2.498338699340820312e+00
3.991728999999999861e+00 2.498338699340820312e+00
3.996913999999999856e+00 2.498338699340820312e+00
4.007546999999999748e+00 2.508687019348144531e+00
4.012546000000000390e+00 2.503512382507324219e+00
4.017551000000000094e+00 2.503512382507324219e+00
4.022484999999999644e+00 2.503512382507324219e+00
4.027528000000000219e+00 2.503512382507324219e+00
4.032496000000000080e+00 2.503512382507324219e+00
4.037518999999999636e+00 2.503512382507324219e+00
4.042480000000000295e+00 2.503512382507324219e+00
4.047499000000000180e+00 2.498338699340820312e+00
4.052450000000000330e+00 2.493164062500000000e+00
4.057464999999999655e+00 2.493164062500000000e+00
4.062528999999999613e+00 2.493164062500000000e+00
4.067554000000000336e+00 2.493164062500000000e+00
4.071105000000000196e+00 2.498338699340820312e+00
4.075858000000000203e+00 2.498338699340820312e+00
4.080786999999999942e+00 2.498338699340820312e+00
4.085777000000000214e+00 2.498338699340820312e+00
4.090745000000000076e+00 2.498338699340820312e+00
4.095710000000000406e+00 2.493164062500000000e+00
4.100675999999999988e+00 2.498338699340820312e+00
4.105701999999999963e+00 2.503512382507324219e+00
4.110725999999999658e+00 2.503512382507324219e+00
4.119620000000000282e+00 2.498338699340820312e+00
4.124602999999999575e+00 2.498338699340820312e+00
4.129706999999999795e+00 2.503512382507324219e+00
4.134691000000000116e+00 2.503512382507324219e+00
4.138339000000000212e+00 2.503512382507324219e+00
4.143087000000000408e+00 2.503512382507324219e+00
4.148104000000000013e+00 2.503512382507324219e+00
4.153095999999999677e+00 2.498338699340820312e+00
4.158108000000000359e+00 2.498338699340820312e+00
4.163193999999999839e+00 2.493164062500000000e+00
4.168216000000000143e+00 2.503512382507324219e+00
4.173213999999999757e+00 2.498338699340820312e+00
4.178253999999999913e+00 2.493164062500000000e+00
4.183277000000000356e+00 2.498338699340820312e+00
4.188288000000000011e+00 2.498338699340820312e+00
4.193298000000000414e+00 2.493164062500000000e+00
4.198313999999999879e+00 2.493164062500000000e+00
4.203314999999999912e+00 2.498338699340820312e+00
4.208338000000000356e+00 2.503512382507324219e+00
4.213401000000000174e+00 2.503512382507324219e+00
4.218429000000000428e+00 2.503512382507324219e+00
4.223631000000000135e+00 2.508687019348144531e+00
4.228487999999999580e+00 2.503512382507324219e+00
4.237300000000000288e+00 2.503512382507324219e+00
4.242334999999999745e+00 2.508687019348144531e+00
4.251300999999999775e+00 2.508687019348144531e+00
4.258418999999999954e+00 2.498338699340820312e+00
4.266645999999999717e+00 2.498338699340820312e+00
4.273342999999999670e+00 2.498338699340820312e+00
4.278542999999999985e+00 2.493164062500000000e+00
4.283609000000000222e+00 2.493164062500000000e+00
4.288781000000000176e+00 2.498338699340820312e+00
4.293860999999999706e+00 2.493164062500000000e+00
4.297577999999999676e+00 2.493164062500000000e+00
4.301334999999999908e+00 2.498338699340820312e+00
4.304770999999999681e+00 2.503512382507324219e+00
4.309725000000000250e+00 2.498338699340820312e+00
4.314797999999999689e+00 2.498338699340820312e+00
4.318486000000000047e+00 2.503512382507324219e+00
4.323331999999999731e+00 2.508687019348144531e+00
4.328452999999999662e+00 2.508687019348144531e+00
4.333510000000000417e+00 2.508687019348144531e+00
4.338618999999999559e+00 2.508687019348144531e+00
4.343734000000000428e+00 2.508687019348144531e+00
4.352533000000000207e+00 2.503512382507324219e+00
4.357573999999999614e+00 2.503512382507324219e+00
4.362658999999999843e+00 2.493164062500000000e+00
4.367983999999999867e+00 2.493164062500000000e+00
4.373076000000000185e+00 2.493164062500000000e+00
4.378192999999999557e+00 2.487989425659179688e+00
4.383300000000000196e+00 2.487989425659179688e+00
4.388454000000000299e+00 2.487989425659179688e+00
4.393555000000000099e+00 2.493164062500000000e+00
4.398647000000000418e+00 2.493164062500000000e+00
4.403743000000000407e+00 2.498338699340820312e+00
4.408913000000000082e+00 2.503512382507324219e+00
4.414058999999999955e+00 2.508687019348144531e+00
4.419254999999999711e+00 2.508687019348144531e+00
4.422892000000000046e+00 2.503512382507324219e+00
4.426343000000000139e+00 2.503512382507324219e+00
4.431245999999999796e+00 2.508687019348144531e+00
4.436372999999999678e+00 2.508687019348144531e+00
4.441493000000000357e+00 2.508687019348144531e+00
4.446677000000000213e+00 2.503512382507324219e+00
4.450319000000000358e+00 2.498338699340820312e+00
4.455182999999999893e+00 2.493164062500000000e+00
4.460315999999999725e+00 2.493164062500000000e+00
4.469534000000000340e+00 2.493164062500000000e+00
4.474708999999999826e+00 2.493164062500000000e+00
4.479910000000000281e+00 2.487989425659179688e+00
4.485052999999999734e+00 2.493164062500000000e+00
4.490250999999999770e+00 2.498338699340820312e+00
4.495419000000000054e+00 2.498338699340820312e+00
4.500566000000000066e+00 2.498338699340820312e+00
4.505720000000000169e+00 2.503512382507324219e+00
4.510877999999999943e+00 2.508687019348144531e+00
4.516014000000000195e+00 2.508687019348144531e+00
4.521162000000000347e+00 2.508687019348144531e+00
4.526360999999999635e+00 2.508687019348144531e+00
4.531571999999999711e+00 2.503512382507324219e+00
4.536779000000000117e+00 2.503512382507324219e+00
4.541942999999999842e+00 2.503512382507324219e+00
4.547165999999999819e+00 2.498338699340820312e+00
4.552313999999999972e+00 2.498338699340820312e+00
4.557526000000000188e+00 2.493164062500000000e+00
4.562774000000000107e+00 2.493164062500000000e+00
4.567992000000000274e+00 2.493164062500000000e+00
4.573241999999999585e+00 2.498338699340820312e+00
4.578469000000000122e+00 2.493164062500000000e+00
4.587409000000000070e+00 2.498338699340820312e+00
4.592473000000000027e+00 2.498338699340820312e+00
4.597703000000000095e+00 2.498338699340820312e+00
4.602865999999999680e+00 2.503512382507324219e+00
4.606512000000000384e+00 2.508687019348144531e+00
4.609964999999999868e+00 2.503512382507324219e+00
4.614946999999999910e+00 2.503512382507324219e+00
4.618693999999999633e+00 2.503512382507324219e+00
4.622147000000000006e+00 2.503512382507324219e+00
4.627158999999999800e+00 2.503512382507324219e+00
4.632374999999999687e+00 2.503512382507324219e+00
4.637622000000000355e+00 2.503512382507324219e+00
4.641296999999999784e+00 2.503512382507324219e+00
4.644752999999999687e+00 2.498338699340820312e+00
4.649862999999999857e+00 2.503512382507324219e+00
4.653532000000000224e+00 2.498338699340820312e+00
4.658508999999999567e+00 2.493164062500000000e+00
4.663688999999999751e+00 2.498338699340820312e+00
4.668999999999999595e+00 2.498338699340820312e+00
4.674269999999999925e+00 2.498338699340820312e+00
4.679561999999999777e+00 2.498338699340820312e+00
4.684794000000000125e+00 2.498338699340820312e+00
4.688557000000000308e+00 2.498338699340820312e+00
4.693545000000000300e+00 2.503512382507324219e+00
4.702479000000000298e+00 2.493164062500000000e+00
4.707802000000000042e+00 2.503512382507324219e+00
4.713019000000000069e+00 2.498338699340820312e+00
4.718276999999999610e+00 2.503512382507324219e+00
4.723468999999999696e+00 2.503512382507324219e+00
4.728708000000000133e+00 2.498338699340820312e+00
4.733970000000000233e+00 2.498338699340820312e+00
4.739273999999999987e+00 2.503512382507324219e+00
4.744500000000000384e+00 2.508687019348144531e+00
4.749797000000000047e+00 2.508687019348144531e+00
4.755036999999999736e+00 2.498338699340820312e+00
4.760324999999999918e+00 2.498338699340820312e+00
4.765622999999999720e+00 2.498338699340820312e+00
4.769286000000000136e+00 2.493164062500000000e+00
4.774401000000000117e+00 2.498338699340820312e+00
4.779785999999999646e+00 2.498338699340820312e+00
4.785055999999999976e+00 2.493164062500000000e+00
4.790363000000000149e+00 2.493164062500000000e+00
4.795608999999999789e+00 2.487989425659179688e+00
4.799332999999999849e+00 2.498338699340820312e+00
4.804369000000000334e+00 2.498338699340820312e+00
4.809720999999999691e+00 2.498338699340820312e+00
4.818849000000000160e+00 2.503512382507324219e+00
4.824145999999999823e+00 2.503512382507324219e+00
4.827920999999999907e+00 2.503512382507324219e+00
4.833045000000000258e+00 2.508687019348144531e+00
4.838352000000000430e+00 2.508687019348144531e+00
4.843613000000000390e+00 2.508687019348144531e+00
4.849002999999999730e+00 2.508687019348144531e+00
4.852691000000000088e+00 2.503512382507324219e+00
4.857820000000000249e+00 2.503512382507324219e+00
4.863158000000000314e+00 2.493164062500000000e+00
4.868469000000000158e+00 2.493164062500000000e+00
4.874051999999999829e+00 2.487989425659179688e+00
4.879430000000000156e+00 2.487989425659179688e+00
4.884737999999999580e+00 2.493164062500000000e+00
4.890121999999999858e+00 2.493164062500000000e+00
4.895408999999999899e+00 2.493164062500000000e+00
4.900694999999999801e+00 2.498338699340820312e+00
4.905973000000000361e+00 2.498338699340820312e+00
4.911264000000000074e+00 2.503512382507324219e+00
4.916623999999999661e+00 2.508687019348144531e+00
4.921916999999999653e+00 2.503512382507324219e+00
4.931290999999999869e+00 2.508687019348144531e+00
4.936722999999999750e+00 2.503512382507324219e+00
4.942122000000000348e+00 2.508687019348144531e+00
4.947551999999999950e+00 2.508687019348144531e+00
4.952924999999999578e+00 2.503512382507324219e+00
4.958250999999999742e+00 2.493164062500000000e+00
4.964122999999999841e+00 2.493164062500000000e+00
4.969839000000000340e+00 2.493164062500000000e+00
4.975219000000000058e+00 2.493164062500000000e+00
4.980730999999999575e+00 2.493164062500000000e+00
4.986063999999999830e+00 2.487989425659179688e+00
4.991404000000000174e+00 2.498338699340820312e+00
4.996782999999999753e+00 2.498338699340820312e+00
5.002126999999999768e+00 2.503512382507324219e+00
5.007520999999999667e+00 2.508687019348144531e+00
5.012838000000000349e+00 2.503512382507324219e+00
5.018191999999999986e+00 2.503512382507324219e+00
5.023521999999999821e+00 2.508687019348144531e+00
5.028915999999999720e+00 2.503512382507324219e+00
5.034258999999999595e+00 2.503512382507324219e+00
5.039664000000000144e+00 2.508687019348144531e+00
5.048845000000000027e+00 2.503512382507324219e+00
5.054318000000000310e+00 2.493164062500000000e+00
5.059749000000000052e+00 2.493164062500000000e+00
5.063501999999999725e+00 2.493164062500000000e+00
5.068632000000000026e+00 2.498338699340820312e+00
5.073966999999999672e+00 2.493164062500000000e+00
5.079435000000000144e+00 2.493164062500000000e+00
5.084749000000000407e+00 2.498338699340820312e+00
5.090184999999999960e+00 2.498338699340820312e+00
5.095526000000000444e+00 2.498338699340820312e+00
5.099292000000000158e+00 2.498338699340820312e+00
5.104429999999999801e+00 2.503512382507324219e+00
5.109856999999999871e+00 2.508687019348144531e+00
5.115221000000000018e+00 2.508687019348144531e+00
5.120595999999999925e+00 2.503512382507324219e+00
5.124357999999999969e+00 2.503512382507324219e+00
5.129548999999999914e+00 2.498338699340820312e+00
5.134879999999999889e+00 2.503512382507324219e+00
5.138716999999999757e+00 2.503512382507324219e+00
5.143856000000000428e+00 2.503512382507324219e+00
5.149321999999999733e+00 2.503512382507324219e+00
5.154709999999999681e+00 2.493164062500000000e+00
5.163764999999999716e+00 2.493164062500000000e+00
5.169256999999999991e+00 2.498338699340820312e+00
5.174629000000000367e+00 2.498338699340820312e+00
5.180108999999999853e+00 2.498338699340820312e+00
5.185476000000000418e+00 2.498338699340820312e+00
5.190878999999999799e+00 2.498338699340820312e+00
5.196335000000000370e+00 2.498338699340820312e+00
5.200109999999999566e+00 2.498338699340820312e+00
5.203705000000000247e+00 2.503512382507324219e+00
5.207304999999999851e+00 2.508687019348144531e+00
5.210899999999999643e+00 2.498338699340820312e+00
5.216878999999999600e+00 2.503512382507324219e+00
5.223705999999999960e+00 2.503512382507324219e+00
5.230579999999999785e+00 2.503512382507324219e+00
5.237459000000000309e+00 2.503512382507324219e+00
5.244297999999999682e+00 2.503512382507324219e+00
5.251228000000000229e+00 2.508687019348144531e+00
5.264694000000000429e+00 2.498338699340820312e+00
5.291700999999999766e+00 2.493164062500000000e+00
5.309713000000000349e+00 2.493164062500000000e+00
5.318806000000000367e+00 2.503512382507324219e+00
5.324372000000000327e+00 2.503512382507324219e+00
5.329919000000000295e+00 2.503512382507324219e+00
5.335364000000000217e+00 2.503512382507324219e+00
5.340817000000000370e+00 2.508687019348144531e+00
5.346311000000000035e+00 2.503512382507324219e+00
5.351773999999999809e+00 2.508687019348144531e+00
5.357280000000000264e+00 2.503512382507324219e+00
5.362720999999999627e+00 2.498338699340820312e+00
5.368197000000000330e+00 2.503512382507324219e+00
5.373635000000000161e+00 2.493164062500000000e+00
5.379198999999999842e+00 2.493164062500000000e+00
5.384706000000000437e+00 2.493164062500000000e+00
5.390252000000000265e+00 2.493164062500000000e+00
5.395713999999999899e+00 2.493164062500000000e+00
5.399531999999999776e+00 2.493164062500000000e+00
5.403134999999999799e+00 2.503512382507324219e+00
5.406741000000000241e+00 2.508687019348144531e+00
5.411973999999999840e+00 2.503512382507324219e+00
5.417497000000000007e+00 2.508687019348144531e+00
5.426927000000000056e+00 2.503512382507324219e+00
5.432311999999999585e+00 2.508687019348144531e+00
5.436111000000000359e+00 2.508687019348144531e+00
5.441424999999999734e+00 2.508687019348144531e+00
5.446937000000000140e+00 2.508687019348144531e+00
5.452411999999999814e+00 2.503512382507324219e+00
5.457919000000000409e+00 2.493164062500000000e+00
5.463394000000000084e+00 2.493164062500000000e+00
5.468880999999999659e+00 2.493164062500000000e+00
5.474350000000000271e+00 2.493164062500000000e+00
5.479909000000000141e+00 2.487989425659179688e+00
5.485409999999999897e+00 2.498338699340820312e+00
5.490882000000000041e+00 2.493164062500000000e+00
5.496391000000000027e+00 2.498338699340820312e+00
5.501890000000000391e+00 2.503512382507324219e+00
5.507432999999999801e+00 2.508687019348144531e+00
5.512914999999999566e+00 2.508687019348144531e+00
5.518428000000000111e+00 2.508687019348144531e+00
5.523902999999999786e+00 2.508687019348144531e+00
5.529453000000000173e+00 2.508687019348144531e+00
5.534919000000000366e+00 2.508687019348144531e+00
5.544241999999999670e+00 2.503512382507324219e+00
5.549921999999999578e+00 2.503512382507324219e+00
5.555451999999999835e+00 2.493164062500000000e+00
5.560990999999999573e+00 2.493164062500000000e+00
5.566599000000000075e+00 2.493164062500000000e+00
5.572160000000000224e+00 2.493164062500000000e+00
5.577779999999999738e+00 2.493164062500000000e+00
5.583331000000000266e+00 2.498338699340820312e+00
5.588904000000000316e+00 2.498338699340820312e+00
5.594446999999999726e+00 2.498338699340820312e+00
5.600065999999999988e+00 2.498338699340820312e+00
5.603845999999999883e+00 2.508687019348144531e+00
5.609259999999999913e+00 2.508687019348144531e+00
5.614818999999999782e+00 2.508687019348144531e+00
5.620464000000000127e+00 2.508687019348144531e+00
5.624247999999999692e+00 2.503512382507324219e+00
5.629635999999999640e+00 2.503512382507324219e+00
5.635208999999999691e+00 2.503512382507324219e+00
5.640797000000000061e+00 2.503512382507324219e+00
5.646416000000000324e+00 2.498338699340820312e+00
5.651997999999999855e+00 2.498338699340820312e+00
5.661739999999999995e+00 2.498338699340820312e+00
5.667272999999999783e+00 2.498338699340820312e+00
5.671148999999999774e+00 2.498338699340820312e+00
5.676599999999999646e+00 2.498338699340820312e+00
5.682188000000000017e+00 2.498338699340820312e+00
5.687859000000000442e+00 2.498338699340820312e+00
5.693444999999999645e+00 2.498338699340820312e+00
5.699137000000000342e+00 2.498338699340820312e+00
5.704723999999999684e+00 2.508687019348144531e+00
5.710399999999999920e+00 2.503512382507324219e+00
5.715980000000000061e+00 2.503512382507324219e+00
5.721580999999999584e+00 2.498338699340820312e+00
5.727242000000000388e+00 2.503512382507324219e+00
5.732848999999999862e+00 2.503512382507324219e+00
5.738477999999999746e+00 2.503512382507324219e+00
5.744075999999999738e+00 2.503512382507324219e+00
5.749757999999999925e+00 2.508687019348144531e+00
5.755372999999999628e+00 2.498338699340820312e+00
5.760983000000000409e+00 2.503512382507324219e+00
5.764903000000000333e+00 2.498338699340820312e+00
5.770463999999999594e+00 2.498338699340820312e+00
5.779821000000000097e+00 2.498338699340820312e+00
5.785468999999999973e+00 2.498338699340820312e+00
5.791186999999999863e+00 2.493164062500000000e+00
5.796905999999999892e+00 2.493164062500000000e+00
5.802572999999999759e+00 2.498338699340820312e+00
5.808215999999999823e+00 2.508687019348144531e+00
5.812149999999999928e+00 2.498338699340820312e+00
5.817626999999999882e+00 2.503512382507324219e+00
5.823267999999999667e+00 2.498338699340820312e+00
5.828915000000000290e+00 2.503512382507324219e+00
5.834558999999999607e+00 2.508687019348144531e+00
5.840277999999999636e+00 2.508687019348144531e+00
5.845947999999999922e+00 2.508687019348144531e+00
5.851600000000000357e+00 2.508687019348144531e+00
5.855516999999999861e+00 2.498338699340820312e+00
5.861030000000000406e+00 2.498338699340820312e+00
5.866736000000000395e+00 2.503512382507324219e+00
5.872397000000000311e+00 2.498338699340820312e+00
5.878046999999999578e+00 2.498338699340820312e+00
5.883710999999999913e+00 2.487989425659179688e+00
5.889498999999999818e+00 2.493164062500000000e+00
5.898851999999999762e+00 2.493164062500000000e+00
5.904522000000000048e+00 2.503512382507324219e+00
5.910290999999999961e+00 2.503512382507324219e+00
5.915949999999999598e+00 2.503512382507324219e+00
5.921636999999999595e+00 2.508687019348144531e+00
5.927383999999999986e+00 2.508687019348144531e+00
5.931339000000000361e+00 2.508687019348144531e+00
5.936855000000000437e+00 2.508687019348144531e+00
5.942529000000000394e+00 2.508687019348144531e+00
5.948254000000000374e+00 2.508687019348144531e+00
5.953960000000000363e+00 2.503512382507324219e+00
5.959697000000000244e+00 2.498338699340820312e+00
5.965412999999999855e+00 2.493164062500000000e+00
5.971091999999999622e+00 2.493164062500000000e+00
5.976867999999999626e+00 2.498338699340820312e+00
5.982586999999999655e+00 2.493164062500000000e+00
5.986514999999999809e+00 2.493164062500000000e+00
5.992051000000000016e+00 2.493164062500000000e+00
5.997829000000000299e+00 2.493164062500000000e+00
6.003561999999999621e+00 2.503512382507324219e+00
6.009629000000000332e+00 2.508687019348144531e+00
6.021443999999999797e+00 2.508687019348144531e+00
6.027209000000000039e+00 2.508687019348144531e+00
6.032931999999999739e+00 2.508687019348144531e+00
6.038677999999999990e+00 2.508687019348144531e+00
6.044405000000000250e+00 2.503512382507324219e+00
6.050252999999999659e+00 2.503512382507324219e+00
6.056014000000000230e+00 2.498338699340820312e+00
6.061755999999999922e+00 2.493164062500000000e+00
6.067569999999999908e+00 2.498338699340820312e+00
6.073320999999999970e+00 2.493164062500000000e+00
6.079134999999999955e+00 2.493164062500000000e+00
6.083133000000000123e+00 2.498338699340820312e+00
6.088684999999999903e+00 2.498338699340820312e+00
6.094479999999999897e+00 2.493164062500000000e+00
6.100290000000000212e+00 2.498338699340820312e+00
6.106029999999999625e+00 2.508687019348144531e+00
6.111767999999999645e+00 2.508687019348144531e+00
6.117563999999999780e+00 2.508687019348144531e+00
6.121528999999999776e+00 2.508687019348144531e+00
6.131135999999999697e+00 2.508687019348144531e+00
6.136991000000000085e+00 2.503512382507324219e+00
6.142742000000000147e+00 2.503512382507324219e+00
6.148526999999999632e+00 2.503512382507324219e+00
6.154289000000000343e+00 2.498338699340820312e+00
6.160142999999999702e+00 2.493164062500000000e+00
6.165915000000000035e+00 2.493164062500000000e+00
6.171683999999999948e+00 2.498338699340820312e+00
6.177534999999999776e+00 2.498338699340820312e+00
6.183339000000000141e+00 2.498338699340820312e+00
6.189218999999999582e+00 2.503512382507324219e+00
6.195024000000000086e+00 2.498338699340820312e+00
6.200884000000000285e+00 2.508687019348144531e+00
6.206733999999999973e+00 2.508687019348144531e+00
6.212528999999999968e+00 2.498338699340820312e+00
6.218338000000000143e+00 2.503512382507324219e+00
6.222330999999999612e+00 2.503512382507324219e+00
6.227970000000000006e+00 2.508687019348144531e+00
6.233747000000000149e+00 2.508687019348144531e+00
6.243319999999999759e+00 2.503512382507324219e+00
6.249249999999999972e+00 2.503512382507324219e+00
6.261106999999999978e+00 2.498338699340820312e+00
6.269172000000000189e+00 2.498338699340820312e+00
6.279298999999999964e+00 2.498338699340820312e+00
6.287448999999999621e+00 2.498338699340820312e+00
6.293239999999999945e+00 2.498338699340820312e+00
6.299044999999999561e+00 2.493164062500000000e+00
6.304827000000000403e+00 2.503512382507324219e+00
6.310692999999999664e+00 2.508687019348144531e+00
6.316523000000000110e+00 2.503512382507324219e+00
6.322330000000000005e+00 2.503512382507324219e+00
6.328135999999999761e+00 2.503512382507324219e+00
6.333927000000000085e+00 2.508687019348144531e+00
6.339824000000000126e+00 2.508687019348144531e+00
6.345614999999999561e+00 2.508687019348144531e+00
6.351422000000000345e+00 2.508687019348144531e+00
6.361133999999999844e+00 2.498338699340820312e+00
6.367034000000000304e+00 2.498338699340820312e+00
6.372816000000000258e+00 2.498338699340820312e+00
6.378693000000000168e+00 2.498338699340820312e+00
6.384509999999999685e+00 2.493164062500000000e+00
6.390450000000000408e+00 2.498338699340820312e+00
6.396391000000000382e+00 2.493164062500000000e+00
6.402256000000000391e+00 2.498338699340820312e+00
6.408100000000000129e+00 2.503512382507324219e+00
6.413955999999999769e+00 2.503512382507324219e+00
6.419868000000000130e+00 2.508687019348144531e+00
6.425736999999999810e+00 2.508687019348144531e+00
6.431605000000000238e+00 2.508687019348144531e+00
6.437509000000000370e+00 2.508687019348144531e+00
6.441555000000000142e+00 2.508687019348144531e+00
6.445306000000000424e+00 2.508687019348144531e+00
6.450986000000000331e+00 2.508687019348144531e+00
6.456921999999999606e+00 2.503512382507324219e+00
6.462785000000000224e+00 2.498338699340820312e+00
6.468683000000000405e+00 2.493164062500000000e+00
6.478423000000000265e+00 2.493164062500000000e+00
6.484312000000000076e+00 2.493164062500000000e+00
6.490280000000000271e+00 2.493164062500000000e+00
6.496336000000000332e+00 2.498338699340820312e+00
6.502215999999999774e+00 2.503512382507324219e+00
6.508169999999999789e+00 2.508687019348144531e+00
6.514085999999999821e+00 2.508687019348144531e+00
6.520059999999999967e+00 2.508687019348144531e+00
6.526006999999999891e+00 2.508687019348144531e+00
6.531914000000000442e+00 2.508687019348144531e+00
6.535840000000000316e+00 2.508687019348144531e+00
6.541667999999999594e+00 2.508687019348144531e+00
6.547678000000000331e+00 2.503512382507324219e+00
6.551708999999999783e+00 2.498338699340820312e+00
6.557832000000000328e+00 2.493164062500000000e+00
6.564474999999999838e+00 2.493164062500000000e+00
6.570472999999999786e+00 2.493164062500000000e+00
6.576469999999999594e+00 2.493164062500000000e+00
6.582406999999999897e+00 2.498338699340820312e+00
6.588390000000000413e+00 2.498338699340820312e+00
6.598035000000000316e+00 2.498338699340820312e+00
6.604044000000000025e+00 2.513861656188964844e+00
6.610090999999999717e+00 2.508687019348144531e+00
6.614119999999999777e+00 2.508687019348144531e+00
6.619939999999999714e+00 2.508687019348144531e+00
6.625899999999999679e+00 2.508687019348144531e+00
6.631878000000000384e+00 2.503512382507324219e+00
6.637901000000000273e+00 2.508687019348144531e+00
6.643854000000000148e+00 2.503512382507324219e+00
6.650015999999999927e+00 2.503512382507324219e+00
6.655999999999999694e+00 2.498338699340820312e+00
6.662027000000000143e+00 2.493164062500000000e+00
6.668102000000000196e+00 2.493164062500000000e+00
6.674080000000000013e+00 2.503512382507324219e+00
6.680132000000000403e+00 2.498338699340820312e+00
6.686086999999999669e+00 2.498338699340820312e+00
6.690114000000000338e+00 2.503512382507324219e+00
6.693861000000000061e+00 2.503512382507324219e+00
6.699723999999999791e+00 2.498338699340820312e+00
6.705724000000000018e+00 2.508687019348144531e+00
6.715298999999999907e+00 2.508687019348144531e+00
6.721424999999999983e+00 2.508687019348144531e+00
6.727407999999999610e+00 2.503512382507324219e+00
6.733342000000000382e+00 2.503512382507324219e+00
6.739353999999999623e+00 2.503512382507324219e+00
6.745263999999999704e+00 2.503512382507324219e+00
6.751170000000000115e+00 2.503512382507324219e+00
6.757181000000000104e+00 2.498338699340820312e+00
6.763111000000000317e+00 2.498338699340820312e+00
6.769070000000000142e+00 2.498338699340820312e+00
6.774994999999999656e+00 2.503512382507324219e+00
6.779103000000000101e+00 2.498338699340820312e+00
6.784825999999999802e+00 2.498338699340820312e+00
6.788908000000000165e+00 2.503512382507324219e+00
6.794622000000000384e+00 2.498338699340820312e+00
6.798719000000000179e+00 2.498338699340820312e+00
6.804472999999999772e+00 2.503512382507324219e+00
6.810463999999999629e+00 2.503512382507324219e+00
6.816474000000000366e+00 2.503512382507324219e+00
6.822455999999999854e+00 2.503512382507324219e+00
6.828668000000000404e+00 2.503512382507324219e+00
6.838478000000000279e+00 2.503512382507324219e+00
6.842484999999999928e+00 2.508687019348144531e+00
6.848292999999999964e+00 2.508687019348144531e+00
6.854314999999999714e+00 2.503512382507324219e+00
6.860408999999999757e+00 2.503512382507324219e+00
6.866508999999999752e+00 2.498338699340820312e+00
6.872527999999999970e+00 2.498338699340820312e+00
6.878570999999999991e+00 2.503512382507324219e+00
6.884640000000000093e+00 2.498338699340820312e+00
6.890692999999999735e+00 2.498338699340820312e+00
6.896784000000000248e+00 2.487989425659179688e+00
6.902810999999999808e+00 2.503512382507324219e+00
6.908869000000000149e+00 2.503512382507324219e+00
6.914899000000000129e+00 2.503512382507324219e+00
6.920982000000000411e+00 2.503512382507324219e+00
6.927073000000000036e+00 2.508687019348144531e+00
6.933140999999999998e+00 2.513861656188964844e+00
6.939210000000000100e+00 2.508687019348144531e+00
6.943317999999999657e+00 2.508687019348144531e+00
6.953084999999999738e+00 2.508687019348144531e+00
6.959144000000000219e+00 2.503512382507324219e+00
6.965182999999999680e+00 2.498338699340820312e+00
6.971224999999999561e+00 2.498338699340820312e+00
6.977295999999999943e+00 2.498338699340820312e+00
6.983312999999999882e+00 2.498338699340820312e+00
6.989411999999999736e+00 2.498338699340820312e+00
6.995447000000000415e+00 2.498338699340820312e+00
7.001496000000000386e+00 2.493164062500000000e+00
7.007564999999999600e+00 2.508687019348144531e+00
7.013583999999999818e+00 2.508687019348144531e+00
7.019661000000000151e+00 2.508687019348144531e+00
7.023697000000000301e+00 2.508687019348144531e+00
7.029608999999999774e+00 2.508687019348144531e+00
7.035652999999999935e+00 2.508687019348144531e+00
7.039742000000000388e+00 2.508687019348144531e+00
7.045550000000000423e+00 2.513861656188964844e+00
7.051561000000000412e+00 2.503512382507324219e+00
7.057650999999999897e+00 2.493164062500000000e+00
7.063722000000000278e+00 2.493164062500000000e+00
7.073508000000000351e+00 2.493164062500000000e+00
7.079512000000000249e+00 2.493164062500000000e+00
7.085588999999999693e+00 2.498338699340820312e+00
7.091657999999999795e+00 2.493164062500000000e+00
7.097821999999999854e+00 2.498338699340820312e+00
7.103908999999999807e+00 2.508687019348144531e+00
7.110092999999999996e+00 2.508687019348144531e+00
7.116177999999999670e+00 2.508687019348144531e+00
7.122290999999999705e+00 2.508687019348144531e+00
7.128401000000000209e+00 2.508687019348144531e+00
7.134509999999999685e+00 2.508687019348144531e+00
7.140671000000000213e+00 2.503512382507324219e+00
7.146847000000000172e+00 2.498338699340820312e+00
7.152938999999999936e+00 2.498338699340820312e+00
7.159050999999999831e+00 2.493164062500000000e+00
7.165183999999999997e+00 2.493164062500000000e+00
7.171352999999999867e+00 2.493164062500000000e+00
7.177548999999999957e+00 2.498338699340820312e+00
7.183716999999999686e+00 2.498338699340820312e+00
7.193659000000000248e+00 2.498338699340820312e+00
7.199850999999999779e+00 2.498338699340820312e+00
7.205941000000000152e+00 2.503512382507324219e+00
7.212019999999999875e+00 2.508687019348144531e+00
7.218200000000000394e+00 2.508687019348144531e+00
7.224285000000000068e+00 2.503512382507324219e+00
7.230464999999999698e+00 2.503512382507324219e+00
7.236610999999999905e+00 2.503512382507324219e+00
7.242714999999999570e+00 2.503512382507324219e+00
7.248816999999999844e+00 2.503512382507324219e+00
7.255048000000000386e+00 2.493164062500000000e+00
7.265354999999999563e+00 2.498338699340820312e+00
7.275052999999999770e+00 2.498338699340820312e+00
7.286484999999999879e+00 2.503512382507324219e+00
7.292791000000000246e+00 2.503512382507324219e+00
7.296916000000000402e+00 2.498338699340820312e+00
7.302889000000000408e+00 2.503512382507324219e+00
7.312673000000000201e+00 2.503512382507324219e+00
7.319023999999999752e+00 2.503512382507324219e+00
7.325155999999999779e+00 2.508687019348144531e+00
7.331408999999999843e+00 2.503512382507324219e+00
7.335561000000000220e+00 2.503512382507324219e+00
7.341604000000000241e+00 2.503512382507324219e+00
7.347841999999999985e+00 2.508687019348144531e+00
7.353987000000000052e+00 2.498338699340820312e+00
7.360261999999999638e+00 2.503512382507324219e+00
7.366446999999999967e+00 2.498338699340820312e+00
7.372613000000000305e+00 2.498338699340820312e+00
7.378779999999999895e+00 2.498338699340820312e+00
7.382922999999999902e+00 2.498338699340820312e+00
7.388919999999999710e+00 2.493164062500000000e+00
7.395076999999999678e+00 2.493164062500000000e+00
7.401289000000000229e+00 2.498338699340820312e+00
7.407530000000000392e+00 2.503512382507324219e+00
7.413724000000000203e+00 2.503512382507324219e+00
7.420016000000000389e+00 2.503512382507324219e+00
7.429853999999999736e+00 2.503512382507324219e+00
7.436111999999999611e+00 2.508687019348144531e+00
7.442300999999999611e+00 2.508687019348144531e+00
7.448512000000000022e+00 2.508687019348144531e+00
7.454702000000000162e+00 2.503512382507324219e+00
7.460975999999999608e+00 2.498338699340820312e+00
7.467241999999999713e+00 2.498338699340820312e+00
7.473459000000000074e+00 2.493164062500000000e+00
7.479720999999999620e+00 2.493164062500000000e+00
7.485913000000000039e+00 2.493164062500000000e+00
7.492124999999999702e+00 2.493164062500000000e+00
7.498332000000000441e+00 2.493164062500000000e+00
7.504529999999999923e+00 2.503512382507324219e+00
7.510830000000000339e+00 2.503512382507324219e+00
7.517109999999999737e+00 2.513861656188964844e+00
7.523314000000000057e+00 2.508687019348144531e+00
7.529625000000000234e+00 2.508687019348144531e+00
7.535864000000000118e+00 2.513861656188964844e+00
7.542145999999999795e+00 2.508687019348144531e+00
7.554200999999999944e+00 2.493164062500000000e+00
7.560477999999999810e+00 2.493164062500000000e+00
7.564705000000000013e+00 2.493164062500000000e+00
7.570837000000000039e+00 2.493164062500000000e+00
7.577150999999999748e+00 2.493164062500000000e+00
7.583416999999999852e+00 2.493164062500000000e+00
7.589769999999999683e+00 2.493164062500000000e+00
7.596042999999999878e+00 2.493164062500000000e+00
7.602318999999999605e+00 2.503512382507324219e+00
7.608598999999999890e+00 2.508687019348144531e+00
7.614870999999999945e+00 2.508687019348144531e+00
7.621398000000000117e+00 2.513861656188964844e+00
7.627737999999999907e+00 2.508687019348144531e+00
7.631946000000000119e+00 2.508687019348144531e+00
7.638035999999999603e+00 2.508687019348144531e+00
7.644337000000000160e+00 2.503512382507324219e+00
7.650691000000000130e+00 2.503512382507324219e+00
7.654935000000000045e+00 2.498338699340820312e+00
7.661026999999999809e+00 2.493164062500000000e+00
7.667733000000000132e+00 2.493164062500000000e+00
7.678081999999999852e+00 2.493164062500000000e+00
7.684372999999999898e+00 2.513861656188964844e+00
7.690756999999999621e+00 2.575957298278808594e+00
7.697155000000000413e+00 2.736369132995605469e+00
7.703465999999999703e+00 4.790682792663574219e+00
7.709851999999999705e+00 4.795857429504394531e+00
7.716177000000000064e+00 4.790682792663574219e+00
7.722502000000000422e+00 4.790682792663574219e+00
7.728817000000000270e+00 4.790682792663574219e+00
7.735129999999999839e+00 4.795857429504394531e+00
7.741502999999999801e+00 4.790682792663574219e+00
7.747891000000000084e+00 4.790682792663574219e+00
7.754228999999999594e+00 4.785508155822753906e+00
7.760596999999999746e+00 4.785508155822753906e+00
7.766996999999999929e+00 4.790682792663574219e+00
7.773312999999999917e+00 4.785508155822753906e+00
7.779690999999999690e+00 4.790682792663574219e+00
7.786304999999999588e+00 4.790682792663574219e+00
7.798758000000000301e+00 4.790682792663574219e+00
7.805088999999999722e+00 4.790682792663574219e+00
7.811499999999999666e+00 4.790682792663574219e+00
7.817910000000000359e+00 4.790682792663574219e+00
7.824271000000000420e+00 4.795857429504394531e+00
7.830663999999999625e+00 4.785508155822753906e+00
7.837072000000000038e+00 4.790682792663574219e+00
7.843416000000000388e+00 4.785508155822753906e+00
7.847730999999999568e+00 4.790682792663574219e+00
7.853985999999999912e+00 4.785508155822753906e+00
7.858303000000000260e+00 4.785508155822753906e+00
7.864423000000000386e+00 4.785508155822753906e+00
7.868721999999999994e+00 4.785508155822753906e+00
7.874844999999999651e+00 4.785508155822753906e+00
7.879144000000000148e+00 4.785508155822753906e+00
7.885284999999999656e+00 4.785508155822753906e+00
7.891640999999999906e+00 4.785508155822753906e+00
7.898051999999999850e+00 4.785508155822753906e+00
7.902314999999999756e+00 4.790682792663574219e+00
7.912328999999999724e+00 4.790682792663574219e+00
7.918766999999999889e+00 4.790682792663574219e+00
7.925182000000000393e+00 4.790682792663574219e+00
7.931600000000000428e+00 4.790682792663574219e+00
7.938054000000000165e+00 4.790682792663574219e+00
7.944444999999999979e+00 4.790682792663574219e+00
7.950896000000000186e+00 4.785508155822753906e+00
7.957339000000000162e+00 4.785508155822753906e+00
7.963727999999999696e+00 4.785508155822753906e+00
7.970204999999999984e+00 4.790682792663574219e+00
7.976670999999999623e+00 4.785508155822753906e+00
7.980923999999999907e+00 4.785508155822753906e+00
7.987147000000000219e+00 4.785508155822753906e+00
7.993547999999999654e+00 4.785508155822753906e+00
8.000009999999999621e+00 4.790682792663574219e+00
8.006501000000000090e+00 4.785508155822753906e+00
8.012938000000000116e+00 4.790682792663574219e+00
8.019380999999999204e+00 4.790682792663574219e+00
8.029738000000000042e+00 4.790682792663574219e+00
8.036274000000000584e+00 4.795857429504394531e+00
8.042666999999999788e+00 4.790682792663574219e+00
8.049099999999999255e+00 4.790682792663574219e+00
