1.720000000000000066e-04 2.544909477233886719e+00
3.847999999999999858e-03 2.539734840393066406e+00
7.167999999999999892e-03 2.539734840393066406e+00
1.045699999999999928e-02 2.539734840393066406e+00
1.362599999999999922e-02 2.539734840393066406e+00
1.693100000000000160e-02 2.539734840393066406e+00
2.007099999999999856e-02 2.534560203552246094e+00
2.336799999999999988e-02 2.534560203552246094e+00
2.667100000000000026e-02 2.539734840393066406e+00
2.980599999999999916e-02 2.539734840393066406e+00
3.310899999999999954e-02 2.544909477233886719e+00
3.624399999999999844e-02 2.544909477233886719e+00
3.961300000000000238e-02 2.544909477233886719e+00
4.606899999999999884e-02 2.539734840393066406e+00
4.951599999999999752e-02 2.544909477233886719e+00
5.266099999999999948e-02 2.550084114074707031e+00
5.595599999999999880e-02 2.550084114074707031e+00
5.970799999999999719e-02 2.550084114074707031e+00
6.286200000000000121e-02 2.550084114074707031e+00
6.615999999999999659e-02 2.550084114074707031e+00
6.945300000000000085e-02 2.550084114074707031e+00
7.276000000000000523e-02 2.550084114074707031e+00
7.589700000000000613e-02 2.550084114074707031e+00
7.935599999999999599e-02 2.544909477233886719e+00
8.265300000000000424e-02 2.544909477233886719e+00
8.595099999999999962e-02 2.544909477233886719e+00
8.924700000000000688e-02 2.544909477233886719e+00
9.254700000000000426e-02 2.544909477233886719e+00
9.568999999999999728e-02 2.544909477233886719e+00
9.883100000000000218e-02 2.539734840393066406e+00
1.021409999999999957e-01 2.539734840393066406e+00
1.060500000000000054e-01 2.534560203552246094e+00
1.092140000000000055e-01 2.539734840393066406e+00
1.125140000000000029e-01 2.534560203552246094e+00
1.156520000000000048e-01 2.539734840393066406e+00
1.189550000000000052e-01 2.539734840393066406e+00
1.221030000000000032e-01 2.539734840393066406e+00
1.252389999999999892e-01 2.539734840393066406e+00
1.285489999999999966e-01 2.539734840393066406e+00
1.316930000000000045e-01 2.544909477233886719e+00
1.348290000000000044e-01 2.544909477233886719e+00
1.381259999999999988e-01 2.550084114074707031e+00
1.412690000000000057e-01 2.550084114074707031e+00
1.444080000000000086e-01 2.550084114074707031e+00
1.477009999999999990e-01 2.550084114074707031e+00
1.546750000000000069e-01 2.550084114074707031e+00
1.578180000000000138e-01 2.550084114074707031e+00
1.611239999999999895e-01 2.550084114074707031e+00
1.642659999999999954e-01 2.550084114074707031e+00
1.675719999999999987e-01 2.550084114074707031e+00
1.708629999999999871e-01 2.550084114074707031e+00
1.741540000000000032e-01 2.550084114074707031e+00
1.772980000000000111e-01 2.550084114074707031e+00
1.804429999999999923e-01 2.544909477233886719e+00
1.837399999999999867e-01 2.544909477233886719e+00
1.868869999999999976e-01 2.539734840393066406e+00
1.900270000000000015e-01 2.539734840393066406e+00
1.933209999999999928e-01 2.539734840393066406e+00
1.964639999999999997e-01 2.539734840393066406e+00
1.999170000000000114e-01 2.539734840393066406e+00
2.031000000000000028e-01 2.539734840393066406e+00
2.062420000000000087e-01 2.534560203552246094e+00
2.095440000000000080e-01 2.539734840393066406e+00
2.132999999999999896e-01 2.534560203552246094e+00
2.170600000000000029e-01 2.539734840393066406e+00
2.203559999999999963e-01 2.539734840393066406e+00
2.235000000000000042e-01 2.544909477233886719e+00
2.266430000000000111e-01 2.544909477233886719e+00
2.299480000000000135e-01 2.544909477233886719e+00
2.330840000000000134e-01 2.550084114074707031e+00
2.362299999999999955e-01 2.544909477233886719e+00
2.395230000000000137e-01 2.550084114074707031e+00
2.426689999999999958e-01 2.550084114074707031e+00
2.459709999999999952e-01 2.550084114074707031e+00
2.492630000000000123e-01 2.550084114074707031e+00
2.525669999999999860e-01 2.550084114074707031e+00
2.557090000000000196e-01 2.544909477233886719e+00
2.589949999999999752e-01 2.544909477233886719e+00
2.661220000000000252e-01 2.544909477233886719e+00
2.694230000000000236e-01 2.544909477233886719e+00
2.727200000000000180e-01 2.544909477233886719e+00
2.758599999999999941e-01 2.544909477233886719e+00
2.791609999999999925e-01 2.539734840393066406e+00
2.824639999999999929e-01 2.539734840393066406e+00
2.857609999999999872e-01 2.539734840393066406e+00
2.890650000000000164e-01 2.539734840393066406e+00
2.923560000000000048e-01 2.539734840393066406e+00
2.954990000000000117e-01 2.539734840393066406e+00
2.986789999999999723e-01 2.539734840393066406e+00
3.018190000000000039e-01 2.539734840393066406e+00
3.057320000000000038e-01 2.544909477233886719e+00
3.090229999999999921e-01 2.544909477233886719e+00
3.122849999999999793e-01 2.544909477233886719e+00
3.155479999999999952e-01 2.544909477233886719e+00
3.188400000000000123e-01 2.544909477233886719e+00
3.221470000000000167e-01 2.544909477233886719e+00
3.252920000000000256e-01 2.544909477233886719e+00
3.284329999999999750e-01 2.544909477233886719e+00
3.317379999999999773e-01 2.550084114074707031e+00
3.348829999999999862e-01 2.550084114074707031e+00
3.380219999999999891e-01 2.550084114074707031e+00
3.413329999999999975e-01 2.544909477233886719e+00
3.444720000000000004e-01 2.550084114074707031e+00
3.476199999999999846e-01 2.544909477233886719e+00
3.509160000000000057e-01 2.550084114074707031e+00
3.540579999999999838e-01 2.544909477233886719e+00
3.573589999999999822e-01 2.544909477233886719e+00
3.606829999999999758e-01 2.544909477233886719e+00
3.638230000000000075e-01 2.544909477233886719e+00
3.671229999999999771e-01 2.544909477233886719e+00
3.705319999999999725e-01 2.544909477233886719e+00
3.767869999999999830e-01 2.544909477233886719e+00
3.800780000000000269e-01 2.544909477233886719e+00
3.832130000000000258e-01 2.539734840393066406e+00
3.865589999999999860e-01 2.539734840393066406e+00
3.899599999999999733e-01 2.539734840393066406e+00
3.931129999999999902e-01 2.539734840393066406e+00
3.962890000000000024e-01 2.544909477233886719e+00
3.997450000000000170e-01 2.544909477233886719e+00
4.028880000000000239e-01 2.544909477233886719e+00
4.060239999999999960e-01 2.539734840393066406e+00
4.094789999999999819e-01 2.544909477233886719e+00
4.130690000000000195e-01 2.544909477233886719e+00
4.162219999999999809e-01 2.544909477233886719e+00
4.195160000000000000e-01 2.544909477233886719e+00
4.226630000000000109e-01 2.544909477233886719e+00
4.259709999999999885e-01 2.544909477233886719e+00
4.292639999999999789e-01 2.544909477233886719e+00
4.325629999999999753e-01 2.550084114074707031e+00
4.357050000000000090e-01 2.544909477233886719e+00
4.391610000000000236e-01 2.550084114074707031e+00
4.424589999999999912e-01 2.550084114074707031e+00
4.457570000000000143e-01 2.544909477233886719e+00
4.490569999999999840e-01 2.544909477233886719e+00
4.523559999999999803e-01 2.544909477233886719e+00
4.556490000000000262e-01 2.544909477233886719e+00
4.590989999999999793e-01 2.544909477233886719e+00
4.622439999999999882e-01 2.544909477233886719e+00
4.655420000000000114e-01 2.544909477233886719e+00
4.688359999999999750e-01 2.544909477233886719e+00
4.721380000000000021e-01 2.544909477233886719e+00
4.752779999999999783e-01 2.550084114074707031e+00
4.784189999999999832e-01 2.550084114074707031e+00
4.817130000000000023e-01 2.544909477233886719e+00
4.885410000000000030e-01 2.544909477233886719e+00
4.918739999999999779e-01 2.544909477233886719e+00
4.950249999999999928e-01 2.544909477233886719e+00
4.983219999999999872e-01 2.544909477233886719e+00
5.014589999999999881e-01 2.544909477233886719e+00
5.047580000000000400e-01 2.544909477233886719e+00
5.079059999999999686e-01 2.544909477233886719e+00
5.110449999999999715e-01 2.544909477233886719e+00
5.144840000000000524e-01 2.544909477233886719e+00
5.176399999999999890e-01 2.539734840393066406e+00
5.209420000000000162e-01 2.539734840393066406e+00
5.240799999999999903e-01 2.539734840393066406e+00
5.273849999999999927e-01 2.534560203552246094e+00
5.306760000000000366e-01 2.539734840393066406e+00
5.338159999999999572e-01 2.544909477233886719e+00
5.371280000000000499e-01 2.544909477233886719e+00
5.402580000000000160e-01 2.544909477233886719e+00
5.435569999999999569e-01 2.544909477233886719e+00
5.468619999999999592e-01 2.544909477233886719e+00
5.501960000000000184e-01 2.550084114074707031e+00
5.534520000000000550e-01 2.544909477233886719e+00
5.567609999999999504e-01 2.544909477233886719e+00
5.600410000000000110e-01 2.550084114074707031e+00
5.633529999999999927e-01 2.550084114074707031e+00
5.666649999999999743e-01 2.550084114074707031e+00
5.748569999999999514e-01 2.550084114074707031e+00
5.794949999999999823e-01 2.544909477233886719e+00
5.829530000000000545e-01 2.544909477233886719e+00
5.862870000000000026e-01 2.544909477233886719e+00
5.897470000000000212e-01 2.544909477233886719e+00
5.930349999999999788e-01 2.539734840393066406e+00
6.000220000000000553e-01 2.544909477233886719e+00
6.032950000000000257e-01 2.539734840393066406e+00
6.064509999999999623e-01 2.539734840393066406e+00
6.097580000000000222e-01 2.539734840393066406e+00
6.130700000000000038e-01 2.539734840393066406e+00
6.163450000000000317e-01 2.539734840393066406e+00
6.196469999999999478e-01 2.539734840393066406e+00
6.229440000000000532e-01 2.539734840393066406e+00
6.277679999999999927e-01 2.539734840393066406e+00
6.310679999999999623e-01 2.544909477233886719e+00
6.343710000000000182e-01 2.544909477233886719e+00
6.376669999999999838e-01 2.550084114074707031e+00
6.409650000000000070e-01 2.550084114074707031e+00
6.442620000000000013e-01 2.550084114074707031e+00
6.475649999999999462e-01 2.550084114074707031e+00
6.508540000000000436e-01 2.555258750915527344e+00
6.541519999999999557e-01 2.550084114074707031e+00
6.576100000000000279e-01 2.550084114074707031e+00
6.609070000000000222e-01 2.550084114074707031e+00
6.640490000000000004e-01 2.550084114074707031e+00
6.673470000000000235e-01 2.550084114074707031e+00
6.704919999999999769e-01 2.555258750915527344e+00
6.736309999999999798e-01 2.550084114074707031e+00
6.769479999999999942e-01 2.550084114074707031e+00
6.801160000000000538e-01 2.550084114074707031e+00
6.832549999999999457e-01 2.544909477233886719e+00
6.865769999999999929e-01 2.539734840393066406e+00
6.898579999999999712e-01 2.539734840393066406e+00
6.931509999999999616e-01 2.539734840393066406e+00
6.964489999999999847e-01 2.539734840393066406e+00
6.997539999999999871e-01 2.539734840393066406e+00
7.030579999999999607e-01 2.544909477233886719e+00
7.066409999999999636e-01 2.539734840393066406e+00
7.139889999999999848e-01 2.539734840393066406e+00
7.175570000000000004e-01 2.544909477233886719e+00
7.210010000000000030e-01 2.544909477233886719e+00
7.242929999999999646e-01 2.544909477233886719e+00
7.278980000000000450e-01 2.544909477233886719e+00
7.313509999999999733e-01 2.550084114074707031e+00
7.348029999999999839e-01 2.550084114074707031e+00
7.380860000000000198e-01 2.550084114074707031e+00
7.415389999999999482e-01 2.555258750915527344e+00
7.449909999999999588e-01 2.550084114074707031e+00
7.484469999999999734e-01 2.550084114074707031e+00
7.517460000000000253e-01 2.550084114074707031e+00
7.551919999999999744e-01 2.550084114074707031e+00
7.584870000000000223e-01 2.550084114074707031e+00
7.619380000000000042e-01 2.550084114074707031e+00
7.653860000000000108e-01 2.550084114074707031e+00
7.688430000000000542e-01 2.550084114074707031e+00
7.721500000000000030e-01 2.550084114074707031e+00
7.755919999999999481e-01 2.550084114074707031e+00
7.792350000000000110e-01 2.544909477233886719e+00
7.825309999999999766e-01 2.544909477233886719e+00
7.859789999999999832e-01 2.539734840393066406e+00
7.895790000000000308e-01 2.539734840393066406e+00
7.930359999999999632e-01 2.539734840393066406e+00
7.963289999999999536e-01 2.544909477233886719e+00
7.997790000000000177e-01 2.539734840393066406e+00
8.032409999999999828e-01 2.539734840393066406e+00
8.065919999999999757e-01 2.539734840393066406e+00
8.099819999999999798e-01 2.539734840393066406e+00
8.134550000000000392e-01 2.544909477233886719e+00
8.170490000000000252e-01 2.544909477233886719e+00
8.255679999999999685e-01 2.544909477233886719e+00
8.291650000000000409e-01 2.544909477233886719e+00
8.326019999999999532e-01 2.550084114074707031e+00
8.358950000000000546e-01 2.550084114074707031e+00
8.393800000000000150e-01 2.550084114074707031e+00
8.428029999999999688e-01 2.550084114074707031e+00
8.460879999999999512e-01 2.550084114074707031e+00
8.495460000000000234e-01 2.555258750915527344e+00
8.529900000000000260e-01 2.550084114074707031e+00
8.564399999999999791e-01 2.550084114074707031e+00
8.598959999999999937e-01 2.550084114074707031e+00
8.633359999999999923e-01 2.544909477233886719e+00
8.668000000000000149e-01 2.550084114074707031e+00
8.702440000000000175e-01 2.550084114074707031e+00
8.735739999999999617e-01 2.544909477233886719e+00
8.770419999999999883e-01 2.550084114074707031e+00
8.803279999999999994e-01 2.544909477233886719e+00
8.837789999999999813e-01 2.544909477233886719e+00
8.872339999999999671e-01 2.539734840393066406e+00
8.905220000000000358e-01 2.544909477233886719e+00
8.939719999999999889e-01 2.544909477233886719e+00
8.974250000000000282e-01 2.544909477233886719e+00
9.007169999999999899e-01 2.550084114074707031e+00
9.041639999999999677e-01 2.544909477233886719e+00
9.076170000000000071e-01 2.544909477233886719e+00
9.109169999999999767e-01 2.544909477233886719e+00
9.143809999999999993e-01 2.544909477233886719e+00
9.178119999999999612e-01 2.550084114074707031e+00
9.211209999999999676e-01 2.544909477233886719e+00
9.245609999999999662e-01 2.544909477233886719e+00
9.280049999999999688e-01 2.544909477233886719e+00
9.313050000000000495e-01 2.550084114074707031e+00
9.347640000000000393e-01 2.555258750915527344e+00
9.432589999999999586e-01 2.544909477233886719e+00
9.467219999999999525e-01 2.544909477233886719e+00
9.501509999999999678e-01 2.550084114074707031e+00
9.536019999999999497e-01 2.550084114074707031e+00
9.568969999999999976e-01 2.550084114074707031e+00
9.603460000000000329e-01 2.550084114074707031e+00
9.637949999999999573e-01 2.550084114074707031e+00
9.671039999999999637e-01 2.550084114074707031e+00
9.705789999999999695e-01 2.550084114074707031e+00
9.740299999999999514e-01 2.550084114074707031e+00
9.774850000000000483e-01 2.550084114074707031e+00
9.809330000000000549e-01 2.550084114074707031e+00
9.843809999999999505e-01 2.544909477233886719e+00
9.878470000000000306e-01 2.544909477233886719e+00
9.911330000000000418e-01 2.544909477233886719e+00
9.945810000000000484e-01 2.544909477233886719e+00
9.980329999999999480e-01 2.544909477233886719e+00
1.001333999999999946e+00 2.550084114074707031e+00
1.005991999999999997e+00 2.544909477233886719e+00
1.010291999999999968e+00 2.550084114074707031e+00
1.014551999999999898e+00 2.544909477233886719e+00
1.018937999999999899e+00 2.544909477233886719e+00
1.023055000000000048e+00 2.544909477233886719e+00
1.027236000000000038e+00 2.544909477233886719e+00
1.031360000000000054e+00 2.550084114074707031e+00
1.035487999999999964e+00 2.550084114074707031e+00
1.039638000000000062e+00 2.550084114074707031e+00
1.043789000000000078e+00 2.550084114074707031e+00
1.048005000000000075e+00 2.550084114074707031e+00
1.052369000000000110e+00 2.550084114074707031e+00
1.061193999999999971e+00 2.550084114074707031e+00
1.065431000000000017e+00 2.550084114074707031e+00
1.069682000000000022e+00 2.550084114074707031e+00
1.073800000000000088e+00 2.555258750915527344e+00
1.077954000000000079e+00 2.550084114074707031e+00
1.082079000000000013e+00 2.550084114074707031e+00
1.086208999999999980e+00 2.550084114074707031e+00
1.090433999999999903e+00 2.550084114074707031e+00
1.094578999999999969e+00 2.544909477233886719e+00
1.098813000000000040e+00 2.544909477233886719e+00
1.102953000000000072e+00 2.544909477233886719e+00
1.107151999999999914e+00 2.539734840393066406e+00
1.111299000000000037e+00 2.539734840393066406e+00
1.115445000000000020e+00 2.539734840393066406e+00
1.119936999999999960e+00 2.544909477233886719e+00
1.124095999999999984e+00 2.539734840393066406e+00
1.128312999999999899e+00 2.539734840393066406e+00
1.132560000000000011e+00 2.550084114074707031e+00
1.136773000000000033e+00 2.550084114074707031e+00
1.140911999999999926e+00 2.550084114074707031e+00
1.145142000000000104e+00 2.550084114074707031e+00
1.149475000000000025e+00 2.550084114074707031e+00
1.153686999999999907e+00 2.550084114074707031e+00
1.157866999999999980e+00 2.550084114074707031e+00
1.162052000000000085e+00 2.550084114074707031e+00
1.166204999999999936e+00 2.555258750915527344e+00
1.176048999999999900e+00 2.555258750915527344e+00
1.180600000000000094e+00 2.550084114074707031e+00
1.184819999999999984e+00 2.550084114074707031e+00
1.189135000000000053e+00 2.544909477233886719e+00
1.193327999999999944e+00 2.544909477233886719e+00
1.197535000000000016e+00 2.539734840393066406e+00
1.201737000000000055e+00 2.539734840393066406e+00
1.205945999999999962e+00 2.539734840393066406e+00
1.210307999999999939e+00 2.544909477233886719e+00
1.214558000000000026e+00 2.539734840393066406e+00
1.218933999999999962e+00 2.544909477233886719e+00
1.223182999999999909e+00 2.544909477233886719e+00
1.227487999999999913e+00 2.544909477233886719e+00
1.231745000000000090e+00 2.550084114074707031e+00
1.235991000000000062e+00 2.555258750915527344e+00
1.240347000000000088e+00 2.550084114074707031e+00
1.244593999999999978e+00 2.555258750915527344e+00
1.248947000000000029e+00 2.555258750915527344e+00
1.253208000000000100e+00 2.555258750915527344e+00
1.257536999999999905e+00 2.555258750915527344e+00
1.261789999999999967e+00 2.550084114074707031e+00
1.266051000000000037e+00 2.550084114074707031e+00
1.270424999999999915e+00 2.555258750915527344e+00
1.274680000000000035e+00 2.550084114074707031e+00
1.279020000000000046e+00 2.550084114074707031e+00
1.283280999999999894e+00 2.544909477233886719e+00
1.293010999999999910e+00 2.544909477233886719e+00
1.297644999999999937e+00 2.539734840393066406e+00
1.301948000000000105e+00 2.544909477233886719e+00
1.306224000000000052e+00 2.539734840393066406e+00
1.310596000000000094e+00 2.544909477233886719e+00
1.314918999999999949e+00 2.550084114074707031e+00
1.319336999999999982e+00 2.550084114074707031e+00
1.323647999999999936e+00 2.550084114074707031e+00
1.327957999999999972e+00 2.550084114074707031e+00
1.331267999999999896e+00 2.550084114074707031e+00
1.335579000000000072e+00 2.555258750915527344e+00
1.339979000000000031e+00 2.555258750915527344e+00
1.344265000000000043e+00 2.550084114074707031e+00
1.348630999999999913e+00 2.550084114074707031e+00
1.352972000000000063e+00 2.555258750915527344e+00
1.357361000000000040e+00 2.550084114074707031e+00
1.361731000000000025e+00 2.550084114074707031e+00
1.366052999999999962e+00 2.550084114074707031e+00
1.370516999999999985e+00 2.550084114074707031e+00
1.374843000000000037e+00 2.550084114074707031e+00
1.379272000000000054e+00 2.550084114074707031e+00
1.383590000000000098e+00 2.544909477233886719e+00
1.387964999999999893e+00 2.544909477233886719e+00
1.392309999999999937e+00 2.544909477233886719e+00
1.396825999999999901e+00 2.544909477233886719e+00
1.408322999999999992e+00 2.544909477233886719e+00
1.412767000000000106e+00 2.544909477233886719e+00
1.417299000000000087e+00 2.550084114074707031e+00
1.421925000000000106e+00 2.544909477233886719e+00
1.426293000000000033e+00 2.550084114074707031e+00
1.430757000000000057e+00 2.550084114074707031e+00
1.435137000000000107e+00 2.550084114074707031e+00
1.439583000000000057e+00 2.550084114074707031e+00
1.444088000000000038e+00 2.550084114074707031e+00
1.449022000000000032e+00 2.550084114074707031e+00
1.453570999999999946e+00 2.550084114074707031e+00
1.458760999999999974e+00 2.550084114074707031e+00
1.463271999999999906e+00 2.550084114074707031e+00
1.467778999999999945e+00 2.555258750915527344e+00
1.472269999999999968e+00 2.550084114074707031e+00
1.476885000000000003e+00 2.550084114074707031e+00
1.481398999999999910e+00 2.544909477233886719e+00
1.485878999999999950e+00 2.550084114074707031e+00
1.490485000000000060e+00 2.550084114074707031e+00
1.494946000000000108e+00 2.544909477233886719e+00
1.499548000000000103e+00 2.550084114074707031e+00
1.504034000000000093e+00 2.544909477233886719e+00
1.508532999999999902e+00 2.544909477233886719e+00
1.513284999999999991e+00 2.550084114074707031e+00
1.523231000000000002e+00 2.550084114074707031e+00
1.528416999999999915e+00 2.544909477233886719e+00
1.532963000000000076e+00 2.550084114074707031e+00
1.537550999999999890e+00 2.555258750915527344e+00
1.542092999999999936e+00 2.550084114074707031e+00
1.546820000000000084e+00 2.550084114074707031e+00
1.551395000000000080e+00 2.555258750915527344e+00
1.555960000000000010e+00 2.550084114074707031e+00
1.560643999999999920e+00 2.550084114074707031e+00
1.565188999999999941e+00 2.555258750915527344e+00
1.569941000000000031e+00 2.555258750915527344e+00
1.580786999999999942e+00 2.555258750915527344e+00
1.595240999999999909e+00 2.550084114074707031e+00
1.601669999999999927e+00 2.550084114074707031e+00
1.606732000000000049e+00 2.544909477233886719e+00
1.611299000000000037e+00 2.544909477233886719e+00
1.615860000000000074e+00 2.544909477233886719e+00
1.620617999999999892e+00 2.544909477233886719e+00
1.625169000000000086e+00 2.544909477233886719e+00
1.630225999999999953e+00 2.550084114074707031e+00
1.638989999999999947e+00 2.550084114074707031e+00
1.643868000000000107e+00 2.550084114074707031e+00
1.651027999999999940e+00 2.550084114074707031e+00
1.656044000000000072e+00 2.555258750915527344e+00
1.660784000000000038e+00 2.555258750915527344e+00
1.665384999999999893e+00 2.555258750915527344e+00
1.670082999999999984e+00 2.555258750915527344e+00
1.674695000000000045e+00 2.555258750915527344e+00
1.679359999999999964e+00 2.555258750915527344e+00
1.683956000000000008e+00 2.550084114074707031e+00
1.688593000000000011e+00 2.544909477233886719e+00
1.693198999999999899e+00 2.544909477233886719e+00
1.697867999999999933e+00 2.544909477233886719e+00
1.702491999999999894e+00 2.544909477233886719e+00
1.707192999999999961e+00 2.544909477233886719e+00
1.711846999999999897e+00 2.544909477233886719e+00
1.716169000000000056e+00 2.544909477233886719e+00
1.720097999999999905e+00 2.544909477233886719e+00
1.723243999999999998e+00 2.544909477233886719e+00
1.728005000000000013e+00 2.544909477233886719e+00
1.731956000000000051e+00 2.550084114074707031e+00
1.734992000000000090e+00 2.555258750915527344e+00
1.738909999999999956e+00 2.555258750915527344e+00
1.742793000000000037e+00 2.555258750915527344e+00
1.746747999999999967e+00 2.555258750915527344e+00
1.754386999999999919e+00 2.555258750915527344e+00
1.758504999999999985e+00 2.560433387756347656e+00
1.762385000000000090e+00 2.555258750915527344e+00
1.766250000000000098e+00 2.555258750915527344e+00
1.770245000000000068e+00 2.555258750915527344e+00
1.774118000000000084e+00 2.555258750915527344e+00
1.778016000000000041e+00 2.555258750915527344e+00
1.781881999999999966e+00 2.550084114074707031e+00
1.785767000000000104e+00 2.544909477233886719e+00
1.789725000000000010e+00 2.544909477233886719e+00
1.793616000000000099e+00 2.550084114074707031e+00
1.797496999999999900e+00 2.544909477233886719e+00
1.801382000000000039e+00 2.544909477233886719e+00
1.805274000000000045e+00 2.544909477233886719e+00
1.809234999999999927e+00 2.544909477233886719e+00
1.813131000000000048e+00 2.544909477233886719e+00
1.817093000000000069e+00 2.544909477233886719e+00
1.820994999999999919e+00 2.544909477233886719e+00
1.824886000000000008e+00 2.550084114074707031e+00
1.828891000000000044e+00 2.550084114074707031e+00
1.832856000000000041e+00 2.555258750915527344e+00
1.836827999999999905e+00 2.555258750915527344e+00
1.840745000000000076e+00 2.555258750915527344e+00
1.844662000000000024e+00 2.555258750915527344e+00
1.848637000000000086e+00 2.555258750915527344e+00
1.852546999999999944e+00 2.555258750915527344e+00
1.856459999999999999e+00 2.560433387756347656e+00
1.860462000000000060e+00 2.555258750915527344e+00
1.864459000000000088e+00 2.550084114074707031e+00
1.871968999999999994e+00 2.550084114074707031e+00
1.875987999999999989e+00 2.550084114074707031e+00
1.880112000000000005e+00 2.550084114074707031e+00
1.884076000000000084e+00 2.544909477233886719e+00
1.888039999999999941e+00 2.544909477233886719e+00
1.891958000000000029e+00 2.544909477233886719e+00
1.895907999999999927e+00 2.544909477233886719e+00
1.900025000000000075e+00 2.544909477233886719e+00
1.903993000000000047e+00 2.550084114074707031e+00
1.907960000000000100e+00 2.550084114074707031e+00
1.911912000000000056e+00 2.550084114074707031e+00
1.915842999999999963e+00 2.550084114074707031e+00
1.919910999999999923e+00 2.550084114074707031e+00
1.923840999999999912e+00 2.550084114074707031e+00
1.927815000000000056e+00 2.550084114074707031e+00
1.931791000000000036e+00 2.550084114074707031e+00
1.935197000000000056e+00 2.555258750915527344e+00
1.939241999999999910e+00 2.560433387756347656e+00
1.943217999999999890e+00 2.555258750915527344e+00
1.947243000000000057e+00 2.550084114074707031e+00
1.951211999999999946e+00 2.555258750915527344e+00
1.955179000000000000e+00 2.550084114074707031e+00
1.959230999999999945e+00 2.555258750915527344e+00
1.963221000000000105e+00 2.550084114074707031e+00
1.967259000000000091e+00 2.555258750915527344e+00
1.971227999999999980e+00 2.555258750915527344e+00
1.975211000000000050e+00 2.555258750915527344e+00
1.979263999999999912e+00 2.555258750915527344e+00
1.983427000000000051e+00 2.544909477233886719e+00
1.990892000000000106e+00 2.544909477233886719e+00
1.995058999999999916e+00 2.550084114074707031e+00
1.999160000000000048e+00 2.550084114074707031e+00
2.003165999999999780e+00 2.550084114074707031e+00
2.007225000000000037e+00 2.550084114074707031e+00
2.011229000000000156e+00 2.550084114074707031e+00
2.015247000000000011e+00 2.550084114074707031e+00
2.019359000000000126e+00 2.550084114074707031e+00
2.023375999999999841e+00 2.550084114074707031e+00
2.027479000000000031e+00 2.550084114074707031e+00
2.031499999999999861e+00 2.550084114074707031e+00
2.034603000000000161e+00 2.550084114074707031e+00
2.038759000000000210e+00 2.550084114074707031e+00
2.041808000000000067e+00 2.550084114074707031e+00
2.045835999999999988e+00 2.555258750915527344e+00
2.049955999999999889e+00 2.555258750915527344e+00
2.053945999999999827e+00 2.555258750915527344e+00
2.057971000000000217e+00 2.555258750915527344e+00
2.062011000000000038e+00 2.550084114074707031e+00
2.066041999999999934e+00 2.555258750915527344e+00
2.070142000000000149e+00 2.555258750915527344e+00
2.073237999999999914e+00 2.555258750915527344e+00
2.077341000000000104e+00 2.555258750915527344e+00
2.080448000000000075e+00 2.550084114074707031e+00
2.084477999999999831e+00 2.555258750915527344e+00
2.088543000000000038e+00 2.550084114074707031e+00
2.092594000000000065e+00 2.550084114074707031e+00
2.096708000000000016e+00 2.550084114074707031e+00
2.099927000000000099e+00 2.550084114074707031e+00
2.107804999999999929e+00 2.550084114074707031e+00
2.112003000000000075e+00 2.550084114074707031e+00
2.116074999999999928e+00 2.544909477233886719e+00
2.120241000000000042e+00 2.544909477233886719e+00
2.124293999999999905e+00 2.544909477233886719e+00
2.128349000000000046e+00 2.544909477233886719e+00
2.132413000000000114e+00 2.550084114074707031e+00
2.136550999999999867e+00 2.555258750915527344e+00
2.140629999999999811e+00 2.555258750915527344e+00
2.144702999999999804e+00 2.555258750915527344e+00
2.148867000000000083e+00 2.555258750915527344e+00
2.151990000000000069e+00 2.555258750915527344e+00
2.156054000000000137e+00 2.555258750915527344e+00
2.160261999999999905e+00 2.555258750915527344e+00
2.164318000000000186e+00 2.555258750915527344e+00
2.168394000000000155e+00 2.555258750915527344e+00
2.172458999999999918e+00 2.560433387756347656e+00
2.175599000000000061e+00 2.555258750915527344e+00
2.178739000000000203e+00 2.555258750915527344e+00
2.182840999999999809e+00 2.555258750915527344e+00
2.186986999999999792e+00 2.550084114074707031e+00
2.191091000000000122e+00 2.550084114074707031e+00
2.194224000000000174e+00 2.550084114074707031e+00
2.198344000000000076e+00 2.544909477233886719e+00
2.202497000000000149e+00 2.544909477233886719e+00
2.205655000000000143e+00 2.550084114074707031e+00
2.209839000000000109e+00 2.550084114074707031e+00
2.214151999999999898e+00 2.550084114074707031e+00
2.222320999999999991e+00 2.550084114074707031e+00
2.226459000000000188e+00 2.550084114074707031e+00
2.230585000000000040e+00 2.550084114074707031e+00
2.234688999999999925e+00 2.555258750915527344e+00
2.239167999999999825e+00 2.560433387756347656e+00
2.243279999999999941e+00 2.560433387756347656e+00
2.247494000000000103e+00 2.560433387756347656e+00
2.250611000000000139e+00 2.560433387756347656e+00
2.254718000000000000e+00 2.560433387756347656e+00
2.258897999999999850e+00 2.560433387756347656e+00
2.262035000000000018e+00 2.555258750915527344e+00
2.266140000000000043e+00 2.560433387756347656e+00
2.269395999999999969e+00 2.555258750915527344e+00
2.273521999999999821e+00 2.560433387756347656e+00
2.276606000000000130e+00 2.560433387756347656e+00
2.280759000000000203e+00 2.555258750915527344e+00
2.284949999999999815e+00 2.550084114074707031e+00
2.289201999999999959e+00 2.544909477233886719e+00
2.293317000000000050e+00 2.550084114074707031e+00
2.296462000000000003e+00 2.550084114074707031e+00
2.299596000000000195e+00 2.544909477233886719e+00
2.303746999999999989e+00 2.550084114074707031e+00
2.307923000000000169e+00 2.544909477233886719e+00
2.312069999999999848e+00 2.550084114074707031e+00
2.316196999999999839e+00 2.544909477233886719e+00
2.320409000000000166e+00 2.550084114074707031e+00
2.324565000000000214e+00 2.555258750915527344e+00
2.328977000000000075e+00 2.550084114074707031e+00
2.337191999999999936e+00 2.560433387756347656e+00
2.341848000000000152e+00 2.560433387756347656e+00
2.345002000000000031e+00 2.560433387756347656e+00
2.349342000000000041e+00 2.560433387756347656e+00
2.354290999999999912e+00 2.565608024597167969e+00
2.358519999999999950e+00 2.560433387756347656e+00
2.362735999999999947e+00 2.560433387756347656e+00
2.367040999999999951e+00 2.555258750915527344e+00
2.370225000000000026e+00 2.555258750915527344e+00
2.374476000000000031e+00 2.555258750915527344e+00
2.378769999999999829e+00 2.555258750915527344e+00
2.383002999999999982e+00 2.550084114074707031e+00
2.387294999999999945e+00 2.550084114074707031e+00
2.391539999999999999e+00 2.550084114074707031e+00
2.395742999999999956e+00 2.550084114074707031e+00
2.400116999999999834e+00 2.550084114074707031e+00
2.404333999999999971e+00 2.550084114074707031e+00
2.408625999999999934e+00 2.550084114074707031e+00
2.412828999999999890e+00 2.550084114074707031e+00
2.417104999999999837e+00 2.555258750915527344e+00
2.421847999999999779e+00 2.550084114074707031e+00
2.427090999999999887e+00 2.555258750915527344e+00
2.432244999999999990e+00 2.555258750915527344e+00
2.437502999999999975e+00 2.560433387756347656e+00
2.449842999999999993e+00 2.560433387756347656e+00
2.455477999999999827e+00 2.555258750915527344e+00
2.460783000000000165e+00 2.555258750915527344e+00
2.465990000000000126e+00 2.555258750915527344e+00
2.471279000000000003e+00 2.555258750915527344e+00
2.476484999999999825e+00 2.555258750915527344e+00
2.481761000000000106e+00 2.550084114074707031e+00
2.486969999999999903e+00 2.550084114074707031e+00
2.492176999999999865e+00 2.550084114074707031e+00
2.497491999999999823e+00 2.555258750915527344e+00
2.502702000000000204e+00 2.555258750915527344e+00
2.508020000000000138e+00 2.550084114074707031e+00
2.513249000000000066e+00 2.550084114074707031e+00
2.518530000000000157e+00 2.550084114074707031e+00
2.523054999999999826e+00 2.555258750915527344e+00
2.526159999999999961e+00 2.550084114074707031e+00
2.529459000000000124e+00 2.555258750915527344e+00
2.533714999999999939e+00 2.560433387756347656e+00
2.537999000000000116e+00 2.555258750915527344e+00
2.542354000000000003e+00 2.555258750915527344e+00
2.546676000000000162e+00 2.555258750915527344e+00
2.550955999999999779e+00 2.555258750915527344e+00
2.555226000000000219e+00 2.555258750915527344e+00
2.559547999999999934e+00 2.555258750915527344e+00
2.567717000000000027e+00 2.555258750915527344e+00
2.572331000000000145e+00 2.555258750915527344e+00
2.581102000000000007e+00 2.560433387756347656e+00
2.590233000000000008e+00 2.555258750915527344e+00
2.595807999999999893e+00 2.550084114074707031e+00
2.601963000000000026e+00 2.555258750915527344e+00
2.606371000000000215e+00 2.555258750915527344e+00
2.610720999999999847e+00 2.555258750915527344e+00
2.614989000000000008e+00 2.555258750915527344e+00
2.619333000000000133e+00 2.550084114074707031e+00
2.623613000000000195e+00 2.550084114074707031e+00
2.627906999999999993e+00 2.550084114074707031e+00
2.632172999999999874e+00 2.555258750915527344e+00
2.636457000000000050e+00 2.555258750915527344e+00
2.640829999999999789e+00 2.555258750915527344e+00
2.645218999999999987e+00 2.555258750915527344e+00
2.649573999999999874e+00 2.555258750915527344e+00
2.653871999999999787e+00 2.555258750915527344e+00
2.658223000000000003e+00 2.560433387756347656e+00
2.662506000000000039e+00 2.560433387756347656e+00
2.666863000000000206e+00 2.560433387756347656e+00
2.671168999999999905e+00 2.560433387756347656e+00
2.679337999999999997e+00 2.560433387756347656e+00
2.683825000000000127e+00 2.555258750915527344e+00
2.688150999999999957e+00 2.555258750915527344e+00
2.692469000000000001e+00 2.555258750915527344e+00
2.696828000000000003e+00 2.555258750915527344e+00
2.701115000000000155e+00 2.550084114074707031e+00
2.705417000000000183e+00 2.550084114074707031e+00
2.709836000000000134e+00 2.550084114074707031e+00
2.714137000000000022e+00 2.550084114074707031e+00
2.718443999999999861e+00 2.550084114074707031e+00
2.722786000000000151e+00 2.550084114074707031e+00
2.727193999999999896e+00 2.550084114074707031e+00
2.731529999999999792e+00 2.550084114074707031e+00
2.735834999999999795e+00 2.555258750915527344e+00
2.740276000000000156e+00 2.555258750915527344e+00
2.744655999999999985e+00 2.560433387756347656e+00
2.748029999999999973e+00 2.560433387756347656e+00
2.752340999999999926e+00 2.560433387756347656e+00
2.756733999999999796e+00 2.560433387756347656e+00
2.761074999999999946e+00 2.560433387756347656e+00
2.765413999999999817e+00 2.560433387756347656e+00
2.769808999999999966e+00 2.560433387756347656e+00
2.774143000000000026e+00 2.560433387756347656e+00
2.778500999999999888e+00 2.560433387756347656e+00
2.781779999999999919e+00 2.555258750915527344e+00
2.786099000000000103e+00 2.555258750915527344e+00
2.794132999999999978e+00 2.550084114074707031e+00
2.798588000000000076e+00 2.550084114074707031e+00
2.802938000000000152e+00 2.550084114074707031e+00
2.806217999999999879e+00 2.550084114074707031e+00
2.810678999999999927e+00 2.550084114074707031e+00
2.815029000000000003e+00 2.550084114074707031e+00
2.819437000000000193e+00 2.550084114074707031e+00
2.823783999999999850e+00 2.550084114074707031e+00
2.828158000000000172e+00 2.550084114074707031e+00
2.832527999999999935e+00 2.560433387756347656e+00
2.836953999999999976e+00 2.560433387756347656e+00
2.841366999999999976e+00 2.560433387756347656e+00
2.844618999999999787e+00 2.560433387756347656e+00
2.849042999999999992e+00 2.560433387756347656e+00
2.853413999999999895e+00 2.560433387756347656e+00
2.857803999999999789e+00 2.560433387756347656e+00
2.862169000000000185e+00 2.560433387756347656e+00
2.865391999999999939e+00 2.560433387756347656e+00
2.869820999999999955e+00 2.560433387756347656e+00
2.874197000000000113e+00 2.555258750915527344e+00
2.878594000000000097e+00 2.555258750915527344e+00
2.882963999999999860e+00 2.550084114074707031e+00
2.886197000000000124e+00 2.550084114074707031e+00
2.890652000000000221e+00 2.555258750915527344e+00
2.895036000000000165e+00 2.550084114074707031e+00
2.898378000000000121e+00 2.550084114074707031e+00
2.901676000000000144e+00 2.550084114074707031e+00
2.906142000000000003e+00 2.550084114074707031e+00
2.914384999999999781e+00 2.555258750915527344e+00
2.919068000000000218e+00 2.555258750915527344e+00
2.923509000000000135e+00 2.555258750915527344e+00
2.927973999999999855e+00 2.550084114074707031e+00
2.932406999999999986e+00 2.560433387756347656e+00
2.936887000000000025e+00 2.565608024597167969e+00
2.941304999999999836e+00 2.560433387756347656e+00
2.945784000000000180e+00 2.560433387756347656e+00
2.950288000000000022e+00 2.565608024597167969e+00
2.954699999999999882e+00 2.560433387756347656e+00
2.959210999999999814e+00 2.555258750915527344e+00
2.963652999999999871e+00 2.555258750915527344e+00
2.968122999999999845e+00 2.555258750915527344e+00
2.972539999999999960e+00 2.560433387756347656e+00
2.977043999999999802e+00 2.555258750915527344e+00
2.981488999999999834e+00 2.555258750915527344e+00
2.984808999999999823e+00 2.550084114074707031e+00
2.989285000000000192e+00 2.550084114074707031e+00
2.992623000000000033e+00 2.555258750915527344e+00
2.997111999999999998e+00 2.555258750915527344e+00
3.000442000000000053e+00 2.555258750915527344e+00
3.004877000000000020e+00 2.555258750915527344e+00
3.009430000000000049e+00 2.555258750915527344e+00
3.013901999999999859e+00 2.555258750915527344e+00
3.018380000000000063e+00 2.555258750915527344e+00
3.022838999999999832e+00 2.555258750915527344e+00
3.031162999999999830e+00 2.555258750915527344e+00
3.035817000000000210e+00 2.560433387756347656e+00
3.039229000000000180e+00 2.560433387756347656e+00
3.043677000000000188e+00 2.555258750915527344e+00
3.048197000000000045e+00 2.555258750915527344e+00
3.052662000000000209e+00 2.560433387756347656e+00
3.057214000000000098e+00 2.555258750915527344e+00
3.061691000000000162e+00 2.555258750915527344e+00
3.066164000000000112e+00 2.560433387756347656e+00
3.070682000000000134e+00 2.560433387756347656e+00
3.075155999999999779e+00 2.560433387756347656e+00
3.079705999999999833e+00 2.560433387756347656e+00
3.084185999999999872e+00 2.560433387756347656e+00
3.088680999999999788e+00 2.555258750915527344e+00
3.093230999999999842e+00 2.555258750915527344e+00
3.097757000000000094e+00 2.555258750915527344e+00
3.102250000000000174e+00 2.555258750915527344e+00
3.106791999999999998e+00 2.555258750915527344e+00
3.111301999999999790e+00 2.555258750915527344e+00
3.114603999999999928e+00 2.555258750915527344e+00
3.119143000000000221e+00 2.555258750915527344e+00
3.123654999999999848e+00 2.555258750915527344e+00
3.128200999999999787e+00 2.550084114074707031e+00
3.132709000000000188e+00 2.555258750915527344e+00
3.137281000000000208e+00 2.560433387756347656e+00
3.142058000000000018e+00 2.560433387756347656e+00
3.150567999999999813e+00 2.560433387756347656e+00
3.155119000000000007e+00 2.555258750915527344e+00
3.159784999999999844e+00 2.560433387756347656e+00
3.164347999999999939e+00 2.565608024597167969e+00
3.168934000000000140e+00 2.565608024597167969e+00
3.173484000000000194e+00 2.560433387756347656e+00
3.178055000000000074e+00 2.560433387756347656e+00
3.182602999999999849e+00 2.560433387756347656e+00
3.187200999999999951e+00 2.555258750915527344e+00
3.191769999999999996e+00 2.555258750915527344e+00
3.196314999999999795e+00 2.550084114074707031e+00
3.200962999999999781e+00 2.555258750915527344e+00
3.205506000000000189e+00 2.550084114074707031e+00
3.210170000000000190e+00 2.550084114074707031e+00
3.214729000000000170e+00 2.550084114074707031e+00
3.219370000000000065e+00 2.550084114074707031e+00
3.224003999999999870e+00 2.550084114074707031e+00
3.229754999999999932e+00 2.550084114074707031e+00
3.235374999999999890e+00 2.560433387756347656e+00
3.241112999999999911e+00 2.555258750915527344e+00
3.246821000000000179e+00 2.560433387756347656e+00
3.252529000000000003e+00 2.565608024597167969e+00
3.258288999999999991e+00 2.565608024597167969e+00
3.269610000000000127e+00 2.560433387756347656e+00
3.275649000000000033e+00 2.565608024597167969e+00
3.281493000000000215e+00 2.560433387756347656e+00
3.287227000000000121e+00 2.555258750915527344e+00
3.292908999999999864e+00 2.555258750915527344e+00
3.298620000000000108e+00 2.555258750915527344e+00
3.304313000000000056e+00 2.550084114074707031e+00
3.310080000000000133e+00 2.555258750915527344e+00
3.315776000000000057e+00 2.550084114074707031e+00
3.321718999999999866e+00 2.555258750915527344e+00
3.327364999999999906e+00 2.550084114074707031e+00
3.331990999999999925e+00 2.560433387756347656e+00
3.335392999999999830e+00 2.565608024597167969e+00
3.338845000000000063e+00 2.565608024597167969e+00
3.343497000000000163e+00 2.565608024597167969e+00
3.348132999999999804e+00 2.560433387756347656e+00
3.353397999999999879e+00 2.565608024597167969e+00
3.358067999999999831e+00 2.565608024597167969e+00
3.362681999999999949e+00 2.565608024597167969e+00
3.367385000000000073e+00 2.565608024597167969e+00
3.370794000000000068e+00 2.565608024597167969e+00
3.375408999999999882e+00 2.560433387756347656e+00
3.380371999999999932e+00 2.555258750915527344e+00
3.389282000000000128e+00 2.550084114074707031e+00
3.392879000000000200e+00 2.550084114074707031e+00
3.397603999999999846e+00 2.550084114074707031e+00
3.401037999999999784e+00 2.550084114074707031e+00
3.405654999999999877e+00 2.550084114074707031e+00
3.410400000000000098e+00 2.550084114074707031e+00
3.413841999999999821e+00 2.555258750915527344e+00
3.418493999999999922e+00 2.555258750915527344e+00
3.423150999999999833e+00 2.555258750915527344e+00
3.427840000000000220e+00 2.555258750915527344e+00
3.432488000000000206e+00 2.560433387756347656e+00
3.437231999999999843e+00 2.565608024597167969e+00
3.441860999999999837e+00 2.565608024597167969e+00
3.446575000000000166e+00 2.560433387756347656e+00
3.451259999999999994e+00 2.565608024597167969e+00
3.456207000000000029e+00 2.565608024597167969e+00
3.461107000000000156e+00 2.560433387756347656e+00
3.464706000000000063e+00 2.560433387756347656e+00
3.469654999999999934e+00 2.560433387756347656e+00
3.474216999999999889e+00 2.560433387756347656e+00
3.477799000000000085e+00 2.560433387756347656e+00
3.481253999999999849e+00 2.555258750915527344e+00
3.485930000000000195e+00 2.555258750915527344e+00
3.490708999999999840e+00 2.550084114074707031e+00
3.499003999999999781e+00 2.550084114074707031e+00
3.503765000000000018e+00 2.555258750915527344e+00
3.508509000000000100e+00 2.560433387756347656e+00
3.513199999999999878e+00 2.555258750915527344e+00
3.516592999999999858e+00 2.560433387756347656e+00
3.520036000000000165e+00 2.560433387756347656e+00
3.524737000000000009e+00 2.555258750915527344e+00
3.529520000000000213e+00 2.560433387756347656e+00
3.532989000000000157e+00 2.565608024597167969e+00
3.536432000000000020e+00 2.565608024597167969e+00
3.541157999999999806e+00 2.565608024597167969e+00
3.544589999999999907e+00 2.555258750915527344e+00
3.549364999999999881e+00 2.560433387756347656e+00
3.554056000000000104e+00 2.560433387756347656e+00
3.558977000000000057e+00 2.560433387756347656e+00
3.563690999999999942e+00 2.560433387756347656e+00
3.568414999999999893e+00 2.560433387756347656e+00
3.573087999999999820e+00 2.560433387756347656e+00
3.577888000000000179e+00 2.560433387756347656e+00
3.590815999999999786e+00 2.555258750915527344e+00
3.600509999999999877e+00 2.555258750915527344e+00
3.606669999999999821e+00 2.555258750915527344e+00
3.614964000000000066e+00 2.555258750915527344e+00
3.619867999999999864e+00 2.555258750915527344e+00
3.624622000000000011e+00 2.555258750915527344e+00
3.629456999999999933e+00 2.555258750915527344e+00
3.634184999999999999e+00 2.560433387756347656e+00
3.639079000000000175e+00 2.560433387756347656e+00
3.645404999999999784e+00 2.560433387756347656e+00
3.650688999999999851e+00 2.560433387756347656e+00
3.654298999999999964e+00 2.560433387756347656e+00
3.658061000000000007e+00 2.560433387756347656e+00
3.662920000000000176e+00 2.560433387756347656e+00
3.667771999999999810e+00 2.565608024597167969e+00
3.672578999999999816e+00 2.565608024597167969e+00
3.677407000000000092e+00 2.565608024597167969e+00
3.682212999999999958e+00 2.560433387756347656e+00
3.687063000000000201e+00 2.560433387756347656e+00
3.691879000000000133e+00 2.560433387756347656e+00
3.696756999999999849e+00 2.555258750915527344e+00
3.701556000000000068e+00 2.560433387756347656e+00
3.706348999999999894e+00 2.555258750915527344e+00
3.711199999999999832e+00 2.555258750915527344e+00
3.715974999999999806e+00 2.555258750915527344e+00
3.719615000000000116e+00 2.550084114074707031e+00
3.724467000000000194e+00 2.550084114074707031e+00
3.732914000000000065e+00 2.555258750915527344e+00
3.737969999999999793e+00 2.560433387756347656e+00
3.742773000000000128e+00 2.565608024597167969e+00
3.747644000000000197e+00 2.560433387756347656e+00
3.752457999999999849e+00 2.565608024597167969e+00
3.757327999999999779e+00 2.565608024597167969e+00
3.761026999999999898e+00 2.560433387756347656e+00
3.765842000000000134e+00 2.565608024597167969e+00
3.770798000000000094e+00 2.565608024597167969e+00
3.775637000000000132e+00 2.565608024597167969e+00
3.780513000000000012e+00 2.560433387756347656e+00
3.785336000000000034e+00 2.560433387756347656e+00
3.790204999999999824e+00 2.560433387756347656e+00
3.795027999999999846e+00 2.550084114074707031e+00
3.799898000000000220e+00 2.555258750915527344e+00
3.803406999999999982e+00 2.550084114074707031e+00
3.808221000000000078e+00 2.550084114074707031e+00
3.813032000000000199e+00 2.550084114074707031e+00
3.817855000000000221e+00 2.550084114074707031e+00
3.822670000000000012e+00 2.555258750915527344e+00
3.827554999999999819e+00 2.555258750915527344e+00
3.832374000000000169e+00 2.555258750915527344e+00
3.837250000000000050e+00 2.565608024597167969e+00
3.842118999999999840e+00 2.565608024597167969e+00
3.850584000000000007e+00 2.560433387756347656e+00
3.855545999999999918e+00 2.565608024597167969e+00
3.860522000000000009e+00 2.565608024597167969e+00
3.865631000000000039e+00 2.565608024597167969e+00
3.870503999999999944e+00 2.565608024597167969e+00
3.875306000000000139e+00 2.565608024597167969e+00
3.880198000000000036e+00 2.555258750915527344e+00
3.885010999999999992e+00 2.555258750915527344e+00
3.889904000000000028e+00 2.555258750915527344e+00
3.893421000000000021e+00 2.555258750915527344e+00
3.898251999999999828e+00 2.555258750915527344e+00
3.903073000000000015e+00 2.555258750915527344e+00
3.907923999999999953e+00 2.550084114074707031e+00
3.912809000000000204e+00 2.555258750915527344e+00
3.917695000000000149e+00 2.555258750915527344e+00
3.922521999999999842e+00 2.555258750915527344e+00
3.925991999999999926e+00 2.555258750915527344e+00
3.930914000000000019e+00 2.560433387756347656e+00
3.935740000000000016e+00 2.565608024597167969e+00
3.940624999999999822e+00 2.565608024597167969e+00
3.945485999999999827e+00 2.565608024597167969e+00
3.950416000000000150e+00 2.565608024597167969e+00
3.955259999999999998e+00 2.565608024597167969e+00
3.960175000000000001e+00 2.565608024597167969e+00
3.971121999999999819e+00 2.560433387756347656e+00
3.975994000000000028e+00 2.560433387756347656e+00
3.981002000000000152e+00 2.560433387756347656e+00
3.985901999999999834e+00 2.555258750915527344e+00
3.990886999999999851e+00 2.555258750915527344e+00
3.995760000000000201e+00 2.550084114074707031e+00
4.000741999999999798e+00 2.550084114074707031e+00
4.005620999999999654e+00 2.555258750915527344e+00
4.010595000000000354e+00 2.555258750915527344e+00
4.015468000000000259e+00 2.560433387756347656e+00
4.020419999999999661e+00 2.560433387756347656e+00
4.025298000000000265e+00 2.560433387756347656e+00
4.030276999999999887e+00 2.560433387756347656e+00
4.036393000000000342e+00 2.565608024597167969e+00
4.042584999999999873e+00 2.565608024597167969e+00
4.048708999999999669e+00 2.560433387756347656e+00
4.054799000000000042e+00 2.565608024597167969e+00
4.061067999999999678e+00 2.560433387756347656e+00
4.067287999999999570e+00 2.560433387756347656e+00
4.073658000000000001e+00 2.560433387756347656e+00
4.083115000000000272e+00 2.560433387756347656e+00
4.089433999999999791e+00 2.555258750915527344e+00
4.095627000000000351e+00 2.555258750915527344e+00
4.101886999999999617e+00 2.555258750915527344e+00
4.108138000000000289e+00 2.560433387756347656e+00
4.114339000000000190e+00 2.555258750915527344e+00
4.120626999999999818e+00 2.560433387756347656e+00
4.126889000000000252e+00 2.560433387756347656e+00
4.132933000000000412e+00 2.560433387756347656e+00
4.137934999999999697e+00 2.560433387756347656e+00
4.142891999999999797e+00 2.560433387756347656e+00
4.147889000000000159e+00 2.560433387756347656e+00
4.152836999999999890e+00 2.560433387756347656e+00
4.156401999999999930e+00 2.560433387756347656e+00
4.160000000000000142e+00 2.560433387756347656e+00
4.163594999999999935e+00 2.560433387756347656e+00
4.168535000000000323e+00 2.565608024597167969e+00
4.173534000000000077e+00 2.565608024597167969e+00
4.178518000000000399e+00 2.565608024597167969e+00
4.183474999999999611e+00 2.560433387756347656e+00
4.188458999999999932e+00 2.555258750915527344e+00
4.193436000000000163e+00 2.560433387756347656e+00
4.202111000000000374e+00 2.555258750915527344e+00
4.207213000000000314e+00 2.555258750915527344e+00
4.212153999999999954e+00 2.555258750915527344e+00
4.217151999999999568e+00 2.555258750915527344e+00
4.222086000000000006e+00 2.555258750915527344e+00
4.227128999999999692e+00 2.555258750915527344e+00
4.232064000000000270e+00 2.560433387756347656e+00
4.237078000000000344e+00 2.560433387756347656e+00
4.240670999999999857e+00 2.560433387756347656e+00
4.245604000000000156e+00 2.565608024597167969e+00
4.249252000000000251e+00 2.560433387756347656e+00
4.254177999999999571e+00 2.565608024597167969e+00
4.257837000000000316e+00 2.565608024597167969e+00
4.261433000000000249e+00 2.565608024597167969e+00
4.265033999999999992e+00 2.565608024597167969e+00
4.270114000000000409e+00 2.565608024597167969e+00
4.275134000000000434e+00 2.565608024597167969e+00
4.280152000000000179e+00 2.560433387756347656e+00
4.285122000000000320e+00 2.560433387756347656e+00
4.290149999999999686e+00 2.560433387756347656e+00
4.295126999999999917e+00 2.560433387756347656e+00
4.300165999999999933e+00 2.555258750915527344e+00
4.305163000000000295e+00 2.555258750915527344e+00
4.308824000000000431e+00 2.555258750915527344e+00
4.313837999999999617e+00 2.555258750915527344e+00
4.322415999999999592e+00 2.550084114074707031e+00
4.327626000000000417e+00 2.555258750915527344e+00
4.331210999999999700e+00 2.560433387756347656e+00
4.334804000000000102e+00 2.560433387756347656e+00
4.339914000000000271e+00 2.565608024597167969e+00
4.344930999999999877e+00 2.565608024597167969e+00
4.350586999999999982e+00 2.565608024597167969e+00
4.354227999999999987e+00 2.565608024597167969e+00
4.359339000000000297e+00 2.565608024597167969e+00
4.364365000000000272e+00 2.565608024597167969e+00
4.369466000000000072e+00 2.565608024597167969e+00
4.374545999999999601e+00 2.565608024597167969e+00
4.378224999999999589e+00 2.565608024597167969e+00
4.381833000000000311e+00 2.555258750915527344e+00
4.385437999999999725e+00 2.555258750915527344e+00
4.390538000000000274e+00 2.555258750915527344e+00
4.395591999999999722e+00 2.550084114074707031e+00
4.400725000000000442e+00 2.555258750915527344e+00
4.405796999999999741e+00 2.550084114074707031e+00
4.410948000000000313e+00 2.550084114074707031e+00
4.416011000000000131e+00 2.555258750915527344e+00
4.421238999999999919e+00 2.555258750915527344e+00
4.426306000000000296e+00 2.560433387756347656e+00
4.431451000000000029e+00 2.560433387756347656e+00
4.440269999999999939e+00 2.565608024597167969e+00
4.445515999999999579e+00 2.565608024597167969e+00
4.450685000000000002e+00 2.565608024597167969e+00
4.455759999999999721e+00 2.565608024597167969e+00
4.459406000000000425e+00 2.565608024597167969e+00
4.463007000000000168e+00 2.565608024597167969e+00
4.466648000000000174e+00 2.560433387756347656e+00
4.471718000000000082e+00 2.560433387756347656e+00
4.476866000000000234e+00 2.560433387756347656e+00
4.481944000000000372e+00 2.555258750915527344e+00
4.485617000000000409e+00 2.555258750915527344e+00
4.490774000000000044e+00 2.555258750915527344e+00
4.495864000000000082e+00 2.550084114074707031e+00
4.501120000000000232e+00 2.555258750915527344e+00
4.506206999999999852e+00 2.555258750915527344e+00
4.511389000000000316e+00 2.555258750915527344e+00
4.516484000000000165e+00 2.560433387756347656e+00
4.521626999999999619e+00 2.560433387756347656e+00
4.526771000000000100e+00 2.555258750915527344e+00
4.531875999999999571e+00 2.560433387756347656e+00
4.537028000000000283e+00 2.565608024597167969e+00
4.542119999999999713e+00 2.565608024597167969e+00
4.547276000000000096e+00 2.565608024597167969e+00
4.556004999999999860e+00 2.560433387756347656e+00
4.561522000000000077e+00 2.560433387756347656e+00
4.566671000000000369e+00 2.565608024597167969e+00
4.571774999999999700e+00 2.560433387756347656e+00
4.576969000000000065e+00 2.560433387756347656e+00
4.582074000000000424e+00 2.555258750915527344e+00
4.591368000000000116e+00 2.555258750915527344e+00
4.600512000000000157e+00 2.555258750915527344e+00
4.606921999999999962e+00 2.560433387756347656e+00
4.612129000000000367e+00 2.560433387756347656e+00
4.617341999999999835e+00 2.560433387756347656e+00
4.622480000000000366e+00 2.560433387756347656e+00
4.627722999999999587e+00 2.560433387756347656e+00
4.632862000000000258e+00 2.560433387756347656e+00
4.638069999999999915e+00 2.565608024597167969e+00
4.644796999999999620e+00 2.560433387756347656e+00
4.650063000000000279e+00 2.560433387756347656e+00
4.655230000000000423e+00 2.560433387756347656e+00
4.658993999999999858e+00 2.565608024597167969e+00
4.664145000000000429e+00 2.560433387756347656e+00
4.672856000000000343e+00 2.565608024597167969e+00
4.678113999999999884e+00 2.565608024597167969e+00
4.683254999999999946e+00 2.565608024597167969e+00
4.688406999999999769e+00 2.560433387756347656e+00
4.693528999999999840e+00 2.560433387756347656e+00
4.698697000000000124e+00 2.560433387756347656e+00
4.703820000000000334e+00 2.560433387756347656e+00
4.708963999999999928e+00 2.555258750915527344e+00
4.714134999999999742e+00 2.560433387756347656e+00
4.719384999999999941e+00 2.555258750915527344e+00
4.724521000000000193e+00 2.555258750915527344e+00
4.728240000000000443e+00 2.550084114074707031e+00
4.733401999999999887e+00 2.560433387756347656e+00
4.738591999999999693e+00 2.560433387756347656e+00
4.742263999999999591e+00 2.565608024597167969e+00
4.747479000000000227e+00 2.565608024597167969e+00
4.752639000000000280e+00 2.560433387756347656e+00
4.757857999999999699e+00 2.565608024597167969e+00
4.763009000000000270e+00 2.565608024597167969e+00
4.768183999999999756e+00 2.565608024597167969e+00
4.773378000000000121e+00 2.565608024597167969e+00
4.778604999999999769e+00 2.565608024597167969e+00
4.783800000000000274e+00 2.560433387756347656e+00
4.792646999999999657e+00 2.560433387756347656e+00
4.797972999999999821e+00 2.560433387756347656e+00
4.803193000000000268e+00 2.555258750915527344e+00
4.808403000000000205e+00 2.555258750915527344e+00
4.813614000000000281e+00 2.550084114074707031e+00
4.818862000000000201e+00 2.555258750915527344e+00
4.824088999999999849e+00 2.555258750915527344e+00
4.829373000000000360e+00 2.555258750915527344e+00
4.834597999999999729e+00 2.560433387756347656e+00
4.838395000000000223e+00 2.560433387756347656e+00
4.843606000000000300e+00 2.565608024597167969e+00
4.848860000000000170e+00 2.565608024597167969e+00
4.854083000000000148e+00 2.565608024597167969e+00
4.859392999999999851e+00 2.565608024597167969e+00
4.864621999999999780e+00 2.565608024597167969e+00
4.869908999999999821e+00 2.565608024597167969e+00
4.875153000000000070e+00 2.565608024597167969e+00
4.880486000000000324e+00 2.560433387756347656e+00
4.885735000000000383e+00 2.560433387756347656e+00
4.891053000000000317e+00 2.555258750915527344e+00
4.896302999999999628e+00 2.555258750915527344e+00
4.901623999999999981e+00 2.555258750915527344e+00
4.910407000000000188e+00 2.555258750915527344e+00
4.915737000000000023e+00 2.555258750915527344e+00
4.921046999999999727e+00 2.555258750915527344e+00
4.926279000000000075e+00 2.555258750915527344e+00
4.930010000000000225e+00 2.560433387756347656e+00
4.935272000000000325e+00 2.565608024597167969e+00
4.939066999999999652e+00 2.565608024597167969e+00
4.944275000000000198e+00 2.565608024597167969e+00
4.949576000000000420e+00 2.565608024597167969e+00
4.954814999999999969e+00 2.565608024597167969e+00
4.960112999999999772e+00 2.565608024597167969e+00
4.963808000000000220e+00 2.565608024597167969e+00
4.969068000000000040e+00 2.565608024597167969e+00
4.974346999999999852e+00 2.565608024597167969e+00
4.979790999999999634e+00 2.560433387756347656e+00
4.983617999999999881e+00 2.555258750915527344e+00
4.988889000000000351e+00 2.555258750915527344e+00
4.994140999999999941e+00 2.550084114074707031e+00
4.999489999999999768e+00 2.555258750915527344e+00
5.004748000000000197e+00 2.555258750915527344e+00
5.010123000000000104e+00 2.555258750915527344e+00
5.013821000000000083e+00 2.555258750915527344e+00
5.019180999999999671e+00 2.560433387756347656e+00
5.027992000000000239e+00 2.560433387756347656e+00
5.033362000000000336e+00 2.565608024597167969e+00
5.038699000000000261e+00 2.565608024597167969e+00
5.044023000000000145e+00 2.565608024597167969e+00
5.047852999999999923e+00 2.565608024597167969e+00
5.051609000000000016e+00 2.565608024597167969e+00
5.056979000000000113e+00 2.565608024597167969e+00
5.062311000000000227e+00 2.565608024597167969e+00
5.067702999999999847e+00 2.565608024597167969e+00
5.073023000000000060e+00 2.560433387756347656e+00
5.078371999999999886e+00 2.565608024597167969e+00
5.083744000000000263e+00 2.560433387756347656e+00
5.089090999999999809e+00 2.555258750915527344e+00
5.094415999999999833e+00 2.555258750915527344e+00
5.099817999999999962e+00 2.560433387756347656e+00
5.103608000000000366e+00 2.555258750915527344e+00
5.108935999999999922e+00 2.560433387756347656e+00
5.114278999999999797e+00 2.555258750915527344e+00
5.119671000000000305e+00 2.560433387756347656e+00
5.125003999999999671e+00 2.555258750915527344e+00
5.128803999999999697e+00 2.560433387756347656e+00
5.134135999999999811e+00 2.565608024597167969e+00
5.143005999999999744e+00 2.565608024597167969e+00
5.148428000000000004e+00 2.560433387756347656e+00
5.153755999999999560e+00 2.565608024597167969e+00
5.159080999999999584e+00 2.565608024597167969e+00
5.162842000000000375e+00 2.560433387756347656e+00
5.168211999999999584e+00 2.565608024597167969e+00
5.173536999999999608e+00 2.560433387756347656e+00
5.178867000000000331e+00 2.560433387756347656e+00
5.184263999999999761e+00 2.560433387756347656e+00
5.189663000000000359e+00 2.560433387756347656e+00
5.194986000000000104e+00 2.560433387756347656e+00
5.200368000000000102e+00 2.560433387756347656e+00
5.205693000000000126e+00 2.560433387756347656e+00
5.211091999999999835e+00 2.560433387756347656e+00
5.214838999999999558e+00 2.560433387756347656e+00
5.220285999999999760e+00 2.560433387756347656e+00
5.225647000000000375e+00 2.555258750915527344e+00
5.231063999999999936e+00 2.560433387756347656e+00
5.236435000000000173e+00 2.560433387756347656e+00
5.240207999999999977e+00 2.565608024597167969e+00
5.245563999999999893e+00 2.565608024597167969e+00
5.249401999999999902e+00 2.565608024597167969e+00
5.258441000000000365e+00 2.565608024597167969e+00
5.264035999999999937e+00 2.565608024597167969e+00
5.269480999999999860e+00 2.565608024597167969e+00
5.274867000000000417e+00 2.565608024597167969e+00
5.280336000000000141e+00 2.565608024597167969e+00
5.285760999999999932e+00 2.565608024597167969e+00
5.291263999999999967e+00 2.565608024597167969e+00
5.296746999999999872e+00 2.560433387756347656e+00
5.302150000000000141e+00 2.560433387756347656e+00
5.307608000000000104e+00 2.560433387756347656e+00
5.311425999999999981e+00 2.555258750915527344e+00
5.316914999999999836e+00 2.555258750915527344e+00
5.322352000000000416e+00 2.555258750915527344e+00
5.327866000000000213e+00 2.555258750915527344e+00
5.333293000000000283e+00 2.560433387756347656e+00
5.338765999999999678e+00 2.565608024597167969e+00
5.344195000000000029e+00 2.565608024597167969e+00
5.349695999999999785e+00 2.565608024597167969e+00
5.355256999999999934e+00 2.565608024597167969e+00
5.360773000000000010e+00 2.570782661437988281e+00
5.364584999999999937e+00 2.565608024597167969e+00
5.373643000000000391e+00 2.565608024597167969e+00
5.379146999999999679e+00 2.565608024597167969e+00
5.384554999999999758e+00 2.560433387756347656e+00
5.390130000000000088e+00 2.555258750915527344e+00
5.395545000000000258e+00 2.555258750915527344e+00
5.399398999999999837e+00 2.555258750915527344e+00
5.404810999999999588e+00 2.555258750915527344e+00
5.410355000000000025e+00 2.555258750915527344e+00
5.415784999999999627e+00 2.555258750915527344e+00
5.421316000000000024e+00 2.560433387756347656e+00
5.426821000000000339e+00 2.560433387756347656e+00
5.432260999999999562e+00 2.560433387756347656e+00
5.437757999999999647e+00 2.565608024597167969e+00
5.443211999999999939e+00 2.565608024597167969e+00
5.447030999999999956e+00 2.565608024597167969e+00
5.452492999999999590e+00 2.565608024597167969e+00
5.458059000000000438e+00 2.565608024597167969e+00
5.463546000000000014e+00 2.565608024597167969e+00
5.468995999999999746e+00 2.565608024597167969e+00
5.474445000000000228e+00 2.565608024597167969e+00
5.479944999999999844e+00 2.565608024597167969e+00
5.489040000000000141e+00 2.560433387756347656e+00
5.494651000000000174e+00 2.555258750915527344e+00
5.500240999999999936e+00 2.555258750915527344e+00
5.505748999999999782e+00 2.555258750915527344e+00
5.511360999999999954e+00 2.555258750915527344e+00
5.516934000000000005e+00 2.560433387756347656e+00
5.522484000000000393e+00 2.560433387756347656e+00
5.528083999999999776e+00 2.560433387756347656e+00
5.533634000000000164e+00 2.565608024597167969e+00
5.539151000000000380e+00 2.565608024597167969e+00
5.544715000000000060e+00 2.565608024597167969e+00
5.550309000000000381e+00 2.565608024597167969e+00
5.555868000000000251e+00 2.565608024597167969e+00
5.561517000000000266e+00 2.565608024597167969e+00
5.567135000000000389e+00 2.565608024597167969e+00
5.572663000000000366e+00 2.565608024597167969e+00
5.578248000000000317e+00 2.560433387756347656e+00
5.583789000000000335e+00 2.560433387756347656e+00
5.589444000000000301e+00 2.555258750915527344e+00
5.600909999999999833e+00 2.555258750915527344e+00
5.610764999999999780e+00 2.560433387756347656e+00
5.626907000000000103e+00 2.560433387756347656e+00
5.633348999999999940e+00 2.565608024597167969e+00
5.639098999999999862e+00 2.570782661437988281e+00
5.644675999999999583e+00 2.565608024597167969e+00
5.650304000000000215e+00 2.565608024597167969e+00
5.657767999999999908e+00 2.565608024597167969e+00
5.663408999999999693e+00 2.565608024597167969e+00
5.669100000000000250e+00 2.565608024597167969e+00
5.674705999999999584e+00 2.565608024597167969e+00
5.680386999999999631e+00 2.560433387756347656e+00
5.686021000000000214e+00 2.565608024597167969e+00
5.691807999999999979e+00 2.560433387756347656e+00
5.697696999999999790e+00 2.560433387756347656e+00
5.701648999999999745e+00 2.560433387756347656e+00
5.707315000000000360e+00 2.560433387756347656e+00
5.712965999999999767e+00 2.560433387756347656e+00
5.718615999999999921e+00 2.565608024597167969e+00
5.724236999999999576e+00 2.560433387756347656e+00
5.728242999999999974e+00 2.550084114074707031e+00
5.733870999999999718e+00 2.565608024597167969e+00
5.743116999999999805e+00 2.565608024597167969e+00
5.749080000000000190e+00 2.565608024597167969e+00
5.754682999999999993e+00 2.565608024597167969e+00
5.760341000000000378e+00 2.565608024597167969e+00
5.765924000000000049e+00 2.565608024597167969e+00
5.771657000000000259e+00 2.565608024597167969e+00
5.777321999999999846e+00 2.565608024597167969e+00
5.781246000000000329e+00 2.565608024597167969e+00
5.786921000000000426e+00 2.560433387756347656e+00
5.792531000000000319e+00 2.560433387756347656e+00
5.798227999999999938e+00 2.560433387756347656e+00
5.803819999999999979e+00 2.560433387756347656e+00
5.809483000000000175e+00 2.560433387756347656e+00
5.813428000000000040e+00 2.555258750915527344e+00
5.819012999999999991e+00 2.555258750915527344e+00
5.824656000000000056e+00 2.555258750915527344e+00
5.830320999999999643e+00 2.560433387756347656e+00
5.835924000000000333e+00 2.565608024597167969e+00
5.841667000000000165e+00 2.565608024597167969e+00
5.847332999999999892e+00 2.565608024597167969e+00
5.851249000000000144e+00 2.565608024597167969e+00
5.860473999999999961e+00 2.565608024597167969e+00
5.866183999999999621e+00 2.565608024597167969e+00
5.871856000000000186e+00 2.565608024597167969e+00
5.877525999999999584e+00 2.570782661437988281e+00
5.883117000000000374e+00 2.565608024597167969e+00
5.888762999999999970e+00 2.565608024597167969e+00
5.894346999999999781e+00 2.560433387756347656e+00
5.900032000000000387e+00 2.560433387756347656e+00
5.905642000000000280e+00 2.560433387756347656e+00
5.911317999999999628e+00 2.555258750915527344e+00
5.915246999999999922e+00 2.555258750915527344e+00
5.920929000000000109e+00 2.555258750915527344e+00
5.926595999999999975e+00 2.555258750915527344e+00
5.932204999999999728e+00 2.560433387756347656e+00
5.937875000000000014e+00 2.570782661437988281e+00
5.943495000000000417e+00 2.570782661437988281e+00
5.949117000000000210e+00 2.565608024597167969e+00
5.954724999999999824e+00 2.565608024597167969e+00
5.960415000000000241e+00 2.570782661437988281e+00
5.966042999999999985e+00 2.565608024597167969e+00
5.969998000000000360e+00 2.565608024597167969e+00
5.979313999999999574e+00 2.565608024597167969e+00
5.985039999999999694e+00 2.560433387756347656e+00
5.990785999999999945e+00 2.555258750915527344e+00
5.996459999999999901e+00 2.555258750915527344e+00
6.002296000000000298e+00 2.555258750915527344e+00
6.008084000000000202e+00 2.555258750915527344e+00
6.012063000000000379e+00 2.555258750915527344e+00
6.017824000000000062e+00 2.555258750915527344e+00
6.023528999999999911e+00 2.565608024597167969e+00
6.029232000000000369e+00 2.560433387756347656e+00
6.034938999999999609e+00 2.565608024597167969e+00
6.038998000000000310e+00 2.565608024597167969e+00
6.044680999999999749e+00 2.565608024597167969e+00
6.050460000000000171e+00 2.565608024597167969e+00
6.056166000000000160e+00 2.565608024597167969e+00
6.061967000000000105e+00 2.565608024597167969e+00
6.067727999999999788e+00 2.565608024597167969e+00
6.073432999999999637e+00 2.565608024597167969e+00
6.079182999999999559e+00 2.560433387756347656e+00
6.084874000000000116e+00 2.560433387756347656e+00
6.094180999999999848e+00 2.560433387756347656e+00
6.100246000000000279e+00 2.560433387756347656e+00
6.106092000000000297e+00 2.560433387756347656e+00
6.111894000000000382e+00 2.560433387756347656e+00
6.115854999999999819e+00 2.560433387756347656e+00
6.121631999999999962e+00 2.560433387756347656e+00
6.127375999999999934e+00 2.560433387756347656e+00
6.133081999999999923e+00 2.565608024597167969e+00
6.137049000000000198e+00 2.570782661437988281e+00
6.142764999999999809e+00 2.570782661437988281e+00
6.148468000000000266e+00 2.560433387756347656e+00
6.154155000000000264e+00 2.565608024597167969e+00
6.159895999999999816e+00 2.565608024597167969e+00
6.165592000000000183e+00 2.565608024597167969e+00
6.171391999999999989e+00 2.565608024597167969e+00
6.177175000000000082e+00 2.565608024597167969e+00
6.182884999999999742e+00 2.560433387756347656e+00
6.188622999999999763e+00 2.565608024597167969e+00
6.194322999999999801e+00 2.565608024597167969e+00
6.200097999999999665e+00 2.565608024597167969e+00
6.209935999999999900e+00 2.560433387756347656e+00
6.215878000000000014e+00 2.560433387756347656e+00
6.221740999999999744e+00 2.560433387756347656e+00
6.227539000000000158e+00 2.560433387756347656e+00
6.233248999999999818e+00 2.565608024597167969e+00
6.238985999999999699e+00 2.565608024597167969e+00
6.244689000000000156e+00 2.565608024597167969e+00
6.250479999999999592e+00 2.565608024597167969e+00
6.256190000000000140e+00 2.565608024597167969e+00
6.262068000000000190e+00 2.565608024597167969e+00
6.267877999999999616e+00 2.565608024597167969e+00
6.273623999999999867e+00 2.570782661437988281e+00
6.277638999999999747e+00 2.565608024597167969e+00
6.283358999999999916e+00 2.565608024597167969e+00
6.289131000000000249e+00 2.560433387756347656e+00
6.294889999999999652e+00 2.565608024597167969e+00
6.300692999999999877e+00 2.565608024597167969e+00
6.306448999999999749e+00 2.560433387756347656e+00
6.310452999999999868e+00 2.560433387756347656e+00
6.314373999999999931e+00 2.555258750915527344e+00
6.320370999999999739e+00 2.560433387756347656e+00
6.332314000000000220e+00 2.560433387756347656e+00
6.338200999999999752e+00 2.565608024597167969e+00
6.343983999999999845e+00 2.565608024597167969e+00
6.348040000000000127e+00 2.565608024597167969e+00
6.354391999999999818e+00 2.565608024597167969e+00
6.360263999999999918e+00 2.570782661437988281e+00
6.366060000000000052e+00 2.565608024597167969e+00
6.371964000000000183e+00 2.565608024597167969e+00
6.377775999999999890e+00 2.565608024597167969e+00
6.383543999999999663e+00 2.565608024597167969e+00
6.389355000000000118e+00 2.560433387756347656e+00
6.395120000000000360e+00 2.560433387756347656e+00
6.400939000000000156e+00 2.560433387756347656e+00
6.406812000000000396e+00 2.555258750915527344e+00
6.412620999999999682e+00 2.555258750915527344e+00
6.418407000000000195e+00 2.555258750915527344e+00
6.424227000000000132e+00 2.555258750915527344e+00
6.430118000000000222e+00 2.555258750915527344e+00
6.435964000000000240e+00 2.565608024597167969e+00
6.445420000000000371e+00 2.565608024597167969e+00
6.451439999999999841e+00 2.570782661437988281e+00
6.457359000000000293e+00 2.565608024597167969e+00
6.461408999999999736e+00 2.570782661437988281e+00
6.465467000000000297e+00 2.565608024597167969e+00
6.471353999999999829e+00 2.565608024597167969e+00
6.475429000000000102e+00 2.565608024597167969e+00
6.481366999999999656e+00 2.565608024597167969e+00
6.485387000000000235e+00 2.560433387756347656e+00
6.489456999999999809e+00 2.560433387756347656e+00
6.495309999999999917e+00 2.555258750915527344e+00
6.501316000000000095e+00 2.555258750915527344e+00
6.507264000000000159e+00 2.555258750915527344e+00
6.513149000000000299e+00 2.555258750915527344e+00
6.519092999999999805e+00 2.560433387756347656e+00
6.524994999999999656e+00 2.560433387756347656e+00
6.530955999999999761e+00 2.565608024597167969e+00
6.536844999999999573e+00 2.565608024597167969e+00
6.542733000000000132e+00 2.565608024597167969e+00
6.548626999999999754e+00 2.565608024597167969e+00
6.554534000000000304e+00 2.565608024597167969e+00
6.564199000000000339e+00 2.565608024597167969e+00
6.570363000000000397e+00 2.565608024597167969e+00
6.574384000000000228e+00 2.565608024597167969e+00
6.578452000000000410e+00 2.565608024597167969e+00
6.584284000000000248e+00 2.560433387756347656e+00
6.588409999999999656e+00 2.560433387756347656e+00
6.594236999999999682e+00 2.555258750915527344e+00
6.600213000000000108e+00 2.555258750915527344e+00
6.610464999999999591e+00 2.555258750915527344e+00
6.622284999999999755e+00 2.560433387756347656e+00
6.628993000000000357e+00 2.560433387756347656e+00
6.637105000000000032e+00 2.570782661437988281e+00
6.643044999999999867e+00 2.570782661437988281e+00
6.648963000000000179e+00 2.565608024597167969e+00
6.654825999999999908e+00 2.565608024597167969e+00
6.660813000000000095e+00 2.565608024597167969e+00
6.666801999999999673e+00 2.565608024597167969e+00
6.672750999999999877e+00 2.565608024597167969e+00
6.682196000000000247e+00 2.560433387756347656e+00
6.688513000000000375e+00 2.555258750915527344e+00
6.692587999999999759e+00 2.560433387756347656e+00
6.698559999999999626e+00 2.560433387756347656e+00
6.704531000000000240e+00 2.565608024597167969e+00
6.710538999999999810e+00 2.560433387756347656e+00
6.716584000000000110e+00 2.560433387756347656e+00
6.722661000000000442e+00 2.560433387756347656e+00
6.728653000000000439e+00 2.560433387756347656e+00
6.734574000000000282e+00 2.565608024597167969e+00
6.740601999999999983e+00 2.565608024597167969e+00
6.746633000000000102e+00 2.565608024597167969e+00
6.752644000000000091e+00 2.565608024597167969e+00
6.758601999999999776e+00 2.565608024597167969e+00
6.764574999999999783e+00 2.560433387756347656e+00
6.770579999999999821e+00 2.565608024597167969e+00
6.776544999999999597e+00 2.565608024597167969e+00
6.782500999999999891e+00 2.565608024597167969e+00
6.788480999999999987e+00 2.560433387756347656e+00
6.794505000000000017e+00 2.565608024597167969e+00
6.804020000000000401e+00 2.674274444580078125e+00
6.810060000000000002e+00 4.045541763305664062e+00
6.815979999999999706e+00 4.785508155822753906e+00
6.822106999999999921e+00 4.785508155822753906e+00
6.828089000000000297e+00 4.785508155822753906e+00
6.834023000000000181e+00 4.790682792663574219e+00
6.840004000000000417e+00 4.790682792663574219e+00
6.845953999999999873e+00 4.785508155822753906e+00
6.852033999999999736e+00 4.790682792663574219e+00
6.858056000000000374e+00 4.790682792663574219e+00
6.863979999999999748e+00 4.790682792663574219e+00
6.869978999999999836e+00 4.790682792663574219e+00
6.875913999999999859e+00 4.790682792663574219e+00
6.881967000000000390e+00 4.785508155822753906e+00
6.887998999999999761e+00 4.785508155822753906e+00
6.892017000000000060e+00 4.785508155822753906e+00
6.898068000000000310e+00 4.785508155822753906e+00
6.904012999999999955e+00 4.785508155822753906e+00
6.910006000000000093e+00 4.785508155822753906e+00
6.915964999999999918e+00 4.785508155822753906e+00
6.925760000000000360e+00 4.785508155822753906e+00
6.932158000000000264e+00 4.790682792663574219e+00
6.936231000000000257e+00 4.790682792663574219e+00
6.942275000000000418e+00 4.790682792663574219e+00
6.948323000000000249e+00 4.790682792663574219e+00
6.952390000000000292e+00 4.785508155822753906e+00
6.958478999999999637e+00 4.790682792663574219e+00
6.964455000000000062e+00 4.785508155822753906e+00
6.970494999999999663e+00 4.790682792663574219e+00
6.976455999999999769e+00 4.790682792663574219e+00
6.982492999999999839e+00 4.785508155822753906e+00
6.988476000000000354e+00 4.780333518981933594e+00
6.994512000000000285e+00 4.785508155822753906e+00
7.000556999999999697e+00 4.785508155822753906e+00
7.004601000000000077e+00 4.785508155822753906e+00
7.010659000000000418e+00 4.785508155822753906e+00
7.016719000000000150e+00 4.785508155822753906e+00
7.022764999999999702e+00 4.785508155822753906e+00
7.028832000000000413e+00 4.790682792663574219e+00
7.035061999999999927e+00 4.795857429504394531e+00
7.044645000000000046e+00 4.790682792663574219e+00
7.050817000000000334e+00 4.790682792663574219e+00
7.056926999999999950e+00 4.790682792663574219e+00
7.061073999999999629e+00 4.790682792663574219e+00
7.067150999999999961e+00 4.790682792663574219e+00
7.073209000000000302e+00 4.790682792663574219e+00
7.079265999999999615e+00 4.790682792663574219e+00
7.085291999999999923e+00 4.785508155822753906e+00
7.089377999999999957e+00 4.785508155822753906e+00
7.095436000000000298e+00 4.785508155822753906e+00
7.099649999999999572e+00 4.785508155822753906e+00
7.105693999999999733e+00 4.785508155822753906e+00
7.111831999999999709e+00 4.790682792663574219e+00
7.117948000000000164e+00 4.790682792663574219e+00
7.124017000000000266e+00 4.795857429504394531e+00
7.128236000000000239e+00 4.769984245300292969e+00
