1.258000000000000004e-03 2.565608024597167969e+00
4.701999999999999583e-03 2.565608024597167969e+00
8.182999999999999302e-03 2.565608024597167969e+00
1.146400000000000023e-02 2.565608024597167969e+00
1.475899999999999955e-02 2.565608024597167969e+00
1.822700000000000015e-02 2.570782661437988281e+00
2.151199999999999987e-02 2.575957298278808594e+00
2.497699999999999920e-02 2.575957298278808594e+00
2.829500000000000071e-02 2.575957298278808594e+00
3.159700000000000009e-02 2.575957298278808594e+00
3.488900000000000334e-02 2.575957298278808594e+00
3.833700000000000302e-02 2.575957298278808594e+00
4.179399999999999782e-02 2.575957298278808594e+00
4.514399999999999663e-02 2.575957298278808594e+00
4.853799999999999781e-02 2.575957298278808594e+00
5.199199999999999655e-02 2.575957298278808594e+00
5.529799999999999993e-02 2.570782661437988281e+00
5.858300000000000313e-02 2.570782661437988281e+00
6.188400000000000151e-02 2.570782661437988281e+00
6.929499999999999549e-02 2.570782661437988281e+00
7.276299999999999435e-02 2.565608024597167969e+00
7.621300000000000296e-02 2.565608024597167969e+00
7.950699999999999434e-02 2.565608024597167969e+00
8.287100000000000022e-02 2.565608024597167969e+00
8.641300000000000370e-02 2.565608024597167969e+00
8.970699999999999508e-02 2.565608024597167969e+00
9.316000000000000669e-02 2.565608024597167969e+00
9.679300000000000403e-02 2.565608024597167969e+00
1.002370000000000066e-01 2.570782661437988281e+00
1.038379999999999997e-01 2.570782661437988281e+00
1.074459999999999998e-01 2.565608024597167969e+00
1.110600000000000059e-01 2.570782661437988281e+00
1.146579999999999960e-01 2.570782661437988281e+00
1.182730000000000031e-01 2.570782661437988281e+00
1.219090000000000035e-01 2.575957298278808594e+00
1.253650000000000042e-01 2.575957298278808594e+00
1.288050000000000028e-01 2.575957298278808594e+00
1.322500000000000064e-01 2.575957298278808594e+00
1.358650000000000135e-01 2.575957298278808594e+00
1.394660000000000066e-01 2.570782661437988281e+00
1.430700000000000027e-01 2.570782661437988281e+00
1.466760000000000008e-01 2.570782661437988281e+00
1.502860000000000029e-01 2.570782661437988281e+00
1.538920000000000010e-01 2.570782661437988281e+00
1.575110000000000121e-01 2.570782661437988281e+00
1.609410000000000007e-01 2.575957298278808594e+00
1.643890000000000073e-01 2.575957298278808594e+00
1.679930000000000034e-01 2.570782661437988281e+00
1.714440000000000131e-01 2.565608024597167969e+00
1.750559999999999894e-01 2.565608024597167969e+00
1.824220000000000008e-01 2.565608024597167969e+00
1.860970000000000124e-01 2.570782661437988281e+00
1.897099999999999898e-01 2.565608024597167969e+00
1.934790000000000121e-01 2.570782661437988281e+00
1.973260000000000014e-01 2.570782661437988281e+00
2.015280000000000127e-01 2.565608024597167969e+00
2.050079999999999958e-01 2.570782661437988281e+00
2.083000000000000129e-01 2.565608024597167969e+00
2.117420000000000135e-01 2.565608024597167969e+00
2.152179999999999926e-01 2.570782661437988281e+00
2.185310000000000030e-01 2.570782661437988281e+00
2.216779999999999862e-01 2.570782661437988281e+00
2.249710000000000043e-01 2.570782661437988281e+00
2.282720000000000027e-01 2.570782661437988281e+00
2.315629999999999911e-01 2.570782661437988281e+00
2.348500000000000032e-01 2.570782661437988281e+00
2.383079999999999921e-01 2.570782661437988281e+00
2.424360000000000126e-01 2.570782661437988281e+00
2.459850000000000092e-01 2.570782661437988281e+00
2.492709999999999926e-01 2.570782661437988281e+00
2.525649999999999840e-01 2.570782661437988281e+00
2.560160000000000213e-01 2.575957298278808594e+00
2.593139999999999890e-01 2.570782661437988281e+00
2.627689999999999748e-01 2.575957298278808594e+00
2.662169999999999814e-01 2.575957298278808594e+00
2.695100000000000273e-01 2.570782661437988281e+00
2.726629999999999887e-01 2.570782661437988281e+00
2.759499999999999731e-01 2.570782661437988281e+00
2.794099999999999917e-01 2.565608024597167969e+00
2.827040000000000108e-01 2.565608024597167969e+00
2.869200000000000084e-01 2.565608024597167969e+00
2.903649999999999842e-01 2.565608024597167969e+00
2.963359999999999883e-01 2.570782661437988281e+00
2.997070000000000012e-01 2.565608024597167969e+00
3.028710000000000013e-01 2.565608024597167969e+00
3.061699999999999977e-01 2.565608024597167969e+00
3.094569999999999821e-01 2.570782661437988281e+00
3.127530000000000032e-01 2.565608024597167969e+00
3.160839999999999761e-01 2.565608024597167969e+00
3.193829999999999725e-01 2.565608024597167969e+00
3.226879999999999749e-01 2.570782661437988281e+00
3.259819999999999940e-01 2.570782661437988281e+00
3.292680000000000051e-01 2.570782661437988281e+00
3.325640000000000263e-01 2.575957298278808594e+00
3.360239999999999894e-01 2.570782661437988281e+00
3.393079999999999985e-01 2.570782661437988281e+00
3.426100000000000256e-01 2.570782661437988281e+00
3.459090000000000220e-01 2.575957298278808594e+00
3.492040000000000144e-01 2.575957298278808594e+00
3.524990000000000068e-01 2.575957298278808594e+00
3.558120000000000172e-01 2.575957298278808594e+00
3.590949999999999975e-01 2.575957298278808594e+00
3.625430000000000041e-01 2.575957298278808594e+00
3.659930000000000128e-01 2.570782661437988281e+00
3.692920000000000091e-01 2.570782661437988281e+00
3.725959999999999828e-01 2.565608024597167969e+00
3.760439999999999894e-01 2.570782661437988281e+00
3.793380000000000085e-01 2.570782661437988281e+00
3.827920000000000211e-01 2.565608024597167969e+00
3.862530000000000130e-01 2.565608024597167969e+00
3.904509999999999925e-01 2.565608024597167969e+00
3.937570000000000237e-01 2.565608024597167969e+00
3.972160000000000135e-01 2.565608024597167969e+00
4.005090000000000039e-01 2.565608024597167969e+00
4.038100000000000023e-01 2.565608024597167969e+00
4.103689999999999838e-01 2.565608024597167969e+00
4.138149999999999884e-01 2.565608024597167969e+00
4.171139999999999848e-01 2.565608024597167969e+00
4.205590000000000162e-01 2.570782661437988281e+00
4.238540000000000085e-01 2.570782661437988281e+00
4.271530000000000049e-01 2.570782661437988281e+00
4.306070000000000175e-01 2.575957298278808594e+00
4.339009999999999811e-01 2.575957298278808594e+00
4.372099999999999875e-01 2.575957298278808594e+00
4.405069999999999819e-01 2.575957298278808594e+00
4.437929999999999930e-01 2.575957298278808594e+00
4.470970000000000222e-01 2.575957298278808594e+00
4.503940000000000166e-01 2.575957298278808594e+00
4.536890000000000089e-01 2.575957298278808594e+00
4.569920000000000093e-01 2.575957298278808594e+00
4.602809999999999957e-01 2.575957298278808594e+00
4.635779999999999901e-01 2.575957298278808594e+00
4.668740000000000112e-01 2.575957298278808594e+00
4.701759999999999828e-01 2.570782661437988281e+00
4.734639999999999960e-01 2.565608024597167969e+00
4.767620000000000191e-01 2.565608024597167969e+00
4.802219999999999822e-01 2.565608024597167969e+00
4.835110000000000241e-01 2.565608024597167969e+00
4.868149999999999977e-01 2.565608024597167969e+00
4.902090000000000058e-01 2.565608024597167969e+00
4.935910000000000020e-01 2.565608024597167969e+00
4.970129999999999826e-01 2.565608024597167969e+00
5.003109999999999502e-01 2.565608024597167969e+00
5.036100000000000021e-01 2.565608024597167969e+00
5.069500000000000117e-01 2.565608024597167969e+00
5.104210000000000136e-01 2.565608024597167969e+00
5.139089999999999492e-01 2.570782661437988281e+00
5.195959999999999468e-01 2.570782661437988281e+00
5.228880000000000194e-01 2.570782661437988281e+00
5.261919999999999931e-01 2.575957298278808594e+00
5.294769999999999754e-01 2.575957298278808594e+00
5.327779999999999738e-01 2.575957298278808594e+00
5.362400000000000500e-01 2.575957298278808594e+00
5.455050000000000177e-01 2.575957298278808594e+00
5.509870000000000045e-01 2.575957298278808594e+00
5.572949999999999848e-01 2.570782661437988281e+00
5.607469999999999954e-01 2.570782661437988281e+00
5.642200000000000548e-01 2.575957298278808594e+00
5.678349999999999786e-01 2.570782661437988281e+00
5.711230000000000473e-01 2.565608024597167969e+00
5.745700000000000252e-01 2.565608024597167969e+00
5.778699999999999948e-01 2.565608024597167969e+00
5.811619999999999564e-01 2.565608024597167969e+00
5.844559999999999755e-01 2.565608024597167969e+00
5.879149999999999654e-01 2.565608024597167969e+00
5.916540000000000132e-01 2.565608024597167969e+00
5.949609999999999621e-01 2.565608024597167969e+00
5.984220000000000095e-01 2.570782661437988281e+00
6.017500000000000071e-01 2.570782661437988281e+00
6.052610000000000490e-01 2.570782661437988281e+00
6.085070000000000201e-01 2.565608024597167969e+00
6.117989999999999817e-01 2.570782661437988281e+00
6.151699999999999946e-01 2.570782661437988281e+00
6.185439999999999827e-01 2.570782661437988281e+00
6.219930000000000181e-01 2.570782661437988281e+00
6.284300000000000441e-01 2.575957298278808594e+00
6.316619999999999457e-01 2.575957298278808594e+00
6.349519999999999609e-01 2.575957298278808594e+00
6.384069999999999467e-01 2.575957298278808594e+00
6.416950000000000154e-01 2.570782661437988281e+00
6.449960000000000138e-01 2.570782661437988281e+00
6.482879999999999754e-01 2.575957298278808594e+00
6.515859999999999985e-01 2.575957298278808594e+00
6.548800000000000177e-01 2.570782661437988281e+00
6.583419999999999828e-01 2.570782661437988281e+00
6.617849999999999566e-01 2.570782661437988281e+00
6.651319999999999455e-01 2.570782661437988281e+00
6.704470000000000152e-01 2.565608024597167969e+00
6.769119999999999582e-01 2.565608024597167969e+00
6.803390000000000271e-01 2.565608024597167969e+00
6.854149999999999965e-01 2.570782661437988281e+00
6.936010000000000231e-01 2.565608024597167969e+00
7.024289999999999701e-01 2.565608024597167969e+00
7.106719999999999704e-01 2.570782661437988281e+00
7.139659999999999895e-01 2.570782661437988281e+00
7.174239999999999506e-01 2.570782661437988281e+00
7.207219999999999738e-01 2.575957298278808594e+00
7.241729999999999556e-01 2.570782661437988281e+00
7.275120000000000475e-01 2.570782661437988281e+00
7.308059999999999556e-01 2.570782661437988281e+00
7.341069999999999540e-01 2.570782661437988281e+00
7.406220000000000026e-01 2.570782661437988281e+00
7.439149999999999929e-01 2.575957298278808594e+00
7.473649999999999460e-01 2.570782661437988281e+00
7.508129999999999526e-01 2.570782661437988281e+00
7.541060000000000541e-01 2.570782661437988281e+00
7.574189999999999534e-01 2.570782661437988281e+00
7.607169999999999765e-01 2.575957298278808594e+00
7.641580000000000039e-01 2.575957298278808594e+00
7.676159999999999650e-01 2.570782661437988281e+00
7.709040000000000337e-01 2.570782661437988281e+00
7.742099999999999538e-01 2.565608024597167969e+00
7.778239999999999599e-01 2.570782661437988281e+00
7.811139999999999750e-01 2.570782661437988281e+00
7.844149999999999734e-01 2.570782661437988281e+00
7.880260000000000042e-01 2.565608024597167969e+00
7.913550000000000306e-01 2.570782661437988281e+00
7.948039999999999550e-01 2.570782661437988281e+00
7.982409999999999783e-01 2.565608024597167969e+00
8.015529999999999600e-01 2.565608024597167969e+00
8.050030000000000241e-01 2.565608024597167969e+00
8.083069999999999977e-01 2.565608024597167969e+00
8.116010000000000169e-01 2.570782661437988281e+00
8.148959999999999537e-01 2.565608024597167969e+00
8.183529999999999971e-01 2.570782661437988281e+00
8.218020000000000325e-01 2.570782661437988281e+00
8.251500000000000501e-01 2.570782661437988281e+00
8.285519999999999552e-01 2.570782661437988281e+00
8.319990000000000441e-01 2.575957298278808594e+00
8.353009999999999602e-01 2.570782661437988281e+00
8.384359999999999591e-01 2.570782661437988281e+00
8.417320000000000357e-01 2.570782661437988281e+00
8.451880000000000503e-01 2.570782661437988281e+00
8.515329999999999844e-01 2.575957298278808594e+00
8.549889999999999990e-01 2.575957298278808594e+00
8.582870000000000221e-01 2.575957298278808594e+00
8.615810000000000413e-01 2.575957298278808594e+00
8.648759999999999781e-01 2.575957298278808594e+00
8.683239999999999847e-01 2.570782661437988281e+00
8.717759999999999954e-01 2.570782661437988281e+00
8.751320000000000210e-01 2.570782661437988281e+00
8.785290000000000044e-01 2.570782661437988281e+00
8.819749999999999535e-01 2.570782661437988281e+00
8.854640000000000288e-01 2.570782661437988281e+00
8.887620000000000520e-01 2.570782661437988281e+00
8.922120000000000051e-01 2.565608024597167969e+00
8.955220000000000402e-01 2.570782661437988281e+00
8.986300000000000399e-01 2.565608024597167969e+00
9.019460000000000255e-01 2.565608024597167969e+00
9.054039999999999866e-01 2.565608024597167969e+00
9.086929999999999730e-01 2.565608024597167969e+00
9.119950000000000001e-01 2.565608024597167969e+00
9.152959999999999985e-01 2.565608024597167969e+00
9.185860000000000136e-01 2.570782661437988281e+00
9.218849999999999545e-01 2.570782661437988281e+00
9.251850000000000351e-01 2.570782661437988281e+00
9.284729999999999928e-01 2.575957298278808594e+00
9.317689999999999584e-01 2.570782661437988281e+00
9.350619999999999488e-01 2.575957298278808594e+00
9.383590000000000542e-01 2.570782661437988281e+00
9.418149999999999578e-01 2.575957298278808594e+00
9.451610000000000289e-01 2.575957298278808594e+00
9.485660000000000203e-01 2.575957298278808594e+00
9.520159999999999734e-01 2.575957298278808594e+00
9.553199999999999470e-01 2.575957298278808594e+00
9.617989999999999595e-01 2.575957298278808594e+00
9.651680000000000259e-01 2.575957298278808594e+00
9.685850000000000293e-01 2.570782661437988281e+00
9.718750000000000444e-01 2.570782661437988281e+00
9.752359999999999918e-01 2.565608024597167969e+00
9.784749999999999837e-01 2.565608024597167969e+00
9.818080000000000140e-01 2.565608024597167969e+00
9.851689999999999614e-01 2.565608024597167969e+00
9.885659999999999448e-01 2.565608024597167969e+00
9.920090000000000297e-01 2.565608024597167969e+00
9.953109999999999458e-01 2.565608024597167969e+00
9.984279999999999822e-01 2.565608024597167969e+00
1.002086000000000032e+00 2.565608024597167969e+00
1.006302000000000030e+00 2.565608024597167969e+00
1.010362999999999900e+00 2.565608024597167969e+00
1.014410999999999952e+00 2.565608024597167969e+00
1.018561000000000050e+00 2.565608024597167969e+00
1.022617000000000109e+00 2.570782661437988281e+00
1.026710000000000012e+00 2.575957298278808594e+00
1.030777999999999972e+00 2.575957298278808594e+00
1.034899000000000013e+00 2.575957298278808594e+00
1.039166000000000034e+00 2.575957298278808594e+00
1.043214000000000086e+00 2.575957298278808594e+00
1.047420999999999935e+00 2.575957298278808594e+00
1.051490000000000036e+00 2.575957298278808594e+00
1.055630000000000068e+00 2.575957298278808594e+00
1.059695999999999971e+00 2.570782661437988281e+00
1.063755999999999924e+00 2.575957298278808594e+00
1.067935999999999996e+00 2.565608024597167969e+00
1.072143000000000068e+00 2.565608024597167969e+00
1.079177999999999971e+00 2.565608024597167969e+00
1.083482999999999974e+00 2.565608024597167969e+00
1.087717000000000045e+00 2.565608024597167969e+00
1.091833999999999971e+00 2.565608024597167969e+00
1.096051000000000109e+00 2.565608024597167969e+00
1.099933999999999967e+00 2.565608024597167969e+00
1.103512999999999966e+00 2.565608024597167969e+00
1.107207999999999970e+00 2.565608024597167969e+00
1.110811999999999911e+00 2.570782661437988281e+00
1.114422000000000024e+00 2.570782661437988281e+00
1.117982000000000031e+00 2.570782661437988281e+00
1.121556999999999915e+00 2.570782661437988281e+00
1.125188999999999995e+00 2.575957298278808594e+00
1.128770000000000051e+00 2.575957298278808594e+00
1.132343000000000099e+00 2.575957298278808594e+00
1.135931000000000024e+00 2.575957298278808594e+00
1.139502000000000015e+00 2.575957298278808594e+00
1.143078000000000038e+00 2.575957298278808594e+00
1.146676999999999946e+00 2.575957298278808594e+00
1.150260000000000060e+00 2.570782661437988281e+00
1.153845999999999927e+00 2.575957298278808594e+00
1.157485000000000097e+00 2.570782661437988281e+00
1.161076999999999915e+00 2.575957298278808594e+00
1.164676999999999962e+00 2.570782661437988281e+00
1.168304999999999927e+00 2.570782661437988281e+00
1.171898000000000106e+00 2.565608024597167969e+00
1.175586999999999938e+00 2.570782661437988281e+00
1.179195999999999911e+00 2.565608024597167969e+00
1.182797000000000098e+00 2.565608024597167969e+00
1.186409999999999965e+00 2.570782661437988281e+00
1.190180000000000016e+00 2.570782661437988281e+00
1.195704000000000100e+00 2.570782661437988281e+00
1.199554000000000009e+00 2.570782661437988281e+00
1.203302000000000094e+00 2.565608024597167969e+00
1.207032000000000105e+00 2.565608024597167969e+00
1.210652999999999979e+00 2.570782661437988281e+00
1.214290000000000092e+00 2.570782661437988281e+00
1.217913000000000023e+00 2.570782661437988281e+00
1.221525999999999890e+00 2.575957298278808594e+00
1.225224000000000091e+00 2.575957298278808594e+00
1.228860999999999981e+00 2.570782661437988281e+00
1.232512999999999970e+00 2.570782661437988281e+00
1.236164999999999958e+00 2.570782661437988281e+00
1.239795999999999898e+00 2.575957298278808594e+00
1.243424000000000085e+00 2.575957298278808594e+00
1.247177999999999898e+00 2.575957298278808594e+00
1.250820000000000043e+00 2.570782661437988281e+00
1.254464999999999941e+00 2.570782661437988281e+00
1.258108999999999922e+00 2.575957298278808594e+00
1.261776999999999926e+00 2.575957298278808594e+00
1.265482999999999913e+00 2.570782661437988281e+00
1.269131999999999927e+00 2.570782661437988281e+00
1.272769000000000039e+00 2.570782661437988281e+00
1.276432999999999929e+00 2.565608024597167969e+00
1.280094000000000065e+00 2.565608024597167969e+00
1.283749999999999947e+00 2.570782661437988281e+00
1.287482000000000015e+00 2.570782661437988281e+00
1.291245999999999894e+00 2.570782661437988281e+00
1.294907000000000030e+00 2.570782661437988281e+00
1.298594000000000026e+00 2.570782661437988281e+00
1.302321999999999980e+00 2.570782661437988281e+00
1.308059000000000083e+00 2.565608024597167969e+00
1.311992000000000047e+00 2.565608024597167969e+00
1.315755999999999926e+00 2.565608024597167969e+00
1.319452000000000069e+00 2.570782661437988281e+00
1.323145000000000016e+00 2.570782661437988281e+00
1.326850000000000085e+00 2.575957298278808594e+00
1.330638999999999905e+00 2.575957298278808594e+00
1.334327000000000041e+00 2.570782661437988281e+00
1.338017000000000012e+00 2.575957298278808594e+00
1.340916999999999915e+00 2.570782661437988281e+00
1.344532000000000060e+00 2.575957298278808594e+00
1.348654999999999937e+00 2.575957298278808594e+00
1.352375000000000105e+00 2.570782661437988281e+00
1.356092000000000075e+00 2.575957298278808594e+00
1.359787999999999997e+00 2.575957298278808594e+00
1.363491999999999926e+00 2.575957298278808594e+00
1.367316999999999894e+00 2.570782661437988281e+00
1.371029999999999971e+00 2.570782661437988281e+00
1.374740000000000073e+00 2.565608024597167969e+00
1.378470000000000084e+00 2.570782661437988281e+00
1.382184999999999997e+00 2.570782661437988281e+00
1.385977000000000015e+00 2.570782661437988281e+00
1.389712999999999976e+00 2.565608024597167969e+00
1.393434999999999979e+00 2.570782661437988281e+00
1.397240000000000038e+00 2.565608024597167969e+00
1.400970999999999966e+00 2.565608024597167969e+00
1.404814000000000007e+00 2.570782661437988281e+00
1.408541999999999961e+00 2.565608024597167969e+00
1.412563999999999931e+00 2.565608024597167969e+00
1.416479000000000044e+00 2.565608024597167969e+00
1.422522999999999982e+00 2.570782661437988281e+00
1.426527000000000100e+00 2.570782661437988281e+00
1.430279000000000078e+00 2.575957298278808594e+00
1.434303000000000106e+00 2.570782661437988281e+00
1.438042000000000042e+00 2.575957298278808594e+00
1.441807999999999979e+00 2.575957298278808594e+00
1.445638999999999896e+00 2.581131935119628906e+00
1.449413000000000062e+00 2.575957298278808594e+00
1.452345999999999915e+00 2.575957298278808594e+00
1.456032999999999911e+00 2.575957298278808594e+00
1.459792999999999896e+00 2.575957298278808594e+00
1.462731999999999921e+00 2.575957298278808594e+00
1.466453999999999924e+00 2.575957298278808594e+00
1.470224999999999893e+00 2.570782661437988281e+00
1.473994000000000026e+00 2.565608024597167969e+00
1.477846999999999911e+00 2.570782661437988281e+00
1.481613999999999987e+00 2.570782661437988281e+00
1.485449999999999937e+00 2.565608024597167969e+00
1.489251000000000102e+00 2.565608024597167969e+00
1.493042999999999898e+00 2.565608024597167969e+00
1.496836000000000055e+00 2.570782661437988281e+00
1.500613999999999892e+00 2.565608024597167969e+00
1.503595000000000015e+00 2.565608024597167969e+00
1.507427000000000072e+00 2.565608024597167969e+00
1.511212000000000000e+00 2.570782661437988281e+00
1.514993999999999952e+00 2.570782661437988281e+00
1.518788000000000027e+00 2.570782661437988281e+00
1.522590000000000110e+00 2.570782661437988281e+00
1.526405999999999930e+00 2.575957298278808594e+00
1.530183999999999989e+00 2.575957298278808594e+00
1.538726000000000038e+00 2.575957298278808594e+00
1.544527999999999901e+00 2.570782661437988281e+00
1.550508999999999915e+00 2.575957298278808594e+00
1.557558999999999916e+00 2.575957298278808594e+00
1.563695999999999975e+00 2.575957298278808594e+00
1.567634999999999890e+00 2.570782661437988281e+00
1.571474000000000038e+00 2.565608024597167969e+00
1.575474999999999959e+00 2.565608024597167969e+00
1.579323000000000032e+00 2.565608024597167969e+00
1.583150999999999975e+00 2.565608024597167969e+00
1.587115000000000054e+00 2.565608024597167969e+00
1.590940000000000021e+00 2.565608024597167969e+00
1.594783000000000062e+00 2.565608024597167969e+00
1.598638999999999921e+00 2.565608024597167969e+00
1.602481999999999962e+00 2.565608024597167969e+00
1.606375000000000108e+00 2.565608024597167969e+00
1.610187999999999953e+00 2.565608024597167969e+00
1.613159999999999927e+00 2.570782661437988281e+00
1.616930999999999896e+00 2.570782661437988281e+00
1.620781000000000027e+00 2.575957298278808594e+00
1.624597999999999987e+00 2.570782661437988281e+00
1.628501999999999894e+00 2.575957298278808594e+00
1.632373999999999992e+00 2.575957298278808594e+00
1.635404000000000080e+00 2.575957298278808594e+00
1.639194000000000040e+00 2.575957298278808594e+00
1.643065999999999915e+00 2.575957298278808594e+00
1.647178999999999949e+00 2.575957298278808594e+00
1.653013000000000066e+00 2.575957298278808594e+00
1.657224000000000030e+00 2.570782661437988281e+00
1.661092000000000013e+00 2.575957298278808594e+00
1.664967000000000086e+00 2.570782661437988281e+00
1.668835000000000068e+00 2.570782661437988281e+00
1.672863999999999907e+00 2.565608024597167969e+00
1.679054999999999964e+00 2.565608024597167969e+00
1.685057000000000027e+00 2.565608024597167969e+00
1.688949999999999951e+00 2.565608024597167969e+00
1.692798999999999943e+00 2.565608024597167969e+00
1.696711000000000080e+00 2.565608024597167969e+00
1.704401999999999973e+00 2.570782661437988281e+00
1.713615000000000110e+00 2.565608024597167969e+00
1.723081000000000085e+00 2.570782661437988281e+00
1.727211999999999970e+00 2.575957298278808594e+00
1.731128999999999918e+00 2.575957298278808594e+00
1.735063000000000022e+00 2.570782661437988281e+00
1.738993999999999929e+00 2.575957298278808594e+00
1.741967999999999961e+00 2.570782661437988281e+00
1.745873000000000008e+00 2.570782661437988281e+00
1.749806999999999890e+00 2.570782661437988281e+00
1.753722999999999921e+00 2.570782661437988281e+00
1.757738000000000023e+00 2.570782661437988281e+00
1.763754000000000044e+00 2.575957298278808594e+00
1.768157999999999896e+00 2.565608024597167969e+00
1.771215999999999902e+00 2.565608024597167969e+00
1.775254000000000110e+00 2.565608024597167969e+00
1.778426000000000062e+00 2.570782661437988281e+00
1.782378000000000018e+00 2.565608024597167969e+00
1.785317000000000043e+00 2.570782661437988281e+00
1.789255000000000040e+00 2.570782661437988281e+00
1.793247000000000035e+00 2.570782661437988281e+00
1.796435999999999922e+00 2.570782661437988281e+00
1.800381999999999927e+00 2.570782661437988281e+00
1.804913999999999907e+00 2.570782661437988281e+00
1.809585999999999917e+00 2.565608024597167969e+00
1.813339999999999952e+00 2.570782661437988281e+00
1.817099000000000020e+00 2.570782661437988281e+00
1.820683999999999969e+00 2.570782661437988281e+00
1.824284999999999934e+00 2.570782661437988281e+00
1.829226000000000019e+00 2.570782661437988281e+00
1.833793000000000006e+00 2.570782661437988281e+00
1.837541000000000091e+00 2.570782661437988281e+00
1.842568999999999901e+00 2.570782661437988281e+00
1.847239999999999993e+00 2.570782661437988281e+00
1.852041000000000048e+00 2.570782661437988281e+00
1.856767999999999974e+00 2.570782661437988281e+00
1.861466999999999983e+00 2.575957298278808594e+00
1.866211999999999982e+00 2.570782661437988281e+00
1.870886000000000049e+00 2.570782661437988281e+00
1.878935999999999940e+00 2.565608024597167969e+00
1.883693000000000062e+00 2.565608024597167969e+00
1.888441000000000036e+00 2.570782661437988281e+00
1.893126000000000086e+00 2.565608024597167969e+00
1.897871000000000086e+00 2.565608024597167969e+00
1.902617999999999920e+00 2.565608024597167969e+00
1.906822000000000017e+00 2.565608024597167969e+00
1.910838999999999954e+00 2.565608024597167969e+00
1.914801999999999893e+00 2.565608024597167969e+00
1.918752000000000013e+00 2.565608024597167969e+00
1.922720999999999902e+00 2.570782661437988281e+00
1.926727999999999996e+00 2.570782661437988281e+00
1.930687000000000042e+00 2.570782661437988281e+00
1.934646000000000088e+00 2.570782661437988281e+00
1.938601000000000019e+00 2.570782661437988281e+00
1.942568999999999990e+00 2.570782661437988281e+00
1.946552000000000060e+00 2.575957298278808594e+00
1.950571000000000055e+00 2.575957298278808594e+00
1.954538000000000109e+00 2.575957298278808594e+00
1.958504999999999940e+00 2.575957298278808594e+00
1.961608999999999936e+00 2.575957298278808594e+00
1.965568999999999900e+00 2.575957298278808594e+00
1.969567000000000068e+00 2.570782661437988281e+00
1.973543000000000047e+00 2.570782661437988281e+00
1.977589999999999959e+00 2.570782661437988281e+00
1.981578999999999979e+00 2.570782661437988281e+00
1.985619000000000023e+00 2.565608024597167969e+00
1.989651999999999976e+00 2.565608024597167969e+00
1.995821000000000067e+00 2.565608024597167969e+00
1.999922999999999895e+00 2.565608024597167969e+00
2.002997999999999834e+00 2.565608024597167969e+00
2.006921000000000177e+00 2.565608024597167969e+00
2.010079999999999867e+00 2.565608024597167969e+00
2.014132000000000033e+00 2.565608024597167969e+00
2.018161000000000094e+00 2.565608024597167969e+00
2.022175999999999974e+00 2.570782661437988281e+00
2.026210999999999984e+00 2.570782661437988281e+00
2.030224000000000029e+00 2.575957298278808594e+00
2.034285000000000121e+00 2.575957298278808594e+00
2.038279999999999870e+00 2.570782661437988281e+00
2.041366000000000014e+00 2.575957298278808594e+00
2.045331000000000010e+00 2.575957298278808594e+00
2.049373999999999807e+00 2.575957298278808594e+00
2.053401000000000032e+00 2.575957298278808594e+00
2.057488000000000206e+00 2.570782661437988281e+00
2.060617000000000143e+00 2.575957298278808594e+00
2.064535999999999927e+00 2.575957298278808594e+00
2.068548999999999971e+00 2.570782661437988281e+00
2.072604999999999809e+00 2.565608024597167969e+00
2.076654000000000000e+00 2.565608024597167969e+00
2.080709999999999837e+00 2.565608024597167969e+00
2.084802999999999962e+00 2.565608024597167969e+00
2.088840999999999948e+00 2.565608024597167969e+00
2.092919999999999892e+00 2.565608024597167969e+00
2.096966999999999803e+00 2.570782661437988281e+00
2.101077999999999779e+00 2.565608024597167969e+00
2.107171000000000127e+00 2.565608024597167969e+00
2.111501000000000072e+00 2.565608024597167969e+00
2.115660999999999792e+00 2.570782661437988281e+00
2.119744999999999990e+00 2.570782661437988281e+00
2.123794999999999877e+00 2.570782661437988281e+00
2.127924999999999844e+00 2.570782661437988281e+00
2.131997000000000142e+00 2.575957298278808594e+00
2.136114000000000068e+00 2.570782661437988281e+00
2.140169000000000210e+00 2.575957298278808594e+00
2.144235000000000113e+00 2.575957298278808594e+00
2.148296999999999901e+00 2.575957298278808594e+00
2.151428999999999814e+00 2.570782661437988281e+00
2.155460000000000154e+00 2.570782661437988281e+00
2.159530000000000172e+00 2.570782661437988281e+00
2.163603999999999861e+00 2.570782661437988281e+00
2.167788999999999966e+00 2.570782661437988281e+00
2.171867999999999910e+00 2.565608024597167969e+00
2.176001999999999992e+00 2.565608024597167969e+00
2.180107000000000017e+00 2.565608024597167969e+00
2.184210000000000207e+00 2.565608024597167969e+00
2.188289000000000151e+00 2.565608024597167969e+00
2.192398999999999987e+00 2.565608024597167969e+00
2.196523000000000003e+00 2.570782661437988281e+00
2.200635000000000119e+00 2.570782661437988281e+00
2.203765000000000196e+00 2.565608024597167969e+00
2.207848999999999950e+00 2.570782661437988281e+00
2.210996000000000183e+00 2.570782661437988281e+00
2.217225000000000001e+00 2.565608024597167969e+00
2.221560999999999897e+00 2.570782661437988281e+00
2.225738000000000216e+00 2.570782661437988281e+00
2.229855000000000143e+00 2.575957298278808594e+00
2.233006000000000046e+00 2.575957298278808594e+00
2.237042999999999893e+00 2.575957298278808594e+00
2.240215000000000067e+00 2.570782661437988281e+00
2.244225000000000136e+00 2.570782661437988281e+00
2.248343000000000202e+00 2.575957298278808594e+00
2.252463999999999800e+00 2.570782661437988281e+00
2.256607999999999947e+00 2.570782661437988281e+00
2.260737000000000219e+00 2.570782661437988281e+00
2.264877999999999947e+00 2.570782661437988281e+00
2.269083000000000183e+00 2.570782661437988281e+00
2.273249999999999993e+00 2.565608024597167969e+00
2.277451999999999810e+00 2.565608024597167969e+00
2.281591999999999842e+00 2.570782661437988281e+00
2.285798000000000219e+00 2.570782661437988281e+00
2.288962999999999859e+00 2.565608024597167969e+00
2.293006999999999795e+00 2.565608024597167969e+00
2.297226999999999908e+00 2.565608024597167969e+00
2.300383000000000067e+00 2.570782661437988281e+00
2.304472000000000076e+00 2.570782661437988281e+00
2.308629999999999960e+00 2.565608024597167969e+00
2.311824999999999797e+00 2.570782661437988281e+00
2.316015000000000157e+00 2.565608024597167969e+00
2.319218999999999919e+00 2.570782661437988281e+00
2.323287999999999798e+00 2.570782661437988281e+00
2.329479000000000077e+00 2.570782661437988281e+00
2.333870000000000111e+00 2.570782661437988281e+00
2.338108000000000075e+00 2.570782661437988281e+00
2.342286999999999786e+00 2.570782661437988281e+00
2.346499999999999808e+00 2.570782661437988281e+00
2.350680000000000103e+00 2.570782661437988281e+00
2.354865999999999904e+00 2.570782661437988281e+00
2.359103999999999868e+00 2.570782661437988281e+00
2.363290999999999809e+00 2.570782661437988281e+00
2.367541000000000118e+00 2.570782661437988281e+00
2.371723999999999943e+00 2.570782661437988281e+00
2.375996000000000219e+00 2.565608024597167969e+00
2.380190999999999946e+00 2.570782661437988281e+00
2.383366000000000096e+00 2.565608024597167969e+00
2.387556000000000012e+00 2.565608024597167969e+00
2.391769000000000034e+00 2.565608024597167969e+00
2.396027999999999825e+00 2.565608024597167969e+00
2.399166000000000132e+00 2.565608024597167969e+00
2.403341000000000172e+00 2.565608024597167969e+00
2.407630999999999855e+00 2.565608024597167969e+00
2.411872999999999934e+00 2.565608024597167969e+00
2.416427999999999798e+00 2.565608024597167969e+00
2.420669999999999877e+00 2.570782661437988281e+00
2.424884000000000039e+00 2.570782661437988281e+00
2.429104000000000152e+00 2.570782661437988281e+00
2.433339999999999836e+00 2.570782661437988281e+00
2.437679000000000151e+00 2.570782661437988281e+00
2.443738999999999884e+00 2.570782661437988281e+00
2.448224999999999874e+00 2.570782661437988281e+00
2.452462000000000142e+00 2.570782661437988281e+00
2.456726999999999883e+00 2.575957298278808594e+00
2.460954000000000086e+00 2.575957298278808594e+00
2.465240999999999794e+00 2.575957298278808594e+00
2.469472000000000111e+00 2.570782661437988281e+00
2.473698000000000174e+00 2.565608024597167969e+00
2.478032999999999930e+00 2.565608024597167969e+00
2.482289000000000190e+00 2.565608024597167969e+00
2.486549000000000120e+00 2.565608024597167969e+00
2.490797000000000150e+00 2.565608024597167969e+00
2.493968999999999880e+00 2.565608024597167969e+00
2.498203000000000173e+00 2.565608024597167969e+00
2.502461999999999964e+00 2.565608024597167969e+00
2.506723000000000035e+00 2.565608024597167969e+00
2.510977000000000015e+00 2.565608024597167969e+00
2.515346000000000082e+00 2.565608024597167969e+00
2.519623999999999864e+00 2.570782661437988281e+00
2.523877999999999844e+00 2.570782661437988281e+00
2.528205999999999953e+00 2.570782661437988281e+00
2.532474999999999810e+00 2.570782661437988281e+00
2.536757000000000151e+00 2.575957298278808594e+00
2.541100999999999832e+00 2.570782661437988281e+00
2.548439999999999817e+00 2.570782661437988281e+00
2.558184999999999931e+00 2.575957298278808594e+00
2.571010999999999935e+00 2.570782661437988281e+00
2.575709999999999944e+00 2.565608024597167969e+00
2.580003000000000046e+00 2.565608024597167969e+00
2.584302999999999795e+00 2.565608024597167969e+00
2.588579999999999881e+00 2.565608024597167969e+00
2.592906000000000155e+00 2.565608024597167969e+00
2.596109000000000222e+00 2.565608024597167969e+00
2.600349000000000022e+00 2.565608024597167969e+00
2.603613000000000177e+00 2.565608024597167969e+00
2.607892000000000099e+00 2.565608024597167969e+00
2.613100000000000200e+00 2.565608024597167969e+00
2.618885999999999825e+00 2.570782661437988281e+00
2.624108999999999803e+00 2.570782661437988281e+00
2.629392999999999869e+00 2.575957298278808594e+00
2.634637999999999813e+00 2.570782661437988281e+00
2.640006000000000075e+00 2.570782661437988281e+00
2.645283000000000051e+00 2.575957298278808594e+00
2.650527999999999995e+00 2.570782661437988281e+00
2.655837000000000003e+00 2.575957298278808594e+00
2.661077999999999832e+00 2.570782661437988281e+00
2.666380000000000194e+00 2.570782661437988281e+00
2.671714999999999840e+00 2.565608024597167969e+00
2.680384999999999796e+00 2.565608024597167969e+00
2.686300000000000132e+00 2.560433387756347656e+00
2.697492000000000001e+00 2.565608024597167969e+00
2.710789000000000115e+00 2.565608024597167969e+00
2.721423000000000147e+00 2.565608024597167969e+00
2.730370000000000186e+00 2.575957298278808594e+00
2.734862000000000126e+00 2.570782661437988281e+00
2.739272000000000151e+00 2.575957298278808594e+00
2.743628999999999873e+00 2.565608024597167969e+00
2.748069999999999791e+00 2.570782661437988281e+00
2.752429999999999932e+00 2.570782661437988281e+00
2.756806000000000090e+00 2.570782661437988281e+00
2.761162000000000116e+00 2.570782661437988281e+00
2.765589999999999993e+00 2.570782661437988281e+00
2.769966000000000150e+00 2.570782661437988281e+00
2.774322000000000177e+00 2.565608024597167969e+00
2.778709000000000096e+00 2.565608024597167969e+00
2.783069999999999933e+00 2.565608024597167969e+00
2.786372000000000071e+00 2.565608024597167969e+00
2.792653000000000052e+00 2.565608024597167969e+00
2.797257000000000104e+00 2.565608024597167969e+00
2.801625000000000032e+00 2.565608024597167969e+00
2.806100999999999956e+00 2.565608024597167969e+00
2.810499000000000080e+00 2.565608024597167969e+00
2.814890999999999810e+00 2.570782661437988281e+00
2.819275999999999893e+00 2.570782661437988281e+00
2.823691999999999869e+00 2.570782661437988281e+00
2.828447000000000155e+00 2.570782661437988281e+00
2.832854000000000205e+00 2.570782661437988281e+00
2.837330000000000130e+00 2.570782661437988281e+00
2.841737000000000180e+00 2.570782661437988281e+00
2.846213000000000104e+00 2.570782661437988281e+00
2.850605999999999973e+00 2.570782661437988281e+00
2.855027000000000204e+00 2.570782661437988281e+00
2.859471000000000096e+00 2.570782661437988281e+00
2.863879999999999981e+00 2.570782661437988281e+00
2.868367999999999807e+00 2.570782661437988281e+00
2.872796999999999823e+00 2.565608024597167969e+00
2.877237000000000045e+00 2.565608024597167969e+00
2.881670000000000176e+00 2.565608024597167969e+00
2.884983000000000075e+00 2.565608024597167969e+00
2.889365000000000183e+00 2.565608024597167969e+00
2.893800000000000150e+00 2.565608024597167969e+00
2.898301000000000016e+00 2.565608024597167969e+00
2.904736999999999902e+00 2.565608024597167969e+00
2.909262000000000015e+00 2.565608024597167969e+00
2.913701000000000096e+00 2.565608024597167969e+00
2.918207000000000217e+00 2.565608024597167969e+00
2.922661999999999871e+00 2.565608024597167969e+00
2.927173999999999943e+00 2.570782661437988281e+00
2.931639000000000106e+00 2.565608024597167969e+00
2.936176000000000119e+00 2.570782661437988281e+00
2.940650000000000208e+00 2.570782661437988281e+00
2.945162999999999975e+00 2.570782661437988281e+00
2.949619999999999909e+00 2.570782661437988281e+00
2.954092999999999858e+00 2.570782661437988281e+00
2.958556000000000186e+00 2.570782661437988281e+00
2.963014999999999954e+00 2.575957298278808594e+00
2.966429999999999900e+00 2.570782661437988281e+00
2.970801999999999943e+00 2.570782661437988281e+00
2.975360999999999922e+00 2.565608024597167969e+00
2.979842999999999797e+00 2.570782661437988281e+00
2.984322000000000141e+00 2.565608024597167969e+00
2.988843000000000139e+00 2.565608024597167969e+00
2.993329999999999824e+00 2.565608024597167969e+00
2.997857999999999912e+00 2.565608024597167969e+00
3.002355000000000107e+00 2.565608024597167969e+00
3.006851999999999858e+00 2.565608024597167969e+00
3.011336000000000013e+00 2.560433387756347656e+00
3.016188999999999787e+00 2.565608024597167969e+00
3.023051000000000155e+00 2.565608024597167969e+00
3.027684999999999960e+00 2.565608024597167969e+00
3.032178000000000040e+00 2.570782661437988281e+00
3.036681999999999881e+00 2.570782661437988281e+00
3.041177999999999937e+00 2.570782661437988281e+00
3.045744000000000007e+00 2.570782661437988281e+00
3.050238999999999923e+00 2.575957298278808594e+00
3.054745000000000044e+00 2.575957298278808594e+00
3.059251000000000165e+00 2.570782661437988281e+00
3.063755000000000006e+00 2.575957298278808594e+00
3.068322000000000216e+00 2.570782661437988281e+00
3.072833999999999843e+00 2.570782661437988281e+00
3.077414999999999790e+00 2.565608024597167969e+00
3.081917999999999935e+00 2.560433387756347656e+00
3.086447999999999858e+00 2.565608024597167969e+00
3.089833000000000052e+00 2.565608024597167969e+00
3.094272999999999829e+00 2.565608024597167969e+00
3.098806000000000171e+00 2.565608024597167969e+00
3.102170000000000094e+00 2.565608024597167969e+00
3.106615000000000126e+00 2.565608024597167969e+00
3.109983999999999860e+00 2.565608024597167969e+00
3.114421999999999802e+00 2.565608024597167969e+00
3.117802999999999880e+00 2.565608024597167969e+00
3.122367000000000115e+00 2.575957298278808594e+00
3.127018000000000075e+00 2.570782661437988281e+00
3.133903000000000105e+00 2.575957298278808594e+00
3.138727999999999962e+00 2.575957298278808594e+00
3.143285999999999802e+00 2.570782661437988281e+00
3.147915999999999936e+00 2.575957298278808594e+00
3.152483999999999842e+00 2.570782661437988281e+00
3.157064000000000092e+00 2.570782661437988281e+00
3.161624000000000212e+00 2.570782661437988281e+00
3.165005999999999986e+00 2.570782661437988281e+00
3.169594000000000023e+00 2.565608024597167969e+00
3.172984000000000027e+00 2.565608024597167969e+00
3.177535999999999916e+00 2.565608024597167969e+00
3.182122999999999813e+00 2.565608024597167969e+00
3.186732000000000120e+00 2.565608024597167969e+00
3.191307999999999812e+00 2.565608024597167969e+00
3.195936000000000110e+00 2.565608024597167969e+00
3.200515000000000221e+00 2.565608024597167969e+00
3.205122999999999944e+00 2.565608024597167969e+00
3.209687999999999874e+00 2.565608024597167969e+00
3.214315000000000033e+00 2.565608024597167969e+00
3.218884000000000079e+00 2.570782661437988281e+00
3.223495999999999917e+00 2.570782661437988281e+00
3.228130999999999862e+00 2.575957298278808594e+00
3.233083999999999847e+00 2.570782661437988281e+00
3.237763000000000169e+00 2.570782661437988281e+00
3.244311000000000167e+00 2.570782661437988281e+00
3.248982999999999954e+00 2.570782661437988281e+00
3.253605999999999998e+00 2.570782661437988281e+00
3.258297000000000221e+00 2.565608024597167969e+00
3.262885999999999953e+00 2.570782661437988281e+00
3.267551999999999790e+00 2.570782661437988281e+00
3.272151000000000032e+00 2.565608024597167969e+00
3.276769999999999960e+00 2.565608024597167969e+00
3.281394999999999840e+00 2.565608024597167969e+00
3.284790000000000099e+00 2.565608024597167969e+00
3.289401999999999937e+00 2.570782661437988281e+00
3.294007000000000129e+00 2.565608024597167969e+00
3.298731000000000080e+00 2.565608024597167969e+00
3.303344000000000058e+00 2.565608024597167969e+00
3.306786999999999921e+00 2.565608024597167969e+00
3.311329000000000189e+00 2.565608024597167969e+00
3.316005000000000091e+00 2.570782661437988281e+00
3.320625999999999856e+00 2.570782661437988281e+00
3.325305000000000177e+00 2.570782661437988281e+00
3.329978000000000105e+00 2.570782661437988281e+00
3.334935999999999900e+00 2.570782661437988281e+00
3.339582000000000050e+00 2.570782661437988281e+00
3.344218999999999831e+00 2.570782661437988281e+00
3.348838999999999899e+00 2.565608024597167969e+00
3.353489000000000164e+00 2.570782661437988281e+00
3.360488000000000142e+00 2.570782661437988281e+00
3.365312999999999999e+00 2.565608024597167969e+00
3.369963999999999960e+00 2.570782661437988281e+00
3.374607000000000134e+00 2.565608024597167969e+00
3.379262999999999906e+00 2.565608024597167969e+00
3.383916000000000146e+00 2.565608024597167969e+00
3.387376000000000165e+00 2.565608024597167969e+00
3.391957000000000111e+00 2.565608024597167969e+00
3.396659999999999791e+00 2.565608024597167969e+00
3.401316000000000006e+00 2.565608024597167969e+00
3.406038000000000121e+00 2.565608024597167969e+00
3.410703999999999958e+00 2.565608024597167969e+00
3.415436999999999834e+00 2.565608024597167969e+00
3.420097999999999860e+00 2.570782661437988281e+00
3.424774000000000207e+00 2.570782661437988281e+00
3.429488000000000092e+00 2.570782661437988281e+00
3.433190000000000186e+00 2.565608024597167969e+00
3.437940999999999914e+00 2.570782661437988281e+00
3.442626999999999882e+00 2.570782661437988281e+00
3.447311000000000014e+00 2.570782661437988281e+00
3.452031999999999989e+00 2.570782661437988281e+00
3.456722000000000072e+00 2.570782661437988281e+00
3.461393999999999860e+00 2.570782661437988281e+00
3.466140999999999917e+00 2.570782661437988281e+00
3.472771999999999970e+00 2.565608024597167969e+00
3.477742000000000111e+00 2.565608024597167969e+00
3.482441000000000120e+00 2.565608024597167969e+00
3.487171000000000021e+00 2.565608024597167969e+00
3.491880000000000095e+00 2.565608024597167969e+00
3.496596999999999955e+00 2.565608024597167969e+00
3.501303000000000054e+00 2.565608024597167969e+00
3.506086999999999954e+00 2.565608024597167969e+00
3.510800999999999839e+00 2.565608024597167969e+00
3.515560999999999936e+00 2.560433387756347656e+00
3.520287999999999862e+00 2.565608024597167969e+00
3.525017000000000067e+00 2.570782661437988281e+00
3.529771000000000214e+00 2.570782661437988281e+00
3.534549000000000163e+00 2.565608024597167969e+00
3.539384999999999781e+00 2.570782661437988281e+00
3.544099999999999806e+00 2.570782661437988281e+00
3.550940000000000207e+00 2.570782661437988281e+00
3.557608000000000104e+00 2.570782661437988281e+00
3.566536999999999846e+00 2.575957298278808594e+00
3.571959000000000106e+00 2.565608024597167969e+00
3.576440999999999981e+00 2.565608024597167969e+00
3.580044000000000004e+00 2.565608024597167969e+00
3.587155999999999789e+00 2.565608024597167969e+00
3.591686999999999852e+00 2.565608024597167969e+00
3.595305999999999891e+00 2.565608024597167969e+00
3.598904000000000103e+00 2.565608024597167969e+00
3.602514000000000216e+00 2.565608024597167969e+00
3.608988999999999780e+00 2.560433387756347656e+00
3.613739999999999952e+00 2.565608024597167969e+00
3.618573000000000039e+00 2.565608024597167969e+00
3.623359000000000218e+00 2.570782661437988281e+00
3.628174000000000010e+00 2.570782661437988281e+00
3.632946000000000009e+00 2.575957298278808594e+00
3.638030999999999793e+00 2.575957298278808594e+00
3.642843000000000053e+00 2.570782661437988281e+00
3.647813000000000194e+00 2.570782661437988281e+00
3.652623999999999871e+00 2.570782661437988281e+00
3.657452000000000147e+00 2.575957298278808594e+00
3.662269000000000219e+00 2.570782661437988281e+00
3.667085999999999846e+00 2.570782661437988281e+00
3.671848999999999918e+00 2.565608024597167969e+00
3.676677999999999891e+00 2.560433387756347656e+00
3.681602999999999959e+00 2.565608024597167969e+00
3.688727999999999785e+00 2.565608024597167969e+00
3.695885000000000087e+00 2.565608024597167969e+00
3.702170000000000183e+00 2.560433387756347656e+00
3.710958999999999897e+00 2.565608024597167969e+00
3.724178999999999906e+00 2.570782661437988281e+00
3.730297999999999892e+00 2.570782661437988281e+00
3.735511999999999944e+00 2.570782661437988281e+00
3.740428999999999782e+00 2.570782661437988281e+00
3.745363000000000220e+00 2.570782661437988281e+00
3.750229000000000035e+00 2.570782661437988281e+00
3.755144000000000037e+00 2.570782661437988281e+00
3.758574999999999999e+00 2.570782661437988281e+00
3.763339999999999907e+00 2.570782661437988281e+00
3.768289000000000222e+00 2.565608024597167969e+00
3.773112999999999939e+00 2.560433387756347656e+00
3.778087000000000195e+00 2.565608024597167969e+00
3.782929999999999904e+00 2.565608024597167969e+00
3.787913000000000086e+00 2.565608024597167969e+00
3.792766999999999999e+00 2.565608024597167969e+00
3.797721999999999820e+00 2.565608024597167969e+00
3.802611999999999881e+00 2.565608024597167969e+00
3.807691000000000159e+00 2.565608024597167969e+00
3.814910999999999941e+00 2.565608024597167969e+00
3.819866999999999901e+00 2.570782661437988281e+00
3.824720999999999815e+00 2.570782661437988281e+00
3.829626999999999892e+00 2.570782661437988281e+00
3.834487999999999897e+00 2.570782661437988281e+00
3.839405999999999874e+00 2.570782661437988281e+00
3.844273999999999969e+00 2.565608024597167969e+00
3.849120000000000097e+00 2.570782661437988281e+00
3.853988000000000191e+00 2.570782661437988281e+00
3.858928000000000136e+00 2.565608024597167969e+00
3.863809999999999967e+00 2.570782661437988281e+00
3.868745000000000100e+00 2.565608024597167969e+00
3.873625999999999792e+00 2.565608024597167969e+00
3.878610000000000113e+00 2.565608024597167969e+00
3.883502000000000010e+00 2.565608024597167969e+00
3.888440000000000119e+00 2.565608024597167969e+00
3.893334999999999990e+00 2.565608024597167969e+00
3.897183000000000064e+00 2.565608024597167969e+00
3.900786000000000087e+00 2.565608024597167969e+00
3.905736999999999792e+00 2.565608024597167969e+00
3.910644000000000009e+00 2.565608024597167969e+00
3.915646000000000182e+00 2.565608024597167969e+00
3.922594999999999832e+00 2.565608024597167969e+00
3.927842000000000056e+00 2.565608024597167969e+00
3.932754000000000083e+00 2.570782661437988281e+00
3.937756999999999952e+00 2.565608024597167969e+00
3.942839000000000205e+00 2.565608024597167969e+00
3.947836000000000123e+00 2.570782661437988281e+00
3.952712000000000003e+00 2.570782661437988281e+00
3.957705999999999946e+00 2.570782661437988281e+00
3.962626000000000204e+00 2.570782661437988281e+00
3.966184000000000154e+00 2.575957298278808594e+00
3.971038000000000068e+00 2.565608024597167969e+00
3.976008999999999904e+00 2.565608024597167969e+00
3.980910999999999866e+00 2.565608024597167969e+00
3.985907000000000089e+00 2.565608024597167969e+00
3.990835999999999828e+00 2.565608024597167969e+00
3.994381000000000181e+00 2.565608024597167969e+00
3.999296000000000184e+00 2.565608024597167969e+00
4.004243999999999915e+00 2.560433387756347656e+00
4.007787000000000432e+00 2.560433387756347656e+00
4.012650999999999968e+00 2.560433387756347656e+00
4.017666000000000182e+00 2.560433387756347656e+00
4.021194000000000379e+00 2.570782661437988281e+00
4.026117000000000168e+00 2.565608024597167969e+00
4.033355000000000246e+00 2.565608024597167969e+00
4.038635000000000197e+00 2.570782661437988281e+00
4.043612999999999680e+00 2.570782661437988281e+00
4.048675000000000246e+00 2.570782661437988281e+00
4.053644000000000247e+00 2.570782661437988281e+00
4.058671000000000362e+00 2.570782661437988281e+00
4.063622999999999763e+00 2.570782661437988281e+00
4.068680999999999770e+00 2.570782661437988281e+00
4.073649999999999771e+00 2.565608024597167969e+00
4.078674000000000355e+00 2.565608024597167969e+00
4.083647000000000027e+00 2.565608024597167969e+00
4.088708999999999705e+00 2.560433387756347656e+00
4.093670999999999616e+00 2.565608024597167969e+00
4.098717999999999861e+00 2.565608024597167969e+00
4.103703999999999574e+00 2.565608024597167969e+00
4.108740000000000059e+00 2.560433387756347656e+00
4.113736000000000281e+00 2.560433387756347656e+00
4.118784999999999918e+00 2.565608024597167969e+00
4.123743000000000158e+00 2.565608024597167969e+00
4.127386000000000443e+00 2.570782661437988281e+00
4.132291999999999632e+00 2.570782661437988281e+00
4.137294999999999945e+00 2.570782661437988281e+00
4.142473999999999990e+00 2.570782661437988281e+00
4.149695999999999607e+00 2.570782661437988281e+00
4.155003999999999920e+00 2.570782661437988281e+00
4.160022999999999804e+00 2.570782661437988281e+00
4.165029999999999788e+00 2.570782661437988281e+00
4.169997000000000398e+00 2.565608024597167969e+00
4.174989000000000061e+00 2.565608024597167969e+00
4.179979000000000333e+00 2.565608024597167969e+00
4.184949999999999726e+00 2.565608024597167969e+00
4.188564999999999650e+00 2.565608024597167969e+00
4.193508999999999709e+00 2.560433387756347656e+00
4.198628000000000249e+00 2.560433387756347656e+00
4.203644999999999854e+00 2.565608024597167969e+00
4.208728999999999942e+00 2.560433387756347656e+00
4.213765000000000427e+00 2.565608024597167969e+00
4.217376999999999931e+00 2.565608024597167969e+00
4.222311000000000369e+00 2.570782661437988281e+00
4.227363999999999677e+00 2.570782661437988281e+00
4.230966999999999700e+00 2.570782661437988281e+00
4.235978000000000243e+00 2.570782661437988281e+00
4.241037000000000390e+00 2.570782661437988281e+00
4.246138000000000190e+00 2.570782661437988281e+00
4.251311000000000284e+00 2.570782661437988281e+00
4.256415999999999755e+00 2.565608024597167969e+00
4.263671000000000433e+00 2.565608024597167969e+00
4.269026000000000209e+00 2.565608024597167969e+00
4.274094999999999978e+00 2.565608024597167969e+00
4.279168999999999556e+00 2.565608024597167969e+00
4.284246000000000443e+00 2.565608024597167969e+00
4.289299999999999891e+00 2.565608024597167969e+00
4.294359000000000037e+00 2.565608024597167969e+00
4.299503999999999770e+00 2.565608024597167969e+00
4.304574999999999818e+00 2.565608024597167969e+00
4.309668000000000276e+00 2.565608024597167969e+00
4.314741999999999855e+00 2.565608024597167969e+00
4.319804000000000421e+00 2.565608024597167969e+00
4.324889999999999901e+00 2.570782661437988281e+00
4.329992999999999981e+00 2.570782661437988281e+00
4.335126999999999953e+00 2.570782661437988281e+00
4.340188999999999631e+00 2.565608024597167969e+00
4.343809000000000253e+00 2.565608024597167969e+00
4.347407999999999717e+00 2.570782661437988281e+00
4.352430000000000021e+00 2.570782661437988281e+00
4.357539000000000051e+00 2.565608024597167969e+00
4.362632999999999761e+00 2.565608024597167969e+00
4.367779999999999774e+00 2.565608024597167969e+00
4.375113999999999947e+00 2.560433387756347656e+00
4.380510000000000126e+00 2.565608024597167969e+00
4.385696000000000261e+00 2.565608024597167969e+00
4.390814999999999912e+00 2.565608024597167969e+00
4.396005999999999858e+00 2.565608024597167969e+00
4.401118999999999559e+00 2.565608024597167969e+00
4.406310000000000393e+00 2.565608024597167969e+00
4.411445999999999756e+00 2.565608024597167969e+00
4.416595000000000049e+00 2.565608024597167969e+00
4.421726999999999741e+00 2.565608024597167969e+00
4.426803999999999739e+00 2.565608024597167969e+00
4.431938999999999851e+00 2.565608024597167969e+00
4.437098999999999904e+00 2.570782661437988281e+00
4.442212999999999745e+00 2.565608024597167969e+00
4.447353999999999807e+00 2.565608024597167969e+00
4.452541000000000082e+00 2.565608024597167969e+00
4.457740000000000258e+00 2.570782661437988281e+00
4.462880000000000180e+00 2.570782661437988281e+00
4.468064000000000036e+00 2.570782661437988281e+00
4.473198000000000008e+00 2.565608024597167969e+00
4.478390000000000093e+00 2.565608024597167969e+00
4.483665000000000234e+00 2.565608024597167969e+00
4.491210999999999842e+00 2.565608024597167969e+00
4.496471999999999802e+00 2.565608024597167969e+00
4.501614000000000004e+00 2.565608024597167969e+00
4.506780000000000008e+00 2.565608024597167969e+00
4.510302000000000255e+00 2.560433387756347656e+00
4.515454000000000079e+00 2.560433387756347656e+00
4.520622000000000362e+00 2.570782661437988281e+00
4.525862000000000052e+00 2.565608024597167969e+00
4.531023000000000245e+00 2.570782661437988281e+00
4.536280999999999786e+00 2.565608024597167969e+00
4.541469000000000200e+00 2.565608024597167969e+00
4.546643999999999686e+00 2.570782661437988281e+00
4.557437000000000182e+00 2.570782661437988281e+00
4.562610000000000277e+00 2.570782661437988281e+00
4.569605000000000139e+00 2.570782661437988281e+00
4.578580999999999790e+00 2.565608024597167969e+00
4.583954000000000306e+00 2.560433387756347656e+00
4.589247000000000298e+00 2.560433387756347656e+00
4.594609000000000165e+00 2.560433387756347656e+00
4.602285000000000181e+00 2.565608024597167969e+00
4.607580999999999705e+00 2.560433387756347656e+00
4.612775000000000070e+00 2.560433387756347656e+00
4.618040999999999840e+00 2.565608024597167969e+00
4.623244999999999827e+00 2.565608024597167969e+00
4.627004999999999590e+00 2.565608024597167969e+00
4.630605000000000082e+00 2.570782661437988281e+00
4.634206999999999965e+00 2.570782661437988281e+00
4.639376999999999640e+00 2.570782661437988281e+00
4.644593000000000416e+00 2.570782661437988281e+00
4.649848000000000425e+00 2.570782661437988281e+00
4.655121000000000286e+00 2.570782661437988281e+00
4.660276999999999781e+00 2.570782661437988281e+00
4.665719000000000172e+00 2.570782661437988281e+00
4.669383999999999979e+00 2.565608024597167969e+00
4.672984999999999722e+00 2.565608024597167969e+00
4.678198000000000079e+00 2.560433387756347656e+00
4.685825999999999603e+00 2.560433387756347656e+00
4.699775999999999954e+00 2.560433387756347656e+00
4.711001999999999690e+00 2.555258750915527344e+00
4.719464000000000325e+00 2.565608024597167969e+00
4.726181999999999661e+00 2.570782661437988281e+00
4.731582999999999650e+00 2.570782661437988281e+00
4.736457999999999835e+00 2.570782661437988281e+00
4.740206999999999837e+00 2.570782661437988281e+00
4.745523000000000380e+00 2.565608024597167969e+00
4.750791999999999682e+00 2.570782661437988281e+00
4.756211000000000411e+00 2.570782661437988281e+00
4.761438000000000059e+00 2.565608024597167969e+00
4.766935000000000144e+00 2.565608024597167969e+00
4.772200999999999915e+00 2.565608024597167969e+00
4.777516999999999570e+00 2.560433387756347656e+00
4.782766999999999769e+00 2.560433387756347656e+00
4.788084999999999702e+00 2.560433387756347656e+00
4.793375000000000163e+00 2.560433387756347656e+00
4.798695000000000377e+00 2.565608024597167969e+00
4.803957999999999728e+00 2.565608024597167969e+00
4.809268000000000320e+00 2.560433387756347656e+00
4.814536999999999622e+00 2.565608024597167969e+00
4.819816000000000322e+00 2.570782661437988281e+00
4.825235000000000163e+00 2.565608024597167969e+00
4.834997000000000433e+00 2.570782661437988281e+00
4.842031999999999670e+00 2.565608024597167969e+00
4.848709999999999631e+00 2.565608024597167969e+00
4.855373000000000161e+00 2.565608024597167969e+00
4.862016999999999811e+00 2.565608024597167969e+00
4.868788000000000338e+00 2.565608024597167969e+00
4.875480999999999732e+00 2.560433387756347656e+00
4.882080000000000197e+00 2.560433387756347656e+00
4.888757000000000019e+00 2.565608024597167969e+00
4.895472999999999963e+00 2.565608024597167969e+00
4.902067999999999870e+00 2.560433387756347656e+00
4.908790999999999904e+00 2.565608024597167969e+00
4.915479999999999627e+00 2.565608024597167969e+00
4.922076999999999813e+00 2.570782661437988281e+00
4.928113999999999884e+00 2.570782661437988281e+00
4.933384000000000214e+00 2.565608024597167969e+00
4.938710000000000377e+00 2.570782661437988281e+00
4.944030999999999842e+00 2.565608024597167969e+00
4.951406000000000418e+00 2.565608024597167969e+00
4.956923999999999886e+00 2.565608024597167969e+00
4.962194000000000216e+00 2.570782661437988281e+00
4.967685999999999602e+00 2.570782661437988281e+00
4.973035999999999568e+00 2.565608024597167969e+00
4.978494000000000419e+00 2.565608024597167969e+00
4.983843000000000245e+00 2.560433387756347656e+00
4.989258999999999666e+00 2.565608024597167969e+00
4.992980000000000196e+00 2.565608024597167969e+00
4.998407000000000266e+00 2.565608024597167969e+00
5.002176999999999651e+00 2.565608024597167969e+00
5.007456000000000351e+00 2.560433387756347656e+00
5.012756999999999685e+00 2.560433387756347656e+00
5.018203999999999887e+00 2.560433387756347656e+00
5.023533999999999722e+00 2.565608024597167969e+00
5.028904999999999959e+00 2.565608024597167969e+00
5.034252999999999645e+00 2.565608024597167969e+00
5.037959999999999994e+00 2.565608024597167969e+00
5.043256000000000405e+00 2.565608024597167969e+00
5.048670000000000435e+00 2.565608024597167969e+00
5.054028999999999883e+00 2.570782661437988281e+00
5.059516999999999598e+00 2.565608024597167969e+00
5.067012000000000072e+00 2.570782661437988281e+00
5.072932999999999915e+00 2.565608024597167969e+00
5.078393000000000157e+00 2.565608024597167969e+00
5.083815000000000417e+00 2.565608024597167969e+00
5.089268999999999821e+00 2.565608024597167969e+00
5.094662999999999720e+00 2.560433387756347656e+00
5.100117000000000012e+00 2.560433387756347656e+00
5.105574999999999974e+00 2.560433387756347656e+00
5.110973999999999684e+00 2.560433387756347656e+00
5.116431000000000395e+00 2.560433387756347656e+00
5.121802999999999884e+00 2.565608024597167969e+00
5.127216999999999913e+00 2.565608024597167969e+00
5.130971999999999866e+00 2.565608024597167969e+00
5.136370999999999576e+00 2.570782661437988281e+00
5.140170000000000350e+00 2.570782661437988281e+00
5.145535999999999888e+00 2.570782661437988281e+00
5.150966000000000378e+00 2.570782661437988281e+00
5.156411000000000300e+00 2.570782661437988281e+00
5.161795999999999829e+00 2.570782661437988281e+00
5.167187000000000197e+00 2.570782661437988281e+00
5.170989999999999753e+00 2.565608024597167969e+00
5.176496000000000208e+00 2.560433387756347656e+00
5.183913999999999689e+00 2.560433387756347656e+00
5.189669000000000310e+00 2.560433387756347656e+00
5.195145000000000124e+00 2.560433387756347656e+00
5.200524999999999842e+00 2.560433387756347656e+00
5.205993999999999566e+00 2.560433387756347656e+00
5.211401999999999646e+00 2.560433387756347656e+00
5.216827999999999577e+00 2.560433387756347656e+00
5.220612000000000030e+00 2.570782661437988281e+00
5.225995000000000168e+00 2.570782661437988281e+00
5.229796999999999585e+00 2.570782661437988281e+00
5.235230999999999746e+00 2.570782661437988281e+00
5.240681999999999618e+00 2.570782661437988281e+00
5.246179999999999843e+00 2.570782661437988281e+00
5.251609000000000194e+00 2.565608024597167969e+00
5.257047000000000025e+00 2.575957298278808594e+00
5.262488000000000277e+00 2.565608024597167969e+00
5.267946000000000240e+00 2.565608024597167969e+00
5.273423000000000194e+00 2.560433387756347656e+00
5.278917999999999999e+00 2.560433387756347656e+00
5.284384000000000192e+00 2.560433387756347656e+00
5.289816000000000074e+00 2.560433387756347656e+00
5.293762000000000079e+00 2.560433387756347656e+00
5.301795000000000258e+00 2.560433387756347656e+00
5.307209000000000287e+00 2.560433387756347656e+00
5.311001000000000083e+00 2.560433387756347656e+00
5.316440000000000055e+00 2.565608024597167969e+00
5.321906000000000247e+00 2.570782661437988281e+00
5.327386999999999873e+00 2.570782661437988281e+00
5.332836000000000354e+00 2.565608024597167969e+00
5.338420000000000165e+00 2.565608024597167969e+00
5.343886000000000358e+00 2.570782661437988281e+00
5.349400000000000155e+00 2.565608024597167969e+00
5.354865000000000208e+00 2.565608024597167969e+00
5.360363999999999685e+00 2.565608024597167969e+00
5.364201999999999693e+00 2.565608024597167969e+00
5.369652999999999565e+00 2.565608024597167969e+00
5.375214999999999854e+00 2.560433387756347656e+00
5.380752000000000201e+00 2.560433387756347656e+00
5.386276999999999759e+00 2.560433387756347656e+00
5.391748999999999903e+00 2.565608024597167969e+00
5.397243999999999708e+00 2.565608024597167969e+00
5.402746999999999744e+00 2.565608024597167969e+00
5.410459000000000351e+00 2.560433387756347656e+00
5.416292999999999580e+00 2.560433387756347656e+00
5.421770000000000422e+00 2.565608024597167969e+00
5.427234999999999587e+00 2.565608024597167969e+00
5.432719999999999771e+00 2.565608024597167969e+00
5.438328000000000273e+00 2.565608024597167969e+00
5.443832999999999700e+00 2.565608024597167969e+00
5.449391000000000318e+00 2.565608024597167969e+00
5.454917000000000016e+00 2.565608024597167969e+00
5.460430999999999813e+00 2.565608024597167969e+00
5.466000000000000192e+00 2.570782661437988281e+00
5.471515000000000128e+00 2.560433387756347656e+00
5.477077000000000417e+00 2.560433387756347656e+00
5.482586000000000404e+00 2.565608024597167969e+00
5.488169000000000075e+00 2.565608024597167969e+00
5.492011999999999894e+00 2.560433387756347656e+00
5.497461999999999627e+00 2.565608024597167969e+00
5.502996000000000443e+00 2.565608024597167969e+00
5.508579000000000114e+00 2.560433387756347656e+00
5.512398000000000131e+00 2.560433387756347656e+00
5.518049999999999677e+00 2.560433387756347656e+00
5.525525000000000020e+00 2.565608024597167969e+00
5.531361000000000416e+00 2.565608024597167969e+00
5.536959000000000408e+00 2.565608024597167969e+00
5.542545999999999751e+00 2.565608024597167969e+00
5.548199000000000325e+00 2.565608024597167969e+00
5.553943000000000296e+00 2.565608024597167969e+00
5.564642000000000088e+00 2.570782661437988281e+00
5.575506999999999991e+00 2.565608024597167969e+00
5.581197999999999659e+00 2.565608024597167969e+00
5.586847999999999814e+00 2.565608024597167969e+00
5.592404000000000153e+00 2.565608024597167969e+00
5.598075999999999830e+00 2.560433387756347656e+00
5.603641999999999790e+00 2.560433387756347656e+00
5.609289999999999665e+00 2.560433387756347656e+00
5.614854000000000234e+00 2.560433387756347656e+00
5.620453000000000365e+00 2.565608024597167969e+00
5.626097999999999821e+00 2.565608024597167969e+00
5.631699000000000233e+00 2.565608024597167969e+00
5.639501000000000097e+00 2.570782661437988281e+00
5.645444000000000351e+00 2.570782661437988281e+00
5.651078000000000046e+00 2.570782661437988281e+00
5.656794999999999796e+00 2.570782661437988281e+00
5.662424999999999820e+00 2.570782661437988281e+00
5.668121000000000187e+00 2.570782661437988281e+00
5.673727000000000409e+00 2.565608024597167969e+00
5.679452999999999641e+00 2.565608024597167969e+00
5.685423000000000116e+00 2.560433387756347656e+00
5.691288000000000125e+00 2.560433387756347656e+00
5.699326000000000114e+00 2.560433387756347656e+00
5.708974000000000437e+00 2.560433387756347656e+00
5.717173999999999978e+00 2.560433387756347656e+00
5.730432999999999666e+00 2.565608024597167969e+00
5.736780999999999686e+00 2.565608024597167969e+00
5.742407000000000039e+00 2.565608024597167969e+00
5.748262999999999678e+00 2.565608024597167969e+00
5.756446999999999647e+00 2.570782661437988281e+00
5.762102999999999753e+00 2.565608024597167969e+00
5.767756999999999579e+00 2.565608024597167969e+00
5.773407999999999873e+00 2.560433387756347656e+00
5.779086000000000389e+00 2.560433387756347656e+00
5.784769999999999968e+00 2.560433387756347656e+00
5.790439000000000114e+00 2.560433387756347656e+00
5.796154999999999724e+00 2.555258750915527344e+00
5.801827000000000290e+00 2.560433387756347656e+00
5.807489000000000345e+00 2.560433387756347656e+00
5.813113999999999670e+00 2.565608024597167969e+00
5.818878999999999913e+00 2.565608024597167969e+00
5.824510000000000076e+00 2.570782661437988281e+00
5.828394000000000297e+00 2.570782661437988281e+00
5.833963999999999928e+00 2.570782661437988281e+00
5.839697000000000138e+00 2.570782661437988281e+00
5.845367999999999675e+00 2.570782661437988281e+00
5.851040000000000241e+00 2.565608024597167969e+00
5.856741000000000419e+00 2.565608024597167969e+00
5.864635999999999960e+00 2.565608024597167969e+00
5.870675000000000310e+00 2.560433387756347656e+00
5.876440999999999804e+00 2.560433387756347656e+00
5.882115999999999900e+00 2.560433387756347656e+00
5.886347999999999914e+00 2.560433387756347656e+00
5.891930999999999585e+00 2.560433387756347656e+00
5.897635000000000183e+00 2.560433387756347656e+00
5.903292000000000428e+00 2.565608024597167969e+00
5.909023000000000359e+00 2.565608024597167969e+00
5.914689000000000085e+00 2.565608024597167969e+00
5.920396000000000214e+00 2.565608024597167969e+00
5.926153000000000226e+00 2.565608024597167969e+00
5.931804999999999772e+00 2.570782661437988281e+00
5.937500000000000000e+00 2.565608024597167969e+00
5.941381999999999941e+00 2.565608024597167969e+00
5.946978999999999793e+00 2.565608024597167969e+00
5.952700000000000102e+00 2.565608024597167969e+00
5.958510000000000417e+00 2.565608024597167969e+00
5.964197999999999666e+00 2.565608024597167969e+00
5.969920000000000115e+00 2.560433387756347656e+00
5.975959999999999717e+00 2.560433387756347656e+00
5.984187000000000367e+00 2.560433387756347656e+00
5.989893000000000356e+00 2.560433387756347656e+00
5.995669000000000359e+00 2.565608024597167969e+00
6.001375000000000348e+00 2.560433387756347656e+00
6.007079000000000057e+00 2.565608024597167969e+00
6.010993000000000031e+00 2.560433387756347656e+00
6.016678999999999888e+00 2.560433387756347656e+00
6.022357000000000404e+00 2.565608024597167969e+00
6.028140999999999750e+00 2.565608024597167969e+00
6.033847999999999878e+00 2.565608024597167969e+00
6.039715000000000167e+00 2.565608024597167969e+00
6.045525999999999733e+00 2.565608024597167969e+00
6.051244999999999763e+00 2.565608024597167969e+00
6.055176000000000336e+00 2.570782661437988281e+00
6.060787999999999620e+00 2.570782661437988281e+00
6.066595999999999655e+00 2.570782661437988281e+00
6.072290999999999883e+00 2.565608024597167969e+00
6.078084999999999738e+00 2.560433387756347656e+00
6.083778999999999826e+00 2.565608024597167969e+00
6.087817000000000256e+00 2.565608024597167969e+00
6.095727000000000118e+00 2.565608024597167969e+00
6.101761999999999908e+00 2.560433387756347656e+00
6.107522999999999591e+00 2.555258750915527344e+00
6.113284000000000162e+00 2.560433387756347656e+00
6.119094999999999729e+00 2.560433387756347656e+00
6.124840999999999980e+00 2.565608024597167969e+00
6.128811999999999927e+00 2.565608024597167969e+00
6.134477999999999653e+00 2.565608024597167969e+00
6.140261999999999887e+00 2.565608024597167969e+00
6.146044999999999980e+00 2.565608024597167969e+00
6.151745000000000019e+00 2.565608024597167969e+00
6.157521000000000022e+00 2.570782661437988281e+00
6.163281999999999705e+00 2.565608024597167969e+00
6.169115999999999822e+00 2.565608024597167969e+00
6.174896999999999636e+00 2.560433387756347656e+00
6.180691999999999631e+00 2.560433387756347656e+00
6.186525999999999748e+00 2.560433387756347656e+00
6.192695999999999756e+00 2.555258750915527344e+00
6.198532000000000153e+00 2.560433387756347656e+00
6.204305999999999877e+00 2.560433387756347656e+00
6.216053999999999746e+00 2.560433387756347656e+00
6.221949000000000396e+00 2.565608024597167969e+00
6.227796999999999805e+00 2.570782661437988281e+00
6.231790000000000163e+00 2.570782661437988281e+00
6.237554000000000265e+00 2.570782661437988281e+00
6.243370999999999782e+00 2.565608024597167969e+00
6.249324999999999797e+00 2.570782661437988281e+00
6.255215999999999887e+00 2.565608024597167969e+00
6.261065999999999576e+00 2.570782661437988281e+00
6.266996999999999929e+00 2.565608024597167969e+00
6.272850000000000037e+00 2.560433387756347656e+00
6.278758999999999979e+00 2.555258750915527344e+00
6.284627999999999659e+00 2.560433387756347656e+00
6.290486999999999718e+00 2.560433387756347656e+00
6.296687999999999619e+00 2.555258750915527344e+00
6.302543000000000006e+00 2.555258750915527344e+00
6.308431999999999817e+00 2.555258750915527344e+00
6.314333000000000418e+00 2.560433387756347656e+00
6.320173999999999737e+00 2.565608024597167969e+00
6.328396999999999828e+00 2.565608024597167969e+00
6.334505000000000052e+00 2.570782661437988281e+00
6.340526999999999802e+00 2.565608024597167969e+00
6.346451000000000064e+00 2.570782661437988281e+00
6.352324000000000304e+00 2.565608024597167969e+00
6.358319999999999972e+00 2.565608024597167969e+00
6.364170999999999800e+00 2.565608024597167969e+00
6.370042999999999900e+00 2.560433387756347656e+00
6.376062000000000118e+00 2.555258750915527344e+00
6.381944999999999979e+00 2.555258750915527344e+00
6.386007000000000211e+00 2.555258750915527344e+00
6.391771999999999565e+00 2.555258750915527344e+00
6.397706000000000337e+00 2.560433387756347656e+00
6.403609999999999580e+00 2.560433387756347656e+00
6.409532999999999703e+00 2.560433387756347656e+00
6.415478000000000236e+00 2.565608024597167969e+00
6.421389999999999709e+00 2.565608024597167969e+00
6.427261999999999809e+00 2.565608024597167969e+00
6.433151999999999759e+00 2.565608024597167969e+00
6.439334999999999809e+00 2.570782661437988281e+00
6.447655000000000136e+00 2.565608024597167969e+00
6.453612999999999822e+00 2.565608024597167969e+00
6.459590000000000387e+00 2.565608024597167969e+00
6.465518999999999572e+00 2.570782661437988281e+00
6.471403999999999712e+00 2.560433387756347656e+00
6.477311000000000263e+00 2.555258750915527344e+00
6.483165999999999762e+00 2.560433387756347656e+00
6.489148000000000138e+00 2.560433387756347656e+00
6.493166000000000437e+00 2.560433387756347656e+00
6.499139000000000443e+00 2.560433387756347656e+00
6.505132999999999832e+00 2.560433387756347656e+00
6.510989999999999611e+00 2.560433387756347656e+00
6.516967000000000176e+00 2.560433387756347656e+00
6.521012999999999948e+00 2.565608024597167969e+00
6.526907999999999710e+00 2.565608024597167969e+00
6.532814000000000121e+00 2.565608024597167969e+00
6.538794000000000217e+00 2.565608024597167969e+00
6.544734000000000052e+00 2.565608024597167969e+00
6.550847000000000087e+00 2.565608024597167969e+00
6.559986999999999568e+00 2.565608024597167969e+00
6.572511999999999688e+00 2.565608024597167969e+00
6.583849999999999980e+00 2.560433387756347656e+00
6.590100999999999765e+00 2.560433387756347656e+00
6.596136999999999695e+00 2.560433387756347656e+00
6.602365999999999957e+00 2.565608024597167969e+00
6.608401999999999887e+00 2.560433387756347656e+00
6.614314000000000249e+00 2.560433387756347656e+00
6.620268000000000264e+00 2.560433387756347656e+00
6.626281999999999783e+00 2.565608024597167969e+00
6.632193000000000005e+00 2.565608024597167969e+00
6.638221999999999845e+00 2.565608024597167969e+00
6.644135000000000346e+00 2.565608024597167969e+00
6.650103999999999793e+00 2.565608024597167969e+00
6.656086000000000169e+00 2.570782661437988281e+00
6.664546999999999777e+00 2.565608024597167969e+00
6.670749999999999957e+00 2.565608024597167969e+00
6.676762000000000086e+00 2.560433387756347656e+00
6.682741000000000042e+00 2.560433387756347656e+00
6.688750999999999891e+00 2.560433387756347656e+00
6.696682000000000023e+00 2.555258750915527344e+00
6.704711999999999783e+00 2.555258750915527344e+00
6.711143999999999998e+00 2.560433387756347656e+00
6.717184999999999739e+00 2.555258750915527344e+00
6.726334999999999731e+00 2.565608024597167969e+00
6.734261000000000053e+00 2.565608024597167969e+00
6.747927999999999926e+00 2.565608024597167969e+00
6.754476999999999620e+00 2.565608024597167969e+00
6.760569000000000273e+00 2.565608024597167969e+00
6.766642000000000046e+00 2.565608024597167969e+00
6.772637999999999714e+00 2.560433387756347656e+00
6.780751999999999668e+00 2.555258750915527344e+00
6.786984000000000350e+00 2.560433387756347656e+00
6.792910000000000004e+00 2.555258750915527344e+00
6.798924999999999663e+00 2.560433387756347656e+00
6.802973999999999855e+00 2.555258750915527344e+00
6.808951999999999671e+00 2.555258750915527344e+00
6.814943999999999669e+00 2.560433387756347656e+00
6.820907000000000053e+00 2.565608024597167969e+00
6.826959999999999695e+00 2.565608024597167969e+00
6.830976999999999855e+00 2.565608024597167969e+00
6.836923999999999779e+00 2.565608024597167969e+00
6.842933000000000376e+00 2.565608024597167969e+00
6.848939999999999806e+00 2.565608024597167969e+00
6.854887999999999870e+00 2.565608024597167969e+00
6.860844000000000165e+00 2.565608024597167969e+00
6.866899000000000086e+00 2.565608024597167969e+00
6.872861000000000331e+00 2.560433387756347656e+00
6.878886999999999752e+00 2.560433387756347656e+00
6.883011999999999908e+00 2.560433387756347656e+00
6.888954000000000022e+00 2.555258750915527344e+00
6.897052000000000405e+00 2.555258750915527344e+00
6.903335000000000221e+00 2.560433387756347656e+00
6.907557999999999865e+00 2.555258750915527344e+00
6.913457000000000185e+00 2.560433387756347656e+00
6.919505000000000017e+00 2.560433387756347656e+00
6.923578000000000010e+00 2.565608024597167969e+00
6.929565000000000197e+00 2.565608024597167969e+00
6.935589000000000226e+00 2.565608024597167969e+00
6.941582000000000363e+00 2.565608024597167969e+00
6.947637000000000285e+00 2.565608024597167969e+00
6.953628000000000142e+00 2.565608024597167969e+00
6.957764000000000060e+00 2.560433387756347656e+00
6.963681000000000232e+00 2.565608024597167969e+00
6.969744000000000383e+00 2.560433387756347656e+00
6.975808999999999926e+00 2.555258750915527344e+00
6.981887000000000398e+00 2.555258750915527344e+00
6.987912999999999819e+00 2.560433387756347656e+00
6.993913000000000046e+00 2.555258750915527344e+00
6.999965000000000437e+00 2.560433387756347656e+00
7.006064000000000291e+00 2.560433387756347656e+00
7.014437000000000033e+00 2.560433387756347656e+00
7.020573999999999870e+00 2.565608024597167969e+00
7.026682000000000095e+00 2.565608024597167969e+00
7.032752999999999588e+00 2.565608024597167969e+00
7.038847999999999772e+00 2.565608024597167969e+00
7.045830999999999733e+00 2.560433387756347656e+00
7.053632000000000346e+00 2.560433387756347656e+00
7.061468999999999774e+00 2.565608024597167969e+00
7.069351000000000163e+00 2.565608024597167969e+00
7.077194000000000429e+00 2.560433387756347656e+00
7.085016999999999676e+00 2.560433387756347656e+00
7.092837000000000280e+00 2.560433387756347656e+00
7.100694999999999979e+00 2.560433387756347656e+00
7.108473000000000042e+00 2.560433387756347656e+00
7.116697000000000273e+00 2.560433387756347656e+00
7.124507999999999619e+00 2.560433387756347656e+00
7.135962000000000138e+00 2.565608024597167969e+00
7.143784000000000134e+00 2.565608024597167969e+00
7.149918000000000440e+00 2.565608024597167969e+00
7.156042000000000236e+00 2.565608024597167969e+00
7.162126999999999910e+00 2.565608024597167969e+00
7.168277999999999928e+00 2.565608024597167969e+00
7.174350999999999701e+00 2.560433387756347656e+00
7.180455000000000254e+00 2.560433387756347656e+00
7.186570999999999820e+00 2.560433387756347656e+00
7.192630000000000301e+00 2.555258750915527344e+00
7.198769000000000418e+00 2.555258750915527344e+00
7.204839999999999911e+00 2.555258750915527344e+00
7.208999000000000379e+00 2.555258750915527344e+00
7.215028000000000219e+00 2.555258750915527344e+00
7.221123000000000403e+00 2.560433387756347656e+00
7.227190000000000225e+00 2.565608024597167969e+00
7.233304000000000400e+00 2.565608024597167969e+00
7.239461999999999620e+00 2.565608024597167969e+00
7.245841000000000420e+00 2.565608024597167969e+00
7.254738999999999827e+00 2.565608024597167969e+00
7.260898000000000074e+00 2.565608024597167969e+00
7.267058999999999713e+00 2.565608024597167969e+00
7.273141999999999996e+00 2.560433387756347656e+00
7.279327000000000325e+00 2.555258750915527344e+00
7.285486999999999824e+00 2.555258750915527344e+00
7.291600999999999999e+00 2.555258750915527344e+00
7.297722000000000264e+00 2.560433387756347656e+00
7.303873000000000282e+00 2.555258750915527344e+00
7.310043000000000291e+00 2.555258750915527344e+00
7.316243000000000052e+00 2.555258750915527344e+00
7.322370000000000267e+00 2.560433387756347656e+00
7.328553000000000317e+00 2.565608024597167969e+00
7.334666999999999604e+00 2.565608024597167969e+00
7.340798000000000378e+00 2.565608024597167969e+00
7.346968999999999639e+00 2.565608024597167969e+00
7.353086000000000233e+00 2.565608024597167969e+00
7.359278999999999904e+00 2.565608024597167969e+00
7.367539999999999978e+00 2.565608024597167969e+00
7.373897999999999620e+00 2.555258750915527344e+00
7.380092999999999570e+00 2.555258750915527344e+00
7.386269999999999669e+00 2.555258750915527344e+00
7.392392000000000074e+00 2.555258750915527344e+00
7.398584999999999745e+00 2.555258750915527344e+00
7.404742999999999853e+00 2.560433387756347656e+00
7.410890000000000200e+00 2.560433387756347656e+00
7.417151999999999745e+00 2.560433387756347656e+00
7.423284999999999911e+00 2.565608024597167969e+00
7.429486999999999952e+00 2.565608024597167969e+00
7.435692999999999664e+00 2.565608024597167969e+00
7.441912000000000305e+00 2.565608024597167969e+00
7.448058999999999763e+00 2.565608024597167969e+00
7.454221999999999682e+00 2.560433387756347656e+00
7.458409999999999762e+00 2.560433387756347656e+00
7.464463000000000292e+00 2.560433387756347656e+00
7.470766000000000240e+00 2.560433387756347656e+00
7.479073999999999778e+00 2.555258750915527344e+00
7.485572000000000337e+00 2.555258750915527344e+00
7.491747000000000156e+00 2.560433387756347656e+00
7.497923000000000116e+00 2.560433387756347656e+00
7.504105000000000025e+00 2.555258750915527344e+00
7.510309000000000346e+00 2.555258750915527344e+00
7.516570999999999891e+00 2.560433387756347656e+00
7.522758999999999752e+00 2.565608024597167969e+00
7.527026000000000217e+00 2.565608024597167969e+00
7.533157000000000103e+00 2.565608024597167969e+00
7.539399000000000406e+00 2.560433387756347656e+00
7.545665999999999762e+00 2.560433387756347656e+00
7.551873999999999754e+00 2.565608024597167969e+00
7.558095999999999925e+00 2.565608024597167969e+00
7.567158000000000051e+00 2.638051986694335938e+00
7.576899000000000051e+00 4.164557456970214844e+00
7.588655000000000150e+00 4.790682792663574219e+00
7.600471999999999895e+00 4.790682792663574219e+00
7.606772000000000311e+00 4.790682792663574219e+00
7.612975999999999743e+00 4.790682792663574219e+00
7.619296000000000291e+00 4.795857429504394531e+00
7.625560000000000116e+00 4.795857429504394531e+00
7.631776000000000337e+00 4.795857429504394531e+00
7.637982000000000049e+00 4.795857429504394531e+00
7.644198000000000270e+00 4.795857429504394531e+00
7.650443000000000104e+00 4.795857429504394531e+00
7.656737999999999822e+00 4.801032066345214844e+00
7.662933999999999912e+00 4.801032066345214844e+00
7.667174000000000156e+00 4.795857429504394531e+00
7.673313000000000272e+00 4.795857429504394531e+00
7.679592000000000418e+00 4.790682792663574219e+00
7.685878999999999905e+00 4.790682792663574219e+00
7.692111999999999838e+00 4.790682792663574219e+00
7.696362999999999843e+00 4.790682792663574219e+00
7.702760999999999747e+00 4.790682792663574219e+00
7.713283999999999807e+00 4.790682792663574219e+00
7.722116999999999898e+00 4.795857429504394531e+00
7.736970000000000347e+00 4.795857429504394531e+00
7.744997999999999827e+00 4.801032066345214844e+00
7.753491999999999607e+00 4.801032066345214844e+00
7.764651999999999887e+00 4.801032066345214844e+00
7.771015000000000228e+00 4.795857429504394531e+00
7.777364000000000388e+00 4.790682792663574219e+00
7.781571999999999711e+00 4.790682792663574219e+00
7.787802000000000113e+00 4.790682792663574219e+00
7.791998000000000424e+00 4.790682792663574219e+00
7.798345000000000304e+00 4.790682792663574219e+00
7.802561999999999998e+00 4.785508155822753906e+00
7.806778999999999691e+00 4.790682792663574219e+00
7.812979000000000340e+00 4.790682792663574219e+00
7.819485000000000241e+00 4.795857429504394531e+00
7.825859000000000343e+00 4.795857429504394531e+00
7.832171999999999912e+00 4.801032066345214844e+00
7.840487999999999680e+00 4.801032066345214844e+00
7.847102999999999717e+00 4.795857429504394531e+00
7.853439999999999976e+00 4.801032066345214844e+00
7.859831999999999930e+00 4.795857429504394531e+00
7.866223999999999883e+00 4.795857429504394531e+00
7.872592000000000034e+00 4.790682792663574219e+00
7.878987000000000407e+00 4.790682792663574219e+00
7.885383000000000031e+00 4.790682792663574219e+00
7.891716999999999871e+00 4.785508155822753906e+00
7.898058999999999941e+00 4.790682792663574219e+00
7.904409000000000241e+00 4.785508155822753906e+00
7.910758999999999652e+00 4.790682792663574219e+00
7.917159999999999975e+00 4.790682792663574219e+00
7.923545999999999978e+00 4.801032066345214844e+00
7.929973999999999634e+00 4.801032066345214844e+00
7.936392999999999809e+00 4.795857429504394531e+00
7.942732000000000347e+00 4.801032066345214844e+00
7.949170999999999765e+00 4.795857429504394531e+00
7.957743999999999929e+00 4.795857429504394531e+00
7.964322000000000124e+00 4.795857429504394531e+00
