5.389999999999999826e-04 2.565608024597167969e+00
8.850999999999999493e-03 2.565608024597167969e+00
1.246700000000000065e-02 2.565608024597167969e+00
1.579300000000000148e-02 2.565608024597167969e+00
1.924599999999999922e-02 2.565608024597167969e+00
2.270000000000000143e-02 2.565608024597167969e+00
2.599200000000000121e-02 2.565608024597167969e+00
2.943300000000000083e-02 2.560433387756347656e+00
3.289999999999999869e-02 2.565608024597167969e+00
3.650400000000000172e-02 2.565608024597167969e+00
4.010699999999999682e-02 2.565608024597167969e+00
4.357799999999999868e-02 2.565608024597167969e+00
4.700499999999999817e-02 2.565608024597167969e+00
5.047499999999999903e-02 2.565608024597167969e+00
5.391100000000000059e-02 2.560433387756347656e+00
5.751499999999999668e-02 2.565608024597167969e+00
6.096499999999999836e-02 2.560433387756347656e+00
6.441399999999999904e-02 2.555258750915527344e+00
6.786200000000000565e-02 2.565608024597167969e+00
7.117700000000000415e-02 2.565608024597167969e+00
7.480299999999999450e-02 2.565608024597167969e+00
7.820499999999999674e-02 2.565608024597167969e+00
8.166700000000000348e-02 2.565608024597167969e+00
8.520300000000000096e-02 2.565608024597167969e+00
8.866400000000000670e-02 2.565608024597167969e+00
9.664300000000000668e-02 2.565608024597167969e+00
1.043850000000000056e-01 2.565608024597167969e+00
1.092570000000000069e-01 2.570782661437988281e+00
1.159629999999999966e-01 2.570782661437988281e+00
1.240129999999999982e-01 2.565608024597167969e+00
1.274810000000000110e-01 2.565608024597167969e+00
1.307730000000000004e-01 2.560433387756347656e+00
1.342550000000000132e-01 2.565608024597167969e+00
1.377240000000000131e-01 2.565608024597167969e+00
1.413149999999999962e-01 2.565608024597167969e+00
1.447839999999999960e-01 2.560433387756347656e+00
1.482269999999999976e-01 2.560433387756347656e+00
1.516609999999999903e-01 2.560433387756347656e+00
1.552699999999999914e-01 2.560433387756347656e+00
1.587200000000000000e-01 2.560433387756347656e+00
1.622270000000000101e-01 2.560433387756347656e+00
1.656179999999999874e-01 2.565608024597167969e+00
1.690800000000000081e-01 2.565608024597167969e+00
1.725270000000000137e-01 2.565608024597167969e+00
1.759660000000000113e-01 2.565608024597167969e+00
1.794159999999999922e-01 2.565608024597167969e+00
1.828720000000000068e-01 2.570782661437988281e+00
1.865070000000000061e-01 2.570782661437988281e+00
1.900959999999999872e-01 2.570782661437988281e+00
1.937129999999999963e-01 2.570782661437988281e+00
1.971120000000000094e-01 2.570782661437988281e+00
2.005770000000000053e-01 2.565608024597167969e+00
2.040279999999999871e-01 2.570782661437988281e+00
2.074799999999999978e-01 2.570782661437988281e+00
2.108119999999999994e-01 2.570782661437988281e+00
2.142890000000000073e-01 2.570782661437988281e+00
2.178650000000000031e-01 2.565608024597167969e+00
2.211760000000000115e-01 2.565608024597167969e+00
2.246229999999999893e-01 2.565608024597167969e+00
2.330520000000000092e-01 2.560433387756347656e+00
2.365430000000000033e-01 2.555258750915527344e+00
2.400259999999999894e-01 2.560433387756347656e+00
2.434860000000000080e-01 2.565608024597167969e+00
2.470650000000000068e-01 2.560433387756347656e+00
2.503589999999999982e-01 2.560433387756347656e+00
2.538090000000000068e-01 2.560433387756347656e+00
2.572599999999999887e-01 2.560433387756347656e+00
2.607129999999999725e-01 2.560433387756347656e+00
2.640319999999999889e-01 2.560433387756347656e+00
2.674619999999999775e-01 2.565608024597167969e+00
2.709219999999999962e-01 2.565608024597167969e+00
2.743630000000000235e-01 2.570782661437988281e+00
2.779619999999999869e-01 2.570782661437988281e+00
2.814289999999999847e-01 2.565608024597167969e+00
2.850150000000000183e-01 2.570782661437988281e+00
2.884709999999999774e-01 2.570782661437988281e+00
2.917549999999999866e-01 2.570782661437988281e+00
2.952219999999999844e-01 2.570782661437988281e+00
2.986579999999999790e-01 2.570782661437988281e+00
3.021130000000000204e-01 2.570782661437988281e+00
3.056139999999999968e-01 2.565608024597167969e+00
3.090439999999999854e-01 2.565608024597167969e+00
3.125209999999999932e-01 2.570782661437988281e+00
3.161089999999999733e-01 2.565608024597167969e+00
3.197160000000000002e-01 2.560433387756347656e+00
3.233389999999999875e-01 2.560433387756347656e+00
3.267650000000000277e-01 2.565608024597167969e+00
3.302180000000000115e-01 2.560433387756347656e+00
3.336870000000000114e-01 2.560433387756347656e+00
3.412890000000000090e-01 2.560433387756347656e+00
3.451460000000000083e-01 2.560433387756347656e+00
3.486150000000000082e-01 2.555258750915527344e+00
3.520639999999999881e-01 2.560433387756347656e+00
3.556940000000000102e-01 2.565608024597167969e+00
3.589629999999999765e-01 2.560433387756347656e+00
3.624330000000000052e-01 2.565608024597167969e+00
3.658640000000000225e-01 2.565608024597167969e+00
3.693219999999999836e-01 2.565608024597167969e+00
3.727679999999999882e-01 2.565608024597167969e+00
3.762130000000000196e-01 2.570782661437988281e+00
3.796660000000000035e-01 2.570782661437988281e+00
3.831820000000000226e-01 2.570782661437988281e+00
3.868949999999999889e-01 2.570782661437988281e+00
3.904739999999999878e-01 2.570782661437988281e+00
3.937669999999999781e-01 2.570782661437988281e+00
3.972160000000000135e-01 2.565608024597167969e+00
4.007049999999999779e-01 2.565608024597167969e+00
4.043120000000000047e-01 2.565608024597167969e+00
4.079320000000000168e-01 2.565608024597167969e+00
4.113609999999999767e-01 2.565608024597167969e+00
4.148129999999999873e-01 2.565608024597167969e+00
4.182669999999999999e-01 2.565608024597167969e+00
4.215619999999999923e-01 2.560433387756347656e+00
4.251630000000000131e-01 2.565608024597167969e+00
4.286050000000000137e-01 2.560433387756347656e+00
4.320789999999999909e-01 2.560433387756347656e+00
4.356789999999999830e-01 2.565608024597167969e+00
4.389549999999999841e-01 2.565608024597167969e+00
4.424319999999999919e-01 2.565608024597167969e+00
4.458579999999999766e-01 2.560433387756347656e+00
4.492999999999999772e-01 2.565608024597167969e+00
4.574989999999999890e-01 2.565608024597167969e+00
4.612910000000000066e-01 2.565608024597167969e+00
4.649150000000000227e-01 2.565608024597167969e+00
4.684789999999999788e-01 2.570782661437988281e+00
4.717700000000000227e-01 2.570782661437988281e+00
4.752239999999999798e-01 2.570782661437988281e+00
4.786909999999999776e-01 2.570782661437988281e+00
4.819680000000000075e-01 2.565608024597167969e+00
4.854220000000000201e-01 2.565608024597167969e+00
4.888480000000000047e-01 2.565608024597167969e+00
4.922250000000000236e-01 2.570782661437988281e+00
4.956530000000000102e-01 2.565608024597167969e+00
4.991010000000000169e-01 2.565608024597167969e+00
5.027439999999999687e-01 2.565608024597167969e+00
5.061579999999999968e-01 2.565608024597167969e+00
5.096079999999999499e-01 2.570782661437988281e+00
5.130630000000000468e-01 2.570782661437988281e+00
5.165089999999999959e-01 2.565608024597167969e+00
5.201160000000000228e-01 2.560433387756347656e+00
5.234130000000000171e-01 2.565608024597167969e+00
5.268650000000000277e-01 2.570782661437988281e+00
5.301620000000000221e-01 2.565608024597167969e+00
5.336090000000000000e-01 2.565608024597167969e+00
5.370570000000000066e-01 2.565608024597167969e+00
5.405119999999999925e-01 2.565608024597167969e+00
5.438309999999999533e-01 2.565608024597167969e+00
5.472620000000000262e-01 2.565608024597167969e+00
5.507269999999999666e-01 2.560433387756347656e+00
5.543219999999999814e-01 2.565608024597167969e+00
5.577640000000000375e-01 2.565608024597167969e+00
5.612139999999999906e-01 2.565608024597167969e+00
5.647039999999999837e-01 2.560433387756347656e+00
5.725529999999999786e-01 2.570782661437988281e+00
5.763179999999999970e-01 2.565608024597167969e+00
5.797649999999999748e-01 2.565608024597167969e+00
5.832159999999999567e-01 2.565608024597167969e+00
5.866620000000000168e-01 2.565608024597167969e+00
5.899799999999999489e-01 2.565608024597167969e+00
5.934469999999999468e-01 2.565608024597167969e+00
5.968999999999999861e-01 2.565608024597167969e+00
6.005040000000000378e-01 2.565608024597167969e+00
6.038019999999999499e-01 2.565608024597167969e+00
6.072739999999999805e-01 2.570782661437988281e+00
6.107040000000000246e-01 2.570782661437988281e+00
6.141539999999999777e-01 2.570782661437988281e+00
6.176000000000000378e-01 2.565608024597167969e+00
6.210499999999999909e-01 2.565608024597167969e+00
6.245209999999999928e-01 2.565608024597167969e+00
6.281120000000000037e-01 2.565608024597167969e+00
6.315749999999999975e-01 2.565608024597167969e+00
6.351639999999999509e-01 2.565608024597167969e+00
6.390679999999999694e-01 2.565608024597167969e+00
6.423879999999999590e-01 2.565608024597167969e+00
6.458089999999999664e-01 2.560433387756347656e+00
6.492620000000000058e-01 2.560433387756347656e+00
6.527410000000000156e-01 2.560433387756347656e+00
6.563229999999999897e-01 2.560433387756347656e+00
6.597690000000000499e-01 2.560433387756347656e+00
6.632179999999999742e-01 2.560433387756347656e+00
6.666750000000000176e-01 2.565608024597167969e+00
6.699779999999999625e-01 2.565608024597167969e+00
6.734160000000000146e-01 2.570782661437988281e+00
6.768600000000000172e-01 2.565608024597167969e+00
6.851949999999999985e-01 2.565608024597167969e+00
6.889140000000000263e-01 2.565608024597167969e+00
6.924500000000000099e-01 2.570782661437988281e+00
6.958999999999999631e-01 2.570782661437988281e+00
6.991939999999999822e-01 2.570782661437988281e+00
7.026499999999999968e-01 2.570782661437988281e+00
7.061020000000000074e-01 2.565608024597167969e+00
7.094009999999999483e-01 2.570782661437988281e+00
7.128600000000000492e-01 2.565608024597167969e+00
7.161429999999999740e-01 2.565608024597167969e+00
7.195930000000000382e-01 2.565608024597167969e+00
7.230490000000000528e-01 2.565608024597167969e+00
7.264990000000000059e-01 2.565608024597167969e+00
7.297960000000000003e-01 2.565608024597167969e+00
7.332520000000000149e-01 2.560433387756347656e+00
7.367019999999999680e-01 2.560433387756347656e+00
7.401529999999999498e-01 2.560433387756347656e+00
7.435969999999999525e-01 2.565608024597167969e+00
7.470489999999999631e-01 2.560433387756347656e+00
7.503400000000000070e-01 2.560433387756347656e+00
7.537869999999999848e-01 2.560433387756347656e+00
7.572489999999999499e-01 2.560433387756347656e+00
7.606939999999999813e-01 2.560433387756347656e+00
7.639890000000000292e-01 2.560433387756347656e+00
7.674429999999999863e-01 2.565608024597167969e+00
7.708949999999999969e-01 2.565608024597167969e+00
7.743409999999999460e-01 2.570782661437988281e+00
7.777899999999999814e-01 2.570782661437988281e+00
7.812780000000000280e-01 2.570782661437988281e+00
7.848870000000000013e-01 2.570782661437988281e+00
7.881770000000000165e-01 2.570782661437988281e+00
7.922390000000000265e-01 2.570782661437988281e+00
7.957210000000000116e-01 2.570782661437988281e+00
8.031350000000000433e-01 2.565608024597167969e+00
8.065769999999999884e-01 2.570782661437988281e+00
8.100289999999999990e-01 2.570782661437988281e+00
8.134730000000000016e-01 2.570782661437988281e+00
8.167699999999999960e-01 2.565608024597167969e+00
8.202220000000000066e-01 2.560433387756347656e+00
8.236809999999999965e-01 2.560433387756347656e+00
8.269680000000000364e-01 2.560433387756347656e+00
8.304179999999999895e-01 2.560433387756347656e+00
8.338750000000000329e-01 2.560433387756347656e+00
8.371669999999999945e-01 2.560433387756347656e+00
8.406120000000000259e-01 2.560433387756347656e+00
8.440739999999999910e-01 2.560433387756347656e+00
8.473659999999999526e-01 2.560433387756347656e+00
8.508099999999999552e-01 2.560433387756347656e+00
8.542619999999999658e-01 2.560433387756347656e+00
8.575589999999999602e-01 2.560433387756347656e+00
8.610039999999999916e-01 2.560433387756347656e+00
8.644699999999999607e-01 2.560433387756347656e+00
8.677629999999999511e-01 2.565608024597167969e+00
8.712060000000000359e-01 2.565608024597167969e+00
8.746950000000000003e-01 2.570782661437988281e+00
8.779940000000000522e-01 2.570782661437988281e+00
8.814429999999999765e-01 2.570782661437988281e+00
8.850540000000000074e-01 2.570782661437988281e+00
8.883459999999999690e-01 2.565608024597167969e+00
8.917819999999999636e-01 2.570782661437988281e+00
8.952440000000000397e-01 2.570782661437988281e+00
8.987039999999999473e-01 2.565608024597167969e+00
9.019979999999999665e-01 2.565608024597167969e+00
9.054510000000000058e-01 2.565608024597167969e+00
9.087509999999999755e-01 2.570782661437988281e+00
9.167809999999999571e-01 2.565608024597167969e+00
9.203869999999999552e-01 2.560433387756347656e+00
9.238399999999999945e-01 2.560433387756347656e+00
9.272939999999999516e-01 2.560433387756347656e+00
9.305900000000000283e-01 2.560433387756347656e+00
9.340370000000000061e-01 2.560433387756347656e+00
9.374940000000000495e-01 2.560433387756347656e+00
9.407870000000000399e-01 2.560433387756347656e+00
9.442380000000000217e-01 2.565608024597167969e+00
9.476930000000000076e-01 2.565608024597167969e+00
9.509919999999999485e-01 2.565608024597167969e+00
9.544399999999999551e-01 2.565608024597167969e+00
9.578959999999999697e-01 2.565608024597167969e+00
9.611889999999999601e-01 2.560433387756347656e+00
9.646409999999999707e-01 2.565608024597167969e+00
9.680990000000000428e-01 2.570782661437988281e+00
9.714310000000000445e-01 2.565608024597167969e+00
9.750330000000000386e-01 2.570782661437988281e+00
9.784899999999999709e-01 2.570782661437988281e+00
9.817820000000000435e-01 2.570782661437988281e+00
9.852319999999999967e-01 2.570782661437988281e+00
9.886890000000000400e-01 2.565608024597167969e+00
9.922940000000000094e-01 2.570782661437988281e+00
9.959050000000000402e-01 2.565608024597167969e+00
9.992020000000000346e-01 2.565608024597167969e+00
1.002658999999999967e+00 2.565608024597167969e+00
1.007463999999999915e+00 2.565608024597167969e+00
1.011532000000000098e+00 2.565608024597167969e+00
1.015711000000000030e+00 2.565608024597167969e+00
1.019760000000000000e+00 2.560433387756347656e+00
1.023852999999999902e+00 2.560433387756347656e+00
1.032589999999999897e+00 2.565608024597167969e+00
1.037082999999999977e+00 2.560433387756347656e+00
1.041166999999999954e+00 2.565608024597167969e+00
1.045385999999999926e+00 2.565608024597167969e+00
1.049455999999999944e+00 2.565608024597167969e+00
1.053595000000000059e+00 2.560433387756347656e+00
1.057673000000000085e+00 2.560433387756347656e+00
1.061752999999999947e+00 2.565608024597167969e+00
1.065992999999999968e+00 2.565608024597167969e+00
1.070130999999999943e+00 2.565608024597167969e+00
1.074305999999999983e+00 2.570782661437988281e+00
1.078392000000000017e+00 2.565608024597167969e+00
1.082591999999999999e+00 2.565608024597167969e+00
1.086710999999999983e+00 2.565608024597167969e+00
1.090940000000000021e+00 2.570782661437988281e+00
1.101317000000000101e+00 2.570782661437988281e+00
1.112521000000000093e+00 2.565608024597167969e+00
1.121695000000000109e+00 2.560433387756347656e+00
1.126233999999999957e+00 2.560433387756347656e+00
1.130370000000000097e+00 2.560433387756347656e+00
1.134800000000000031e+00 2.565608024597167969e+00
1.138940999999999981e+00 2.565608024597167969e+00
1.147739999999999982e+00 2.565608024597167969e+00
1.152450999999999892e+00 2.560433387756347656e+00
1.156576999999999966e+00 2.560433387756347656e+00
1.160674999999999901e+00 2.555258750915527344e+00
1.164914000000000005e+00 2.555258750915527344e+00
1.169081000000000037e+00 2.565608024597167969e+00
1.173253000000000101e+00 2.565608024597167969e+00
1.177397000000000027e+00 2.565608024597167969e+00
1.181511999999999896e+00 2.565608024597167969e+00
1.185834999999999972e+00 2.565608024597167969e+00
1.189999000000000029e+00 2.565608024597167969e+00
1.194166000000000061e+00 2.565608024597167969e+00
1.198870000000000102e+00 2.565608024597167969e+00
1.203114000000000017e+00 2.565608024597167969e+00
1.207265999999999950e+00 2.565608024597167969e+00
1.211499000000000104e+00 2.565608024597167969e+00
1.215867999999999949e+00 2.570782661437988281e+00
1.220245999999999942e+00 2.565608024597167969e+00
1.224482000000000070e+00 2.560433387756347656e+00
1.228626999999999914e+00 2.565608024597167969e+00
1.232920000000000016e+00 2.565608024597167969e+00
1.237109000000000014e+00 2.560433387756347656e+00
1.241292000000000062e+00 2.555258750915527344e+00
1.245535000000000059e+00 2.555258750915527344e+00
1.249719999999999942e+00 2.555258750915527344e+00
1.253943000000000030e+00 2.555258750915527344e+00
1.262739000000000056e+00 2.555258750915527344e+00
1.267306999999999961e+00 2.565608024597167969e+00
1.271652000000000005e+00 2.565608024597167969e+00
1.275979999999999892e+00 2.565608024597167969e+00
1.280162000000000022e+00 2.565608024597167969e+00
1.284453999999999985e+00 2.570782661437988281e+00
1.288650000000000073e+00 2.565608024597167969e+00
1.292947000000000068e+00 2.570782661437988281e+00
1.297209000000000056e+00 2.565608024597167969e+00
1.301582000000000017e+00 2.565608024597167969e+00
1.305948000000000109e+00 2.565608024597167969e+00
1.310154999999999959e+00 2.565608024597167969e+00
1.314508000000000010e+00 2.570782661437988281e+00
1.318718999999999975e+00 2.565608024597167969e+00
1.323042999999999969e+00 2.560433387756347656e+00
1.327258000000000049e+00 2.560433387756347656e+00
1.330508999999999942e+00 2.560433387756347656e+00
1.334872999999999976e+00 2.560433387756347656e+00
1.339131999999999989e+00 2.560433387756347656e+00
1.343401000000000067e+00 2.560433387756347656e+00
1.347645999999999900e+00 2.560433387756347656e+00
1.351898999999999962e+00 2.555258750915527344e+00
1.356278000000000095e+00 2.555258750915527344e+00
1.360543999999999976e+00 2.560433387756347656e+00
1.364907000000000092e+00 2.560433387756347656e+00
1.369212000000000096e+00 2.565608024597167969e+00
1.378147999999999929e+00 2.565608024597167969e+00
1.382873000000000019e+00 2.565608024597167969e+00
1.387180999999999997e+00 2.565608024597167969e+00
1.391461999999999977e+00 2.565608024597167969e+00
1.395852000000000093e+00 2.565608024597167969e+00
1.400163999999999964e+00 2.565608024597167969e+00
1.404708999999999985e+00 2.565608024597167969e+00
1.409024999999999972e+00 2.565608024597167969e+00
1.413354999999999917e+00 2.565608024597167969e+00
1.417662999999999895e+00 2.560433387756347656e+00
1.422042000000000028e+00 2.555258750915527344e+00
1.426422999999999996e+00 2.555258750915527344e+00
1.430744000000000016e+00 2.555258750915527344e+00
1.435148000000000090e+00 2.555258750915527344e+00
1.439545000000000075e+00 2.555258750915527344e+00
1.443877000000000077e+00 2.560433387756347656e+00
1.448209000000000080e+00 2.560433387756347656e+00
1.452628000000000030e+00 2.560433387756347656e+00
1.456974999999999909e+00 2.560433387756347656e+00
1.461298999999999904e+00 2.560433387756347656e+00
1.465716000000000019e+00 2.560433387756347656e+00
1.470131999999999994e+00 2.565608024597167969e+00
1.474571999999999994e+00 2.565608024597167969e+00
1.478898000000000046e+00 2.565608024597167969e+00
1.483252000000000015e+00 2.565608024597167969e+00
1.487702000000000080e+00 2.565608024597167969e+00
1.497081000000000106e+00 2.565608024597167969e+00
1.501818000000000097e+00 2.565608024597167969e+00
1.506572000000000022e+00 2.565608024597167969e+00
1.510958999999999941e+00 2.565608024597167969e+00
1.515395000000000048e+00 2.565608024597167969e+00
1.519781999999999966e+00 2.555258750915527344e+00
1.524196000000000106e+00 2.560433387756347656e+00
1.528577000000000075e+00 2.555258750915527344e+00
1.533047000000000049e+00 2.565608024597167969e+00
1.537479000000000040e+00 2.565608024597167969e+00
1.541876999999999942e+00 2.565608024597167969e+00
1.546383000000000063e+00 2.565608024597167969e+00
1.550775000000000015e+00 2.560433387756347656e+00
1.555264999999999898e+00 2.560433387756347656e+00
1.559654000000000096e+00 2.565608024597167969e+00
1.564084999999999948e+00 2.565608024597167969e+00
1.568489999999999940e+00 2.565608024597167969e+00
1.573037000000000019e+00 2.565608024597167969e+00
1.577445999999999904e+00 2.565608024597167969e+00
1.581843000000000110e+00 2.560433387756347656e+00
1.586403999999999925e+00 2.560433387756347656e+00
1.590988000000000069e+00 2.565608024597167969e+00
1.595480000000000009e+00 2.565608024597167969e+00
1.599928000000000017e+00 2.565608024597167969e+00
1.604462999999999973e+00 2.565608024597167969e+00
1.617375999999999925e+00 2.565608024597167969e+00
1.621990999999999961e+00 2.560433387756347656e+00
1.626549999999999940e+00 2.565608024597167969e+00
1.630981999999999932e+00 2.565608024597167969e+00
1.635504000000000069e+00 2.560433387756347656e+00
1.639998999999999985e+00 2.560433387756347656e+00
1.644554000000000071e+00 2.560433387756347656e+00
1.649019000000000013e+00 2.560433387756347656e+00
1.653488999999999987e+00 2.560433387756347656e+00
1.657948999999999895e+00 2.555258750915527344e+00
1.662498000000000031e+00 2.555258750915527344e+00
1.666978999999999989e+00 2.560433387756347656e+00
1.671491000000000060e+00 2.565608024597167969e+00
1.676093999999999973e+00 2.565608024597167969e+00
1.680579000000000045e+00 2.565608024597167969e+00
1.685140000000000082e+00 2.565608024597167969e+00
1.689680999999999989e+00 2.565608024597167969e+00
1.694177999999999962e+00 2.565608024597167969e+00
1.698685000000000000e+00 2.565608024597167969e+00
1.703292000000000028e+00 2.570782661437988281e+00
1.707837999999999967e+00 2.565608024597167969e+00
1.712596000000000007e+00 2.565608024597167969e+00
1.717119999999999980e+00 2.565608024597167969e+00
1.721662000000000026e+00 2.560433387756347656e+00
1.726291000000000020e+00 2.560433387756347656e+00
1.735722999999999905e+00 2.560433387756347656e+00
1.740521999999999903e+00 2.560433387756347656e+00
1.745150999999999897e+00 2.560433387756347656e+00
1.749670999999999976e+00 2.560433387756347656e+00
1.754240000000000022e+00 2.555258750915527344e+00
1.758802999999999894e+00 2.555258750915527344e+00
1.763349000000000055e+00 2.555258750915527344e+00
1.767878999999999978e+00 2.560433387756347656e+00
1.772567000000000004e+00 2.565608024597167969e+00
1.776464999999999961e+00 2.565608024597167969e+00
1.780257999999999896e+00 2.565608024597167969e+00
1.784146999999999927e+00 2.565608024597167969e+00
1.787973999999999952e+00 2.565608024597167969e+00
1.791833999999999927e+00 2.570782661437988281e+00
1.795895999999999937e+00 2.565608024597167969e+00
1.799706999999999946e+00 2.565608024597167969e+00
1.803544999999999954e+00 2.565608024597167969e+00
1.807393000000000027e+00 2.570782661437988281e+00
1.811457000000000095e+00 2.565608024597167969e+00
1.815455999999999959e+00 2.565608024597167969e+00
1.819263000000000075e+00 2.560433387756347656e+00
1.823134000000000032e+00 2.560433387756347656e+00
1.826956999999999942e+00 2.560433387756347656e+00
1.830788000000000082e+00 2.555258750915527344e+00
1.834678999999999949e+00 2.555258750915527344e+00
1.838500999999999941e+00 2.555258750915527344e+00
1.842390999999999890e+00 2.555258750915527344e+00
1.849340999999999902e+00 2.555258750915527344e+00
1.853293999999999997e+00 2.555258750915527344e+00
1.857174000000000103e+00 2.555258750915527344e+00
1.861029999999999962e+00 2.560433387756347656e+00
1.864934000000000092e+00 2.560433387756347656e+00
1.868789000000000033e+00 2.565608024597167969e+00
1.872725999999999891e+00 2.565608024597167969e+00
1.876595000000000013e+00 2.570782661437988281e+00
1.880470000000000086e+00 2.565608024597167969e+00
1.884405000000000108e+00 2.565608024597167969e+00
1.888296999999999892e+00 2.565608024597167969e+00
1.892247999999999930e+00 2.565608024597167969e+00
1.896123999999999921e+00 2.570782661437988281e+00
1.899999999999999911e+00 2.565608024597167969e+00
1.903909999999999991e+00 2.565608024597167969e+00
1.907796999999999965e+00 2.565608024597167969e+00
1.911677000000000071e+00 2.565608024597167969e+00
1.915051999999999977e+00 2.565608024597167969e+00
1.918949000000000016e+00 2.555258750915527344e+00
1.922908000000000062e+00 2.555258750915527344e+00
1.926806999999999936e+00 2.555258750915527344e+00
1.930695999999999968e+00 2.555258750915527344e+00
1.934663999999999939e+00 2.555258750915527344e+00
1.938590000000000035e+00 2.555258750915527344e+00
1.942576999999999998e+00 2.560433387756347656e+00
1.946485999999999938e+00 2.555258750915527344e+00
1.950390000000000068e+00 2.560433387756347656e+00
1.954366999999999965e+00 2.560433387756347656e+00
1.958380999999999927e+00 2.560433387756347656e+00
1.965397999999999978e+00 2.565608024597167969e+00
1.969621000000000066e+00 2.565608024597167969e+00
1.973594999999999988e+00 2.565608024597167969e+00
1.977503000000000011e+00 2.565608024597167969e+00
1.981424000000000074e+00 2.565608024597167969e+00
1.985483000000000109e+00 2.565608024597167969e+00
1.989408999999999983e+00 2.565608024597167969e+00
1.993368000000000029e+00 2.565608024597167969e+00
1.997301999999999911e+00 2.565608024597167969e+00
2.001227000000000089e+00 2.565608024597167969e+00
2.005243000000000109e+00 2.565608024597167969e+00
2.009211000000000080e+00 2.565608024597167969e+00
2.013161000000000200e+00 2.565608024597167969e+00
2.017538000000000054e+00 2.560433387756347656e+00
2.021581999999999990e+00 2.555258750915527344e+00
2.025783999999999807e+00 2.555258750915527344e+00
2.029844999999999899e+00 2.555258750915527344e+00
2.033917999999999893e+00 2.560433387756347656e+00
2.037971000000000199e+00 2.560433387756347656e+00
2.042101999999999862e+00 2.560433387756347656e+00
2.046231000000000133e+00 2.560433387756347656e+00
2.050340999999999969e+00 2.560433387756347656e+00
2.054504999999999804e+00 2.560433387756347656e+00
2.058587999999999862e+00 2.560433387756347656e+00
2.062603000000000186e+00 2.560433387756347656e+00
2.066556999999999977e+00 2.565608024597167969e+00
2.070514000000000188e+00 2.565608024597167969e+00
2.074624000000000024e+00 2.565608024597167969e+00
2.081644999999999968e+00 2.565608024597167969e+00
2.086021000000000125e+00 2.565608024597167969e+00
2.090554000000000023e+00 2.565608024597167969e+00
2.094627000000000017e+00 2.565608024597167969e+00
2.098608000000000029e+00 2.565608024597167969e+00
2.106554000000000038e+00 2.565608024597167969e+00
2.114793999999999841e+00 2.565608024597167969e+00
2.119165000000000187e+00 2.560433387756347656e+00
2.124689000000000050e+00 2.560433387756347656e+00
2.130535000000000068e+00 2.560433387756347656e+00
2.134784999999999933e+00 2.560433387756347656e+00
2.137818999999999914e+00 2.560433387756347656e+00
2.141828999999999983e+00 2.560433387756347656e+00
2.145967999999999876e+00 2.555258750915527344e+00
2.149092000000000002e+00 2.560433387756347656e+00
2.153134000000000103e+00 2.555258750915527344e+00
2.157150000000000123e+00 2.560433387756347656e+00
2.161166000000000142e+00 2.555258750915527344e+00
2.165271000000000168e+00 2.555258750915527344e+00
2.169271999999999867e+00 2.560433387756347656e+00
2.173306000000000182e+00 2.565608024597167969e+00
2.177331999999999823e+00 2.565608024597167969e+00
2.181354999999999933e+00 2.560433387756347656e+00
2.185467000000000048e+00 2.565608024597167969e+00
2.189493999999999829e+00 2.565608024597167969e+00
2.196791000000000160e+00 2.565608024597167969e+00
2.200898000000000021e+00 2.565608024597167969e+00
2.204067999999999916e+00 2.565608024597167969e+00
2.208095999999999837e+00 2.565608024597167969e+00
2.212118999999999946e+00 2.565608024597167969e+00
2.216210999999999931e+00 2.565608024597167969e+00
2.220298000000000105e+00 2.560433387756347656e+00
2.223488999999999827e+00 2.560433387756347656e+00
2.227514000000000216e+00 2.560433387756347656e+00
2.231546999999999947e+00 2.560433387756347656e+00
2.235726999999999798e+00 2.560433387756347656e+00
2.239770000000000039e+00 2.555258750915527344e+00
2.242894000000000165e+00 2.555258750915527344e+00
2.246929999999999872e+00 2.555258750915527344e+00
2.250985000000000014e+00 2.555258750915527344e+00
2.255104999999999915e+00 2.555258750915527344e+00
2.259166000000000007e+00 2.555258750915527344e+00
2.262287999999999855e+00 2.560433387756347656e+00
2.266338999999999881e+00 2.560433387756347656e+00
2.269499999999999851e+00 2.560433387756347656e+00
2.272650000000000059e+00 2.565608024597167969e+00
2.276711999999999847e+00 2.565608024597167969e+00
2.279844000000000204e+00 2.565608024597167969e+00
2.283923000000000147e+00 2.565608024597167969e+00
2.287052999999999781e+00 2.565608024597167969e+00
2.291103000000000112e+00 2.565608024597167969e+00
2.295250999999999930e+00 2.565608024597167969e+00
2.299333999999999989e+00 2.565608024597167969e+00
2.303424000000000138e+00 2.565608024597167969e+00
2.307558999999999916e+00 2.565608024597167969e+00
2.315015999999999963e+00 2.565608024597167969e+00
2.319313999999999876e+00 2.565608024597167969e+00
2.323590999999999962e+00 2.560433387756347656e+00
2.327738000000000085e+00 2.560433387756347656e+00
2.330918000000000045e+00 2.555258750915527344e+00
2.335097000000000200e+00 2.560433387756347656e+00
2.339198999999999806e+00 2.555258750915527344e+00
2.343325999999999798e+00 2.555258750915527344e+00
2.347439000000000053e+00 2.555258750915527344e+00
2.351545999999999914e+00 2.555258750915527344e+00
2.355763000000000051e+00 2.555258750915527344e+00
2.359872000000000192e+00 2.560433387756347656e+00
2.364018000000000175e+00 2.555258750915527344e+00
2.368132000000000126e+00 2.560433387756347656e+00
2.371239000000000097e+00 2.565608024597167969e+00
2.375443000000000193e+00 2.565608024597167969e+00
2.379554999999999865e+00 2.565608024597167969e+00
2.382670000000000066e+00 2.565608024597167969e+00
2.386810999999999794e+00 2.565608024597167969e+00
2.390930000000000000e+00 2.565608024597167969e+00
2.395121000000000056e+00 2.565608024597167969e+00
2.398305999999999827e+00 2.565608024597167969e+00
2.401445999999999970e+00 2.565608024597167969e+00
2.405653000000000041e+00 2.565608024597167969e+00
2.408840000000000092e+00 2.565608024597167969e+00
2.413050000000000139e+00 2.565608024597167969e+00
2.417178999999999967e+00 2.555258750915527344e+00
2.421885000000000066e+00 2.550084114074707031e+00
2.429758000000000084e+00 2.555258750915527344e+00
2.433927999999999869e+00 2.555258750915527344e+00
2.438093999999999983e+00 2.555258750915527344e+00
2.441272999999999804e+00 2.555258750915527344e+00
2.445479999999999876e+00 2.555258750915527344e+00
2.448634000000000199e+00 2.555258750915527344e+00
2.452871000000000024e+00 2.555258750915527344e+00
2.457069000000000170e+00 2.555258750915527344e+00
2.461243000000000070e+00 2.560433387756347656e+00
2.465500000000000025e+00 2.560433387756347656e+00
2.468649000000000093e+00 2.565608024597167969e+00
2.472903000000000073e+00 2.565608024597167969e+00
2.477139000000000202e+00 2.565608024597167969e+00
2.482206999999999830e+00 2.565608024597167969e+00
2.487322999999999951e+00 2.565608024597167969e+00
2.492512000000000061e+00 2.565608024597167969e+00
2.497628999999999877e+00 2.560433387756347656e+00
2.502834000000000003e+00 2.565608024597167969e+00
2.507969000000000115e+00 2.565608024597167969e+00
2.513167999999999846e+00 2.565608024597167969e+00
2.518276999999999877e+00 2.560433387756347656e+00
2.523461000000000176e+00 2.555258750915527344e+00
2.528636999999999802e+00 2.555258750915527344e+00
2.533932000000000073e+00 2.555258750915527344e+00
2.544240999999999975e+00 2.560433387756347656e+00
2.549599000000000171e+00 2.555258750915527344e+00
2.554856000000000016e+00 2.555258750915527344e+00
2.560033999999999921e+00 2.560433387756347656e+00
2.565266999999999964e+00 2.560433387756347656e+00
2.570441000000000198e+00 2.560433387756347656e+00
2.575715000000000199e+00 2.565608024597167969e+00
2.580562000000000022e+00 2.565608024597167969e+00
2.584884000000000182e+00 2.560433387756347656e+00
2.589144000000000112e+00 2.565608024597167969e+00
2.593398999999999788e+00 2.565608024597167969e+00
2.597659000000000162e+00 2.560433387756347656e+00
2.600852999999999859e+00 2.560433387756347656e+00
2.605188000000000059e+00 2.560433387756347656e+00
2.609412999999999982e+00 2.565608024597167969e+00
2.613658000000000037e+00 2.565608024597167969e+00
2.617907000000000206e+00 2.555258750915527344e+00
2.622119999999999784e+00 2.555258750915527344e+00
2.626418999999999837e+00 2.560433387756347656e+00
2.630647000000000180e+00 2.560433387756347656e+00
2.634959999999999969e+00 2.560433387756347656e+00
2.639199000000000073e+00 2.560433387756347656e+00
2.643454000000000192e+00 2.555258750915527344e+00
2.647688000000000041e+00 2.555258750915527344e+00
2.651943000000000161e+00 2.560433387756347656e+00
2.659514999999999851e+00 2.560433387756347656e+00
2.664102000000000192e+00 2.555258750915527344e+00
2.668355000000000032e+00 2.560433387756347656e+00
2.672693999999999903e+00 2.560433387756347656e+00
2.676950999999999858e+00 2.560433387756347656e+00
2.681217999999999879e+00 2.565608024597167969e+00
2.684492000000000100e+00 2.565608024597167969e+00
2.688730000000000064e+00 2.560433387756347656e+00
2.693077999999999861e+00 2.565608024597167969e+00
2.697350000000000136e+00 2.560433387756347656e+00
2.701613000000000042e+00 2.565608024597167969e+00
2.705983999999999945e+00 2.565608024597167969e+00
2.710255000000000081e+00 2.565608024597167969e+00
2.714599999999999902e+00 2.565608024597167969e+00
2.718878000000000128e+00 2.560433387756347656e+00
2.723228000000000204e+00 2.560433387756347656e+00
2.727533999999999903e+00 2.560433387756347656e+00
2.731809000000000154e+00 2.555258750915527344e+00
2.736235000000000195e+00 2.555258750915527344e+00
2.739495999999999931e+00 2.560433387756347656e+00
2.743805000000000049e+00 2.560433387756347656e+00
2.748111000000000193e+00 2.555258750915527344e+00
2.752460999999999824e+00 2.550084114074707031e+00
2.755593000000000181e+00 2.555258750915527344e+00
2.759901000000000160e+00 2.555258750915527344e+00
2.764237000000000055e+00 2.555258750915527344e+00
2.767472000000000154e+00 2.560433387756347656e+00
2.774903000000000119e+00 2.560433387756347656e+00
2.779371999999999954e+00 2.560433387756347656e+00
2.783781999999999979e+00 2.560433387756347656e+00
2.788117000000000179e+00 2.560433387756347656e+00
2.792494000000000032e+00 2.565608024597167969e+00
2.796826999999999952e+00 2.565608024597167969e+00
2.800084000000000017e+00 2.565608024597167969e+00
2.804537999999999975e+00 2.565608024597167969e+00
2.808888000000000051e+00 2.565608024597167969e+00
2.813242999999999938e+00 2.565608024597167969e+00
2.817581999999999809e+00 2.560433387756347656e+00
2.820845999999999965e+00 2.555258750915527344e+00
2.825273999999999841e+00 2.555258750915527344e+00
2.829635000000000122e+00 2.555258750915527344e+00
2.833979999999999944e+00 2.555258750915527344e+00
2.838477999999999835e+00 2.550084114074707031e+00
2.842871999999999844e+00 2.555258750915527344e+00
2.847230999999999845e+00 2.550084114074707031e+00
2.850515999999999828e+00 2.550084114074707031e+00
2.854937000000000058e+00 2.555258750915527344e+00
2.859274999999999789e+00 2.555258750915527344e+00
2.863644999999999996e+00 2.555258750915527344e+00
2.868009999999999948e+00 2.560433387756347656e+00
2.871288999999999980e+00 2.560433387756347656e+00
2.875722999999999807e+00 2.565608024597167969e+00
2.880085999999999924e+00 2.565608024597167969e+00
2.884507999999999850e+00 2.565608024597167969e+00
2.891980999999999913e+00 2.565608024597167969e+00
2.896746999999999961e+00 2.565608024597167969e+00
2.901155999999999846e+00 2.565608024597167969e+00
2.904520999999999908e+00 2.565608024597167969e+00
2.908929000000000098e+00 2.565608024597167969e+00
2.913353999999999999e+00 2.565608024597167969e+00
2.917749999999999844e+00 2.560433387756347656e+00
2.921079999999999899e+00 2.555258750915527344e+00
2.925552999999999848e+00 2.555258750915527344e+00
2.928903000000000034e+00 2.555258750915527344e+00
2.933295999999999903e+00 2.555258750915527344e+00
2.937777999999999778e+00 2.555258750915527344e+00
2.941085000000000171e+00 2.555258750915527344e+00
2.945645999999999987e+00 2.555258750915527344e+00
2.950041999999999831e+00 2.555258750915527344e+00
2.954518999999999895e+00 2.555258750915527344e+00
2.958952000000000027e+00 2.555258750915527344e+00
2.963394000000000084e+00 2.555258750915527344e+00
2.966689000000000132e+00 2.560433387756347656e+00
2.971079000000000025e+00 2.565608024597167969e+00
2.975541000000000214e+00 2.565608024597167969e+00
2.979963000000000140e+00 2.565608024597167969e+00
2.984424000000000188e+00 2.565608024597167969e+00
2.988841999999999999e+00 2.560433387756347656e+00
2.993288999999999866e+00 2.565608024597167969e+00
2.997746999999999939e+00 2.560433387756347656e+00
3.005310999999999844e+00 2.560433387756347656e+00
3.009825000000000195e+00 2.560433387756347656e+00
3.014305999999999930e+00 2.560433387756347656e+00
3.018759999999999888e+00 2.555258750915527344e+00
3.022066999999999837e+00 2.550084114074707031e+00
3.026562000000000197e+00 2.555258750915527344e+00
3.029882000000000186e+00 2.550084114074707031e+00
3.034346999999999905e+00 2.555258750915527344e+00
3.038837000000000010e+00 2.550084114074707031e+00
3.043324000000000140e+00 2.560433387756347656e+00
3.047791999999999835e+00 2.555258750915527344e+00
3.052287999999999890e+00 2.560433387756347656e+00
3.055651000000000117e+00 2.555258750915527344e+00
3.060106000000000215e+00 2.560433387756347656e+00
3.063463000000000047e+00 2.555258750915527344e+00
3.067914000000000030e+00 2.560433387756347656e+00
3.072426999999999797e+00 2.565608024597167969e+00
3.076896000000000075e+00 2.565608024597167969e+00
3.081358999999999959e+00 2.565608024597167969e+00
3.085882999999999932e+00 2.560433387756347656e+00
3.090339000000000169e+00 2.560433387756347656e+00
3.094940999999999942e+00 2.565608024597167969e+00
3.099410999999999916e+00 2.560433387756347656e+00
3.103908000000000111e+00 2.560433387756347656e+00
3.112763000000000169e+00 2.560433387756347656e+00
3.122657999999999934e+00 2.555258750915527344e+00
3.132499999999999840e+00 2.560433387756347656e+00
3.139397000000000215e+00 2.560433387756347656e+00
3.143996000000000013e+00 2.555258750915527344e+00
3.148505999999999805e+00 2.555258750915527344e+00
3.153102000000000071e+00 2.555258750915527344e+00
3.156465999999999994e+00 2.560433387756347656e+00
3.160985000000000156e+00 2.560433387756347656e+00
3.165578000000000003e+00 2.550084114074707031e+00
3.170087999999999795e+00 2.555258750915527344e+00
3.174685000000000201e+00 2.560433387756347656e+00
3.179278000000000048e+00 2.560433387756347656e+00
3.183838000000000168e+00 2.560433387756347656e+00
3.188355000000000050e+00 2.560433387756347656e+00
3.192938999999999972e+00 2.560433387756347656e+00
3.197474000000000149e+00 2.560433387756347656e+00
3.201991000000000032e+00 2.560433387756347656e+00
3.206583999999999879e+00 2.560433387756347656e+00
3.211130999999999958e+00 2.565608024597167969e+00
3.215704000000000118e+00 2.565608024597167969e+00
3.219041999999999959e+00 2.560433387756347656e+00
3.223600999999999939e+00 2.555258750915527344e+00
3.228123000000000076e+00 2.555258750915527344e+00
3.232711999999999808e+00 2.555258750915527344e+00
3.236072000000000060e+00 2.555258750915527344e+00
3.240671999999999997e+00 2.555258750915527344e+00
3.248517999999999795e+00 2.555258750915527344e+00
3.253318000000000154e+00 2.550084114074707031e+00
3.257864999999999789e+00 2.555258750915527344e+00
3.261273999999999784e+00 2.555258750915527344e+00
3.264612000000000069e+00 2.555258750915527344e+00
3.269153000000000198e+00 2.555258750915527344e+00
3.273702999999999808e+00 2.560433387756347656e+00
3.277102999999999877e+00 2.560433387756347656e+00
3.281664999999999832e+00 2.560433387756347656e+00
3.286890000000000089e+00 2.560433387756347656e+00
3.292562000000000211e+00 2.560433387756347656e+00
3.298192999999999930e+00 2.565608024597167969e+00
3.303888999999999854e+00 2.565608024597167969e+00
3.309492999999999796e+00 2.565608024597167969e+00
3.315185000000000048e+00 2.565608024597167969e+00
3.320788999999999991e+00 2.555258750915527344e+00
3.326481999999999939e+00 2.560433387756347656e+00
3.332094999999999807e+00 2.560433387756347656e+00
3.337798999999999960e+00 2.555258750915527344e+00
3.343893000000000004e+00 2.555258750915527344e+00
3.349565000000000126e+00 2.550084114074707031e+00
3.355294000000000221e+00 2.555258750915527344e+00
3.365965999999999791e+00 2.550084114074707031e+00
3.371847999999999956e+00 2.555258750915527344e+00
3.377639999999999976e+00 2.560433387756347656e+00
3.383401000000000103e+00 2.565608024597167969e+00
3.388727999999999962e+00 2.560433387756347656e+00
3.393585999999999991e+00 2.565608024597167969e+00
3.398210999999999871e+00 2.565608024597167969e+00
3.402884999999999938e+00 2.565608024597167969e+00
3.406285000000000007e+00 2.565608024597167969e+00
3.410899999999999821e+00 2.565608024597167969e+00
3.415567999999999937e+00 2.565608024597167969e+00
3.420192000000000121e+00 2.555258750915527344e+00
3.424900000000000055e+00 2.555258750915527344e+00
3.429520000000000124e+00 2.555258750915527344e+00
3.434142000000000028e+00 2.550084114074707031e+00
3.438779999999999948e+00 2.550084114074707031e+00
3.443467000000000056e+00 2.555258750915527344e+00
3.446835000000000093e+00 2.555258750915527344e+00
3.451468000000000202e+00 2.550084114074707031e+00
3.456198999999999799e+00 2.555258750915527344e+00
3.460837000000000163e+00 2.555258750915527344e+00
3.465505999999999975e+00 2.560433387756347656e+00
3.470136999999999805e+00 2.560433387756347656e+00
3.478883000000000170e+00 2.565608024597167969e+00
3.483638000000000012e+00 2.565608024597167969e+00
3.488278999999999908e+00 2.560433387756347656e+00
3.491703999999999919e+00 2.565608024597167969e+00
3.496471999999999802e+00 2.565608024597167969e+00
3.501120999999999928e+00 2.560433387756347656e+00
3.505832999999999977e+00 2.565608024597167969e+00
3.510479999999999823e+00 2.560433387756347656e+00
3.515181000000000111e+00 2.560433387756347656e+00
3.519833000000000212e+00 2.550084114074707031e+00
3.524564999999999948e+00 2.555258750915527344e+00
3.529212999999999933e+00 2.555258750915527344e+00
3.533876999999999935e+00 2.555258750915527344e+00
3.538536000000000126e+00 2.550084114074707031e+00
3.543289999999999829e+00 2.550084114074707031e+00
3.547957999999999945e+00 2.555258750915527344e+00
3.552696000000000076e+00 2.555258750915527344e+00
3.557363000000000053e+00 2.555258750915527344e+00
3.562044999999999906e+00 2.555258750915527344e+00
3.566758999999999791e+00 2.555258750915527344e+00
3.571416000000000146e+00 2.560433387756347656e+00
3.576137999999999817e+00 2.565608024597167969e+00
3.579657999999999785e+00 2.565608024597167969e+00
3.584370999999999974e+00 2.560433387756347656e+00
3.589411999999999825e+00 2.555258750915527344e+00
3.599213999999999913e+00 2.560433387756347656e+00
3.602644000000000180e+00 2.560433387756347656e+00
3.606082999999999927e+00 2.560433387756347656e+00
3.610755999999999855e+00 2.560433387756347656e+00
3.615508000000000166e+00 2.560433387756347656e+00
3.620207000000000175e+00 2.550084114074707031e+00
3.623568000000000122e+00 2.550084114074707031e+00
3.628277999999999892e+00 2.555258750915527344e+00
3.633039999999999825e+00 2.555258750915527344e+00
3.636524999999999785e+00 2.555258750915527344e+00
3.641249000000000180e+00 2.560433387756347656e+00
3.646370000000000111e+00 2.555258750915527344e+00
3.651069000000000120e+00 2.555258750915527344e+00
3.655826999999999938e+00 2.555258750915527344e+00
3.660524000000000111e+00 2.555258750915527344e+00
3.665309000000000150e+00 2.555258750915527344e+00
3.670017999999999780e+00 2.560433387756347656e+00
3.674796000000000173e+00 2.560433387756347656e+00
3.679521999999999959e+00 2.560433387756347656e+00
3.684270000000000156e+00 2.560433387756347656e+00
3.688972000000000140e+00 2.560433387756347656e+00
3.693702000000000041e+00 2.560433387756347656e+00
3.698414000000000090e+00 2.560433387756347656e+00
3.701859999999999928e+00 2.560433387756347656e+00
3.706786999999999832e+00 2.560433387756347656e+00
3.714551999999999854e+00 2.565608024597167969e+00
3.719475000000000087e+00 2.555258750915527344e+00
3.724261999999999961e+00 2.555258750915527344e+00
3.729058999999999902e+00 2.555258750915527344e+00
3.733830000000000204e+00 2.555258750915527344e+00
3.738590999999999998e+00 2.555258750915527344e+00
3.742037999999999975e+00 2.555258750915527344e+00
3.746929000000000176e+00 2.555258750915527344e+00
3.751694999999999780e+00 2.555258750915527344e+00
3.755306000000000033e+00 2.555258750915527344e+00
3.760062000000000015e+00 2.555258750915527344e+00
3.764971000000000068e+00 2.550084114074707031e+00
3.769749000000000017e+00 2.560433387756347656e+00
3.773242999999999903e+00 2.560433387756347656e+00
3.778030000000000221e+00 2.560433387756347656e+00
3.782881000000000160e+00 2.560433387756347656e+00
3.787666000000000199e+00 2.560433387756347656e+00
3.792508999999999908e+00 2.560433387756347656e+00
3.797304000000000013e+00 2.560433387756347656e+00
3.802080000000000126e+00 2.565608024597167969e+00
3.805648999999999837e+00 2.565608024597167969e+00
3.810452999999999868e+00 2.565608024597167969e+00
3.815406999999999993e+00 2.560433387756347656e+00
3.820199000000000122e+00 2.555258750915527344e+00
3.828139000000000181e+00 2.560433387756347656e+00
3.833092000000000166e+00 2.555258750915527344e+00
3.837874999999999925e+00 2.555258750915527344e+00
3.842729999999999979e+00 2.550084114074707031e+00
3.847582000000000058e+00 2.550084114074707031e+00
3.851116000000000206e+00 2.550084114074707031e+00
3.854727000000000015e+00 2.550084114074707031e+00
3.859538999999999831e+00 2.555258750915527344e+00
3.864355999999999902e+00 2.555258750915527344e+00
3.869152999999999842e+00 2.555258750915527344e+00
3.872669999999999835e+00 2.560433387756347656e+00
3.877521999999999913e+00 2.565608024597167969e+00
3.882391999999999843e+00 2.565608024597167969e+00
3.887214999999999865e+00 2.560433387756347656e+00
3.892030999999999796e+00 2.565608024597167969e+00
3.896919000000000022e+00 2.565608024597167969e+00
3.901707000000000036e+00 2.565608024597167969e+00
3.906619000000000064e+00 2.560433387756347656e+00
3.911430000000000184e+00 2.560433387756347656e+00
3.916320999999999941e+00 2.560433387756347656e+00
3.921138000000000012e+00 2.555258750915527344e+00
3.926018000000000008e+00 2.550084114074707031e+00
3.930852999999999930e+00 2.550084114074707031e+00
3.935725000000000140e+00 2.550084114074707031e+00
3.940779000000000032e+00 2.555258750915527344e+00
3.948697999999999819e+00 2.550084114074707031e+00
3.953813999999999940e+00 2.550084114074707031e+00
3.958670999999999829e+00 2.550084114074707031e+00
3.963543000000000038e+00 2.550084114074707031e+00
3.967039999999999900e+00 2.560433387756347656e+00
3.971900999999999904e+00 2.560433387756347656e+00
3.976860999999999979e+00 2.560433387756347656e+00
3.980459999999999887e+00 2.565608024597167969e+00
3.984055000000000124e+00 2.565608024597167969e+00
3.988926999999999889e+00 2.560433387756347656e+00
3.992480000000000029e+00 2.565608024597167969e+00
3.997335000000000083e+00 2.560433387756347656e+00
4.002254999999999896e+00 2.565608024597167969e+00
4.007139999999999702e+00 2.560433387756347656e+00
4.012005000000000265e+00 2.560433387756347656e+00
4.016987000000000307e+00 2.560433387756347656e+00
4.021869999999999834e+00 2.550084114074707031e+00
4.026848000000000205e+00 2.550084114074707031e+00
4.031741000000000241e+00 2.555258750915527344e+00
4.036702000000000012e+00 2.550084114074707031e+00
4.041567999999999827e+00 2.550084114074707031e+00
4.046541999999999639e+00 2.550084114074707031e+00
4.051611000000000296e+00 2.550084114074707031e+00
4.055269000000000013e+00 2.555258750915527344e+00
4.063304999999999723e+00 2.555258750915527344e+00
4.068514000000000408e+00 2.560433387756347656e+00
4.072059999999999569e+00 2.560433387756347656e+00
4.075657999999999781e+00 2.560433387756347656e+00
4.080530999999999686e+00 2.560433387756347656e+00
4.085461999999999705e+00 2.560433387756347656e+00
4.090353999999999601e+00 2.565608024597167969e+00
4.095864999999999867e+00 2.560433387756347656e+00
4.100750999999999813e+00 2.560433387756347656e+00
4.105710000000000193e+00 2.560433387756347656e+00
4.114559999999999995e+00 2.560433387756347656e+00
4.124770999999999965e+00 2.555258750915527344e+00
4.133217000000000141e+00 2.555258750915527344e+00
4.138715000000000366e+00 2.555258750915527344e+00
4.143691999999999709e+00 2.555258750915527344e+00
4.148645000000000138e+00 2.555258750915527344e+00
4.153633000000000131e+00 2.555258750915527344e+00
4.158577000000000190e+00 2.555258750915527344e+00
4.163579999999999615e+00 2.555258750915527344e+00
4.168593000000000437e+00 2.560433387756347656e+00
4.176764000000000365e+00 2.565608024597167969e+00
4.182281999999999833e+00 2.560433387756347656e+00
4.187476000000000198e+00 2.560433387756347656e+00
4.192218000000000444e+00 2.555258750915527344e+00
4.195935999999999666e+00 2.560433387756347656e+00
4.199694000000000038e+00 2.560433387756347656e+00
4.204958000000000418e+00 2.560433387756347656e+00
4.209654999999999703e+00 2.560433387756347656e+00
4.214935999999999794e+00 2.560433387756347656e+00
4.219662999999999720e+00 2.555258750915527344e+00
4.224941000000000280e+00 2.560433387756347656e+00
4.229626999999999803e+00 2.555258750915527344e+00
4.234891000000000183e+00 2.555258750915527344e+00
4.239594999999999558e+00 2.555258750915527344e+00
4.244867000000000168e+00 2.555258750915527344e+00
4.249552999999999692e+00 2.550084114074707031e+00
4.253445000000000142e+00 2.555258750915527344e+00
4.258662000000000170e+00 2.555258750915527344e+00
4.263425999999999938e+00 2.550084114074707031e+00
4.268658000000000285e+00 2.555258750915527344e+00
4.273392000000000301e+00 2.560433387756347656e+00
4.277140000000000164e+00 2.560433387756347656e+00
4.280893999999999977e+00 2.555258750915527344e+00
4.284647999999999790e+00 2.555258750915527344e+00
4.292869999999999742e+00 2.560433387756347656e+00
4.297526000000000401e+00 2.555258750915527344e+00
4.301282999999999745e+00 2.560433387756347656e+00
4.306455999999999840e+00 2.565608024597167969e+00
4.311473000000000333e+00 2.565608024597167969e+00
4.316627000000000436e+00 2.560433387756347656e+00
4.321642999999999901e+00 2.555258750915527344e+00
4.326807999999999765e+00 2.555258750915527344e+00
4.331819000000000308e+00 2.555258750915527344e+00
4.336914000000000158e+00 2.555258750915527344e+00
4.341954999999999565e+00 2.555258750915527344e+00
4.347056000000000253e+00 2.550084114074707031e+00
4.352033999999999736e+00 2.555258750915527344e+00
4.357425000000000104e+00 2.550084114074707031e+00
4.362499999999999822e+00 2.550084114074707031e+00
4.366084999999999994e+00 2.555258750915527344e+00
4.369685999999999737e+00 2.555258750915527344e+00
4.374768000000000434e+00 2.555258750915527344e+00
4.379779000000000089e+00 2.560433387756347656e+00
4.384871999999999659e+00 2.560433387756347656e+00
4.389901000000000053e+00 2.560433387756347656e+00
4.394995999999999903e+00 2.565608024597167969e+00
4.400172999999999668e+00 2.565608024597167969e+00
4.408494000000000135e+00 2.560433387756347656e+00
4.414001999999999981e+00 2.560433387756347656e+00
4.419071999999999889e+00 2.560433387756347656e+00
4.424142999999999937e+00 2.555258750915527344e+00
4.429193999999999853e+00 2.550084114074707031e+00
4.434300000000000352e+00 2.550084114074707031e+00
4.439359999999999751e+00 2.550084114074707031e+00
4.444446000000000119e+00 2.550084114074707031e+00
4.449511000000000216e+00 2.550084114074707031e+00
4.454587000000000074e+00 2.550084114074707031e+00
4.460010999999999726e+00 2.550084114074707031e+00
4.465112999999999666e+00 2.550084114074707031e+00
4.470182000000000322e+00 2.560433387756347656e+00
4.475335000000000285e+00 2.565608024597167969e+00
4.480425000000000324e+00 2.560433387756347656e+00
4.484110000000000262e+00 2.560433387756347656e+00
4.489213999999999594e+00 2.560433387756347656e+00
4.494309999999999583e+00 2.565608024597167969e+00
4.499398000000000231e+00 2.560433387756347656e+00
4.504488000000000270e+00 2.560433387756347656e+00
4.509561999999999848e+00 2.560433387756347656e+00
4.514650999999999748e+00 2.560433387756347656e+00
4.523012999999999728e+00 2.550084114074707031e+00
4.528278000000000247e+00 2.550084114074707031e+00
4.531871999999999900e+00 2.550084114074707031e+00
4.537053000000000225e+00 2.550084114074707031e+00
4.542138999999999704e+00 2.550084114074707031e+00
4.547260999999999775e+00 2.550084114074707031e+00
4.550882999999999790e+00 2.550084114074707031e+00
4.556055999999999884e+00 2.555258750915527344e+00
4.561194000000000415e+00 2.555258750915527344e+00
4.566309000000000395e+00 2.555258750915527344e+00
4.571401999999999965e+00 2.560433387756347656e+00
4.576595000000000191e+00 2.560433387756347656e+00
4.581718000000000401e+00 2.565608024597167969e+00
4.586852000000000373e+00 2.555258750915527344e+00
4.591955999999999705e+00 2.560433387756347656e+00
4.597138000000000169e+00 2.560433387756347656e+00
4.602326999999999835e+00 2.555258750915527344e+00
4.607440999999999676e+00 2.555258750915527344e+00
4.612607999999999819e+00 2.555258750915527344e+00
4.617840000000000167e+00 2.555258750915527344e+00
4.623021999999999743e+00 2.550084114074707031e+00
4.628141000000000282e+00 2.550084114074707031e+00
4.633407000000000053e+00 2.550084114074707031e+00
4.641586000000000212e+00 2.550084114074707031e+00
4.647230000000000416e+00 2.550084114074707031e+00
4.652445000000000164e+00 2.555258750915527344e+00
4.656077999999999939e+00 2.555258750915527344e+00
4.661241999999999663e+00 2.555258750915527344e+00
4.666485999999999912e+00 2.560433387756347656e+00
4.671617000000000353e+00 2.560433387756347656e+00
4.676900999999999975e+00 2.560433387756347656e+00
4.682052999999999798e+00 2.560433387756347656e+00
4.687299000000000326e+00 2.560433387756347656e+00
4.692515000000000214e+00 2.560433387756347656e+00
4.697659999999999947e+00 2.560433387756347656e+00
4.702954000000000079e+00 2.560433387756347656e+00
4.708097000000000421e+00 2.560433387756347656e+00
4.713295999999999708e+00 2.555258750915527344e+00
4.718454999999999622e+00 2.555258750915527344e+00
4.722087000000000145e+00 2.555258750915527344e+00
4.727286000000000321e+00 2.555258750915527344e+00
4.732520000000000060e+00 2.555258750915527344e+00
4.737699000000000105e+00 2.550084114074707031e+00
4.742917000000000272e+00 2.555258750915527344e+00
4.748091999999999757e+00 2.555258750915527344e+00
4.753396999999999650e+00 2.550084114074707031e+00
4.761566000000000187e+00 2.555258750915527344e+00
4.767572999999999617e+00 2.550084114074707031e+00
4.772834999999999717e+00 2.555258750915527344e+00
4.778037000000000312e+00 2.560433387756347656e+00
4.783301999999999943e+00 2.560433387756347656e+00
4.788524999999999920e+00 2.555258750915527344e+00
4.793717000000000006e+00 2.560433387756347656e+00
4.799522999999999762e+00 2.555258750915527344e+00
4.806161999999999601e+00 2.555258750915527344e+00
4.812818000000000040e+00 2.560433387756347656e+00
4.819567000000000156e+00 2.555258750915527344e+00
4.826209000000000415e+00 2.555258750915527344e+00
4.832886000000000237e+00 2.555258750915527344e+00
4.839475000000000193e+00 2.550084114074707031e+00
4.846137999999999835e+00 2.550084114074707031e+00
4.852943999999999924e+00 2.550084114074707031e+00
4.859539999999999971e+00 2.550084114074707031e+00
4.866242999999999874e+00 2.550084114074707031e+00
4.873368000000000144e+00 2.555258750915527344e+00
4.884812000000000154e+00 2.555258750915527344e+00
4.891917000000000293e+00 2.560433387756347656e+00
4.898721000000000103e+00 2.560433387756347656e+00
4.904139999999999944e+00 2.560433387756347656e+00
4.909348999999999741e+00 2.560433387756347656e+00
4.914606000000000030e+00 2.565608024597167969e+00
4.919851999999999670e+00 2.555258750915527344e+00
4.925145999999999802e+00 2.555258750915527344e+00
4.930358000000000018e+00 2.550084114074707031e+00
4.935748000000000246e+00 2.550084114074707031e+00
4.939473999999999698e+00 2.550084114074707031e+00
4.944778000000000340e+00 2.550084114074707031e+00
4.949984999999999857e+00 2.550084114074707031e+00
4.955288000000000359e+00 2.550084114074707031e+00
4.960537999999999670e+00 2.550084114074707031e+00
4.965867000000000253e+00 2.550084114074707031e+00
4.971154000000000295e+00 2.555258750915527344e+00
4.976715000000000444e+00 2.560433387756347656e+00
4.981974000000000125e+00 2.565608024597167969e+00
4.987296999999999869e+00 2.560433387756347656e+00
4.992990999999999957e+00 2.565608024597167969e+00
5.001603000000000243e+00 2.560433387756347656e+00
5.007071999999999967e+00 2.560433387756347656e+00
5.010870999999999853e+00 2.560433387756347656e+00
5.016263000000000361e+00 2.555258750915527344e+00
5.021507999999999861e+00 2.550084114074707031e+00
5.026914999999999800e+00 2.550084114074707031e+00
5.032252999999999865e+00 2.550084114074707031e+00
5.037538999999999767e+00 2.550084114074707031e+00
5.042900999999999634e+00 2.550084114074707031e+00
5.048184000000000005e+00 2.550084114074707031e+00
5.053479000000000276e+00 2.550084114074707031e+00
5.058773999999999660e+00 2.555258750915527344e+00
5.064097000000000293e+00 2.550084114074707031e+00
5.069503000000000092e+00 2.560433387756347656e+00
5.074843000000000437e+00 2.560433387756347656e+00
5.080307000000000350e+00 2.560433387756347656e+00
5.085764000000000173e+00 2.560433387756347656e+00
5.091066999999999787e+00 2.560433387756347656e+00
5.095501999999999754e+00 2.560433387756347656e+00
5.100787999999999656e+00 2.560433387756347656e+00
5.106165999999999983e+00 2.560433387756347656e+00
5.113668999999999798e+00 2.560433387756347656e+00
5.123161999999999772e+00 2.550084114074707031e+00
5.130688000000000137e+00 2.550084114074707031e+00
5.137179999999999858e+00 2.550084114074707031e+00
5.144859000000000293e+00 2.550084114074707031e+00
5.150413000000000352e+00 2.555258750915527344e+00
5.155770000000000408e+00 2.550084114074707031e+00
5.161137000000000086e+00 2.550084114074707031e+00
5.166538000000000075e+00 2.555258750915527344e+00
5.171826000000000256e+00 2.560433387756347656e+00
5.177260000000000417e+00 2.560433387756347656e+00
5.182985000000000397e+00 2.560433387756347656e+00
5.188343999999999845e+00 2.555258750915527344e+00
5.192082000000000086e+00 2.560433387756347656e+00
5.197519999999999918e+00 2.555258750915527344e+00
5.203024000000000093e+00 2.555258750915527344e+00
5.208383000000000429e+00 2.560433387756347656e+00
5.213771999999999629e+00 2.555258750915527344e+00
5.219223000000000390e+00 2.550084114074707031e+00
5.227770999999999724e+00 2.550084114074707031e+00
5.233545000000000336e+00 2.550084114074707031e+00
5.238957000000000086e+00 2.550084114074707031e+00
5.244359000000000215e+00 2.550084114074707031e+00
5.249768000000000434e+00 2.555258750915527344e+00
5.255224000000000117e+00 2.550084114074707031e+00
5.260601000000000305e+00 2.555258750915527344e+00
5.266048999999999758e+00 2.555258750915527344e+00
5.271459000000000117e+00 2.555258750915527344e+00
5.276972999999999914e+00 2.555258750915527344e+00
5.282504999999999562e+00 2.560433387756347656e+00
5.287872000000000128e+00 2.555258750915527344e+00
5.293351000000000361e+00 2.560433387756347656e+00
5.298763000000000112e+00 2.555258750915527344e+00
5.304211999999999705e+00 2.550084114074707031e+00
5.309619999999999784e+00 2.560433387756347656e+00
5.315099000000000018e+00 2.560433387756347656e+00
5.320679000000000158e+00 2.555258750915527344e+00
5.326183999999999585e+00 2.555258750915527344e+00
5.331627000000000116e+00 2.550084114074707031e+00
5.337377000000000038e+00 2.550084114074707031e+00
5.346006000000000036e+00 2.555258750915527344e+00
5.351911999999999558e+00 2.550084114074707031e+00
5.357416999999999874e+00 2.550084114074707031e+00
5.362884000000000206e+00 2.550084114074707031e+00
5.368326999999999849e+00 2.550084114074707031e+00
5.373816999999999844e+00 2.555258750915527344e+00
5.379232000000000014e+00 2.555258750915527344e+00
5.384718000000000337e+00 2.555258750915527344e+00
5.390152999999999750e+00 2.560433387756347656e+00
5.395672000000000246e+00 2.560433387756347656e+00
5.401133999999999880e+00 2.560433387756347656e+00
5.406632000000000104e+00 2.560433387756347656e+00
5.412033000000000094e+00 2.560433387756347656e+00
5.417474999999999596e+00 2.555258750915527344e+00
5.422982000000000191e+00 2.555258750915527344e+00
5.428517000000000259e+00 2.550084114074707031e+00
5.432281999999999833e+00 2.550084114074707031e+00
5.437744999999999607e+00 2.550084114074707031e+00
5.443223999999999840e+00 2.550084114074707031e+00
5.448682999999999943e+00 2.550084114074707031e+00
5.454430999999999585e+00 2.550084114074707031e+00
5.463008000000000308e+00 2.544909477233886719e+00
5.468589999999999840e+00 2.555258750915527344e+00
5.474110999999999727e+00 2.555258750915527344e+00
5.479568000000000438e+00 2.560433387756347656e+00
5.485145000000000159e+00 2.560433387756347656e+00
5.490668999999999578e+00 2.565608024597167969e+00
5.496224999999999916e+00 2.560433387756347656e+00
5.501716000000000051e+00 2.560433387756347656e+00
5.507314000000000043e+00 2.560433387756347656e+00
5.512855000000000061e+00 2.560433387756347656e+00
5.516694000000000209e+00 2.550084114074707031e+00
5.522292000000000201e+00 2.550084114074707031e+00
5.527769000000000155e+00 2.550084114074707031e+00
5.533324000000000353e+00 2.550084114074707031e+00
5.538825000000000109e+00 2.550084114074707031e+00
5.544285999999999603e+00 2.550084114074707031e+00
5.548121000000000080e+00 2.550084114074707031e+00
5.553767999999999816e+00 2.550084114074707031e+00
5.559262999999999622e+00 2.550084114074707031e+00
5.563093000000000288e+00 2.555258750915527344e+00
5.568629999999999747e+00 2.555258750915527344e+00
5.574238000000000248e+00 2.560433387756347656e+00
5.585359999999999658e+00 2.560433387756347656e+00
5.592023000000000188e+00 2.560433387756347656e+00
5.597642999999999702e+00 2.560433387756347656e+00
5.603244000000000113e+00 2.555258750915527344e+00
5.608757999999999910e+00 2.555258750915527344e+00
5.614386999999999794e+00 2.555258750915527344e+00
5.619921999999999862e+00 2.550084114074707031e+00
5.625507999999999953e+00 2.550084114074707031e+00
5.631022999999999890e+00 2.550084114074707031e+00
5.636610000000000120e+00 2.550084114074707031e+00
5.642135999999999818e+00 2.550084114074707031e+00
5.647751999999999661e+00 2.550084114074707031e+00
5.653316000000000230e+00 2.555258750915527344e+00
5.658835999999999977e+00 2.550084114074707031e+00
5.664304999999999701e+00 2.550084114074707031e+00
5.669878999999999891e+00 2.555258750915527344e+00
5.675489999999999924e+00 2.560433387756347656e+00
5.680998999999999910e+00 2.560433387756347656e+00
5.686595999999999762e+00 2.555258750915527344e+00
5.692332999999999643e+00 2.555258750915527344e+00
5.697941000000000145e+00 2.555258750915527344e+00
5.706656999999999869e+00 2.555258750915527344e+00
5.712621999999999645e+00 2.555258750915527344e+00
5.718207999999999736e+00 2.550084114074707031e+00
5.723847000000000129e+00 2.550084114074707031e+00
5.729426000000000130e+00 2.550084114074707031e+00
5.735051999999999595e+00 2.550084114074707031e+00
5.740565000000000140e+00 2.550084114074707031e+00
5.744428000000000090e+00 2.555258750915527344e+00
5.750043999999999933e+00 2.550084114074707031e+00
5.755689000000000277e+00 2.555258750915527344e+00
5.761247000000000007e+00 2.550084114074707031e+00
5.766892000000000351e+00 2.555258750915527344e+00
5.772521000000000235e+00 2.555258750915527344e+00
5.778083999999999776e+00 2.555258750915527344e+00
5.783787000000000234e+00 2.555258750915527344e+00
5.789337999999999873e+00 2.555258750915527344e+00
5.795266999999999946e+00 2.555258750915527344e+00
5.800842000000000276e+00 2.555258750915527344e+00
5.806479000000000390e+00 2.555258750915527344e+00
5.812083000000000332e+00 2.555258750915527344e+00
5.816067999999999572e+00 2.555258750915527344e+00
5.824982000000000326e+00 2.550084114074707031e+00
5.830969999999999764e+00 2.550084114074707031e+00
5.836638999999999911e+00 2.550084114074707031e+00
5.842315000000000147e+00 2.550084114074707031e+00
5.847908000000000328e+00 2.555258750915527344e+00
5.853581000000000145e+00 2.550084114074707031e+00
5.859207999999999750e+00 2.550084114074707031e+00
5.864806999999999881e+00 2.550084114074707031e+00
5.870407000000000153e+00 2.550084114074707031e+00
5.876083000000000389e+00 2.555258750915527344e+00
5.881715999999999944e+00 2.555258750915527344e+00
5.887475000000000236e+00 2.550084114074707031e+00
5.893138000000000432e+00 2.555258750915527344e+00
5.898880000000000123e+00 2.560433387756347656e+00
5.904519999999999769e+00 2.555258750915527344e+00
5.910166000000000253e+00 2.560433387756347656e+00
5.915858000000000061e+00 2.560433387756347656e+00
5.919877999999999751e+00 2.555258750915527344e+00
5.925608999999999682e+00 2.550084114074707031e+00
5.931246999999999936e+00 2.550084114074707031e+00
5.940281999999999840e+00 2.550084114074707031e+00
5.946386999999999645e+00 2.550084114074707031e+00
5.951975000000000016e+00 2.550084114074707031e+00
5.957677999999999585e+00 2.550084114074707031e+00
5.963368000000000002e+00 2.550084114074707031e+00
5.967264000000000124e+00 2.550084114074707031e+00
5.973035000000000316e+00 2.555258750915527344e+00
5.978683000000000192e+00 2.555258750915527344e+00
5.984314000000000355e+00 2.560433387756347656e+00
5.989916000000000018e+00 2.555258750915527344e+00
5.995668000000000220e+00 2.555258750915527344e+00
6.001628000000000185e+00 2.560433387756347656e+00
6.007391000000000147e+00 2.560433387756347656e+00
6.013094999999999857e+00 2.560433387756347656e+00
6.018756999999999913e+00 2.555258750915527344e+00
6.024459000000000231e+00 2.550084114074707031e+00
6.030126000000000097e+00 2.544909477233886719e+00
6.034118999999999566e+00 2.550084114074707031e+00
6.039843000000000295e+00 2.550084114074707031e+00
6.045543000000000333e+00 2.550084114074707031e+00
6.054566999999999588e+00 2.550084114074707031e+00
6.060598999999999847e+00 2.550084114074707031e+00
6.066485000000000127e+00 2.555258750915527344e+00
6.072293000000000163e+00 2.555258750915527344e+00
6.078003999999999962e+00 2.555258750915527344e+00
6.083766999999999925e+00 2.560433387756347656e+00
6.089546999999999599e+00 2.560433387756347656e+00
6.095431999999999739e+00 2.560433387756347656e+00
6.101270000000000415e+00 2.560433387756347656e+00
6.107037000000000049e+00 2.560433387756347656e+00
6.112991000000000064e+00 2.555258750915527344e+00
6.122429999999999595e+00 2.550084114074707031e+00
6.132399000000000377e+00 2.550084114074707031e+00
6.141809000000000296e+00 2.544909477233886719e+00
6.149644999999999584e+00 2.550084114074707031e+00
6.155507000000000062e+00 2.550084114074707031e+00
6.161411000000000193e+00 2.555258750915527344e+00
6.170217000000000063e+00 2.550084114074707031e+00
6.176323000000000008e+00 2.560433387756347656e+00
6.182071999999999790e+00 2.560433387756347656e+00
6.187924999999999898e+00 2.560433387756347656e+00
6.191849000000000380e+00 2.560433387756347656e+00
6.197610000000000063e+00 2.555258750915527344e+00
6.203477000000000352e+00 2.550084114074707031e+00
6.209234000000000364e+00 2.555258750915527344e+00
6.215047000000000210e+00 2.555258750915527344e+00
6.220782999999999952e+00 2.550084114074707031e+00
6.226621999999999879e+00 2.550084114074707031e+00
6.232427999999999635e+00 2.544909477233886719e+00
6.238207000000000058e+00 2.550084114074707031e+00
6.243959000000000259e+00 2.550084114074707031e+00
6.249724999999999753e+00 2.550084114074707031e+00
6.255523000000000167e+00 2.550084114074707031e+00
6.259477000000000402e+00 2.550084114074707031e+00
6.265270000000000117e+00 2.550084114074707031e+00
6.271050999999999931e+00 2.555258750915527344e+00
6.276902999999999899e+00 2.555258750915527344e+00
6.286020999999999859e+00 2.550084114074707031e+00
6.292145999999999795e+00 2.555258750915527344e+00
6.297971000000000430e+00 2.555258750915527344e+00
6.303842999999999641e+00 2.555258750915527344e+00
6.309638999999999776e+00 2.555258750915527344e+00
6.313653000000000404e+00 2.555258750915527344e+00
6.319378999999999635e+00 2.550084114074707031e+00
6.325184000000000140e+00 2.550084114074707031e+00
6.330925999999999831e+00 2.555258750915527344e+00
6.336731999999999587e+00 2.550084114074707031e+00
6.342534999999999812e+00 2.550084114074707031e+00
6.348326000000000136e+00 2.555258750915527344e+00
6.354143999999999792e+00 2.550084114074707031e+00
6.359862999999999822e+00 2.550084114074707031e+00
6.365605999999999653e+00 2.550084114074707031e+00
6.371369999999999756e+00 2.555258750915527344e+00
6.377375999999999934e+00 2.555258750915527344e+00
6.383233999999999853e+00 2.550084114074707031e+00
6.389006000000000185e+00 2.555258750915527344e+00
6.394902000000000086e+00 2.555258750915527344e+00
6.403783999999999921e+00 2.555258750915527344e+00
6.410156999999999883e+00 2.555258750915527344e+00
6.416028999999999982e+00 2.560433387756347656e+00
6.421838000000000157e+00 2.555258750915527344e+00
6.427726999999999968e+00 2.550084114074707031e+00
6.433593000000000117e+00 2.550084114074707031e+00
6.439376000000000211e+00 2.555258750915527344e+00
6.445292000000000243e+00 2.544909477233886719e+00
6.449296999999999613e+00 2.550084114074707031e+00
6.455185000000000173e+00 2.550084114074707031e+00
6.461013000000000339e+00 2.550084114074707031e+00
6.466899999999999871e+00 2.550084114074707031e+00
6.470902999999999849e+00 2.555258750915527344e+00
6.476805999999999841e+00 2.555258750915527344e+00
6.482662999999999620e+00 2.555258750915527344e+00
6.488494000000000206e+00 2.560433387756347656e+00
6.494436000000000320e+00 2.555258750915527344e+00
6.500233999999999845e+00 2.560433387756347656e+00
6.506077000000000332e+00 2.560433387756347656e+00
6.512019999999999698e+00 2.560433387756347656e+00
6.521097000000000143e+00 2.555258750915527344e+00
6.527338000000000306e+00 2.550084114074707031e+00
6.533300999999999803e+00 2.550084114074707031e+00
6.539182000000000272e+00 2.544909477233886719e+00
6.543268999999999558e+00 2.550084114074707031e+00
6.549177000000000248e+00 2.544909477233886719e+00
6.555035000000000167e+00 2.544909477233886719e+00
6.560870999999999675e+00 2.550084114074707031e+00
6.566774999999999807e+00 2.550084114074707031e+00
6.572738000000000191e+00 2.555258750915527344e+00
6.578581999999999930e+00 2.555258750915527344e+00
6.584488000000000341e+00 2.555258750915527344e+00
6.590485000000000149e+00 2.560433387756347656e+00
6.596391999999999811e+00 2.560433387756347656e+00
6.602255000000000429e+00 2.555258750915527344e+00
6.608100000000000307e+00 2.560433387756347656e+00
6.614042999999999672e+00 2.555258750915527344e+00
6.619918000000000191e+00 2.550084114074707031e+00
6.625852000000000075e+00 2.544909477233886719e+00
6.631936999999999749e+00 2.544909477233886719e+00
6.640967999999999982e+00 2.544909477233886719e+00
6.647241000000000177e+00 2.550084114074707031e+00
6.653173999999999921e+00 2.544909477233886719e+00
6.659028000000000169e+00 2.555258750915527344e+00
6.664916999999999980e+00 2.550084114074707031e+00
6.670836000000000432e+00 2.555258750915527344e+00
6.676773999999999987e+00 2.555258750915527344e+00
6.682720999999999911e+00 2.555258750915527344e+00
6.688602000000000380e+00 2.555258750915527344e+00
6.692681999999999576e+00 2.555258750915527344e+00
6.698515000000000441e+00 2.555258750915527344e+00
6.704438999999999815e+00 2.550084114074707031e+00
6.710340000000000416e+00 2.550084114074707031e+00
6.716315999999999953e+00 2.550084114074707031e+00
6.722300999999999860e+00 2.550084114074707031e+00
6.728196999999999761e+00 2.544909477233886719e+00
6.734168999999999627e+00 2.544909477233886719e+00
6.740060999999999858e+00 2.550084114074707031e+00
6.746012999999999593e+00 2.550084114074707031e+00
6.755265999999999771e+00 2.550084114074707031e+00
6.761682000000000414e+00 2.550084114074707031e+00
6.767712000000000394e+00 2.555258750915527344e+00
6.773651000000000089e+00 2.555258750915527344e+00
6.779599000000000153e+00 2.555258750915527344e+00
6.785613999999999812e+00 2.550084114074707031e+00
6.791591999999999629e+00 2.555258750915527344e+00
6.797678000000000331e+00 2.555258750915527344e+00
6.803668000000000049e+00 2.555258750915527344e+00
6.809575999999999851e+00 2.555258750915527344e+00
6.813686999999999827e+00 2.555258750915527344e+00
6.819710999999999856e+00 2.550084114074707031e+00
6.825709999999999944e+00 2.550084114074707031e+00
6.831661999999999679e+00 2.550084114074707031e+00
6.837736999999999732e+00 2.550084114074707031e+00
6.843706000000000067e+00 2.550084114074707031e+00
6.849675000000000402e+00 2.550084114074707031e+00
6.855679000000000300e+00 2.550084114074707031e+00
6.861617999999999995e+00 2.570782661437988281e+00
6.870910000000000295e+00 2.705322265625000000e+00
6.877297000000000438e+00 4.749286651611328125e+00
6.883286000000000016e+00 4.795857429504394531e+00
6.889276999999999873e+00 4.801032066345214844e+00
6.895292999999999672e+00 4.795857429504394531e+00
6.901203999999999894e+00 4.795857429504394531e+00
6.907231000000000343e+00 4.795857429504394531e+00
6.913204000000000349e+00 4.801032066345214844e+00
6.919330999999999676e+00 4.790682792663574219e+00
6.925489999999999924e+00 4.795857429504394531e+00
6.931471000000000160e+00 4.790682792663574219e+00
6.937539000000000122e+00 4.790682792663574219e+00
6.943629999999999747e+00 4.790682792663574219e+00
6.949665999999999677e+00 4.785508155822753906e+00
6.955709999999999837e+00 4.790682792663574219e+00
6.961706000000000394e+00 4.790682792663574219e+00
6.967800000000000438e+00 4.790682792663574219e+00
6.973779000000000394e+00 4.795857429504394531e+00
6.979765000000000441e+00 4.795857429504394531e+00
6.989057999999999993e+00 4.795857429504394531e+00
6.995466999999999658e+00 4.795857429504394531e+00
7.001470000000000304e+00 4.801032066345214844e+00
7.007556000000000118e+00 4.795857429504394531e+00
7.013613000000000319e+00 4.801032066345214844e+00
7.017669999999999852e+00 4.790682792663574219e+00
7.023712999999999873e+00 4.795857429504394531e+00
7.029676000000000258e+00 4.790682792663574219e+00
7.035745000000000360e+00 4.790682792663574219e+00
7.039893000000000178e+00 4.790682792663574219e+00
7.045927999999999969e+00 4.790682792663574219e+00
7.051921000000000106e+00 4.790682792663574219e+00
7.056065000000000254e+00 4.790682792663574219e+00
7.062052000000000440e+00 4.790682792663574219e+00
7.068105000000000082e+00 4.795857429504394531e+00
7.074184999999999945e+00 4.795857429504394531e+00
7.078287000000000440e+00 4.795857429504394531e+00
7.084283000000000108e+00 4.795857429504394531e+00
7.090284999999999727e+00 4.795857429504394531e+00
7.096512999999999849e+00 4.795857429504394531e+00
7.105958000000000219e+00 4.801032066345214844e+00
7.112466000000000399e+00 4.801032066345214844e+00
7.118506000000000000e+00 4.785508155822753906e+00
7.133187999999999640e+00 4.790682792663574219e+00
7.142675999999999803e+00 4.790682792663574219e+00
7.150773000000000046e+00 4.790682792663574219e+00
7.156975000000000087e+00 4.790682792663574219e+00
7.163109000000000393e+00 4.795857429504394531e+00
7.169181000000000026e+00 4.801032066345214844e+00
7.175359000000000265e+00 4.795857429504394531e+00
7.181372999999999784e+00 4.795857429504394531e+00
7.187574999999999825e+00 4.795857429504394531e+00
7.193698000000000370e+00 4.801032066345214844e+00
7.199802000000000035e+00 4.795857429504394531e+00
7.205948000000000242e+00 4.795857429504394531e+00
7.211960000000000370e+00 4.795857429504394531e+00
7.218192000000000164e+00 4.790682792663574219e+00
7.227421999999999791e+00 4.790682792663574219e+00
7.234172000000000047e+00 4.790682792663574219e+00
7.238268999999999842e+00 4.790682792663574219e+00
