1.503999999999999912e-03 2.519036293029785156e+00
5.108999999999999826e-03 2.519036293029785156e+00
8.597999999999999740e-03 2.524210929870605469e+00
1.202800000000000050e-02 2.524210929870605469e+00
1.549700000000000036e-02 2.529385566711425781e+00
1.940199999999999911e-02 2.524210929870605469e+00
2.304000000000000145e-02 2.524210929870605469e+00
2.665700000000000014e-02 2.524210929870605469e+00
3.039999999999999994e-02 2.524210929870605469e+00
3.400500000000000050e-02 2.524210929870605469e+00
3.764699999999999991e-02 2.524210929870605469e+00
4.125700000000000200e-02 2.524210929870605469e+00
4.486199999999999910e-02 2.519036293029785156e+00
4.862099999999999755e-02 2.519036293029785156e+00
5.221699999999999953e-02 2.524210929870605469e+00
5.583400000000000168e-02 2.519036293029785156e+00
5.958700000000000108e-02 2.519036293029785156e+00
6.363199999999999412e-02 2.519036293029785156e+00
6.740300000000000458e-02 2.519036293029785156e+00
7.100299999999999667e-02 2.519036293029785156e+00
7.461099999999999677e-02 2.519036293029785156e+00
7.821400000000000574e-02 2.513861656188964844e+00
8.190200000000000258e-02 2.519036293029785156e+00
9.460599999999999565e-02 2.519036293029785156e+00
9.832699999999999774e-02 2.524210929870605469e+00
1.019309999999999938e-01 2.519036293029785156e+00
1.055240000000000067e-01 2.519036293029785156e+00
1.091270000000000018e-01 2.524210929870605469e+00
1.127350000000000019e-01 2.524210929870605469e+00
1.163340000000000068e-01 2.524210929870605469e+00
1.199140000000000067e-01 2.524210929870605469e+00
1.233630000000000004e-01 2.524210929870605469e+00
1.268150000000000110e-01 2.524210929870605469e+00
1.302580000000000127e-01 2.524210929870605469e+00
1.337450000000000028e-01 2.524210929870605469e+00
1.372089999999999976e-01 2.524210929870605469e+00
1.406489999999999962e-01 2.524210929870605469e+00
1.440960000000000019e-01 2.524210929870605469e+00
1.475619999999999987e-01 2.529385566711425781e+00
1.511599999999999888e-01 2.529385566711425781e+00
1.546079999999999954e-01 2.524210929870605469e+00
1.580540000000000000e-01 2.524210929870605469e+00
1.615040000000000087e-01 2.519036293029785156e+00
1.648040000000000060e-01 2.519036293029785156e+00
1.682980000000000032e-01 2.519036293029785156e+00
1.723240000000000050e-01 2.519036293029785156e+00
1.759229999999999960e-01 2.519036293029785156e+00
1.798480000000000079e-01 2.519036293029785156e+00
1.832739999999999925e-01 2.524210929870605469e+00
1.867290000000000061e-01 2.519036293029785156e+00
1.900239999999999985e-01 2.519036293029785156e+00
1.934680000000000011e-01 2.513861656188964844e+00
1.969239999999999879e-01 2.519036293029785156e+00
2.002190000000000081e-01 2.519036293029785156e+00
2.096880000000000133e-01 2.519036293029785156e+00
2.132340000000000069e-01 2.519036293029785156e+00
2.167060000000000097e-01 2.524210929870605469e+00
2.201559999999999906e-01 2.524210929870605469e+00
2.235880000000000090e-01 2.524210929870605469e+00
2.272170000000000023e-01 2.524210929870605469e+00
2.306979999999999864e-01 2.529385566711425781e+00
2.341479999999999950e-01 2.529385566711425781e+00
2.374380000000000102e-01 2.529385566711425781e+00
2.408939999999999970e-01 2.529385566711425781e+00
2.443510000000000126e-01 2.529385566711425781e+00
2.476470000000000060e-01 2.529385566711425781e+00
2.511010000000000186e-01 2.524210929870605469e+00
2.545479999999999965e-01 2.524210929870605469e+00
2.579929999999999723e-01 2.524210929870605469e+00
2.614520000000000177e-01 2.519036293029785156e+00
2.656680000000000152e-01 2.524210929870605469e+00
2.692829999999999946e-01 2.519036293029785156e+00
2.727269999999999972e-01 2.513861656188964844e+00
2.761879999999999891e-01 2.513861656188964844e+00
2.796250000000000124e-01 2.513861656188964844e+00
2.830719999999999903e-01 2.513861656188964844e+00
2.865489999999999982e-01 2.513861656188964844e+00
2.898350000000000093e-01 2.519036293029785156e+00
2.932589999999999919e-01 2.508687019348144531e+00
2.967380000000000018e-01 2.513861656188964844e+00
3.001659999999999884e-01 2.513861656188964844e+00
3.037739999999999885e-01 2.513861656188964844e+00
3.073879999999999946e-01 2.519036293029785156e+00
3.108580000000000232e-01 2.524210929870605469e+00
3.142860000000000098e-01 2.524210929870605469e+00
3.177849999999999842e-01 2.529385566711425781e+00
3.309710000000000152e-01 2.524210929870605469e+00
3.347870000000000013e-01 2.529385566711425781e+00
3.384039999999999826e-01 2.529385566711425781e+00
3.420119999999999827e-01 2.524210929870605469e+00
3.456069999999999975e-01 2.529385566711425781e+00
3.493609999999999771e-01 2.529385566711425781e+00
3.529680000000000040e-01 2.524210929870605469e+00
3.565869999999999873e-01 2.519036293029785156e+00
3.601790000000000269e-01 2.513861656188964844e+00
3.637850000000000250e-01 2.513861656188964844e+00
3.673839999999999884e-01 2.513861656188964844e+00
3.711720000000000019e-01 2.513861656188964844e+00
3.748889999999999723e-01 2.513861656188964844e+00
3.784899999999999931e-01 2.513861656188964844e+00
3.820939999999999892e-01 2.519036293029785156e+00
3.856930000000000081e-01 2.513861656188964844e+00
3.892849999999999921e-01 2.513861656188964844e+00
3.928889999999999882e-01 2.513861656188964844e+00
3.964909999999999823e-01 2.513861656188964844e+00
4.000900000000000012e-01 2.524210929870605469e+00
4.036779999999999813e-01 2.519036293029785156e+00
4.074450000000000016e-01 2.524210929870605469e+00
4.108870000000000022e-01 2.524210929870605469e+00
4.144849999999999923e-01 2.524210929870605469e+00
4.180820000000000092e-01 2.529385566711425781e+00
4.217060000000000253e-01 2.524210929870605469e+00
4.251550000000000051e-01 2.529385566711425781e+00
4.285990000000000077e-01 2.524210929870605469e+00
4.320530000000000204e-01 2.529385566711425781e+00
4.355040000000000022e-01 2.529385566711425781e+00
4.391079999999999983e-01 2.524210929870605469e+00
4.428560000000000274e-01 2.524210929870605469e+00
4.523119999999999918e-01 2.519036293029785156e+00
4.558989999999999987e-01 2.519036293029785156e+00
4.595069999999999988e-01 2.513861656188964844e+00
4.629619999999999846e-01 2.513861656188964844e+00
4.663220000000000143e-01 2.513861656188964844e+00
4.697069999999999856e-01 2.513861656188964844e+00
4.729960000000000275e-01 2.513861656188964844e+00
4.764590000000000214e-01 2.508687019348144531e+00
4.799100000000000033e-01 2.513861656188964844e+00
4.831969999999999876e-01 2.524210929870605469e+00
4.866519999999999735e-01 2.513861656188964844e+00
4.901030000000000109e-01 2.519036293029785156e+00
4.935499999999999887e-01 2.519036293029785156e+00
4.971570000000000156e-01 2.519036293029785156e+00
5.006080000000000529e-01 2.519036293029785156e+00
5.040519999999999445e-01 2.519036293029785156e+00
5.075009999999999799e-01 2.524210929870605469e+00
5.109620000000000273e-01 2.524210929870605469e+00
5.144480000000000164e-01 2.529385566711425781e+00
5.178930000000000478e-01 2.524210929870605469e+00
5.213470000000000049e-01 2.529385566711425781e+00
5.246399999999999952e-01 2.524210929870605469e+00
5.281050000000000466e-01 2.524210929870605469e+00
5.315469999999999917e-01 2.524210929870605469e+00
5.348410000000000108e-01 2.524210929870605469e+00
5.382959999999999967e-01 2.524210929870605469e+00
5.417469999999999786e-01 2.524210929870605469e+00
5.450399999999999689e-01 2.519036293029785156e+00
5.485029999999999628e-01 2.524210929870605469e+00
5.519450000000000189e-01 2.524210929870605469e+00
5.552420000000000133e-01 2.524210929870605469e+00
5.642270000000000341e-01 2.513861656188964844e+00
5.681289999999999951e-01 2.524210929870605469e+00
5.714190000000000103e-01 2.519036293029785156e+00
5.748550000000000049e-01 2.519036293029785156e+00
5.783190000000000275e-01 2.519036293029785156e+00
5.816130000000000466e-01 2.519036293029785156e+00
5.850640000000000285e-01 2.519036293029785156e+00
5.885129999999999528e-01 2.519036293029785156e+00
5.918099999999999472e-01 2.519036293029785156e+00
5.952549999999999786e-01 2.524210929870605469e+00
5.987059999999999604e-01 2.524210929870605469e+00
6.020010000000000083e-01 2.519036293029785156e+00
6.054500000000000437e-01 2.519036293029785156e+00
6.090879999999999628e-01 2.524210929870605469e+00
6.125439999999999774e-01 2.524210929870605469e+00
6.158379999999999965e-01 2.524210929870605469e+00
6.192879999999999496e-01 2.519036293029785156e+00
6.227439999999999642e-01 2.524210929870605469e+00
6.260379999999999834e-01 2.519036293029785156e+00
6.294859999999999900e-01 2.524210929870605469e+00
6.329489999999999839e-01 2.524210929870605469e+00
6.363020000000000342e-01 2.524210929870605469e+00
6.396929999999999561e-01 2.524210929870605469e+00
6.431449999999999667e-01 2.524210929870605469e+00
6.464499999999999691e-01 2.524210929870605469e+00
6.498909999999999965e-01 2.524210929870605469e+00
6.533419999999999783e-01 2.529385566711425781e+00
6.566570000000000462e-01 2.524210929870605469e+00
6.600920000000000121e-01 2.519036293029785156e+00
6.635450000000000514e-01 2.519036293029785156e+00
6.668450000000000211e-01 2.524210929870605469e+00
6.702900000000000524e-01 2.524210929870605469e+00
6.737469999999999848e-01 2.524210929870605469e+00
6.836430000000000007e-01 2.519036293029785156e+00
6.870739999999999625e-01 2.519036293029785156e+00
6.905289999999999484e-01 2.513861656188964844e+00
6.938260000000000538e-01 2.513861656188964844e+00
6.972739999999999494e-01 2.513861656188964844e+00
7.007339999999999680e-01 2.513861656188964844e+00
7.040180000000000327e-01 2.513861656188964844e+00
7.075040000000000218e-01 2.519036293029785156e+00
7.109600000000000364e-01 2.519036293029785156e+00
7.144059999999999855e-01 2.524210929870605469e+00
7.178759999999999586e-01 2.519036293029785156e+00
7.213019999999999987e-01 2.519036293029785156e+00
7.247540000000000093e-01 2.519036293029785156e+00
7.280520000000000325e-01 2.519036293029785156e+00
7.315049999999999608e-01 2.524210929870605469e+00
7.349560000000000537e-01 2.529385566711425781e+00
7.382539999999999658e-01 2.529385566711425781e+00
7.417110000000000092e-01 2.529385566711425781e+00
7.449980000000000491e-01 2.524210929870605469e+00
7.484429999999999694e-01 2.529385566711425781e+00
7.518979999999999553e-01 2.529385566711425781e+00
7.553520000000000234e-01 2.524210929870605469e+00
7.587979999999999725e-01 2.519036293029785156e+00
7.622489999999999544e-01 2.519036293029785156e+00
7.656979999999999897e-01 2.519036293029785156e+00
7.693039999999999878e-01 2.524210929870605469e+00
7.727600000000000025e-01 2.519036293029785156e+00
7.761909999999999643e-01 2.519036293029785156e+00
7.796619999999999662e-01 2.513861656188964844e+00
7.831090000000000551e-01 2.513861656188964844e+00
7.865670000000000162e-01 2.513861656188964844e+00
7.900070000000000148e-01 2.513861656188964844e+00
7.936410000000000409e-01 2.513861656188964844e+00
8.029770000000000518e-01 2.513861656188964844e+00
8.065160000000000107e-01 2.519036293029785156e+00
8.098100000000000298e-01 2.524210929870605469e+00
8.132589999999999542e-01 2.524210929870605469e+00
8.167109999999999648e-01 2.529385566711425781e+00
8.200030000000000374e-01 2.524210929870605469e+00
8.234510000000000440e-01 2.529385566711425781e+00
8.269030000000000546e-01 2.529385566711425781e+00
8.303570000000000118e-01 2.529385566711425781e+00
8.338010000000000144e-01 2.529385566711425781e+00
8.372490000000000210e-01 2.529385566711425781e+00
8.407040000000000068e-01 2.529385566711425781e+00
8.441589999999999927e-01 2.529385566711425781e+00
8.474570000000000158e-01 2.529385566711425781e+00
8.509069999999999689e-01 2.529385566711425781e+00
8.541999999999999593e-01 2.524210929870605469e+00
8.576489999999999947e-01 2.524210929870605469e+00
8.611020000000000341e-01 2.513861656188964844e+00
8.645519999999999872e-01 2.513861656188964844e+00
8.681640000000000468e-01 2.513861656188964844e+00
8.716089999999999671e-01 2.519036293029785156e+00
8.750660000000000105e-01 2.513861656188964844e+00
8.785089999999999844e-01 2.513861656188964844e+00
8.819679999999999742e-01 2.513861656188964844e+00
8.854079999999999728e-01 2.513861656188964844e+00
8.890029999999999877e-01 2.513861656188964844e+00
8.978390000000000537e-01 2.513861656188964844e+00
9.036849999999999605e-01 2.519036293029785156e+00
9.175060000000000437e-01 2.524210929870605469e+00
9.217929999999999735e-01 2.529385566711425781e+00
9.276889999999999858e-01 2.524210929870605469e+00
9.311399999999999677e-01 2.529385566711425781e+00
9.344320000000000404e-01 2.529385566711425781e+00
9.378950000000000342e-01 2.529385566711425781e+00
9.412120000000000486e-01 2.529385566711425781e+00
9.446630000000000305e-01 2.524210929870605469e+00
9.481209999999999916e-01 2.524210929870605469e+00
9.514089999999999492e-01 2.524210929870605469e+00
9.548569999999999558e-01 2.519036293029785156e+00
9.583099999999999952e-01 2.519036293029785156e+00
9.616120000000000223e-01 2.513861656188964844e+00
9.650509999999999922e-01 2.513861656188964844e+00
9.685080000000000355e-01 2.513861656188964844e+00
9.719609999999999639e-01 2.513861656188964844e+00
9.752570000000000405e-01 2.513861656188964844e+00
9.788670000000000426e-01 2.513861656188964844e+00
9.823129999999999917e-01 2.513861656188964844e+00
9.856040000000000356e-01 2.513861656188964844e+00
9.892090000000000050e-01 2.519036293029785156e+00
9.926920000000000188e-01 2.519036293029785156e+00
9.961440000000000294e-01 2.519036293029785156e+00
9.997589999999999533e-01 2.519036293029785156e+00
1.004264000000000046e+00 2.524210929870605469e+00
1.008461000000000052e+00 2.524210929870605469e+00
1.012531999999999988e+00 2.529385566711425781e+00
1.016667999999999905e+00 2.524210929870605469e+00
1.020731999999999973e+00 2.529385566711425781e+00
1.025145999999999891e+00 2.529385566711425781e+00
1.037087000000000092e+00 2.524210929870605469e+00
1.041298999999999975e+00 2.524210929870605469e+00
1.045384000000000091e+00 2.519036293029785156e+00
1.049622000000000055e+00 2.524210929870605469e+00
1.053687999999999958e+00 2.524210929870605469e+00
1.057790999999999926e+00 2.519036293029785156e+00
1.061865999999999977e+00 2.508687019348144531e+00
1.065971000000000002e+00 2.513861656188964844e+00
1.070151000000000074e+00 2.519036293029785156e+00
1.074232999999999993e+00 2.519036293029785156e+00
1.078594000000000053e+00 2.519036293029785156e+00
1.082686000000000037e+00 2.519036293029785156e+00
1.086859999999999937e+00 2.519036293029785156e+00
1.090966000000000102e+00 2.519036293029785156e+00
1.095078999999999914e+00 2.513861656188964844e+00
1.099244000000000110e+00 2.519036293029785156e+00
1.103342000000000045e+00 2.519036293029785156e+00
1.107488999999999946e+00 2.524210929870605469e+00
1.111617999999999995e+00 2.524210929870605469e+00
1.115742999999999929e+00 2.524210929870605469e+00
1.120030000000000081e+00 2.524210929870605469e+00
1.124168999999999974e+00 2.524210929870605469e+00
1.128405000000000102e+00 2.519036293029785156e+00
1.132541000000000020e+00 2.524210929870605469e+00
1.136741000000000001e+00 2.524210929870605469e+00
1.140878999999999976e+00 2.524210929870605469e+00
1.150708999999999982e+00 2.524210929870605469e+00
1.156166000000000027e+00 2.524210929870605469e+00
1.160450999999999899e+00 2.519036293029785156e+00
1.164582000000000006e+00 2.524210929870605469e+00
1.168805000000000094e+00 2.519036293029785156e+00
1.172956000000000110e+00 2.519036293029785156e+00
1.177189000000000041e+00 2.519036293029785156e+00
1.181516000000000011e+00 2.519036293029785156e+00
1.185639000000000109e+00 2.519036293029785156e+00
1.189915000000000056e+00 2.519036293029785156e+00
1.194074000000000080e+00 2.513861656188964844e+00
1.198328999999999978e+00 2.513861656188964844e+00
1.202504000000000017e+00 2.513861656188964844e+00
1.206731999999999916e+00 2.519036293029785156e+00
1.210904999999999898e+00 2.519036293029785156e+00
1.215076999999999963e+00 2.524210929870605469e+00
1.219346999999999959e+00 2.524210929870605469e+00
1.223519999999999941e+00 2.524210929870605469e+00
1.227711999999999914e+00 2.524210929870605469e+00
1.231899000000000077e+00 2.524210929870605469e+00
1.236080999999999985e+00 2.524210929870605469e+00
1.240347000000000088e+00 2.529385566711425781e+00
1.244523999999999964e+00 2.524210929870605469e+00
1.248779000000000083e+00 2.529385566711425781e+00
1.252961999999999909e+00 2.524210929870605469e+00
1.257236999999999938e+00 2.519036293029785156e+00
1.261452000000000018e+00 2.519036293029785156e+00
1.271314000000000055e+00 2.519036293029785156e+00
1.276893000000000056e+00 2.519036293029785156e+00
1.281226999999999894e+00 2.513861656188964844e+00
1.285455999999999932e+00 2.513861656188964844e+00
1.289773000000000058e+00 2.513861656188964844e+00
1.294000000000000039e+00 2.508687019348144531e+00
1.298232999999999970e+00 2.513861656188964844e+00
1.302483000000000057e+00 2.513861656188964844e+00
1.306796999999999986e+00 2.519036293029785156e+00
1.311042000000000041e+00 2.524210929870605469e+00
1.315298000000000078e+00 2.519036293029785156e+00
1.319630999999999998e+00 2.524210929870605469e+00
1.323906000000000027e+00 2.529385566711425781e+00
1.328184999999999949e+00 2.524210929870605469e+00
1.332468999999999903e+00 2.529385566711425781e+00
1.336873999999999896e+00 2.524210929870605469e+00
1.341167999999999916e+00 2.524210929870605469e+00
1.345466000000000051e+00 2.524210929870605469e+00
1.349852000000000052e+00 2.529385566711425781e+00
1.354144000000000014e+00 2.529385566711425781e+00
1.358494000000000090e+00 2.524210929870605469e+00
1.362765999999999922e+00 2.519036293029785156e+00
1.367135999999999907e+00 2.513861656188964844e+00
1.371426999999999952e+00 2.513861656188964844e+00
1.375736000000000070e+00 2.513861656188964844e+00
1.380152000000000045e+00 2.513861656188964844e+00
1.384616000000000069e+00 2.513861656188964844e+00
1.393477999999999994e+00 2.513861656188964844e+00
1.399366000000000110e+00 2.513861656188964844e+00
1.403788999999999954e+00 2.513861656188964844e+00
1.408115999999999923e+00 2.524210929870605469e+00
1.412447999999999926e+00 2.524210929870605469e+00
1.416840000000000099e+00 2.524210929870605469e+00
1.420161999999999924e+00 2.524210929870605469e+00
1.424555000000000016e+00 2.529385566711425781e+00
1.428968999999999934e+00 2.524210929870605469e+00
1.433316000000000034e+00 2.529385566711425781e+00
1.437681999999999904e+00 2.529385566711425781e+00
1.442069000000000045e+00 2.529385566711425781e+00
1.446499999999999897e+00 2.524210929870605469e+00
1.450852999999999948e+00 2.529385566711425781e+00
1.455192999999999959e+00 2.519036293029785156e+00
1.459764000000000062e+00 2.513861656188964844e+00
1.464163000000000103e+00 2.513861656188964844e+00
1.467581000000000024e+00 2.513861656188964844e+00
1.471964000000000050e+00 2.513861656188964844e+00
1.476401999999999992e+00 2.513861656188964844e+00
1.480787999999999993e+00 2.513861656188964844e+00
1.485238999999999976e+00 2.513861656188964844e+00
1.489703999999999917e+00 2.513861656188964844e+00
1.494094000000000033e+00 2.519036293029785156e+00
1.498559999999999892e+00 2.519036293029785156e+00
1.502944999999999975e+00 2.513861656188964844e+00
1.511778000000000066e+00 2.524210929870605469e+00
1.517900999999999945e+00 2.524210929870605469e+00
1.522391000000000050e+00 2.529385566711425781e+00
1.526874999999999982e+00 2.529385566711425781e+00
1.531284000000000090e+00 2.529385566711425781e+00
1.535697000000000090e+00 2.524210929870605469e+00
1.540234000000000103e+00 2.524210929870605469e+00
1.544634999999999980e+00 2.524210929870605469e+00
1.549123000000000028e+00 2.524210929870605469e+00
1.553536000000000028e+00 2.524210929870605469e+00
1.558005000000000084e+00 2.513861656188964844e+00
1.562429999999999986e+00 2.513861656188964844e+00
1.566928000000000099e+00 2.519036293029785156e+00
1.571371999999999991e+00 2.513861656188964844e+00
1.575811000000000073e+00 2.519036293029785156e+00
1.580378999999999978e+00 2.513861656188964844e+00
1.584883000000000042e+00 2.519036293029785156e+00
1.589487000000000094e+00 2.519036293029785156e+00
1.593962000000000101e+00 2.519036293029785156e+00
1.598489000000000049e+00 2.519036293029785156e+00
1.602937999999999974e+00 2.524210929870605469e+00
1.607401999999999997e+00 2.524210929870605469e+00
1.611866000000000021e+00 2.524210929870605469e+00
1.616389999999999993e+00 2.524210929870605469e+00
1.619788999999999923e+00 2.524210929870605469e+00
1.624570000000000070e+00 2.524210929870605469e+00
1.634481999999999990e+00 2.524210929870605469e+00
1.638549999999999951e+00 2.524210929870605469e+00
1.642343000000000108e+00 2.524210929870605469e+00
1.646126999999999896e+00 2.524210929870605469e+00
1.649982000000000060e+00 2.524210929870605469e+00
1.653780000000000028e+00 2.519036293029785156e+00
1.657578999999999914e+00 2.519036293029785156e+00
1.661362999999999923e+00 2.519036293029785156e+00
1.665138999999999925e+00 2.519036293029785156e+00
1.668989000000000056e+00 2.519036293029785156e+00
1.672781999999999991e+00 2.519036293029785156e+00
1.676625999999999950e+00 2.519036293029785156e+00
1.680420999999999943e+00 2.513861656188964844e+00
1.684223999999999943e+00 2.519036293029785156e+00
1.688094999999999901e+00 2.519036293029785156e+00
1.691888000000000059e+00 2.524210929870605469e+00
1.695678000000000019e+00 2.519036293029785156e+00
1.699576999999999893e+00 2.519036293029785156e+00
1.703418000000000099e+00 2.513861656188964844e+00
1.707229000000000108e+00 2.519036293029785156e+00
1.711022999999999961e+00 2.524210929870605469e+00
1.714827000000000101e+00 2.524210929870605469e+00
1.718690999999999969e+00 2.524210929870605469e+00
1.722495000000000109e+00 2.519036293029785156e+00
1.726364999999999927e+00 2.524210929870605469e+00
1.730186000000000002e+00 2.524210929870605469e+00
1.733994999999999953e+00 2.524210929870605469e+00
1.737824000000000035e+00 2.524210929870605469e+00
1.741651000000000060e+00 2.529385566711425781e+00
1.751303999999999972e+00 2.524210929870605469e+00
1.755284999999999984e+00 2.524210929870605469e+00
1.759289000000000103e+00 2.519036293029785156e+00
1.763144000000000045e+00 2.519036293029785156e+00
1.767114000000000074e+00 2.519036293029785156e+00
1.770950999999999942e+00 2.519036293029785156e+00
1.774802999999999908e+00 2.524210929870605469e+00
1.777887999999999913e+00 2.513861656188964844e+00
1.781762999999999986e+00 2.513861656188964844e+00
1.785632000000000108e+00 2.513861656188964844e+00
1.788842000000000043e+00 2.513861656188964844e+00
1.792704999999999993e+00 2.513861656188964844e+00
1.796653999999999973e+00 2.513861656188964844e+00
1.800532000000000021e+00 2.513861656188964844e+00
1.804381000000000013e+00 2.513861656188964844e+00
1.808297999999999961e+00 2.524210929870605469e+00
1.812170999999999976e+00 2.519036293029785156e+00
1.816073000000000048e+00 2.524210929870605469e+00
1.820032000000000094e+00 2.524210929870605469e+00
1.823906999999999945e+00 2.524210929870605469e+00
1.827779999999999960e+00 2.524210929870605469e+00
1.831658000000000008e+00 2.529385566711425781e+00
1.835577999999999932e+00 2.524210929870605469e+00
1.839566999999999952e+00 2.529385566711425781e+00
1.843469999999999942e+00 2.524210929870605469e+00
1.847369000000000039e+00 2.524210929870605469e+00
1.851305999999999896e+00 2.524210929870605469e+00
1.855220000000000091e+00 2.524210929870605469e+00
1.859213999999999922e+00 2.519036293029785156e+00
1.869526000000000021e+00 2.519036293029785156e+00
1.874457000000000040e+00 2.513861656188964844e+00
1.878501999999999894e+00 2.508687019348144531e+00
1.882408000000000081e+00 2.513861656188964844e+00
1.886370000000000102e+00 2.513861656188964844e+00
1.890484000000000053e+00 2.513861656188964844e+00
1.894404999999999895e+00 2.513861656188964844e+00
1.903763000000000094e+00 2.519036293029785156e+00
1.912339000000000011e+00 2.524210929870605469e+00
1.916738999999999971e+00 2.529385566711425781e+00
1.922752000000000017e+00 2.524210929870605469e+00
1.928315000000000001e+00 2.529385566711425781e+00
1.932323999999999931e+00 2.529385566711425781e+00
1.936323999999999934e+00 2.524210929870605469e+00
1.940258999999999956e+00 2.524210929870605469e+00
1.944193999999999978e+00 2.524210929870605469e+00
1.948152000000000106e+00 2.529385566711425781e+00
1.952131000000000061e+00 2.524210929870605469e+00
1.956058000000000074e+00 2.524210929870605469e+00
1.960058000000000078e+00 2.513861656188964844e+00
1.963993000000000100e+00 2.513861656188964844e+00
1.967939000000000105e+00 2.513861656188964844e+00
1.971886999999999945e+00 2.513861656188964844e+00
1.975837000000000065e+00 2.513861656188964844e+00
1.980194000000000010e+00 2.513861656188964844e+00
1.990523999999999960e+00 2.508687019348144531e+00
1.994655999999999985e+00 2.513861656188964844e+00
1.999274999999999913e+00 2.519036293029785156e+00
2.002701000000000064e+00 2.524210929870605469e+00
2.006739000000000051e+00 2.524210929870605469e+00
2.010709999999999997e+00 2.529385566711425781e+00
2.014666000000000068e+00 2.524210929870605469e+00
2.018730999999999831e+00 2.524210929870605469e+00
2.022688000000000041e+00 2.524210929870605469e+00
2.026730999999999838e+00 2.524210929870605469e+00
2.030734999999999957e+00 2.524210929870605469e+00
2.034699999999999953e+00 2.529385566711425781e+00
2.038746000000000169e+00 2.524210929870605469e+00
2.042727999999999877e+00 2.524210929870605469e+00
2.046790000000000109e+00 2.519036293029785156e+00
2.050780000000000047e+00 2.524210929870605469e+00
2.054758999999999780e+00 2.519036293029785156e+00
2.057933999999999930e+00 2.513861656188964844e+00
2.061936999999999909e+00 2.513861656188964844e+00
2.065920999999999896e+00 2.513861656188964844e+00
2.070018000000000136e+00 2.513861656188964844e+00
2.073106000000000115e+00 2.513861656188964844e+00
2.077139999999999986e+00 2.513861656188964844e+00
2.081145999999999940e+00 2.513861656188964844e+00
2.085192999999999852e+00 2.519036293029785156e+00
2.089547000000000043e+00 2.513861656188964844e+00
2.098781999999999925e+00 2.519036293029785156e+00
2.103080999999999978e+00 2.519036293029785156e+00
2.107184000000000168e+00 2.524210929870605469e+00
2.111270999999999898e+00 2.524210929870605469e+00
2.115302999999999933e+00 2.529385566711425781e+00
2.119406999999999819e+00 2.524210929870605469e+00
2.122596999999999845e+00 2.524210929870605469e+00
2.127015000000000100e+00 2.519036293029785156e+00
2.131067999999999962e+00 2.524210929870605469e+00
2.135104999999999809e+00 2.524210929870605469e+00
2.139259000000000022e+00 2.524210929870605469e+00
2.143283999999999967e+00 2.519036293029785156e+00
2.147342999999999780e+00 2.524210929870605469e+00
2.151399000000000061e+00 2.524210929870605469e+00
2.155428000000000122e+00 2.519036293029785156e+00
2.159581999999999891e+00 2.519036293029785156e+00
2.163638000000000172e+00 2.519036293029785156e+00
2.167717999999999812e+00 2.519036293029785156e+00
2.171749999999999847e+00 2.519036293029785156e+00
2.175802000000000014e+00 2.519036293029785156e+00
2.179991999999999930e+00 2.519036293029785156e+00
2.184095000000000120e+00 2.519036293029785156e+00
2.188162000000000162e+00 2.519036293029785156e+00
2.192343999999999848e+00 2.519036293029785156e+00
2.195572999999999997e+00 2.513861656188964844e+00
2.199892999999999876e+00 2.519036293029785156e+00
2.203988999999999976e+00 2.513861656188964844e+00
2.207148000000000110e+00 2.519036293029785156e+00
2.215824000000000016e+00 2.519036293029785156e+00
2.220345000000000013e+00 2.524210929870605469e+00
2.224419000000000146e+00 2.524210929870605469e+00
2.228590000000000071e+00 2.524210929870605469e+00
2.231755000000000155e+00 2.524210929870605469e+00
2.234929999999999861e+00 2.524210929870605469e+00
2.239085000000000214e+00 2.524210929870605469e+00
2.243168999999999969e+00 2.524210929870605469e+00
2.247285000000000199e+00 2.524210929870605469e+00
2.251412999999999887e+00 2.524210929870605469e+00
2.255498999999999921e+00 2.519036293029785156e+00
2.258697000000000177e+00 2.524210929870605469e+00
2.262788000000000022e+00 2.519036293029785156e+00
2.265899999999999803e+00 2.524210929870605469e+00
2.270068000000000197e+00 2.519036293029785156e+00
2.274194000000000049e+00 2.519036293029785156e+00
2.278370999999999924e+00 2.519036293029785156e+00
2.281546000000000074e+00 2.519036293029785156e+00
2.285639000000000198e+00 2.513861656188964844e+00
2.288904000000000050e+00 2.513861656188964844e+00
2.293073999999999835e+00 2.513861656188964844e+00
2.297207000000000221e+00 2.508687019348144531e+00
2.300329000000000068e+00 2.513861656188964844e+00
2.304629999999999956e+00 2.513861656188964844e+00
2.308802000000000021e+00 2.519036293029785156e+00
2.312940000000000218e+00 2.524210929870605469e+00
2.317107000000000028e+00 2.524210929870605469e+00
2.321232000000000184e+00 2.524210929870605469e+00
2.325366999999999962e+00 2.524210929870605469e+00
2.334497999999999962e+00 2.524210929870605469e+00
2.342359000000000080e+00 2.524210929870605469e+00
2.347513000000000183e+00 2.529385566711425781e+00
2.352536000000000183e+00 2.524210929870605469e+00
2.357610999999999901e+00 2.524210929870605469e+00
2.362661000000000122e+00 2.519036293029785156e+00
2.367754000000000136e+00 2.519036293029785156e+00
2.372761000000000120e+00 2.513861656188964844e+00
2.377820999999999962e+00 2.513861656188964844e+00
2.382868000000000208e+00 2.513861656188964844e+00
2.387913000000000174e+00 2.513861656188964844e+00
2.393018000000000089e+00 2.513861656188964844e+00
2.398087999999999997e+00 2.513861656188964844e+00
2.403146000000000004e+00 2.508687019348144531e+00
2.408209999999999962e+00 2.519036293029785156e+00
2.413228000000000151e+00 2.524210929870605469e+00
2.418283000000000182e+00 2.529385566711425781e+00
2.423328999999999844e+00 2.529385566711425781e+00
2.428422999999999998e+00 2.524210929870605469e+00
2.432697000000000109e+00 2.529385566711425781e+00
2.436942999999999859e+00 2.529385566711425781e+00
2.441124999999999989e+00 2.529385566711425781e+00
2.445295000000000218e+00 2.524210929870605469e+00
2.449495999999999896e+00 2.529385566711425781e+00
2.458559999999999857e+00 2.529385566711425781e+00
2.462969000000000186e+00 2.513861656188964844e+00
2.466190000000000104e+00 2.513861656188964844e+00
2.470442999999999945e+00 2.513861656188964844e+00
2.474645000000000206e+00 2.513861656188964844e+00
2.477914999999999868e+00 2.508687019348144531e+00
2.482114000000000154e+00 2.513861656188964844e+00
2.486355999999999788e+00 2.513861656188964844e+00
2.490571000000000090e+00 2.513861656188964844e+00
2.494901000000000035e+00 2.513861656188964844e+00
2.499165000000000081e+00 2.519036293029785156e+00
2.502304999999999779e+00 2.519036293029785156e+00
2.506655999999999995e+00 2.524210929870605469e+00
2.510877999999999943e+00 2.524210929870605469e+00
2.515086999999999851e+00 2.524210929870605469e+00
2.519356999999999847e+00 2.524210929870605469e+00
2.523579999999999934e+00 2.524210929870605469e+00
2.527813999999999783e+00 2.524210929870605469e+00
2.532020999999999855e+00 2.524210929870605469e+00
2.536245000000000083e+00 2.524210929870605469e+00
2.540475999999999956e+00 2.524210929870605469e+00
2.544710999999999945e+00 2.519036293029785156e+00
2.548986999999999892e+00 2.524210929870605469e+00
2.553207000000000004e+00 2.524210929870605469e+00
2.557443999999999829e+00 2.519036293029785156e+00
2.561993999999999883e+00 2.508687019348144531e+00
2.566281000000000034e+00 2.513861656188964844e+00
2.574202999999999797e+00 2.513861656188964844e+00
2.578917999999999822e+00 2.513861656188964844e+00
2.583168999999999826e+00 2.519036293029785156e+00
2.587432999999999872e+00 2.519036293029785156e+00
2.591760999999999981e+00 2.513861656188964844e+00
2.596038000000000068e+00 2.519036293029785156e+00
2.600369999999999848e+00 2.519036293029785156e+00
2.604639000000000149e+00 2.519036293029785156e+00
2.607962000000000113e+00 2.524210929870605469e+00
2.612203000000000053e+00 2.524210929870605469e+00
2.616537000000000113e+00 2.529385566711425781e+00
2.620808999999999944e+00 2.524210929870605469e+00
2.625074999999999825e+00 2.524210929870605469e+00
2.629421999999999926e+00 2.519036293029785156e+00
2.633684999999999832e+00 2.524210929870605469e+00
2.638015000000000221e+00 2.524210929870605469e+00
2.642307999999999879e+00 2.519036293029785156e+00
2.646647000000000194e+00 2.524210929870605469e+00
2.650939999999999852e+00 2.524210929870605469e+00
2.655240000000000045e+00 2.519036293029785156e+00
2.659746999999999861e+00 2.513861656188964844e+00
2.664045999999999914e+00 2.513861656188964844e+00
2.667343999999999937e+00 2.519036293029785156e+00
2.671657000000000171e+00 2.519036293029785156e+00
2.675985999999999976e+00 2.519036293029785156e+00
2.680353000000000208e+00 2.519036293029785156e+00
2.684677999999999898e+00 2.524210929870605469e+00
2.693579000000000168e+00 2.519036293029785156e+00
2.698475999999999875e+00 2.519036293029785156e+00
2.701763000000000137e+00 2.519036293029785156e+00
2.706068999999999836e+00 2.524210929870605469e+00
2.710468000000000099e+00 2.524210929870605469e+00
2.714764999999999873e+00 2.519036293029785156e+00
2.719142000000000170e+00 2.524210929870605469e+00
2.723444999999999894e+00 2.524210929870605469e+00
2.727796999999999805e+00 2.524210929870605469e+00
2.732115999999999989e+00 2.524210929870605469e+00
2.736517999999999784e+00 2.524210929870605469e+00
2.740845999999999894e+00 2.524210929870605469e+00
2.744110000000000049e+00 2.519036293029785156e+00
2.748517999999999795e+00 2.524210929870605469e+00
2.751933999999999880e+00 2.524210929870605469e+00
2.756402000000000019e+00 2.524210929870605469e+00
2.760759000000000185e+00 2.524210929870605469e+00
2.765096999999999916e+00 2.519036293029785156e+00
2.769553999999999849e+00 2.519036293029785156e+00
2.773899999999999810e+00 2.519036293029785156e+00
2.778252000000000166e+00 2.519036293029785156e+00
2.782592999999999872e+00 2.519036293029785156e+00
2.786986999999999881e+00 2.519036293029785156e+00
2.791344000000000047e+00 2.513861656188964844e+00
2.795719000000000065e+00 2.513861656188964844e+00
2.800377999999999812e+00 2.513861656188964844e+00
2.804806000000000132e+00 2.513861656188964844e+00
2.813933000000000018e+00 2.524210929870605469e+00
2.818734000000000073e+00 2.524210929870605469e+00
2.823096000000000050e+00 2.519036293029785156e+00
2.827474000000000043e+00 2.519036293029785156e+00
2.830684000000000200e+00 2.524210929870605469e+00
2.835064000000000028e+00 2.524210929870605469e+00
2.839515000000000011e+00 2.529385566711425781e+00
2.843865999999999783e+00 2.524210929870605469e+00
2.848265000000000047e+00 2.529385566711425781e+00
2.852657999999999916e+00 2.529385566711425781e+00
2.857082000000000122e+00 2.524210929870605469e+00
2.860351999999999784e+00 2.519036293029785156e+00
2.864735000000000031e+00 2.519036293029785156e+00
2.869241999999999848e+00 2.519036293029785156e+00
2.872543999999999986e+00 2.519036293029785156e+00
2.876974999999999838e+00 2.513861656188964844e+00
2.881374000000000102e+00 2.513861656188964844e+00
2.885771000000000086e+00 2.513861656188964844e+00
2.890347000000000222e+00 2.513861656188964844e+00
2.894735999999999976e+00 2.508687019348144531e+00
2.899265999999999899e+00 2.519036293029785156e+00
2.909104000000000134e+00 2.513861656188964844e+00
2.917289999999999939e+00 2.524210929870605469e+00
2.928155999999999981e+00 2.524210929870605469e+00
2.935179000000000205e+00 2.524210929870605469e+00
2.939836000000000116e+00 2.524210929870605469e+00
2.944294999999999884e+00 2.524210929870605469e+00
2.947721000000000036e+00 2.524210929870605469e+00
2.952182999999999780e+00 2.524210929870605469e+00
2.955535999999999941e+00 2.524210929870605469e+00
2.960087999999999830e+00 2.519036293029785156e+00
2.964557999999999804e+00 2.513861656188964844e+00
2.969082000000000221e+00 2.513861656188964844e+00
2.973596000000000128e+00 2.513861656188964844e+00
2.978060999999999847e+00 2.513861656188964844e+00
2.982530999999999821e+00 2.513861656188964844e+00
2.987089000000000105e+00 2.513861656188964844e+00
2.991572000000000120e+00 2.508687019348144531e+00
2.996033000000000168e+00 2.508687019348144531e+00
3.000833999999999779e+00 2.513861656188964844e+00
3.005333999999999950e+00 2.524210929870605469e+00
3.008786999999999878e+00 2.524210929870605469e+00
3.013291000000000164e+00 2.524210929870605469e+00
3.017781999999999965e+00 2.524210929870605469e+00
3.022311999999999887e+00 2.524210929870605469e+00
3.026866000000000057e+00 2.529385566711425781e+00
3.031371000000000038e+00 2.524210929870605469e+00
3.040684000000000164e+00 2.529385566711425781e+00
3.045408999999999811e+00 2.519036293029785156e+00
3.049970000000000070e+00 2.524210929870605469e+00
3.053313999999999862e+00 2.524210929870605469e+00
3.057841999999999949e+00 2.513861656188964844e+00
3.062314999999999898e+00 2.513861656188964844e+00
3.066873999999999878e+00 2.513861656188964844e+00
3.071350999999999942e+00 2.513861656188964844e+00
3.074704999999999799e+00 2.513861656188964844e+00
3.078152999999999917e+00 2.508687019348144531e+00
3.082641999999999882e+00 2.513861656188964844e+00
3.087238000000000149e+00 2.513861656188964844e+00
3.091753000000000196e+00 2.519036293029785156e+00
3.096328000000000191e+00 2.519036293029785156e+00
3.099724999999999842e+00 2.519036293029785156e+00
3.104312999999999878e+00 2.519036293029785156e+00
3.107692000000000121e+00 2.524210929870605469e+00
3.112223999999999879e+00 2.524210929870605469e+00
3.116794000000000064e+00 2.524210929870605469e+00
3.121310999999999947e+00 2.524210929870605469e+00
3.125811000000000117e+00 2.524210929870605469e+00
3.130495999999999945e+00 2.524210929870605469e+00
3.135549999999999837e+00 2.524210929870605469e+00
3.141315000000000079e+00 2.519036293029785156e+00
3.146997999999999962e+00 2.524210929870605469e+00
3.156393000000000004e+00 2.524210929870605469e+00
3.163670000000000204e+00 2.513861656188964844e+00
3.169389999999999930e+00 2.519036293029785156e+00
3.175021999999999789e+00 2.519036293029785156e+00
3.180696000000000190e+00 2.519036293029785156e+00
3.186367999999999867e+00 2.519036293029785156e+00
3.192032999999999898e+00 2.513861656188964844e+00
3.197724000000000011e+00 2.519036293029785156e+00
3.203631999999999813e+00 2.519036293029785156e+00
3.209360000000000213e+00 2.524210929870605469e+00
3.215006999999999948e+00 2.524210929870605469e+00
3.220746999999999804e+00 2.519036293029785156e+00
3.226484999999999825e+00 2.524210929870605469e+00
3.232200999999999880e+00 2.519036293029785156e+00
3.237086999999999826e+00 2.524210929870605469e+00
3.241683999999999788e+00 2.524210929870605469e+00
3.246307999999999971e+00 2.519036293029785156e+00
3.250922999999999785e+00 2.524210929870605469e+00
3.254321000000000019e+00 2.524210929870605469e+00
3.258979000000000070e+00 2.519036293029785156e+00
3.263552999999999926e+00 2.519036293029785156e+00
3.266967999999999872e+00 2.524210929870605469e+00
3.271605000000000096e+00 2.519036293029785156e+00
3.280854999999999855e+00 2.519036293029785156e+00
3.285648999999999820e+00 2.519036293029785156e+00
3.290524000000000004e+00 2.519036293029785156e+00
3.295136999999999983e+00 2.519036293029785156e+00
3.299812999999999885e+00 2.513861656188964844e+00
3.303230999999999806e+00 2.508687019348144531e+00
3.307882999999999907e+00 2.519036293029785156e+00
3.312497000000000025e+00 2.519036293029785156e+00
3.317149999999999821e+00 2.524210929870605469e+00
3.321785000000000210e+00 2.524210929870605469e+00
3.326456999999999997e+00 2.524210929870605469e+00
3.331059000000000214e+00 2.524210929870605469e+00
3.335662999999999823e+00 2.524210929870605469e+00
3.340459000000000067e+00 2.524210929870605469e+00
3.345077999999999996e+00 2.524210929870605469e+00
3.349744999999999973e+00 2.529385566711425781e+00
3.353146000000000182e+00 2.524210929870605469e+00
3.357833999999999985e+00 2.524210929870605469e+00
3.362442000000000153e+00 2.519036293029785156e+00
3.367128000000000121e+00 2.519036293029785156e+00
3.371760000000000090e+00 2.519036293029785156e+00
3.376468000000000025e+00 2.519036293029785156e+00
3.381095000000000184e+00 2.513861656188964844e+00
3.384523000000000170e+00 2.513861656188964844e+00
3.389229999999999965e+00 2.513861656188964844e+00
3.398521999999999821e+00 2.508687019348144531e+00
3.403395999999999866e+00 2.513861656188964844e+00
3.408275999999999861e+00 2.519036293029785156e+00
3.412908999999999970e+00 2.519036293029785156e+00
3.417552999999999841e+00 2.519036293029785156e+00
3.422244000000000064e+00 2.524210929870605469e+00
3.426966000000000179e+00 2.524210929870605469e+00
3.431607000000000074e+00 2.524210929870605469e+00
3.436296000000000017e+00 2.529385566711425781e+00
3.439627999999999908e+00 2.524210929870605469e+00
3.444287000000000099e+00 2.524210929870605469e+00
3.447760000000000158e+00 2.524210929870605469e+00
3.452420000000000044e+00 2.529385566711425781e+00
3.457165999999999961e+00 2.524210929870605469e+00
3.461844999999999839e+00 2.519036293029785156e+00
3.466547999999999963e+00 2.513861656188964844e+00
3.471201999999999899e+00 2.513861656188964844e+00
3.475865000000000204e+00 2.513861656188964844e+00
3.480634999999999923e+00 2.513861656188964844e+00
3.485311999999999966e+00 2.513861656188964844e+00
3.490041999999999867e+00 2.513861656188964844e+00
3.494718000000000213e+00 2.513861656188964844e+00
3.499430999999999958e+00 2.513861656188964844e+00
3.504089000000000009e+00 2.513861656188964844e+00
3.513844999999999885e+00 2.524210929870605469e+00
3.518768000000000118e+00 2.529385566711425781e+00
3.523461999999999872e+00 2.529385566711425781e+00
3.528173999999999921e+00 2.524210929870605469e+00
3.532899000000000012e+00 2.524210929870605469e+00
3.537586999999999815e+00 2.529385566711425781e+00
3.542308999999999930e+00 2.529385566711425781e+00
3.547074999999999978e+00 2.524210929870605469e+00
3.550580000000000069e+00 2.524210929870605469e+00
3.555289999999999839e+00 2.519036293029785156e+00
3.560051000000000077e+00 2.513861656188964844e+00
3.563531999999999922e+00 2.513861656188964844e+00
3.568255999999999872e+00 2.513861656188964844e+00
3.572948999999999931e+00 2.513861656188964844e+00
3.577665999999999791e+00 2.513861656188964844e+00
3.582421000000000078e+00 2.513861656188964844e+00
3.587181000000000175e+00 2.513861656188964844e+00
3.592451000000000061e+00 2.513861656188964844e+00
3.597240000000000215e+00 2.513861656188964844e+00
3.601942999999999895e+00 2.519036293029785156e+00
3.606866999999999823e+00 2.524210929870605469e+00
3.611737999999999893e+00 2.524210929870605469e+00
3.616515000000000146e+00 2.524210929870605469e+00
3.621230999999999867e+00 2.524210929870605469e+00
3.630764999999999798e+00 2.529385566711425781e+00
3.635673999999999850e+00 2.524210929870605469e+00
3.640559000000000101e+00 2.519036293029785156e+00
3.645305000000000017e+00 2.524210929870605469e+00
3.650104999999999933e+00 2.524210929870605469e+00
3.654875000000000096e+00 2.524210929870605469e+00
3.659708999999999879e+00 2.513861656188964844e+00
3.664447000000000010e+00 2.513861656188964844e+00
3.669262999999999941e+00 2.513861656188964844e+00
3.672740999999999811e+00 2.513861656188964844e+00
3.677540000000000031e+00 2.519036293029785156e+00
3.682272000000000212e+00 2.519036293029785156e+00
3.687081000000000053e+00 2.519036293029785156e+00
3.691898000000000124e+00 2.513861656188964844e+00
3.696696999999999900e+00 2.519036293029785156e+00
3.701456999999999997e+00 2.519036293029785156e+00
3.706275999999999904e+00 2.519036293029785156e+00
3.709992000000000179e+00 2.524210929870605469e+00
3.714808999999999806e+00 2.529385566711425781e+00
3.719621000000000066e+00 2.524210929870605469e+00
3.723110000000000142e+00 2.524210929870605469e+00
3.727920000000000122e+00 2.519036293029785156e+00
3.732686999999999866e+00 2.524210929870605469e+00
3.737515000000000143e+00 2.524210929870605469e+00
3.742617999999999778e+00 2.524210929870605469e+00
3.753894999999999982e+00 2.524210929870605469e+00
3.758823000000000025e+00 2.519036293029785156e+00
3.762299000000000060e+00 2.519036293029785156e+00
3.767237000000000169e+00 2.524210929870605469e+00
3.772057000000000215e+00 2.519036293029785156e+00
3.776927000000000145e+00 2.519036293029785156e+00
3.781741999999999937e+00 2.519036293029785156e+00
3.786608000000000196e+00 2.519036293029785156e+00
3.791402000000000161e+00 2.519036293029785156e+00
3.796289999999999942e+00 2.519036293029785156e+00
3.801120000000000054e+00 2.513861656188964844e+00
3.805969999999999853e+00 2.513861656188964844e+00
3.809527999999999803e+00 2.519036293029785156e+00
3.813108999999999860e+00 2.524210929870605469e+00
3.817949000000000037e+00 2.524210929870605469e+00
3.822786999999999935e+00 2.524210929870605469e+00
3.826367999999999991e+00 2.519036293029785156e+00
3.831214999999999815e+00 2.524210929870605469e+00
3.836050000000000182e+00 2.519036293029785156e+00
3.840958000000000094e+00 2.524210929870605469e+00
3.845772999999999886e+00 2.524210929870605469e+00
3.850760999999999878e+00 2.529385566711425781e+00
3.855589000000000155e+00 2.524210929870605469e+00
3.860672999999999799e+00 2.519036293029785156e+00
3.872195000000000054e+00 2.519036293029785156e+00
3.877456000000000014e+00 2.513861656188964844e+00
3.882290999999999936e+00 2.519036293029785156e+00
3.887169000000000096e+00 2.513861656188964844e+00
3.892082999999999959e+00 2.513861656188964844e+00
3.896981999999999946e+00 2.513861656188964844e+00
3.900506000000000029e+00 2.519036293029785156e+00
3.905536000000000119e+00 2.513861656188964844e+00
3.916017000000000081e+00 2.524210929870605469e+00
3.924637000000000153e+00 2.524210929870605469e+00
3.931001999999999885e+00 2.524210929870605469e+00
3.935875999999999930e+00 2.529385566711425781e+00
3.940904999999999880e+00 2.529385566711425781e+00
3.947366999999999848e+00 2.529385566711425781e+00
3.952554999999999819e+00 2.529385566711425781e+00
3.957535000000000025e+00 2.524210929870605469e+00
3.961149999999999949e+00 2.519036293029785156e+00
3.966034000000000059e+00 2.519036293029785156e+00
3.971004999999999896e+00 2.513861656188964844e+00
3.975934000000000079e+00 2.513861656188964844e+00
3.985628999999999866e+00 2.513861656188964844e+00
3.990874999999999950e+00 2.513861656188964844e+00
3.995817999999999870e+00 2.513861656188964844e+00
3.999525000000000219e+00 2.513861656188964844e+00
4.004424000000000206e+00 2.513861656188964844e+00
4.009418000000000148e+00 2.524210929870605469e+00
4.014361000000000068e+00 2.524210929870605469e+00
4.019515000000000171e+00 2.524210929870605469e+00
4.024452000000000140e+00 2.524210929870605469e+00
4.029443999999999804e+00 2.524210929870605469e+00
4.034362999999999921e+00 2.529385566711425781e+00
4.039363999999999955e+00 2.529385566711425781e+00
4.044336000000000375e+00 2.524210929870605469e+00
4.049291000000000196e+00 2.524210929870605469e+00
4.054221000000000075e+00 2.524210929870605469e+00
4.059250999999999721e+00 2.519036293029785156e+00
4.064212000000000380e+00 2.508687019348144531e+00
4.069189999999999863e+00 2.513861656188964844e+00
4.072725000000000151e+00 2.513861656188964844e+00
4.076330999999999705e+00 2.513861656188964844e+00
4.079926000000000386e+00 2.513861656188964844e+00
4.084855000000000125e+00 2.513861656188964844e+00
4.088503000000000220e+00 2.513861656188964844e+00
4.092106000000000243e+00 2.513861656188964844e+00
4.101899000000000406e+00 2.519036293029785156e+00
4.107156999999999947e+00 2.519036293029785156e+00
4.112159000000000120e+00 2.524210929870605469e+00
4.115699000000000218e+00 2.524210929870605469e+00
4.120949999999999669e+00 2.524210929870605469e+00
4.125892000000000337e+00 2.529385566711425781e+00
4.129570000000000185e+00 2.529385566711425781e+00
4.133172000000000068e+00 2.529385566711425781e+00
4.138171999999999962e+00 2.524210929870605469e+00
4.143157000000000423e+00 2.524210929870605469e+00
4.148174000000000028e+00 2.519036293029785156e+00
4.153140999999999750e+00 2.519036293029785156e+00
4.156744999999999912e+00 2.519036293029785156e+00
4.160338999999999565e+00 2.513861656188964844e+00
4.163946000000000147e+00 2.513861656188964844e+00
4.169062000000000268e+00 2.513861656188964844e+00
4.174064000000000441e+00 2.513861656188964844e+00
4.179096000000000366e+00 2.519036293029785156e+00
4.184084000000000358e+00 2.519036293029785156e+00
4.189122000000000234e+00 2.519036293029785156e+00
4.192770999999999582e+00 2.519036293029785156e+00
4.196374999999999744e+00 2.519036293029785156e+00
4.201361000000000345e+00 2.519036293029785156e+00
4.204951999999999579e+00 2.524210929870605469e+00
4.210056999999999938e+00 2.529385566711425781e+00
4.219954000000000427e+00 2.529385566711425781e+00
4.225246000000000279e+00 2.524210929870605469e+00
4.230324000000000417e+00 2.519036293029785156e+00
4.235311000000000270e+00 2.524210929870605469e+00
4.240394000000000219e+00 2.524210929870605469e+00
4.245410999999999824e+00 2.519036293029785156e+00
4.249130000000000074e+00 2.524210929870605469e+00
4.252731999999999957e+00 2.519036293029785156e+00
4.256332999999999700e+00 2.519036293029785156e+00
4.261379999999999946e+00 2.513861656188964844e+00
4.266460000000000363e+00 2.519036293029785156e+00
4.271444999999999936e+00 2.519036293029785156e+00
4.276512999999999565e+00 2.519036293029785156e+00
4.281540999999999819e+00 2.519036293029785156e+00
4.285159000000000162e+00 2.519036293029785156e+00
4.290173000000000236e+00 2.519036293029785156e+00
4.295223000000000013e+00 2.513861656188964844e+00
4.300302000000000291e+00 2.519036293029785156e+00
4.305341999999999558e+00 2.513861656188964844e+00
4.310469000000000328e+00 2.524210929870605469e+00
4.314136000000000415e+00 2.524210929870605469e+00
4.319204000000000043e+00 2.524210929870605469e+00
4.324474000000000373e+00 2.519036293029785156e+00
4.334266000000000396e+00 2.519036293029785156e+00
4.339584000000000330e+00 2.519036293029785156e+00
4.344649999999999679e+00 2.519036293029785156e+00
4.348353999999999608e+00 2.524210929870605469e+00
4.353420999999999985e+00 2.524210929870605469e+00
4.358520000000000394e+00 2.524210929870605469e+00
4.363603000000000343e+00 2.519036293029785156e+00
4.368648000000000309e+00 2.519036293029785156e+00
4.373719999999999608e+00 2.519036293029785156e+00
4.378868999999999900e+00 2.513861656188964844e+00
4.383967000000000169e+00 2.519036293029785156e+00
4.389067999999999969e+00 2.513861656188964844e+00
4.392730000000000246e+00 2.513861656188964844e+00
4.397833000000000325e+00 2.508687019348144531e+00
4.402897000000000283e+00 2.513861656188964844e+00
4.407973000000000141e+00 2.524210929870605469e+00
4.413077000000000361e+00 2.524210929870605469e+00
4.416731999999999658e+00 2.524210929870605469e+00
4.421799000000000035e+00 2.524210929870605469e+00
4.427112000000000158e+00 2.524210929870605469e+00
4.432197999999999638e+00 2.529385566711425781e+00
4.437338999999999700e+00 2.529385566711425781e+00
4.442523999999999695e+00 2.524210929870605469e+00
4.452266999999999975e+00 2.524210929870605469e+00
4.457634999999999792e+00 2.524210929870605469e+00
4.461369999999999614e+00 2.519036293029785156e+00
4.466559000000000168e+00 2.519036293029785156e+00
4.471663999999999639e+00 2.513861656188964844e+00
4.476831999999999923e+00 2.513861656188964844e+00
4.480527999999999622e+00 2.513861656188964844e+00
4.485656999999999783e+00 2.513861656188964844e+00
4.490902000000000172e+00 2.513861656188964844e+00
4.496039999999999814e+00 2.508687019348144531e+00
4.501248000000000360e+00 2.513861656188964844e+00
4.506452999999999598e+00 2.519036293029785156e+00
4.510116000000000014e+00 2.519036293029785156e+00
4.515238000000000085e+00 2.524210929870605469e+00
4.520419000000000409e+00 2.524210929870605469e+00
4.525604999999999656e+00 2.529385566711425781e+00
4.530847999999999764e+00 2.524210929870605469e+00
4.535962999999999745e+00 2.524210929870605469e+00
4.539734000000000158e+00 2.529385566711425781e+00
4.544895999999999603e+00 2.529385566711425781e+00
4.550062999999999747e+00 2.529385566711425781e+00
4.555140999999999885e+00 2.524210929870605469e+00
4.560356999999999772e+00 2.513861656188964844e+00
4.570337999999999568e+00 2.508687019348144531e+00
4.575747999999999927e+00 2.508687019348144531e+00
4.581025000000000347e+00 2.508687019348144531e+00
4.586185999999999652e+00 2.513861656188964844e+00
4.589939000000000213e+00 2.513861656188964844e+00
4.595105000000000217e+00 2.513861656188964844e+00
4.600333000000000006e+00 2.519036293029785156e+00
4.605483999999999689e+00 2.519036293029785156e+00
4.610731999999999609e+00 2.524210929870605469e+00
4.615859999999999630e+00 2.524210929870605469e+00
4.621120999999999590e+00 2.524210929870605469e+00
4.626464000000000354e+00 2.529385566711425781e+00
4.630119999999999791e+00 2.524210929870605469e+00
4.635251000000000232e+00 2.529385566711425781e+00
4.640531000000000184e+00 2.524210929870605469e+00
4.645732999999999890e+00 2.524210929870605469e+00
4.650994999999999990e+00 2.524210929870605469e+00
4.654726000000000141e+00 2.519036293029785156e+00
4.659964999999999691e+00 2.513861656188964844e+00
4.665187000000000417e+00 2.513861656188964844e+00
4.668917000000000428e+00 2.513861656188964844e+00
4.674075000000000202e+00 2.513861656188964844e+00
4.679357999999999684e+00 2.513861656188964844e+00
4.689396000000000342e+00 2.519036293029785156e+00
4.694831999999999894e+00 2.519036293029785156e+00
4.700095000000000134e+00 2.519036293029785156e+00
4.705280000000000129e+00 2.519036293029785156e+00
4.710526999999999909e+00 2.524210929870605469e+00
4.715722000000000413e+00 2.524210929870605469e+00
4.721039000000000208e+00 2.529385566711425781e+00
4.726388000000000034e+00 2.524210929870605469e+00
4.731593000000000160e+00 2.519036293029785156e+00
4.735314999999999941e+00 2.524210929870605469e+00
4.740579000000000320e+00 2.519036293029785156e+00
4.744356999999999935e+00 2.524210929870605469e+00
4.748113000000000028e+00 2.524210929870605469e+00
4.753307999999999645e+00 2.524210929870605469e+00
4.758531999999999762e+00 2.519036293029785156e+00
4.762290000000000134e+00 2.513861656188964844e+00
4.767540999999999585e+00 2.519036293029785156e+00
4.772732000000000419e+00 2.519036293029785156e+00
4.777975999999999779e+00 2.513861656188964844e+00
4.783190000000000275e+00 2.513861656188964844e+00
4.788401000000000352e+00 2.519036293029785156e+00
4.793654000000000082e+00 2.519036293029785156e+00
4.799006999999999579e+00 2.519036293029785156e+00
4.809141000000000332e+00 2.519036293029785156e+00
4.814765999999999657e+00 2.519036293029785156e+00
4.820060999999999929e+00 2.519036293029785156e+00
4.825338999999999601e+00 2.519036293029785156e+00
4.830875999999999948e+00 2.519036293029785156e+00
4.836102999999999597e+00 2.524210929870605469e+00
4.841408999999999629e+00 2.524210929870605469e+00
4.846734999999999793e+00 2.519036293029785156e+00
4.851989999999999803e+00 2.524210929870605469e+00
4.857257999999999853e+00 2.524210929870605469e+00
4.862561999999999607e+00 2.519036293029785156e+00
4.867806999999999995e+00 2.519036293029785156e+00
4.873045000000000293e+00 2.519036293029785156e+00
4.876755000000000173e+00 2.513861656188964844e+00
4.880508999999999986e+00 2.519036293029785156e+00
4.885763999999999996e+00 2.519036293029785156e+00
4.891384000000000398e+00 2.513861656188964844e+00
4.896701000000000192e+00 2.508687019348144531e+00
4.901976000000000333e+00 2.513861656188964844e+00
4.907301000000000357e+00 2.519036293029785156e+00
4.918096000000000245e+00 2.519036293029785156e+00
4.929503000000000412e+00 2.519036293029785156e+00
4.941332000000000058e+00 2.529385566711425781e+00
4.945403999999999911e+00 2.524210929870605469e+00
4.952088999999999963e+00 2.524210929870605469e+00
4.957783000000000051e+00 2.524210929870605469e+00
4.963157999999999959e+00 2.519036293029785156e+00
4.968506999999999785e+00 2.519036293029785156e+00
4.973803000000000196e+00 2.519036293029785156e+00
4.979214999999999947e+00 2.513861656188964844e+00
4.984544999999999781e+00 2.513861656188964844e+00
4.989908999999999928e+00 2.513861656188964844e+00
4.995231999999999672e+00 2.513861656188964844e+00
5.000623000000000040e+00 2.513861656188964844e+00
5.005931000000000353e+00 2.513861656188964844e+00
5.011358000000000423e+00 2.519036293029785156e+00
5.015144000000000268e+00 2.524210929870605469e+00
5.020531000000000077e+00 2.529385566711425781e+00
5.025843000000000060e+00 2.524210929870605469e+00
5.031297000000000352e+00 2.524210929870605469e+00
5.036882000000000303e+00 2.524210929870605469e+00
5.042309999999999626e+00 2.524210929870605469e+00
5.052324999999999733e+00 2.524210929870605469e+00
5.057896000000000392e+00 2.519036293029785156e+00
5.061741999999999742e+00 2.513861656188964844e+00
5.067190000000000083e+00 2.513861656188964844e+00
5.072541000000000189e+00 2.513861656188964844e+00
5.077918999999999627e+00 2.513861656188964844e+00
5.083289999999999864e+00 2.513861656188964844e+00
5.087117000000000111e+00 2.513861656188964844e+00
5.092470999999999748e+00 2.513861656188964844e+00
5.096315999999999846e+00 2.508687019348144531e+00
5.100105000000000111e+00 2.519036293029785156e+00
5.105427999999999855e+00 2.513861656188964844e+00
5.109291999999999945e+00 2.524210929870605469e+00
5.114698999999999884e+00 2.524210929870605469e+00
5.120123999999999675e+00 2.524210929870605469e+00
5.123934000000000211e+00 2.529385566711425781e+00
5.129368999999999623e+00 2.524210929870605469e+00
5.134801999999999644e+00 2.529385566711425781e+00
5.140232000000000134e+00 2.524210929870605469e+00
5.145616999999999663e+00 2.524210929870605469e+00
5.151079000000000185e+00 2.524210929870605469e+00
5.154898000000000202e+00 2.524210929870605469e+00
5.160352999999999746e+00 2.513861656188964844e+00
5.170620000000000438e+00 2.508687019348144531e+00
5.176307000000000436e+00 2.508687019348144531e+00
5.181744000000000128e+00 2.513861656188964844e+00
5.187170000000000059e+00 2.513861656188964844e+00
5.192559000000000147e+00 2.519036293029785156e+00
5.197972000000000037e+00 2.513861656188964844e+00
5.203331000000000373e+00 2.519036293029785156e+00
5.208719000000000321e+00 2.524210929870605469e+00
5.214161999999999964e+00 2.524210929870605469e+00
5.219578000000000273e+00 2.529385566711425781e+00
5.224954000000000320e+00 2.529385566711425781e+00
5.230410000000000004e+00 2.519036293029785156e+00
5.235903999999999670e+00 2.519036293029785156e+00
5.241374999999999673e+00 2.524210929870605469e+00
5.246834999999999916e+00 2.519036293029785156e+00
5.252220000000000333e+00 2.519036293029785156e+00
5.257659999999999556e+00 2.519036293029785156e+00
5.263029000000000401e+00 2.508687019348144531e+00
5.268453000000000053e+00 2.513861656188964844e+00
5.273838999999999722e+00 2.519036293029785156e+00
5.279275000000000162e+00 2.519036293029785156e+00
5.289509999999999934e+00 2.519036293029785156e+00
5.295181000000000360e+00 2.519036293029785156e+00
5.299110999999999905e+00 2.519036293029785156e+00
5.304575999999999958e+00 2.519036293029785156e+00
5.310120000000000395e+00 2.524210929870605469e+00
5.315623000000000431e+00 2.524210929870605469e+00
5.321252000000000315e+00 2.524210929870605469e+00
5.325099999999999945e+00 2.524210929870605469e+00
5.330700000000000216e+00 2.519036293029785156e+00
5.336327999999999960e+00 2.524210929870605469e+00
5.341783999999999644e+00 2.524210929870605469e+00
5.347408999999999857e+00 2.524210929870605469e+00
5.352941000000000393e+00 2.524210929870605469e+00
5.358443000000000289e+00 2.519036293029785156e+00
5.363940999999999626e+00 2.519036293029785156e+00
5.369454000000000171e+00 2.519036293029785156e+00
5.373307999999999751e+00 2.519036293029785156e+00
5.378840000000000288e+00 2.519036293029785156e+00
5.384324000000000332e+00 2.519036293029785156e+00
5.389821000000000417e+00 2.519036293029785156e+00
5.395280999999999771e+00 2.519036293029785156e+00
5.399335999999999913e+00 2.508687019348144531e+00
5.409469999999999779e+00 2.524210929870605469e+00
5.415246999999999922e+00 2.519036293029785156e+00
5.420829000000000342e+00 2.524210929870605469e+00
5.426364000000000409e+00 2.524210929870605469e+00
5.431865000000000165e+00 2.519036293029785156e+00
5.437606999999999857e+00 2.524210929870605469e+00
5.443127999999999744e+00 2.524210929870605469e+00
5.448681999999999803e+00 2.524210929870605469e+00
5.454182000000000308e+00 2.529385566711425781e+00
5.459760000000000169e+00 2.524210929870605469e+00
5.465294000000000096e+00 2.519036293029785156e+00
5.470905000000000129e+00 2.519036293029785156e+00
5.476482999999999990e+00 2.519036293029785156e+00
5.482015999999999778e+00 2.513861656188964844e+00
5.487580999999999598e+00 2.513861656188964844e+00
5.493097999999999814e+00 2.513861656188964844e+00
5.498662000000000383e+00 2.513861656188964844e+00
5.504133999999999638e+00 2.513861656188964844e+00
5.509695999999999927e+00 2.519036293029785156e+00
5.515253000000000405e+00 2.524210929870605469e+00
5.520900000000000141e+00 2.524210929870605469e+00
5.531179999999999986e+00 2.524210929870605469e+00
5.537007000000000012e+00 2.529385566711425781e+00
5.542539999999999800e+00 2.524210929870605469e+00
5.548105999999999760e+00 2.524210929870605469e+00
5.553618000000000166e+00 2.529385566711425781e+00
5.559215000000000018e+00 2.519036293029785156e+00
5.564779999999999838e+00 2.513861656188964844e+00
5.570388000000000339e+00 2.513861656188964844e+00
5.575896000000000186e+00 2.508687019348144531e+00
5.581551000000000151e+00 2.513861656188964844e+00
5.587125000000000341e+00 2.513861656188964844e+00
5.593243000000000187e+00 2.513861656188964844e+00
5.598823000000000327e+00 2.513861656188964844e+00
5.602725999999999651e+00 2.513861656188964844e+00
5.608272000000000368e+00 2.524210929870605469e+00
5.613807000000000436e+00 2.524210929870605469e+00
5.619397000000000197e+00 2.529385566711425781e+00
5.624969000000000108e+00 2.529385566711425781e+00
5.630645000000000344e+00 2.524210929870605469e+00
5.636254000000000097e+00 2.529385566711425781e+00
5.640353000000000172e+00 2.524210929870605469e+00
5.650792000000000037e+00 2.524210929870605469e+00
5.656664000000000136e+00 2.519036293029785156e+00
5.662298999999999971e+00 2.513861656188964844e+00
5.667892000000000152e+00 2.513861656188964844e+00
5.673452000000000162e+00 2.513861656188964844e+00
5.679146000000000249e+00 2.508687019348144531e+00
5.684722999999999971e+00 2.513861656188964844e+00
5.688697999999999588e+00 2.513861656188964844e+00
5.694285999999999959e+00 2.519036293029785156e+00
5.699943000000000204e+00 2.519036293029785156e+00
5.705532999999999966e+00 2.519036293029785156e+00
5.711241000000000234e+00 2.524210929870605469e+00
5.716901000000000010e+00 2.529385566711425781e+00
5.722480000000000011e+00 2.529385566711425781e+00
5.728081000000000422e+00 2.524210929870605469e+00
5.733719999999999928e+00 2.524210929870605469e+00
5.739493999999999652e+00 2.524210929870605469e+00
5.745092999999999783e+00 2.519036293029785156e+00
5.750766999999999740e+00 2.524210929870605469e+00
5.756437000000000026e+00 2.519036293029785156e+00
5.762115999999999794e+00 2.513861656188964844e+00
5.772524999999999906e+00 2.519036293029785156e+00
5.776644000000000112e+00 2.519036293029785156e+00
5.782335999999999920e+00 2.519036293029785156e+00
5.787956999999999574e+00 2.513861656188964844e+00
5.793584000000000067e+00 2.519036293029785156e+00
5.799292000000000336e+00 2.519036293029785156e+00
5.804905999999999899e+00 2.519036293029785156e+00
5.810546999999999684e+00 2.529385566711425781e+00
5.816202999999999790e+00 2.524210929870605469e+00
5.821888000000000396e+00 2.524210929870605469e+00
5.827569000000000443e+00 2.524210929870605469e+00
5.831514000000000308e+00 2.519036293029785156e+00
5.837245000000000239e+00 2.524210929870605469e+00
5.843090000000000117e+00 2.519036293029785156e+00
5.848730999999999902e+00 2.519036293029785156e+00
5.854343000000000075e+00 2.519036293029785156e+00
5.860026000000000401e+00 2.519036293029785156e+00
5.863897999999999833e+00 2.519036293029785156e+00
5.869607000000000241e+00 2.519036293029785156e+00
5.873554999999999637e+00 2.519036293029785156e+00
5.879311000000000398e+00 2.519036293029785156e+00
5.889980999999999689e+00 2.519036293029785156e+00
5.895823000000000036e+00 2.513861656188964844e+00
5.899910000000000210e+00 2.513861656188964844e+00
5.905537999999999954e+00 2.513861656188964844e+00
5.911313999999999957e+00 2.519036293029785156e+00
5.921635000000000204e+00 2.519036293029785156e+00
5.929467999999999961e+00 2.519036293029785156e+00
5.940152999999999572e+00 2.519036293029785156e+00
5.946547999999999945e+00 2.524210929870605469e+00
5.953877999999999560e+00 2.524210929870605469e+00
5.959888000000000297e+00 2.519036293029785156e+00
5.965577999999999825e+00 2.513861656188964844e+00
5.971413000000000082e+00 2.519036293029785156e+00
5.977164000000000144e+00 2.519036293029785156e+00
5.981133999999999951e+00 2.513861656188964844e+00
5.986887000000000292e+00 2.513861656188964844e+00
5.992577999999999960e+00 2.513861656188964844e+00
5.996546000000000376e+00 2.508687019348144531e+00
6.007118000000000180e+00 2.513861656188964844e+00
6.013060000000000294e+00 2.519036293029785156e+00
6.018811000000000355e+00 2.519036293029785156e+00
6.024531999999999776e+00 2.524210929870605469e+00
6.030297000000000018e+00 2.524210929870605469e+00
6.035967000000000304e+00 2.524210929870605469e+00
6.041744999999999699e+00 2.524210929870605469e+00
6.045878000000000085e+00 2.524210929870605469e+00
6.051707000000000392e+00 2.524210929870605469e+00
6.057449000000000083e+00 2.524210929870605469e+00
6.063193000000000055e+00 2.519036293029785156e+00
6.068953999999999738e+00 2.519036293029785156e+00
6.074669000000000096e+00 2.513861656188964844e+00
6.080411999999999928e+00 2.513861656188964844e+00
6.086149999999999949e+00 2.513861656188964844e+00
6.091967999999999606e+00 2.513861656188964844e+00
6.095965999999999774e+00 2.513861656188964844e+00
6.101755999999999958e+00 2.513861656188964844e+00
6.105777999999999928e+00 2.513861656188964844e+00
6.111587000000000103e+00 2.524210929870605469e+00
6.122215999999999880e+00 2.524210929870605469e+00
6.128142000000000422e+00 2.524210929870605469e+00
6.133925999999999767e+00 2.524210929870605469e+00
6.139706000000000330e+00 2.524210929870605469e+00
6.145468000000000153e+00 2.529385566711425781e+00
6.151373000000000424e+00 2.524210929870605469e+00
6.157208999999999932e+00 2.513861656188964844e+00
6.162925000000000431e+00 2.513861656188964844e+00
6.166985000000000383e+00 2.513861656188964844e+00
6.172711999999999755e+00 2.513861656188964844e+00
6.178493999999999708e+00 2.508687019348144531e+00
6.182529999999999859e+00 2.513861656188964844e+00
6.188261999999999929e+00 2.513861656188964844e+00
6.194031999999999982e+00 2.513861656188964844e+00
6.199856999999999729e+00 2.513861656188964844e+00
6.205606000000000400e+00 2.519036293029785156e+00
6.211458999999999619e+00 2.524210929870605469e+00
6.217360000000000220e+00 2.524210929870605469e+00
6.223133999999999943e+00 2.524210929870605469e+00
6.227125000000000021e+00 2.529385566711425781e+00
6.231345000000000134e+00 2.524210929870605469e+00
6.241863999999999635e+00 2.519036293029785156e+00
6.247945999999999778e+00 2.519036293029785156e+00
6.253741999999999912e+00 2.524210929870605469e+00
6.259595000000000020e+00 2.513861656188964844e+00
6.265338999999999992e+00 2.513861656188964844e+00
6.271194999999999631e+00 2.513861656188964844e+00
6.277027000000000356e+00 2.513861656188964844e+00
6.282818999999999932e+00 2.513861656188964844e+00
6.288604999999999556e+00 2.519036293029785156e+00
6.294378000000000029e+00 2.519036293029785156e+00
6.300222999999999907e+00 2.519036293029785156e+00
6.305994000000000099e+00 2.519036293029785156e+00
6.311824999999999797e+00 2.524210929870605469e+00
6.317680000000000184e+00 2.524210929870605469e+00
6.323476000000000319e+00 2.524210929870605469e+00
6.327492999999999590e+00 2.524210929870605469e+00
6.333262999999999643e+00 2.524210929870605469e+00
6.337297999999999654e+00 2.519036293029785156e+00
6.343059000000000225e+00 2.519036293029785156e+00
6.348913999999999724e+00 2.524210929870605469e+00
6.359575999999999674e+00 2.513861656188964844e+00
6.365833000000000297e+00 2.513861656188964844e+00
6.371730999999999590e+00 2.519036293029785156e+00
6.377601000000000298e+00 2.519036293029785156e+00
6.383409999999999584e+00 2.524210929870605469e+00
6.389329000000000036e+00 2.519036293029785156e+00
6.395148999999999972e+00 2.513861656188964844e+00
6.401031999999999833e+00 2.524210929870605469e+00
6.406914999999999694e+00 2.519036293029785156e+00
6.412753000000000370e+00 2.519036293029785156e+00
6.418571000000000026e+00 2.524210929870605469e+00
6.424399000000000193e+00 2.524210929870605469e+00
6.430274999999999963e+00 2.524210929870605469e+00
6.436119999999999841e+00 2.524210929870605469e+00
6.441995000000000360e+00 2.524210929870605469e+00
6.447888999999999982e+00 2.524210929870605469e+00
6.453952000000000133e+00 2.524210929870605469e+00
6.459901999999999589e+00 2.519036293029785156e+00
6.465754999999999697e+00 2.519036293029785156e+00
6.476563999999999766e+00 2.519036293029785156e+00
6.482649999999999579e+00 2.513861656188964844e+00
6.488540000000000418e+00 2.513861656188964844e+00
6.494388999999999967e+00 2.513861656188964844e+00
6.500295000000000378e+00 2.513861656188964844e+00
6.506115999999999566e+00 2.519036293029785156e+00
6.512114000000000402e+00 2.519036293029785156e+00
6.518041000000000196e+00 2.519036293029785156e+00
6.523901000000000394e+00 2.519036293029785156e+00
6.529815000000000147e+00 2.524210929870605469e+00
6.535684999999999967e+00 2.524210929870605469e+00
6.541661999999999644e+00 2.524210929870605469e+00
6.547630999999999979e+00 2.524210929870605469e+00
6.553573000000000093e+00 2.524210929870605469e+00
6.559599999999999653e+00 2.519036293029785156e+00
6.565451999999999622e+00 2.513861656188964844e+00
6.571450999999999709e+00 2.519036293029785156e+00
6.575506999999999991e+00 2.508687019348144531e+00
6.581433999999999784e+00 2.513861656188964844e+00
6.587520999999999738e+00 2.513861656188964844e+00
6.598275000000000112e+00 2.513861656188964844e+00
6.604547000000000168e+00 2.519036293029785156e+00
6.610559000000000296e+00 2.519036293029785156e+00
6.616586999999999996e+00 2.524210929870605469e+00
6.622543000000000291e+00 2.524210929870605469e+00
6.628492999999999746e+00 2.524210929870605469e+00
6.634438000000000279e+00 2.524210929870605469e+00
6.640455000000000219e+00 2.524210929870605469e+00
6.646497000000000099e+00 2.524210929870605469e+00
6.652430999999999983e+00 2.529385566711425781e+00
6.658559000000000339e+00 2.519036293029785156e+00
6.664531000000000205e+00 2.513861656188964844e+00
6.670567000000000135e+00 2.513861656188964844e+00
6.676571000000000033e+00 2.513861656188964844e+00
6.682507000000000197e+00 2.513861656188964844e+00
6.688558999999999699e+00 2.513861656188964844e+00
6.694531999999999705e+00 2.513861656188964844e+00
6.700502000000000180e+00 2.519036293029785156e+00
6.706477999999999717e+00 2.519036293029785156e+00
6.717217999999999911e+00 2.524210929870605469e+00
6.723430999999999713e+00 2.524210929870605469e+00
6.729500999999999955e+00 2.524210929870605469e+00
6.735471999999999682e+00 2.524210929870605469e+00
6.741509999999999891e+00 2.524210929870605469e+00
6.747503000000000029e+00 2.519036293029785156e+00
6.753506999999999927e+00 2.524210929870605469e+00
6.759612999999999872e+00 2.513861656188964844e+00
6.765573999999999977e+00 2.513861656188964844e+00
6.771671000000000440e+00 2.508687019348144531e+00
6.777716999999999992e+00 2.508687019348144531e+00
6.783692000000000277e+00 2.519036293029785156e+00
6.789709000000000216e+00 2.519036293029785156e+00
6.795639000000000429e+00 2.513861656188964844e+00
6.801730000000000054e+00 2.519036293029785156e+00
6.807788999999999646e+00 2.524210929870605469e+00
6.811901999999999902e+00 2.524210929870605469e+00
6.817892999999999759e+00 2.524210929870605469e+00
6.823894000000000126e+00 2.524210929870605469e+00
6.832595000000000418e+00 2.519036293029785156e+00
6.839133999999999602e+00 2.519036293029785156e+00
6.845134999999999970e+00 2.519036293029785156e+00
6.849333999999999811e+00 2.524210929870605469e+00
6.855395999999999823e+00 2.524210929870605469e+00
6.861518000000000228e+00 2.513861656188964844e+00
6.867670999999999637e+00 2.519036293029785156e+00
6.873704000000000036e+00 2.513861656188964844e+00
6.877909999999999968e+00 2.519036293029785156e+00
6.883930999999999578e+00 2.519036293029785156e+00
6.890062000000000353e+00 2.519036293029785156e+00
6.896101999999999954e+00 2.519036293029785156e+00
6.902186000000000377e+00 2.519036293029785156e+00
6.906337999999999866e+00 2.524210929870605469e+00
6.912374999999999936e+00 2.519036293029785156e+00
6.924036000000000080e+00 2.519036293029785156e+00
6.932076000000000349e+00 2.524210929870605469e+00
6.939511999999999681e+00 2.524210929870605469e+00
6.952926999999999857e+00 2.524210929870605469e+00
6.959711999999999676e+00 2.519036293029785156e+00
6.966037000000000035e+00 2.519036293029785156e+00
6.972279999999999589e+00 2.519036293029785156e+00
6.978405999999999665e+00 2.519036293029785156e+00
6.982514000000000109e+00 2.519036293029785156e+00
6.986730999999999803e+00 2.519036293029785156e+00
6.992805999999999855e+00 2.513861656188964844e+00
6.998897000000000368e+00 2.513861656188964844e+00
7.005003000000000313e+00 2.513861656188964844e+00
7.011163999999999952e+00 2.519036293029785156e+00
7.015352000000000032e+00 2.524210929870605469e+00
7.019567000000000334e+00 2.524210929870605469e+00
7.025648000000000337e+00 2.519036293029785156e+00
7.031863000000000419e+00 2.524210929870605469e+00
7.038044000000000189e+00 2.524210929870605469e+00
7.044182000000000166e+00 2.529385566711425781e+00
7.050366999999999607e+00 2.529385566711425781e+00
7.054505999999999943e+00 2.524210929870605469e+00
7.058714000000000155e+00 2.519036293029785156e+00
7.070075000000000109e+00 2.519036293029785156e+00
7.076778000000000013e+00 2.513861656188964844e+00
7.082864999999999966e+00 2.513861656188964844e+00
7.089069000000000287e+00 2.508687019348144531e+00
7.095188000000000272e+00 2.513861656188964844e+00
7.101388000000000034e+00 2.513861656188964844e+00
7.107510999999999690e+00 2.519036293029785156e+00
7.113629000000000424e+00 2.519036293029785156e+00
7.119850999999999708e+00 2.529385566711425781e+00
7.125956000000000401e+00 2.534560203552246094e+00
7.132354999999999556e+00 2.607005119323730469e+00
7.138498000000000232e+00 2.886432647705078125e+00
7.144644000000000439e+00 4.790682792663574219e+00
7.151088999999999807e+00 4.795857429504394531e+00
7.157254000000000005e+00 4.785508155822753906e+00
7.163362000000000229e+00 4.785508155822753906e+00
7.169520000000000337e+00 4.790682792663574219e+00
7.175991999999999926e+00 4.785508155822753906e+00
7.186932999999999794e+00 4.785508155822753906e+00
7.193285000000000373e+00 4.785508155822753906e+00
7.199461000000000332e+00 4.785508155822753906e+00
7.205593999999999610e+00 4.790682792663574219e+00
7.211832000000000242e+00 4.795857429504394531e+00
7.218027000000000193e+00 4.795857429504394531e+00
7.224200999999999873e+00 4.795857429504394531e+00
7.230399000000000242e+00 4.795857429504394531e+00
7.236561000000000021e+00 4.790682792663574219e+00
7.242681000000000147e+00 4.790682792663574219e+00
7.248826000000000214e+00 4.790682792663574219e+00
7.254985999999999713e+00 4.790682792663574219e+00
7.261175999999999853e+00 4.785508155822753906e+00
7.267337000000000380e+00 4.785508155822753906e+00
7.273520000000000429e+00 4.790682792663574219e+00
7.279706000000000010e+00 4.785508155822753906e+00
7.285824999999999996e+00 4.785508155822753906e+00
7.292092000000000240e+00 4.790682792663574219e+00
7.298286000000000051e+00 4.785508155822753906e+00
7.309139000000000053e+00 4.790682792663574219e+00
7.315549999999999997e+00 4.790682792663574219e+00
7.321850000000000414e+00 4.790682792663574219e+00
7.328069000000000166e+00 4.790682792663574219e+00
7.334255999999999887e+00 4.790682792663574219e+00
7.340514999999999901e+00 4.790682792663574219e+00
7.346739999999999604e+00 4.790682792663574219e+00
7.352926000000000073e+00 4.790682792663574219e+00
7.359124999999999694e+00 4.785508155822753906e+00
7.365313999999999695e+00 4.785508155822753906e+00
7.371715000000000018e+00 4.790682792663574219e+00
7.378192999999999557e+00 4.790682792663574219e+00
7.384389999999999787e+00 4.790682792663574219e+00
7.390652000000000221e+00 4.790682792663574219e+00
7.396918999999999578e+00 4.790682792663574219e+00
7.403110999999999997e+00 4.790682792663574219e+00
7.409394999999999953e+00 4.795857429504394531e+00
7.415633999999999837e+00 4.790682792663574219e+00
7.426861999999999853e+00 4.790682792663574219e+00
7.433334000000000330e+00 4.790682792663574219e+00
7.439644999999999619e+00 4.790682792663574219e+00
7.445846000000000409e+00 4.795857429504394531e+00
7.452281000000000155e+00 4.790682792663574219e+00
7.458531999999999940e+00 4.790682792663574219e+00
7.464801999999999715e+00 4.790682792663574219e+00
7.472887000000000057e+00 4.785508155822753906e+00
7.481377000000000166e+00 4.790682792663574219e+00
7.489493000000000400e+00 4.790682792663574219e+00
7.497657000000000238e+00 4.785508155822753906e+00
7.505720000000000169e+00 4.785508155822753906e+00
7.513816000000000273e+00 4.790682792663574219e+00
