1.226000000000000093e-03 3.346971511840820312e+00
4.048000000000000383e-03 3.341796875000000000e+00
6.729999999999999871e-03 3.341796875000000000e+00
9.286000000000000851e-03 3.346971511840820312e+00
1.194800000000000029e-02 3.352146148681640625e+00
1.477499999999999994e-02 3.352146148681640625e+00
1.761599999999999971e-02 3.352146148681640625e+00
2.045999999999999902e-02 3.352146148681640625e+00
2.313899999999999985e-02 3.352146148681640625e+00
2.599999999999999881e-02 3.352146148681640625e+00
2.897999999999999882e-02 3.357320785522460938e+00
3.180700000000000194e-02 3.352146148681640625e+00
3.464600000000000318e-02 3.357320785522460938e+00
3.732599999999999807e-02 3.357320785522460938e+00
4.005100000000000326e-02 3.357320785522460938e+00
4.273500000000000215e-02 3.362495422363281250e+00
4.556400000000000033e-02 3.357320785522460938e+00
4.840099999999999958e-02 3.357320785522460938e+00
5.124200000000000282e-02 3.357320785522460938e+00
5.393499999999999683e-02 3.357320785522460938e+00
5.645399999999999724e-02 3.357320785522460938e+00
5.913600000000000106e-02 3.357320785522460938e+00
6.198399999999999743e-02 3.352146148681640625e+00
6.481599999999999862e-02 3.352146148681640625e+00
6.765300000000000480e-02 3.352146148681640625e+00
7.032900000000000262e-02 3.346971511840820312e+00
7.379600000000000048e-02 3.346971511840820312e+00
7.662800000000000167e-02 3.346971511840820312e+00
7.932000000000000162e-02 3.341796875000000000e+00
8.199099999999999444e-02 3.346971511840820312e+00
8.483599999999999475e-02 3.346971511840820312e+00
8.750600000000000045e-02 3.346971511840820312e+00
9.019000000000000627e-02 3.346971511840820312e+00
9.303599999999999370e-02 3.346971511840820312e+00
9.571200000000000541e-02 3.346971511840820312e+00
9.840200000000000335e-02 3.346971511840820312e+00
1.012440000000000007e-01 3.346971511840820312e+00
1.039230000000000015e-01 3.346971511840820312e+00
1.068869999999999959e-01 3.346971511840820312e+00
1.151210000000000011e-01 3.352146148681640625e+00
1.179390000000000022e-01 3.352146148681640625e+00
1.207820000000000005e-01 3.352146148681640625e+00
1.236229999999999968e-01 3.357320785522460938e+00
1.263019999999999976e-01 3.357320785522460938e+00
1.289899999999999936e-01 3.357320785522460938e+00
1.318269999999999997e-01 3.357320785522460938e+00
1.345399999999999929e-01 3.357320785522460938e+00
1.373800000000000021e-01 3.357320785522460938e+00
1.402269999999999905e-01 3.357320785522460938e+00
1.430599999999999927e-01 3.357320785522460938e+00
1.457459999999999867e-01 3.357320785522460938e+00
1.485779999999999879e-01 3.357320785522460938e+00
1.514349999999999863e-01 3.357320785522460938e+00
1.540999999999999870e-01 3.357320785522460938e+00
1.567830000000000057e-01 3.357320785522460938e+00
1.596279999999999921e-01 3.357320785522460938e+00
1.623080000000000078e-01 3.352146148681640625e+00
1.649960000000000038e-01 3.346971511840820312e+00
1.678280000000000050e-01 3.346971511840820312e+00
1.706820000000000004e-01 3.346971511840820312e+00
1.733560000000000101e-01 3.346971511840820312e+00
1.761909999999999865e-01 3.346971511840820312e+00
1.790329999999999977e-01 3.346971511840820312e+00
1.820400000000000074e-01 3.341796875000000000e+00
1.848770000000000135e-01 3.346971511840820312e+00
1.875560000000000005e-01 3.346971511840820312e+00
1.905469999999999942e-01 3.346971511840820312e+00
1.933729999999999893e-01 3.346971511840820312e+00
1.962119999999999975e-01 3.346971511840820312e+00
1.990560000000000107e-01 3.341796875000000000e+00
2.020520000000000094e-01 3.346971511840820312e+00
2.047219999999999873e-01 3.352146148681640625e+00
2.074209999999999943e-01 3.346971511840820312e+00
2.102610000000000035e-01 3.352146148681640625e+00
2.129369999999999874e-01 3.357320785522460938e+00
2.156210000000000071e-01 3.357320785522460938e+00
2.183019999999999960e-01 3.357320785522460938e+00
2.263439999999999896e-01 3.357320785522460938e+00
2.320770000000000055e-01 3.357320785522460938e+00
2.384999999999999898e-01 3.352146148681640625e+00
2.414840000000000042e-01 3.357320785522460938e+00
2.441609999999999892e-01 3.357320785522460938e+00
2.590180000000000260e-01 3.352146148681640625e+00
2.753360000000000252e-01 3.346971511840820312e+00
2.792450000000000210e-01 3.346971511840820312e+00
2.823510000000000186e-01 3.346971511840820312e+00
2.853339999999999765e-01 3.346971511840820312e+00
2.883270000000000000e-01 3.346971511840820312e+00
2.913270000000000026e-01 3.352146148681640625e+00
2.943120000000000180e-01 3.352146148681640625e+00
2.973020000000000107e-01 3.346971511840820312e+00
3.003040000000000154e-01 3.346971511840820312e+00
3.032900000000000040e-01 3.352146148681640625e+00
3.062719999999999887e-01 3.352146148681640625e+00
3.093420000000000059e-01 3.352146148681640625e+00
3.122670000000000168e-01 3.357320785522460938e+00
3.152449999999999974e-01 3.357320785522460938e+00
3.180859999999999799e-01 3.357320785522460938e+00
3.210879999999999845e-01 3.357320785522460938e+00
3.241100000000000092e-01 3.357320785522460938e+00
3.271049999999999791e-01 3.362495422363281250e+00
3.301009999999999778e-01 3.357320785522460938e+00
3.330790000000000139e-01 3.352146148681640625e+00
3.361480000000000024e-01 3.352146148681640625e+00
3.470460000000000211e-01 3.352146148681640625e+00
3.501770000000000160e-01 3.357320785522460938e+00
3.531619999999999759e-01 3.352146148681640625e+00
3.561500000000000221e-01 3.352146148681640625e+00
3.592239999999999878e-01 3.352146148681640625e+00
3.622920000000000029e-01 3.352146148681640625e+00
3.652830000000000243e-01 3.346971511840820312e+00
3.682730000000000170e-01 3.346971511840820312e+00
3.712619999999999809e-01 3.346971511840820312e+00
3.742519999999999736e-01 3.346971511840820312e+00
3.773369999999999780e-01 3.352146148681640625e+00
3.802159999999999984e-01 3.352146148681640625e+00
3.830569999999999808e-01 3.352146148681640625e+00
3.860210000000000030e-01 3.352146148681640625e+00
3.887169999999999792e-01 3.346971511840820312e+00
3.915620000000000211e-01 3.346971511840820312e+00
3.943999999999999728e-01 3.352146148681640625e+00
3.972310000000000008e-01 3.352146148681640625e+00
4.000770000000000159e-01 3.352146148681640625e+00
4.027519999999999989e-01 3.352146148681640625e+00
4.055860000000000021e-01 3.352146148681640625e+00
4.084269999999999845e-01 3.352146148681640625e+00
4.112790000000000057e-01 3.352146148681640625e+00
4.139579999999999926e-01 3.352146148681640625e+00
4.167959999999999998e-01 3.357320785522460938e+00
4.195209999999999773e-01 3.357320785522460938e+00
4.223430000000000240e-01 3.352146148681640625e+00
4.251809999999999756e-01 3.357320785522460938e+00
4.280189999999999828e-01 3.357320785522460938e+00
4.308790000000000120e-01 3.352146148681640625e+00
4.335700000000000109e-01 3.352146148681640625e+00
4.363940000000000041e-01 3.357320785522460938e+00
4.392690000000000206e-01 3.352146148681640625e+00
4.419230000000000103e-01 3.352146148681640625e+00
4.445979999999999932e-01 3.352146148681640625e+00
4.474469999999999836e-01 3.352146148681640625e+00
4.503039999999999821e-01 3.352146148681640625e+00
4.586450000000000249e-01 3.357320785522460938e+00
4.616219999999999768e-01 3.357320785522460938e+00
4.644739999999999980e-01 3.352146148681640625e+00
4.671529999999999849e-01 3.352146148681640625e+00
4.699960000000000249e-01 3.352146148681640625e+00
4.728269999999999973e-01 3.352146148681640625e+00
4.756659999999999777e-01 3.352146148681640625e+00
4.783490000000000242e-01 3.352146148681640625e+00
4.811900000000000066e-01 3.352146148681640625e+00
4.840240000000000098e-01 3.352146148681640625e+00
4.868529999999999802e-01 3.352146148681640625e+00
4.895610000000000239e-01 3.352146148681640625e+00
4.923890000000000211e-01 3.352146148681640625e+00
4.952230000000000243e-01 3.352146148681640625e+00
4.979049999999999865e-01 3.346971511840820312e+00
5.061930000000000041e-01 3.346971511840820312e+00
5.123149999999999649e-01 3.346971511840820312e+00
5.184579999999999744e-01 3.352146148681640625e+00
5.213849999999999874e-01 3.352146148681640625e+00
5.242350000000000065e-01 3.352146148681640625e+00
5.269139999999999935e-01 3.352146148681640625e+00
5.296140000000000292e-01 3.352146148681640625e+00
5.324419999999999709e-01 3.352146148681640625e+00
5.351270000000000193e-01 3.352146148681640625e+00
5.379570000000000185e-01 3.352146148681640625e+00
5.408030000000000337e-01 3.357320785522460938e+00
5.436339999999999506e-01 3.357320785522460938e+00
5.463109999999999911e-01 3.357320785522460938e+00
5.489969999999999573e-01 3.357320785522460938e+00
5.518469999999999764e-01 3.357320785522460938e+00
5.545219999999999594e-01 3.357320785522460938e+00
5.574099999999999611e-01 3.357320785522460938e+00
5.618929999999999758e-01 3.352146148681640625e+00
5.707140000000000546e-01 3.352146148681640625e+00
5.736919999999999797e-01 3.346971511840820312e+00
5.763719999999999954e-01 3.352146148681640625e+00
5.792730000000000379e-01 3.352146148681640625e+00
5.822310000000000541e-01 3.346971511840820312e+00
5.852060000000000040e-01 3.346971511840820312e+00
5.880279999999999951e-01 3.346971511840820312e+00
5.910440000000000138e-01 3.346971511840820312e+00
5.940199999999999925e-01 3.346971511840820312e+00
5.968550000000000244e-01 3.346971511840820312e+00
5.998609999999999776e-01 3.346971511840820312e+00
6.028320000000000345e-01 3.346971511840820312e+00
6.056770000000000209e-01 3.341796875000000000e+00
6.086620000000000363e-01 3.346971511840820312e+00
6.117000000000000215e-01 3.352146148681640625e+00
6.146840000000000082e-01 3.357320785522460938e+00
6.176669999999999661e-01 3.352146148681640625e+00
6.206679999999999975e-01 3.352146148681640625e+00
6.236500000000000377e-01 3.357320785522460938e+00
6.266469999999999541e-01 3.357320785522460938e+00
6.296439999999999815e-01 3.362495422363281250e+00
6.326169999999999849e-01 3.357320785522460938e+00
6.354480000000000128e-01 3.357320785522460938e+00
6.384400000000000075e-01 3.357320785522460938e+00
6.412849999999999939e-01 3.357320785522460938e+00
6.442719999999999558e-01 3.357320785522460938e+00
6.472560000000000535e-01 3.362495422363281250e+00
6.504189999999999694e-01 3.362495422363281250e+00
6.533940000000000303e-01 3.357320785522460938e+00
6.562299999999999800e-01 3.357320785522460938e+00
6.590669999999999584e-01 3.357320785522460938e+00
6.620690000000000186e-01 3.352146148681640625e+00
6.650470000000000548e-01 3.346971511840820312e+00
6.677319999999999922e-01 3.346971511840820312e+00
6.707309999999999661e-01 3.346971511840820312e+00
6.739000000000000545e-01 3.346971511840820312e+00
6.852099999999999858e-01 3.352146148681640625e+00
6.880180000000000184e-01 3.352146148681640625e+00
6.908800000000000496e-01 3.346971511840820312e+00
6.935580000000000078e-01 3.346971511840820312e+00
6.963939999999999575e-01 3.346971511840820312e+00
6.992829999999999879e-01 3.346971511840820312e+00
7.019309999999999716e-01 3.352146148681640625e+00
7.046090000000000408e-01 3.346971511840820312e+00
7.073239999999999528e-01 3.346971511840820312e+00
7.100239999999999885e-01 3.357320785522460938e+00
7.128600000000000492e-01 3.352146148681640625e+00
7.155390000000000361e-01 3.357320785522460938e+00
7.180720000000000436e-01 3.362495422363281250e+00
7.207639999999999603e-01 3.357320785522460938e+00
7.235989999999999922e-01 3.357320785522460938e+00
7.263119999999999576e-01 3.357320785522460938e+00
7.289909999999999446e-01 3.362495422363281250e+00
7.318440000000000500e-01 3.362495422363281250e+00
7.345209999999999795e-01 3.362495422363281250e+00
7.371990000000000487e-01 3.362495422363281250e+00
7.400590000000000224e-01 3.357320785522460938e+00
7.427209999999999646e-01 3.362495422363281250e+00
7.454009999999999803e-01 3.357320785522460938e+00
7.482410000000000450e-01 3.357320785522460938e+00
7.509230000000000071e-01 3.357320785522460938e+00
7.536089999999999733e-01 3.357320785522460938e+00
7.564530000000000420e-01 3.352146148681640625e+00
7.591290000000000537e-01 3.352146148681640625e+00
7.619669999999999499e-01 3.352146148681640625e+00
7.648099999999999898e-01 3.346971511840820312e+00
7.676509999999999723e-01 3.346971511840820312e+00
7.703360000000000207e-01 3.346971511840820312e+00
7.731729999999999992e-01 3.346971511840820312e+00
7.760019999999999696e-01 3.346971511840820312e+00
7.788460000000000383e-01 3.352146148681640625e+00
7.815250000000000252e-01 3.346971511840820312e+00
7.842259999999999787e-01 3.352146148681640625e+00
7.870509999999999451e-01 3.352146148681640625e+00
7.954849999999999977e-01 3.352146148681640625e+00
7.983909999999999618e-01 3.352146148681640625e+00
8.012420000000000098e-01 3.352146148681640625e+00
8.039610000000000367e-01 3.352146148681640625e+00
8.067940000000000111e-01 3.352146148681640625e+00
8.096360000000000223e-01 3.352146148681640625e+00
8.123169999999999558e-01 3.357320785522460938e+00
8.150009999999999755e-01 3.357320785522460938e+00
8.178509999999999946e-01 3.357320785522460938e+00
8.206940000000000346e-01 3.357320785522460938e+00
8.233690000000000175e-01 3.357320785522460938e+00
8.262059999999999960e-01 3.362495422363281250e+00
8.290520000000000111e-01 3.362495422363281250e+00
8.317360000000000309e-01 3.357320785522460938e+00
8.344209999999999683e-01 3.357320785522460938e+00
8.372610000000000330e-01 3.352146148681640625e+00
8.401079999999999659e-01 3.357320785522460938e+00
8.427909999999999568e-01 3.352146148681640625e+00
8.456299999999999928e-01 3.357320785522460938e+00
8.483119999999999550e-01 3.357320785522460938e+00
8.509940000000000282e-01 3.357320785522460938e+00
8.538430000000000186e-01 3.357320785522460938e+00
8.565150000000000263e-01 3.357320785522460938e+00
8.592670000000000030e-01 3.357320785522460938e+00
8.620419999999999749e-01 3.352146148681640625e+00
8.647270000000000234e-01 3.346971511840820312e+00
8.674089999999999856e-01 3.346971511840820312e+00
8.702520000000000255e-01 3.352146148681640625e+00
8.729339999999999877e-01 3.346971511840820312e+00
8.756350000000000522e-01 3.352146148681640625e+00
8.782990000000000519e-01 3.352146148681640625e+00
8.809820000000000428e-01 3.352146148681640625e+00
8.838230000000000253e-01 3.352146148681640625e+00
8.865009999999999835e-01 3.352146148681640625e+00
8.893109999999999626e-01 3.352146148681640625e+00
8.921799999999999731e-01 3.352146148681640625e+00
8.950249999999999595e-01 3.352146148681640625e+00
8.977279999999999704e-01 3.352146148681640625e+00
9.004219999999999446e-01 3.352146148681640625e+00
9.087129999999999930e-01 3.352146148681640625e+00
9.117509999999999781e-01 3.357320785522460938e+00
9.146020000000000261e-01 3.357320785522460938e+00
9.174379999999999757e-01 3.357320785522460938e+00
9.202890000000000237e-01 3.352146148681640625e+00
9.229610000000000314e-01 3.352146148681640625e+00
9.257999999999999563e-01 3.357320785522460938e+00
9.286410000000000498e-01 3.357320785522460938e+00
9.313339999999999952e-01 3.357320785522460938e+00
9.341610000000000191e-01 3.357320785522460938e+00
9.369960000000000511e-01 3.357320785522460938e+00
9.398549999999999960e-01 3.352146148681640625e+00
9.425189999999999957e-01 3.357320785522460938e+00
9.452070000000000194e-01 3.357320785522460938e+00
9.480469999999999731e-01 3.357320785522460938e+00
9.507360000000000255e-01 3.357320785522460938e+00
9.535690000000000000e-01 3.357320785522460938e+00
9.564070000000000071e-01 3.357320785522460938e+00
9.592720000000000136e-01 3.352146148681640625e+00
9.619370000000000420e-01 3.357320785522460938e+00
9.647649999999999837e-01 3.352146148681640625e+00
9.676040000000000196e-01 3.357320785522460938e+00
9.704690000000000261e-01 3.352146148681640625e+00
9.733030000000000292e-01 3.352146148681640625e+00
9.761360000000000037e-01 3.352146148681640625e+00
9.789560000000000484e-01 3.352146148681640625e+00
9.817890000000000228e-01 3.352146148681640625e+00
9.846319999999999517e-01 3.352146148681640625e+00
9.873119999999999674e-01 3.352146148681640625e+00
9.901489999999999458e-01 3.352146148681640625e+00
9.930269999999999930e-01 3.357320785522460938e+00
9.957160000000000455e-01 3.357320785522460938e+00
9.983870000000000244e-01 3.352146148681640625e+00
1.003068000000000071e+00 3.352146148681640625e+00
1.006739999999999968e+00 3.346971511840820312e+00
1.010899999999999910e+00 3.352146148681640625e+00
1.015017999999999976e+00 3.352146148681640625e+00
1.027686000000000099e+00 3.352146148681640625e+00
1.031633999999999940e+00 3.357320785522460938e+00
1.035755999999999899e+00 3.357320785522460938e+00
1.039957999999999938e+00 3.357320785522460938e+00
1.044070000000000054e+00 3.357320785522460938e+00
1.048183000000000087e+00 3.357320785522460938e+00
1.052297000000000038e+00 3.362495422363281250e+00
1.056410999999999989e+00 3.357320785522460938e+00
1.060570999999999930e+00 3.357320785522460938e+00
1.063711000000000073e+00 3.352146148681640625e+00
1.067341000000000095e+00 3.352146148681640625e+00
1.071552000000000060e+00 3.352146148681640625e+00
1.075712000000000002e+00 3.352146148681640625e+00
1.079920999999999909e+00 3.352146148681640625e+00
1.084119999999999973e+00 3.352146148681640625e+00
1.088265999999999956e+00 3.346971511840820312e+00
1.092486999999999986e+00 3.352146148681640625e+00
1.096638999999999919e+00 3.352146148681640625e+00
1.100794999999999968e+00 3.352146148681640625e+00
1.104954999999999909e+00 3.346971511840820312e+00
1.109099000000000057e+00 3.352146148681640625e+00
1.113262999999999892e+00 3.352146148681640625e+00
1.117412999999999990e+00 3.357320785522460938e+00
1.121658999999999962e+00 3.357320785522460938e+00
1.125836000000000059e+00 3.357320785522460938e+00
1.130098999999999965e+00 3.362495422363281250e+00
1.134269999999999889e+00 3.357320785522460938e+00
1.138446999999999987e+00 3.357320785522460938e+00
1.146948000000000079e+00 3.357320785522460938e+00
1.153135999999999939e+00 3.362495422363281250e+00
1.157329000000000052e+00 3.357320785522460938e+00
1.161608999999999892e+00 3.357320785522460938e+00
1.165802999999999923e+00 3.357320785522460938e+00
1.170066000000000050e+00 3.352146148681640625e+00
1.174247999999999958e+00 3.346971511840820312e+00
1.178430000000000089e+00 3.352146148681640625e+00
1.182657999999999987e+00 3.352146148681640625e+00
1.186868999999999952e+00 3.352146148681640625e+00
1.191098999999999908e+00 3.352146148681640625e+00
1.195348999999999995e+00 3.346971511840820312e+00
1.199637000000000064e+00 3.346971511840820312e+00
1.203864999999999963e+00 3.346971511840820312e+00
1.208099999999999952e+00 3.346971511840820312e+00
1.212429999999999897e+00 3.357320785522460938e+00
1.216672999999999893e+00 3.362495422363281250e+00
1.220930999999999989e+00 3.362495422363281250e+00
1.227989999999999915e+00 3.357320785522460938e+00
1.237300999999999984e+00 3.362495422363281250e+00
1.258042000000000105e+00 3.357320785522460938e+00
1.274894999999999889e+00 3.352146148681640625e+00
1.289671999999999930e+00 3.346971511840820312e+00
1.294213999999999976e+00 3.352146148681640625e+00
1.298194999999999988e+00 3.352146148681640625e+00
1.302532999999999941e+00 3.352146148681640625e+00
1.306826000000000043e+00 3.352146148681640625e+00
1.311136000000000079e+00 3.357320785522460938e+00
1.315417999999999976e+00 3.362495422363281250e+00
1.319790999999999936e+00 3.362495422363281250e+00
1.324087999999999932e+00 3.357320785522460938e+00
1.328378000000000059e+00 3.362495422363281250e+00
1.332710000000000061e+00 3.362495422363281250e+00
1.337010999999999949e+00 3.362495422363281250e+00
1.341429999999999900e+00 3.357320785522460938e+00
1.345753999999999895e+00 3.357320785522460938e+00
1.350144999999999929e+00 3.357320785522460938e+00
1.354449999999999932e+00 3.357320785522460938e+00
1.358773999999999926e+00 3.357320785522460938e+00
1.363104000000000093e+00 3.352146148681640625e+00
1.367412999999999990e+00 3.352146148681640625e+00
1.371822000000000097e+00 3.352146148681640625e+00
1.376163999999999943e+00 3.352146148681640625e+00
1.380546000000000051e+00 3.352146148681640625e+00
1.384951999999999961e+00 3.352146148681640625e+00
1.388840000000000074e+00 3.352146148681640625e+00
1.392586000000000102e+00 3.357320785522460938e+00
1.396336999999999939e+00 3.352146148681640625e+00
1.400085000000000024e+00 3.352146148681640625e+00
1.408285000000000009e+00 3.352146148681640625e+00
1.412012999999999963e+00 3.357320785522460938e+00
1.415724999999999900e+00 3.362495422363281250e+00
1.419508999999999910e+00 3.362495422363281250e+00
1.423232999999999970e+00 3.357320785522460938e+00
1.426941999999999933e+00 3.357320785522460938e+00
1.430687000000000042e+00 3.357320785522460938e+00
1.434409999999999963e+00 3.357320785522460938e+00
1.438128000000000073e+00 3.357320785522460938e+00
1.441882000000000108e+00 3.357320785522460938e+00
1.445607000000000086e+00 3.357320785522460938e+00
1.449403999999999915e+00 3.357320785522460938e+00
1.453149999999999942e+00 3.357320785522460938e+00
1.456887000000000043e+00 3.357320785522460938e+00
1.460646000000000111e+00 3.352146148681640625e+00
1.464404000000000039e+00 3.352146148681640625e+00
1.468155000000000099e+00 3.352146148681640625e+00
1.471919999999999895e+00 3.352146148681640625e+00
1.475675999999999988e+00 3.352146148681640625e+00
1.479489000000000054e+00 3.357320785522460938e+00
1.483239999999999892e+00 3.352146148681640625e+00
1.486990000000000034e+00 3.352146148681640625e+00
1.490749000000000102e+00 3.352146148681640625e+00
1.494509000000000087e+00 3.357320785522460938e+00
1.498262999999999900e+00 3.352146148681640625e+00
1.502086000000000032e+00 3.352146148681640625e+00
1.510456999999999939e+00 3.357320785522460938e+00
1.518585000000000074e+00 3.357320785522460938e+00
1.529293000000000013e+00 3.357320785522460938e+00
1.533112000000000030e+00 3.357320785522460938e+00
1.536894999999999900e+00 3.357320785522460938e+00
1.540713999999999917e+00 3.357320785522460938e+00
1.544500999999999902e+00 3.357320785522460938e+00
1.548291000000000084e+00 3.357320785522460938e+00
1.552094000000000085e+00 3.362495422363281250e+00
1.555069999999999952e+00 3.357320785522460938e+00
1.558265999999999929e+00 3.362495422363281250e+00
1.562097000000000069e+00 3.352146148681640625e+00
1.567298999999999998e+00 3.357320785522460938e+00
1.571215999999999946e+00 3.352146148681640625e+00
1.575009000000000103e+00 3.352146148681640625e+00
1.578824999999999923e+00 3.357320785522460938e+00
1.582632999999999956e+00 3.357320785522460938e+00
1.586454999999999949e+00 3.352146148681640625e+00
1.590297999999999989e+00 3.352146148681640625e+00
1.593288999999999955e+00 3.352146148681640625e+00
1.596538000000000013e+00 3.352146148681640625e+00
1.600397999999999987e+00 3.352146148681640625e+00
1.604220999999999897e+00 3.346971511840820312e+00
1.608063999999999938e+00 3.352146148681640625e+00
1.611996999999999902e+00 3.357320785522460938e+00
1.615847999999999951e+00 3.357320785522460938e+00
1.619725000000000081e+00 3.357320785522460938e+00
1.623556999999999917e+00 3.357320785522460938e+00
1.627364999999999950e+00 3.357320785522460938e+00
1.631285000000000096e+00 3.357320785522460938e+00
1.639267000000000030e+00 3.357320785522460938e+00
1.643178999999999945e+00 3.362495422363281250e+00
1.647034000000000109e+00 3.362495422363281250e+00
1.650887999999999911e+00 3.357320785522460938e+00
1.654738000000000042e+00 3.362495422363281250e+00
1.658581000000000083e+00 3.362495422363281250e+00
1.662444000000000033e+00 3.357320785522460938e+00
1.666298000000000057e+00 3.357320785522460938e+00
1.669300999999999924e+00 3.357320785522460938e+00
1.672577999999999898e+00 3.352146148681640625e+00
1.676441999999999988e+00 3.352146148681640625e+00
1.680326999999999904e+00 3.352146148681640625e+00
1.684199999999999919e+00 3.352146148681640625e+00
1.688067999999999902e+00 3.352146148681640625e+00
1.692001000000000088e+00 3.352146148681640625e+00
1.697748000000000035e+00 3.357320785522460938e+00
1.701680000000000081e+00 3.352146148681640625e+00
1.705540000000000056e+00 3.352146148681640625e+00
1.709462000000000037e+00 3.352146148681640625e+00
1.713332999999999995e+00 3.357320785522460938e+00
1.717216000000000076e+00 3.362495422363281250e+00
1.721179000000000014e+00 3.362495422363281250e+00
1.725049000000000055e+00 3.362495422363281250e+00
1.728914999999999980e+00 3.362495422363281250e+00
1.732787999999999995e+00 3.362495422363281250e+00
1.736666000000000043e+00 3.362495422363281250e+00
1.740675999999999890e+00 3.362495422363281250e+00
1.750053000000000081e+00 3.362495422363281250e+00
1.754050000000000109e+00 3.362495422363281250e+00
1.757088999999999901e+00 3.357320785522460938e+00
1.760404000000000080e+00 3.357320785522460938e+00
1.764353999999999978e+00 3.352146148681640625e+00
1.768256999999999968e+00 3.352146148681640625e+00
1.772178999999999949e+00 3.346971511840820312e+00
1.776086000000000054e+00 3.352146148681640625e+00
1.780072000000000099e+00 3.352146148681640625e+00
1.783077999999999941e+00 3.352146148681640625e+00
1.786408999999999914e+00 3.352146148681640625e+00
1.790346999999999911e+00 3.352146148681640625e+00
1.794265999999999917e+00 3.352146148681640625e+00
1.798243999999999954e+00 3.352146148681640625e+00
1.802162999999999959e+00 3.352146148681640625e+00
1.806073999999999957e+00 3.352146148681640625e+00
1.810073000000000043e+00 3.357320785522460938e+00
1.813994000000000106e+00 3.357320785522460938e+00
1.817901999999999907e+00 3.362495422363281250e+00
1.821898999999999935e+00 3.362495422363281250e+00
1.825830999999999982e+00 3.362495422363281250e+00
1.829835000000000100e+00 3.362495422363281250e+00
1.833771000000000040e+00 3.367670059204101562e+00
1.837704999999999922e+00 3.362495422363281250e+00
1.841703000000000090e+00 3.362495422363281250e+00
1.845637999999999890e+00 3.357320785522460938e+00
1.849623000000000017e+00 3.357320785522460938e+00
1.853582999999999981e+00 3.357320785522460938e+00
1.857545000000000002e+00 3.357320785522460938e+00
1.867112000000000105e+00 3.352146148681640625e+00
1.871102000000000043e+00 3.352146148681640625e+00
1.875048999999999966e+00 3.352146148681640625e+00
1.878096999999999905e+00 3.352146148681640625e+00
1.881515999999999966e+00 3.352146148681640625e+00
1.885480999999999963e+00 3.357320785522460938e+00
1.889499999999999957e+00 3.357320785522460938e+00
1.893464999999999954e+00 3.357320785522460938e+00
1.897469999999999990e+00 3.352146148681640625e+00
1.901521000000000017e+00 3.357320785522460938e+00
1.905493000000000103e+00 3.352146148681640625e+00
1.909521000000000024e+00 3.357320785522460938e+00
1.913502999999999954e+00 3.357320785522460938e+00
1.917470000000000008e+00 3.362495422363281250e+00
1.921518999999999977e+00 3.362495422363281250e+00
1.925491999999999981e+00 3.362495422363281250e+00
1.929589999999999916e+00 3.357320785522460938e+00
1.932668000000000053e+00 3.357320785522460938e+00
1.936059999999999892e+00 3.357320785522460938e+00
1.940148999999999901e+00 3.357320785522460938e+00
1.944120999999999988e+00 3.357320785522460938e+00
1.948110999999999926e+00 3.357320785522460938e+00
1.952207000000000026e+00 3.357320785522460938e+00
1.956210000000000004e+00 3.357320785522460938e+00
1.960202000000000000e+00 3.357320785522460938e+00
1.964217000000000102e+00 3.352146148681640625e+00
1.967270999999999992e+00 3.352146148681640625e+00
1.970704999999999929e+00 3.357320785522460938e+00
1.974892000000000092e+00 3.357320785522460938e+00
1.982839000000000018e+00 3.357320785522460938e+00
1.986861999999999906e+00 3.352146148681640625e+00
1.990895999999999999e+00 3.352146148681640625e+00
1.994904999999999928e+00 3.357320785522460938e+00
1.999190000000000023e+00 3.352146148681640625e+00
2.002960999999999991e+00 3.352146148681640625e+00
2.006984000000000101e+00 3.352146148681640625e+00
2.011010999999999882e+00 3.357320785522460938e+00
2.014104000000000116e+00 3.357320785522460938e+00
2.017549999999999955e+00 3.357320785522460938e+00
2.020697999999999883e+00 3.357320785522460938e+00
2.024138000000000215e+00 3.357320785522460938e+00
2.028179999999999872e+00 3.357320785522460938e+00
2.032249000000000194e+00 3.357320785522460938e+00
2.036294999999999966e+00 3.357320785522460938e+00
2.040335999999999927e+00 3.357320785522460938e+00
2.044372000000000078e+00 3.357320785522460938e+00
2.047489999999999810e+00 3.357320785522460938e+00
2.050955000000000084e+00 3.362495422363281250e+00
2.054999000000000020e+00 3.362495422363281250e+00
2.059050000000000047e+00 3.362495422363281250e+00
2.063101000000000074e+00 3.357320785522460938e+00
2.067181000000000157e+00 3.357320785522460938e+00
2.071326000000000001e+00 3.357320785522460938e+00
2.075416999999999845e+00 3.357320785522460938e+00
2.079546000000000117e+00 3.352146148681640625e+00
2.082667999999999964e+00 3.357320785522460938e+00
2.086129000000000122e+00 3.357320785522460938e+00
2.090289999999999981e+00 3.357320785522460938e+00
2.102981000000000211e+00 3.352146148681640625e+00
2.107778000000000151e+00 3.352146148681640625e+00
2.112753000000000103e+00 3.357320785522460938e+00
2.117631999999999959e+00 3.357320785522460938e+00
2.122593999999999870e+00 3.357320785522460938e+00
2.127482999999999791e+00 3.357320785522460938e+00
2.132458999999999882e+00 3.357320785522460938e+00
2.137350999999999779e+00 3.362495422363281250e+00
2.142328000000000010e+00 3.362495422363281250e+00
2.147234000000000087e+00 3.362495422363281250e+00
2.152223000000000219e+00 3.362495422363281250e+00
2.157118999999999787e+00 3.362495422363281250e+00
2.162141000000000091e+00 3.362495422363281250e+00
2.167051999999999978e+00 3.357320785522460938e+00
2.172082000000000068e+00 3.357320785522460938e+00
2.177005999999999997e+00 3.352146148681640625e+00
2.181989999999999874e+00 3.352146148681640625e+00
2.186910999999999827e+00 3.352146148681640625e+00
2.191936000000000107e+00 3.352146148681640625e+00
2.196060999999999819e+00 3.352146148681640625e+00
2.200226999999999933e+00 3.352146148681640625e+00
2.204410999999999898e+00 3.352146148681640625e+00
2.212976999999999972e+00 3.352146148681640625e+00
2.216781000000000112e+00 3.357320785522460938e+00
2.220934999999999881e+00 3.362495422363281250e+00
2.225156999999999829e+00 3.362495422363281250e+00
2.234142999999999990e+00 3.362495422363281250e+00
2.245922999999999892e+00 3.362495422363281250e+00
2.255155999999999938e+00 3.362495422363281250e+00
2.267284000000000077e+00 3.357320785522460938e+00
2.271507999999999861e+00 3.352146148681640625e+00
2.275673999999999975e+00 3.352146148681640625e+00
2.279898999999999898e+00 3.352146148681640625e+00
2.284051999999999971e+00 3.352146148681640625e+00
2.288209000000000160e+00 3.352146148681640625e+00
2.292400000000000215e+00 3.352146148681640625e+00
2.296556999999999960e+00 3.352146148681640625e+00
2.299617000000000022e+00 3.352146148681640625e+00
2.303253000000000217e+00 3.352146148681640625e+00
2.307396999999999920e+00 3.352146148681640625e+00
2.311688000000000187e+00 3.362495422363281250e+00
2.315882000000000218e+00 3.362495422363281250e+00
2.324197999999999986e+00 3.362495422363281250e+00
2.328476000000000212e+00 3.362495422363281250e+00
2.332707000000000086e+00 3.357320785522460938e+00
2.336882000000000126e+00 3.362495422363281250e+00
2.341181999999999874e+00 3.362495422363281250e+00
2.345371999999999790e+00 3.362495422363281250e+00
2.349619999999999820e+00 3.357320785522460938e+00
2.353816999999999826e+00 3.362495422363281250e+00
2.358011999999999997e+00 3.357320785522460938e+00
2.362274000000000207e+00 3.352146148681640625e+00
2.366481999999999974e+00 3.352146148681640625e+00
2.370696000000000137e+00 3.352146148681640625e+00
2.374899999999999789e+00 3.352146148681640625e+00
2.379115999999999786e+00 3.352146148681640625e+00
2.383341000000000154e+00 3.352146148681640625e+00
2.387548999999999921e+00 3.352146148681640625e+00
2.391840999999999884e+00 3.357320785522460938e+00
2.396052000000000071e+00 3.357320785522460938e+00
2.400279999999999969e+00 3.352146148681640625e+00
2.404532999999999809e+00 3.352146148681640625e+00
2.408745000000000136e+00 3.357320785522460938e+00
2.412980999999999820e+00 3.362495422363281250e+00
2.417209000000000163e+00 3.362495422363281250e+00
2.421492000000000200e+00 3.362495422363281250e+00
2.425717000000000123e+00 3.362495422363281250e+00
2.434674999999999923e+00 3.362495422363281250e+00
2.438839000000000201e+00 3.357320785522460938e+00
2.443095000000000017e+00 3.357320785522460938e+00
2.447331999999999841e+00 3.362495422363281250e+00
2.451626999999999779e+00 3.357320785522460938e+00
2.455893999999999799e+00 3.357320785522460938e+00
2.460202999999999918e+00 3.357320785522460938e+00
2.464462999999999848e+00 3.352146148681640625e+00
2.468732999999999844e+00 3.352146148681640625e+00
2.472996999999999890e+00 3.352146148681640625e+00
2.477259000000000100e+00 3.357320785522460938e+00
2.481622000000000217e+00 3.357320785522460938e+00
2.485889999999999933e+00 3.357320785522460938e+00
2.489090000000000025e+00 3.352146148681640625e+00
2.492823000000000011e+00 3.357320785522460938e+00
2.497091000000000172e+00 3.357320785522460938e+00
2.501466000000000189e+00 3.357320785522460938e+00
2.510391999999999957e+00 3.357320785522460938e+00
2.516213000000000033e+00 3.357320785522460938e+00
2.523359000000000130e+00 3.357320785522460938e+00
2.527197000000000138e+00 3.362495422363281250e+00
2.531601000000000212e+00 3.357320785522460938e+00
2.535906999999999911e+00 3.357320785522460938e+00
2.540294999999999970e+00 3.357320785522460938e+00
2.548960999999999810e+00 3.362495422363281250e+00
2.553411000000000097e+00 3.362495422363281250e+00
2.557710000000000150e+00 3.362495422363281250e+00
2.562094000000000094e+00 3.357320785522460938e+00
2.566397999999999957e+00 3.357320785522460938e+00
2.572233999999999909e+00 3.357320785522460938e+00
2.575502999999999876e+00 3.357320785522460938e+00
2.579286000000000190e+00 3.357320785522460938e+00
2.583588000000000218e+00 3.357320785522460938e+00
2.587886999999999826e+00 3.352146148681640625e+00
2.592287999999999926e+00 3.357320785522460938e+00
2.596572000000000102e+00 3.357320785522460938e+00
2.600874999999999826e+00 3.357320785522460938e+00
2.604105999999999810e+00 3.352146148681640625e+00
2.607873999999999803e+00 3.352146148681640625e+00
2.612230999999999970e+00 3.357320785522460938e+00
2.616553999999999824e+00 3.362495422363281250e+00
2.620880000000000098e+00 3.357320785522460938e+00
2.625202999999999953e+00 3.357320785522460938e+00
2.629563999999999790e+00 3.357320785522460938e+00
2.633882999999999974e+00 3.362495422363281250e+00
2.638199999999999878e+00 3.357320785522460938e+00
2.642529000000000128e+00 3.367670059204101562e+00
2.646847000000000172e+00 3.367670059204101562e+00
2.651191999999999993e+00 3.362495422363281250e+00
2.655806999999999807e+00 3.362495422363281250e+00
2.664254999999999818e+00 3.357320785522460938e+00
2.668604999999999894e+00 3.357320785522460938e+00
2.672960999999999920e+00 3.352146148681640625e+00
2.677306999999999881e+00 3.357320785522460938e+00
2.681737000000000037e+00 3.357320785522460938e+00
2.686103000000000129e+00 3.352146148681640625e+00
2.690490000000000048e+00 3.352146148681640625e+00
2.694856999999999836e+00 3.352146148681640625e+00
2.699521999999999977e+00 3.357320785522460938e+00
2.702481999999999829e+00 3.357320785522460938e+00
2.706269999999999953e+00 3.352146148681640625e+00
2.710652000000000061e+00 3.357320785522460938e+00
2.715054999999999996e+00 3.357320785522460938e+00
2.719663000000000164e+00 3.357320785522460938e+00
2.724094000000000015e+00 3.357320785522460938e+00
2.728540999999999883e+00 3.362495422363281250e+00
2.731902999999999970e+00 3.362495422363281250e+00
2.734725000000000072e+00 3.362495422363281250e+00
2.737572999999999812e+00 3.362495422363281250e+00
2.741668999999999912e+00 3.367670059204101562e+00
2.745422000000000029e+00 3.362495422363281250e+00
2.749534000000000145e+00 3.362495422363281250e+00
2.753248000000000140e+00 3.362495422363281250e+00
2.756079000000000168e+00 3.362495422363281250e+00
2.758910000000000196e+00 3.362495422363281250e+00
2.763068000000000080e+00 3.357320785522460938e+00
2.771027000000000129e+00 3.357320785522460938e+00
2.775215000000000209e+00 3.352146148681640625e+00
2.778999000000000219e+00 3.352146148681640625e+00
2.781986999999999988e+00 3.352146148681640625e+00
2.786182000000000158e+00 3.357320785522460938e+00
2.789493999999999918e+00 3.352146148681640625e+00
2.793401999999999941e+00 3.352146148681640625e+00
2.797817999999999916e+00 3.352146148681640625e+00
2.802639000000000102e+00 3.352146148681640625e+00
2.807110000000000216e+00 3.352146148681640625e+00
2.810452999999999868e+00 3.357320785522460938e+00
2.814360000000000195e+00 3.362495422363281250e+00
2.817660000000000053e+00 3.362495422363281250e+00
2.821645999999999876e+00 3.362495422363281250e+00
2.824857999999999869e+00 3.362495422363281250e+00
2.828762999999999916e+00 3.367670059204101562e+00
2.832060999999999940e+00 3.367670059204101562e+00
2.835977999999999888e+00 3.362495422363281250e+00
2.840469000000000133e+00 3.367670059204101562e+00
2.844927000000000206e+00 3.362495422363281250e+00
2.849451999999999874e+00 3.362495422363281250e+00
2.853915000000000202e+00 3.357320785522460938e+00
2.858394000000000101e+00 3.362495422363281250e+00
2.862840999999999969e+00 3.357320785522460938e+00
2.867335000000000189e+00 3.352146148681640625e+00
2.871878999999999849e+00 3.352146148681640625e+00
2.876370000000000093e+00 3.352146148681640625e+00
2.881002000000000063e+00 3.352146148681640625e+00
2.890051999999999843e+00 3.352146148681640625e+00
2.894582999999999906e+00 3.357320785522460938e+00
2.899878000000000178e+00 3.357320785522460938e+00
2.905374999999999819e+00 3.357320785522460938e+00
2.910954999999999959e+00 3.362495422363281250e+00
2.916443999999999814e+00 3.362495422363281250e+00
2.921952000000000105e+00 3.362495422363281250e+00
2.927461999999999787e+00 3.362495422363281250e+00
2.933050000000000157e+00 3.362495422363281250e+00
2.938552000000000053e+00 3.357320785522460938e+00
2.944094000000000211e+00 3.362495422363281250e+00
2.949765000000000192e+00 3.362495422363281250e+00
2.955293999999999865e+00 3.357320785522460938e+00
2.960904000000000202e+00 3.357320785522460938e+00
2.966425000000000090e+00 3.357320785522460938e+00
2.971994000000000025e+00 3.352146148681640625e+00
2.977526000000000117e+00 3.357320785522460938e+00
2.983136000000000010e+00 3.357320785522460938e+00
2.988700999999999830e+00 3.357320785522460938e+00
2.994244999999999823e+00 3.357320785522460938e+00
3.003801000000000165e+00 3.357320785522460938e+00
3.008630999999999833e+00 3.357320785522460938e+00
3.013222999999999985e+00 3.367670059204101562e+00
3.018508999999999887e+00 3.362495422363281250e+00
3.023055999999999965e+00 3.357320785522460938e+00
3.027614999999999945e+00 3.362495422363281250e+00
3.032242000000000104e+00 3.362495422363281250e+00
3.036789999999999878e+00 3.362495422363281250e+00
3.041342999999999908e+00 3.362495422363281250e+00
3.044677000000000078e+00 3.357320785522460938e+00
3.048653999999999975e+00 3.362495422363281250e+00
3.053242000000000012e+00 3.362495422363281250e+00
3.057812000000000197e+00 3.362495422363281250e+00
3.062450999999999812e+00 3.362495422363281250e+00
3.067015000000000047e+00 3.357320785522460938e+00
3.071676000000000073e+00 3.357320785522460938e+00
3.076278999999999986e+00 3.357320785522460938e+00
3.080891999999999964e+00 3.357320785522460938e+00
3.085455000000000059e+00 3.357320785522460938e+00
3.090082999999999913e+00 3.357320785522460938e+00
3.094675000000000065e+00 3.357320785522460938e+00
3.099276000000000142e+00 3.357320785522460938e+00
3.103849999999999998e+00 3.352146148681640625e+00
3.108438000000000034e+00 3.352146148681640625e+00
3.112083999999999850e+00 3.357320785522460938e+00
3.120373999999999981e+00 3.357320785522460938e+00
3.124029000000000167e+00 3.357320785522460938e+00
3.126878000000000046e+00 3.357320785522460938e+00
3.130936000000000163e+00 3.362495422363281250e+00
3.134250000000000203e+00 3.362495422363281250e+00
3.137074999999999836e+00 3.357320785522460938e+00
3.141124000000000027e+00 3.362495422363281250e+00
3.145750000000000046e+00 3.367670059204101562e+00
3.150460999999999956e+00 3.362495422363281250e+00
3.155120999999999842e+00 3.367670059204101562e+00
3.158459999999999823e+00 3.367670059204101562e+00
3.162596000000000185e+00 3.362495422363281250e+00
3.167248999999999981e+00 3.357320785522460938e+00
3.171984000000000137e+00 3.357320785522460938e+00
3.176603000000000065e+00 3.357320785522460938e+00
3.181236000000000175e+00 3.357320785522460938e+00
3.185855000000000103e+00 3.357320785522460938e+00
3.190494000000000163e+00 3.352146148681640625e+00
3.195088000000000150e+00 3.357320785522460938e+00
3.199788999999999994e+00 3.357320785522460938e+00
3.204419000000000128e+00 3.357320785522460938e+00
3.209071999999999925e+00 3.357320785522460938e+00
3.212444000000000077e+00 3.357320785522460938e+00
3.216479000000000088e+00 3.357320785522460938e+00
3.221118000000000148e+00 3.357320785522460938e+00
3.224488000000000021e+00 3.362495422363281250e+00
3.228518000000000221e+00 3.362495422363281250e+00
3.237762000000000029e+00 3.362495422363281250e+00
3.246736999999999984e+00 3.362495422363281250e+00
3.251148000000000149e+00 3.367670059204101562e+00
3.265136000000000038e+00 3.357320785522460938e+00
3.271609000000000211e+00 3.352146148681640625e+00
3.281887999999999916e+00 3.357320785522460938e+00
3.286475999999999953e+00 3.352146148681640625e+00
3.291151999999999855e+00 3.357320785522460938e+00
3.295802000000000120e+00 3.357320785522460938e+00
3.300533999999999857e+00 3.357320785522460938e+00
3.305215000000000014e+00 3.357320785522460938e+00
3.309931999999999874e+00 3.357320785522460938e+00
3.314642000000000088e+00 3.362495422363281250e+00
3.319371999999999989e+00 3.367670059204101562e+00
3.324053000000000146e+00 3.367670059204101562e+00
3.328716000000000008e+00 3.367670059204101562e+00
3.333406000000000091e+00 3.367670059204101562e+00
3.338065999999999978e+00 3.362495422363281250e+00
3.342839000000000116e+00 3.367670059204101562e+00
3.347595999999999794e+00 3.362495422363281250e+00
3.356930000000000192e+00 3.362495422363281250e+00
3.361759000000000164e+00 3.357320785522460938e+00
3.366476000000000024e+00 3.357320785522460938e+00
3.371207000000000065e+00 3.352146148681640625e+00
3.375928000000000040e+00 3.357320785522460938e+00
3.380653000000000130e+00 3.352146148681640625e+00
3.385345000000000049e+00 3.352146148681640625e+00
3.390130000000000088e+00 3.352146148681640625e+00
3.394852000000000203e+00 3.357320785522460938e+00
3.399591000000000030e+00 3.357320785522460938e+00
3.404320999999999930e+00 3.357320785522460938e+00
3.409059000000000061e+00 3.357320785522460938e+00
3.413832000000000200e+00 3.362495422363281250e+00
3.418525999999999954e+00 3.367670059204101562e+00
3.423262999999999945e+00 3.367670059204101562e+00
3.427996999999999961e+00 3.367670059204101562e+00
3.432805000000000106e+00 3.367670059204101562e+00
3.437539000000000122e+00 3.362495422363281250e+00
3.442336000000000062e+00 3.362495422363281250e+00
3.447067999999999799e+00 3.362495422363281250e+00
3.451877000000000084e+00 3.362495422363281250e+00
3.455284999999999940e+00 3.357320785522460938e+00
3.459512999999999838e+00 3.362495422363281250e+00
3.468825999999999965e+00 3.357320785522460938e+00
3.472052999999999834e+00 3.352146148681640625e+00
3.476182000000000105e+00 3.357320785522460938e+00
3.480925000000000047e+00 3.357320785522460938e+00
3.485667999999999989e+00 3.357320785522460938e+00
3.490460999999999814e+00 3.357320785522460938e+00
3.495207999999999871e+00 3.357320785522460938e+00
3.500001000000000140e+00 3.357320785522460938e+00
3.504735999999999851e+00 3.357320785522460938e+00
3.509541000000000022e+00 3.357320785522460938e+00
3.514400999999999886e+00 3.362495422363281250e+00
3.526717999999999797e+00 3.362495422363281250e+00
3.533869000000000149e+00 3.362495422363281250e+00
3.538844000000000101e+00 3.362495422363281250e+00
3.543674999999999908e+00 3.362495422363281250e+00
3.548770000000000202e+00 3.362495422363281250e+00
3.555248999999999882e+00 3.357320785522460938e+00
3.559591000000000172e+00 3.362495422363281250e+00
3.564366000000000145e+00 3.357320785522460938e+00
3.569145999999999930e+00 3.357320785522460938e+00
3.578170000000000073e+00 3.357320785522460938e+00
3.582024000000000097e+00 3.357320785522460938e+00
3.584864000000000051e+00 3.362495422363281250e+00
3.589081999999999883e+00 3.357320785522460938e+00
3.593891999999999864e+00 3.357320785522460938e+00
3.598685000000000134e+00 3.357320785522460938e+00
3.603476999999999819e+00 3.357320785522460938e+00
3.608248999999999818e+00 3.357320785522460938e+00
3.613078999999999930e+00 3.362495422363281250e+00
3.617932999999999844e+00 3.362495422363281250e+00
3.622815000000000119e+00 3.362495422363281250e+00
3.627587999999999813e+00 3.362495422363281250e+00
3.632467999999999808e+00 3.362495422363281250e+00
3.637288999999999994e+00 3.357320785522460938e+00
3.642138000000000098e+00 3.362495422363281250e+00
3.646930999999999923e+00 3.362495422363281250e+00
3.651771000000000100e+00 3.367670059204101562e+00
3.656578999999999802e+00 3.367670059204101562e+00
3.661402999999999963e+00 3.362495422363281250e+00
3.666198000000000068e+00 3.357320785522460938e+00
3.669674999999999798e+00 3.357320785522460938e+00
3.673941000000000123e+00 3.357320785522460938e+00
3.678752999999999940e+00 3.357320785522460938e+00
3.683587000000000167e+00 3.362495422363281250e+00
3.693188999999999833e+00 3.357320785522460938e+00
3.698144000000000098e+00 3.357320785522460938e+00
3.703043000000000085e+00 3.357320785522460938e+00
3.707869000000000081e+00 3.357320785522460938e+00
3.712781999999999805e+00 3.357320785522460938e+00
3.717938999999999883e+00 3.362495422363281250e+00
3.722872000000000181e+00 3.357320785522460938e+00
3.727717999999999865e+00 3.362495422363281250e+00
3.732648999999999884e+00 3.362495422363281250e+00
3.736073000000000199e+00 3.367670059204101562e+00
3.740419999999999856e+00 3.367670059204101562e+00
3.745239000000000207e+00 3.367670059204101562e+00
3.750157999999999880e+00 3.367670059204101562e+00
3.755015000000000214e+00 3.362495422363281250e+00
3.759921999999999986e+00 3.367670059204101562e+00
3.764788999999999941e+00 3.362495422363281250e+00
3.769750999999999852e+00 3.357320785522460938e+00
3.774605000000000210e+00 3.357320785522460938e+00
3.778068999999999900e+00 3.357320785522460938e+00
3.781055999999999973e+00 3.357320785522460938e+00
3.785382999999999942e+00 3.357320785522460938e+00
3.790248000000000062e+00 3.357320785522460938e+00
3.793706999999999940e+00 3.357320785522460938e+00
3.798004999999999853e+00 3.357320785522460938e+00
3.803110000000000213e+00 3.357320785522460938e+00
3.812581000000000220e+00 3.357320785522460938e+00
3.816078000000000081e+00 3.362495422363281250e+00
3.819058000000000064e+00 3.367670059204101562e+00
3.823466999999999949e+00 3.367670059204101562e+00
3.828371999999999886e+00 3.367670059204101562e+00
3.831862000000000101e+00 3.367670059204101562e+00
3.836203999999999947e+00 3.367670059204101562e+00
3.839682999999999957e+00 3.367670059204101562e+00
3.844057999999999975e+00 3.372844696044921875e+00
3.848933000000000160e+00 3.367670059204101562e+00
3.853823999999999916e+00 3.367670059204101562e+00
3.858740000000000059e+00 3.367670059204101562e+00
3.863639000000000046e+00 3.357320785522460938e+00
3.868539999999999868e+00 3.352146148681640625e+00
3.873466000000000076e+00 3.357320785522460938e+00
3.878368000000000038e+00 3.357320785522460938e+00
3.883283000000000040e+00 3.352146148681640625e+00
3.888215000000000199e+00 3.357320785522460938e+00
3.893164000000000069e+00 3.357320785522460938e+00
3.898123000000000005e+00 3.357320785522460938e+00
3.903046999999999933e+00 3.357320785522460938e+00
3.907951000000000175e+00 3.357320785522460938e+00
3.912936000000000192e+00 3.362495422363281250e+00
3.917899999999999938e+00 3.362495422363281250e+00
3.926867999999999803e+00 3.367670059204101562e+00
3.931712999999999791e+00 3.367670059204101562e+00
3.936633000000000049e+00 3.362495422363281250e+00
3.941618000000000066e+00 3.367670059204101562e+00
3.946588000000000207e+00 3.362495422363281250e+00
3.951541000000000192e+00 3.362495422363281250e+00
3.956472000000000211e+00 3.362495422363281250e+00
3.961443000000000048e+00 3.362495422363281250e+00
3.966406000000000098e+00 3.357320785522460938e+00
3.971403000000000016e+00 3.357320785522460938e+00
3.976374999999999993e+00 3.357320785522460938e+00
3.981360000000000010e+00 3.357320785522460938e+00
3.986350999999999978e+00 3.357320785522460938e+00
3.991333000000000020e+00 3.357320785522460938e+00
3.996306000000000136e+00 3.357320785522460938e+00
4.001306999999999725e+00 3.362495422363281250e+00
4.006281000000000425e+00 3.357320785522460938e+00
4.011315999999999882e+00 3.362495422363281250e+00
4.016265999999999892e+00 3.367670059204101562e+00
4.021320000000000228e+00 3.362495422363281250e+00
4.026304999999999801e+00 3.367670059204101562e+00
4.031322000000000294e+00 3.362495422363281250e+00
4.040943999999999647e+00 3.362495422363281250e+00
4.046063000000000187e+00 3.362495422363281250e+00
4.051073999999999842e+00 3.362495422363281250e+00
4.056040999999999563e+00 3.362495422363281250e+00
4.061041999999999597e+00 3.362495422363281250e+00
4.066048999999999580e+00 3.357320785522460938e+00
4.071053000000000033e+00 3.357320785522460938e+00
4.076023000000000174e+00 3.357320785522460938e+00
4.081046999999999869e+00 3.357320785522460938e+00
4.086051000000000322e+00 3.357320785522460938e+00
4.091040999999999705e+00 3.357320785522460938e+00
4.096045000000000158e+00 3.357320785522460938e+00
4.101085000000000313e+00 3.362495422363281250e+00
4.106097000000000108e+00 3.357320785522460938e+00
4.111112999999999573e+00 3.362495422363281250e+00
4.116099000000000174e+00 3.357320785522460938e+00
4.121290000000000120e+00 3.362495422363281250e+00
4.126276999999999973e+00 3.362495422363281250e+00
4.131298000000000137e+00 3.362495422363281250e+00
4.136290999999999940e+00 3.362495422363281250e+00
4.141333999999999627e+00 3.362495422363281250e+00
4.146390000000000242e+00 3.362495422363281250e+00
4.155921000000000198e+00 3.362495422363281250e+00
4.161124000000000045e+00 3.362495422363281250e+00
4.164691999999999616e+00 3.357320785522460938e+00
4.167676000000000158e+00 3.357320785522460938e+00
4.172228999999999743e+00 3.357320785522460938e+00
4.177300999999999931e+00 3.362495422363281250e+00
4.182413000000000380e+00 3.357320785522460938e+00
4.187470000000000248e+00 3.357320785522460938e+00
4.191059000000000090e+00 3.357320785522460938e+00
4.195586999999999733e+00 3.357320785522460938e+00
4.200700000000000323e+00 3.357320785522460938e+00
4.205732000000000248e+00 3.357320785522460938e+00
4.209308000000000050e+00 3.357320785522460938e+00
4.213829999999999742e+00 3.362495422363281250e+00
4.218963999999999714e+00 3.362495422363281250e+00
4.224035999999999902e+00 3.362495422363281250e+00
4.229090000000000238e+00 3.362495422363281250e+00
4.234201999999999799e+00 3.362495422363281250e+00
4.239647999999999861e+00 3.367670059204101562e+00
4.250479999999999592e+00 3.372844696044921875e+00
4.266735999999999862e+00 3.362495422363281250e+00
4.275826999999999600e+00 3.357320785522460938e+00
4.292136000000000173e+00 3.357320785522460938e+00
4.297090999999999994e+00 3.357320785522460938e+00
4.302316000000000251e+00 3.357320785522460938e+00
4.307392000000000110e+00 3.357320785522460938e+00
4.312539000000000122e+00 3.357320785522460938e+00
4.317643000000000342e+00 3.362495422363281250e+00
4.322850999999999999e+00 3.367670059204101562e+00
4.327933999999999948e+00 3.372844696044921875e+00
4.333225999999999800e+00 3.367670059204101562e+00
4.338345000000000340e+00 3.367670059204101562e+00
4.343467000000000411e+00 3.367670059204101562e+00
4.347093000000000096e+00 3.367670059204101562e+00
4.351645000000000429e+00 3.372844696044921875e+00
4.356759000000000270e+00 3.372844696044921875e+00
4.361924000000000134e+00 3.362495422363281250e+00
4.367047000000000345e+00 3.357320785522460938e+00
4.372239999999999682e+00 3.357320785522460938e+00
4.377341999999999622e+00 3.357320785522460938e+00
4.382513000000000325e+00 3.357320785522460938e+00
4.387635999999999648e+00 3.357320785522460938e+00
4.392759999999999998e+00 3.357320785522460938e+00
4.397903999999999591e+00 3.357320785522460938e+00
4.407580000000000275e+00 3.357320785522460938e+00
4.412904000000000160e+00 3.362495422363281250e+00
4.416452999999999740e+00 3.367670059204101562e+00
4.421134000000000341e+00 3.367670059204101562e+00
4.426268999999999565e+00 3.372844696044921875e+00
4.431408000000000236e+00 3.367670059204101562e+00
4.436568000000000289e+00 3.367670059204101562e+00
4.441705999999999932e+00 3.367670059204101562e+00
4.446855000000000224e+00 3.367670059204101562e+00
4.452079000000000342e+00 3.362495422363281250e+00
4.457247999999999877e+00 3.362495422363281250e+00
4.462474000000000274e+00 3.357320785522460938e+00
4.467639000000000138e+00 3.357320785522460938e+00
4.472840999999999845e+00 3.357320785522460938e+00
4.478016000000000219e+00 3.357320785522460938e+00
4.483177999999999663e+00 3.357320785522460938e+00
4.488353000000000037e+00 3.357320785522460938e+00
4.493543999999999983e+00 3.362495422363281250e+00
4.498719000000000356e+00 3.357320785522460938e+00
4.503904999999999603e+00 3.357320785522460938e+00
4.509089999999999598e+00 3.362495422363281250e+00
4.514364999999999739e+00 3.367670059204101562e+00
4.532790000000000319e+00 3.367670059204101562e+00
4.543085999999999736e+00 3.367670059204101562e+00
4.549018000000000228e+00 3.362495422363281250e+00
4.555888000000000382e+00 3.362495422363281250e+00
4.559684999999999988e+00 3.362495422363281250e+00
4.564320000000000377e+00 3.357320785522460938e+00
4.569594999999999629e+00 3.357320785522460938e+00
4.574781999999999904e+00 3.357320785522460938e+00
4.580071000000000225e+00 3.357320785522460938e+00
4.583675999999999640e+00 3.357320785522460938e+00
4.588305000000000078e+00 3.357320785522460938e+00
4.593554000000000137e+00 3.362495422363281250e+00
4.598766000000000354e+00 3.357320785522460938e+00
4.603962000000000110e+00 3.357320785522460938e+00
4.609137999999999735e+00 3.357320785522460938e+00
4.614354999999999762e+00 3.362495422363281250e+00
4.619608999999999632e+00 3.367670059204101562e+00
4.624812999999999619e+00 3.362495422363281250e+00
4.630316999999999794e+00 3.367670059204101562e+00
4.641737000000000002e+00 3.362495422363281250e+00
4.646969000000000349e+00 3.362495422363281250e+00
4.652302999999999855e+00 3.362495422363281250e+00
4.657526999999999973e+00 3.367670059204101562e+00
4.662757000000000041e+00 3.362495422363281250e+00
4.667974000000000068e+00 3.362495422363281250e+00
4.671693999999999569e+00 3.362495422363281250e+00
4.676360999999999990e+00 3.362495422363281250e+00
4.681602999999999959e+00 3.357320785522460938e+00
4.686818999999999846e+00 3.357320785522460938e+00
4.692136999999999780e+00 3.362495422363281250e+00
4.697395000000000209e+00 3.357320785522460938e+00
4.702691999999999872e+00 3.357320785522460938e+00
4.707938000000000400e+00 3.357320785522460938e+00
4.713210000000000122e+00 3.362495422363281250e+00
4.718452000000000091e+00 3.362495422363281250e+00
4.723733000000000182e+00 3.362495422363281250e+00
4.729041999999999746e+00 3.362495422363281250e+00
4.734332000000000207e+00 3.367670059204101562e+00
4.739666999999999852e+00 3.367670059204101562e+00
4.745090000000000252e+00 3.372844696044921875e+00
4.756687999999999583e+00 3.367670059204101562e+00
4.762000999999999706e+00 3.362495422363281250e+00
4.767267999999999617e+00 3.362495422363281250e+00
4.772603000000000151e+00 3.357320785522460938e+00
4.777851000000000070e+00 3.362495422363281250e+00
4.783184000000000324e+00 3.357320785522460938e+00
4.788433999999999635e+00 3.357320785522460938e+00
4.793739000000000416e+00 3.357320785522460938e+00
4.799001999999999768e+00 3.357320785522460938e+00
4.804272000000000098e+00 3.357320785522460938e+00
4.809611000000000303e+00 3.357320785522460938e+00
4.814912999999999776e+00 3.362495422363281250e+00
4.820251999999999981e+00 3.362495422363281250e+00
4.825566000000000244e+00 3.367670059204101562e+00
4.830911999999999651e+00 3.367670059204101562e+00
4.836206999999999923e+00 3.367670059204101562e+00
4.841524999999999856e+00 3.372844696044921875e+00
4.846814000000000178e+00 3.372844696044921875e+00
4.852192999999999756e+00 3.367670059204101562e+00
4.857533000000000101e+00 3.367670059204101562e+00
4.867422000000000359e+00 3.362495422363281250e+00
4.872940999999999967e+00 3.357320785522460938e+00
4.878290999999999933e+00 3.357320785522460938e+00
4.883612000000000286e+00 3.357320785522460938e+00
4.888931999999999611e+00 3.357320785522460938e+00
4.894283999999999857e+00 3.357320785522460938e+00
4.900237999999999872e+00 3.357320785522460938e+00
4.905569999999999986e+00 3.357320785522460938e+00
4.910872999999999600e+00 3.362495422363281250e+00
4.916218999999999895e+00 3.367670059204101562e+00
4.921581999999999901e+00 3.367670059204101562e+00
4.925290999999999642e+00 3.367670059204101562e+00
4.930240999999999651e+00 3.372844696044921875e+00
4.935548999999999964e+00 3.367670059204101562e+00
4.940944000000000003e+00 3.367670059204101562e+00
4.946259999999999657e+00 3.367670059204101562e+00
4.951611999999999902e+00 3.367670059204101562e+00
4.956952000000000247e+00 3.362495422363281250e+00
4.962359000000000187e+00 3.357320785522460938e+00
4.966065999999999647e+00 3.357320785522460938e+00
4.970837999999999646e+00 3.357320785522460938e+00
4.976420000000000066e+00 3.357320785522460938e+00
4.986645000000000216e+00 3.357320785522460938e+00
4.992116000000000220e+00 3.357320785522460938e+00
4.997448000000000334e+00 3.357320785522460938e+00
5.002866000000000035e+00 3.357320785522460938e+00
5.008244000000000362e+00 3.362495422363281250e+00
5.013607999999999620e+00 3.367670059204101562e+00
5.018989999999999618e+00 3.372844696044921875e+00
5.024346000000000423e+00 3.372844696044921875e+00
5.028090999999999866e+00 3.367670059204101562e+00
5.033033999999999786e+00 3.367670059204101562e+00
5.038413000000000252e+00 3.362495422363281250e+00
5.043778999999999790e+00 3.362495422363281250e+00
5.049271000000000065e+00 3.367670059204101562e+00
5.054565000000000197e+00 3.362495422363281250e+00
5.058281000000000027e+00 3.362495422363281250e+00
5.061418999999999890e+00 3.362495422363281250e+00
5.066258999999999624e+00 3.357320785522460938e+00
5.071634999999999671e+00 3.357320785522460938e+00
5.077026000000000039e+00 3.357320785522460938e+00
5.082459000000000060e+00 3.357320785522460938e+00
5.088045000000000151e+00 3.357320785522460938e+00
5.099857000000000085e+00 3.357320785522460938e+00
5.105253000000000263e+00 3.357320785522460938e+00
5.110723000000000127e+00 3.362495422363281250e+00
5.116133999999999737e+00 3.367670059204101562e+00
5.121557000000000137e+00 3.367670059204101562e+00
5.125277999999999778e+00 3.367670059204101562e+00
5.130179000000000045e+00 3.367670059204101562e+00
5.135894999999999655e+00 3.362495422363281250e+00
5.141301000000000343e+00 3.367670059204101562e+00
5.146723999999999855e+00 3.362495422363281250e+00
5.152218999999999660e+00 3.362495422363281250e+00
5.157643000000000200e+00 3.367670059204101562e+00
5.163113000000000063e+00 3.362495422363281250e+00
5.168547000000000224e+00 3.362495422363281250e+00
5.172267999999999866e+00 3.362495422363281250e+00
5.177139999999999631e+00 3.362495422363281250e+00
5.182623999999999675e+00 3.362495422363281250e+00
5.188053000000000026e+00 3.357320785522460938e+00
5.193660000000000387e+00 3.357320785522460938e+00
5.199100999999999750e+00 3.362495422363281250e+00
5.209055000000000213e+00 3.357320785522460938e+00
5.214960999999999736e+00 3.362495422363281250e+00
5.220489999999999853e+00 3.367670059204101562e+00
5.225939000000000334e+00 3.367670059204101562e+00
5.231404000000000387e+00 3.362495422363281250e+00
5.236909999999999954e+00 3.362495422363281250e+00
5.242440000000000211e+00 3.367670059204101562e+00
5.248077999999999577e+00 3.372844696044921875e+00
5.255358000000000196e+00 3.362495422363281250e+00
5.270146999999999693e+00 3.362495422363281250e+00
5.282394000000000034e+00 3.362495422363281250e+00
5.296462000000000003e+00 3.357320785522460938e+00
5.301703999999999972e+00 3.357320785522460938e+00
5.307221000000000188e+00 3.357320785522460938e+00
5.312857000000000163e+00 3.362495422363281250e+00
5.323037000000000241e+00 3.367670059204101562e+00
5.328687000000000396e+00 3.367670059204101562e+00
5.334197999999999773e+00 3.372844696044921875e+00
5.339834999999999887e+00 3.372844696044921875e+00
5.345362999999999865e+00 3.367670059204101562e+00
5.350914999999999644e+00 3.372844696044921875e+00
5.356397000000000297e+00 3.367670059204101562e+00
5.361920999999999715e+00 3.362495422363281250e+00
5.367428999999999562e+00 3.362495422363281250e+00
5.373111999999999888e+00 3.362495422363281250e+00
5.376884999999999692e+00 3.362495422363281250e+00
5.381869000000000014e+00 3.357320785522460938e+00
5.387400000000000411e+00 3.357320785522460938e+00
5.392989000000000033e+00 3.357320785522460938e+00
5.398484999999999978e+00 3.357320785522460938e+00
5.402296999999999905e+00 3.357320785522460938e+00
5.407276999999999667e+00 3.357320785522460938e+00
5.412888999999999839e+00 3.367670059204101562e+00
5.418395000000000294e+00 3.367670059204101562e+00
5.423953000000000024e+00 3.367670059204101562e+00
5.429528999999999606e+00 3.372844696044921875e+00
5.441506999999999650e+00 3.372844696044921875e+00
5.447041999999999717e+00 3.372844696044921875e+00
5.452690999999999732e+00 3.367670059204101562e+00
5.458231999999999751e+00 3.367670059204101562e+00
5.463746999999999687e+00 3.362495422363281250e+00
5.469325000000000436e+00 3.357320785522460938e+00
5.474892999999999788e+00 3.357320785522460938e+00
5.480503999999999820e+00 3.357320785522460938e+00
5.486040000000000028e+00 3.357320785522460938e+00
5.491588000000000136e+00 3.357320785522460938e+00
5.497160000000000046e+00 3.362495422363281250e+00
5.502769999999999939e+00 3.362495422363281250e+00
5.508308000000000426e+00 3.362495422363281250e+00
5.513866000000000156e+00 3.372844696044921875e+00
5.519463000000000008e+00 3.367670059204101562e+00
5.527957999999999927e+00 3.372844696044921875e+00
5.534985999999999962e+00 3.372844696044921875e+00
5.543359999999999843e+00 3.367670059204101562e+00
5.555342999999999698e+00 3.367670059204101562e+00
5.563096999999999959e+00 3.362495422363281250e+00
5.567084999999999617e+00 3.357320785522460938e+00
5.572207999999999828e+00 3.357320785522460938e+00
5.577753000000000405e+00 3.357320785522460938e+00
5.583413000000000181e+00 3.362495422363281250e+00
5.589004000000000083e+00 3.362495422363281250e+00
5.594606999999999886e+00 3.362495422363281250e+00
5.600262999999999991e+00 3.362495422363281250e+00
5.605808999999999820e+00 3.357320785522460938e+00
5.611411999999999622e+00 3.362495422363281250e+00
5.617001000000000133e+00 3.372844696044921875e+00
5.622613999999999557e+00 3.367670059204101562e+00
5.628204000000000207e+00 3.367670059204101562e+00
5.633786999999999878e+00 3.367670059204101562e+00
5.639444000000000123e+00 3.367670059204101562e+00
5.645081000000000238e+00 3.362495422363281250e+00
5.650764999999999816e+00 3.362495422363281250e+00
5.656380999999999659e+00 3.367670059204101562e+00
5.666577000000000197e+00 3.362495422363281250e+00
5.672335999999999601e+00 3.362495422363281250e+00
5.677951000000000192e+00 3.362495422363281250e+00
5.683608000000000438e+00 3.362495422363281250e+00
5.689332000000000278e+00 3.362495422363281250e+00
5.694973000000000063e+00 3.362495422363281250e+00
5.700624999999999609e+00 3.362495422363281250e+00
5.706254999999999633e+00 3.362495422363281250e+00
5.711902000000000257e+00 3.362495422363281250e+00
5.717540999999999762e+00 3.362495422363281250e+00
5.723218000000000139e+00 3.362495422363281250e+00
5.728833999999999982e+00 3.367670059204101562e+00
5.734493999999999758e+00 3.367670059204101562e+00
5.740215000000000067e+00 3.367670059204101562e+00
5.745883000000000074e+00 3.362495422363281250e+00
5.751527000000000278e+00 3.372844696044921875e+00
5.757188000000000194e+00 3.372844696044921875e+00
5.762894000000000183e+00 3.367670059204101562e+00
5.768512999999999558e+00 3.362495422363281250e+00
5.778596000000000288e+00 3.362495422363281250e+00
5.782627999999999879e+00 3.362495422363281250e+00
5.787766000000000410e+00 3.362495422363281250e+00
5.793580999999999648e+00 3.357320785522460938e+00
5.799319999999999808e+00 3.357320785522460938e+00
5.805024000000000406e+00 3.357320785522460938e+00
5.810730999999999646e+00 3.357320785522460938e+00
5.816432999999999964e+00 3.362495422363281250e+00
5.822231999999999630e+00 3.362495422363281250e+00
5.827914999999999957e+00 3.367670059204101562e+00
5.833680000000000199e+00 3.372844696044921875e+00
5.839447999999999972e+00 3.372844696044921875e+00
5.845455000000000290e+00 3.372844696044921875e+00
5.851077000000000083e+00 3.372844696044921875e+00
5.856766000000000361e+00 3.372844696044921875e+00
5.860695999999999906e+00 3.367670059204101562e+00
5.865850000000000009e+00 3.362495422363281250e+00
5.871579999999999799e+00 3.362495422363281250e+00
5.877251000000000225e+00 3.357320785522460938e+00
5.883168000000000397e+00 3.357320785522460938e+00
5.895374000000000336e+00 3.357320785522460938e+00
5.901703999999999617e+00 3.357320785522460938e+00
5.907402000000000264e+00 3.357320785522460938e+00
5.913158000000000136e+00 3.362495422363281250e+00
5.918853999999999616e+00 3.372844696044921875e+00
5.924583000000000155e+00 3.372844696044921875e+00
5.930325999999999986e+00 3.372844696044921875e+00
5.936037999999999926e+00 3.367670059204101562e+00
5.941779999999999617e+00 3.372844696044921875e+00
5.945774000000000115e+00 3.372844696044921875e+00
5.951159999999999783e+00 3.378019332885742188e+00
5.956875000000000142e+00 3.367670059204101562e+00
5.962665000000000326e+00 3.362495422363281250e+00
5.968391999999999697e+00 3.357320785522460938e+00
5.974128999999999579e+00 3.362495422363281250e+00
5.979935000000000223e+00 3.362495422363281250e+00
5.985648000000000302e+00 3.357320785522460938e+00
5.991393000000000413e+00 3.357320785522460938e+00
5.997126999999999875e+00 3.357320785522460938e+00
6.007399999999999629e+00 3.362495422363281250e+00
6.011452000000000240e+00 3.367670059204101562e+00
6.016606000000000343e+00 3.367670059204101562e+00
6.022387000000000157e+00 3.367670059204101562e+00
6.028120000000000367e+00 3.372844696044921875e+00
6.033910999999999802e+00 3.372844696044921875e+00
6.039708000000000077e+00 3.372844696044921875e+00
6.045428000000000246e+00 3.367670059204101562e+00
6.051218999999999681e+00 3.367670059204101562e+00
6.056969999999999743e+00 3.367670059204101562e+00
6.062790999999999819e+00 3.362495422363281250e+00
6.066684999999999661e+00 3.357320785522460938e+00
6.071857999999999755e+00 3.357320785522460938e+00
6.077599000000000196e+00 3.362495422363281250e+00
6.083416999999999852e+00 3.362495422363281250e+00
6.089278000000000191e+00 3.362495422363281250e+00
6.094875000000000043e+00 3.362495422363281250e+00
6.100704000000000349e+00 3.362495422363281250e+00
6.106456999999999802e+00 3.362495422363281250e+00
6.112246999999999986e+00 3.367670059204101562e+00
6.122457999999999956e+00 3.372844696044921875e+00
6.128351999999999578e+00 3.367670059204101562e+00
6.134129999999999860e+00 3.367670059204101562e+00
6.139933000000000085e+00 3.362495422363281250e+00
6.145723000000000269e+00 3.367670059204101562e+00
6.151570000000000427e+00 3.367670059204101562e+00
6.157322999999999880e+00 3.367670059204101562e+00
6.161268999999999885e+00 3.362495422363281250e+00
6.166504999999999903e+00 3.362495422363281250e+00
6.170463999999999949e+00 3.362495422363281250e+00
6.175714000000000148e+00 3.362495422363281250e+00
6.181473999999999691e+00 3.362495422363281250e+00
6.187261000000000344e+00 3.362495422363281250e+00
6.193107999999999613e+00 3.362495422363281250e+00
6.198913000000000117e+00 3.362495422363281250e+00
6.204716000000000342e+00 3.362495422363281250e+00
6.210614999999999775e+00 3.357320785522460938e+00
6.216412000000000049e+00 3.362495422363281250e+00
6.222298999999999580e+00 3.367670059204101562e+00
6.228151000000000437e+00 3.367670059204101562e+00
6.240679000000000087e+00 3.367670059204101562e+00
6.246487000000000123e+00 3.367670059204101562e+00
6.254401999999999795e+00 3.367670059204101562e+00
6.267688999999999844e+00 3.367670059204101562e+00
6.278140999999999750e+00 3.362495422363281250e+00
6.294579999999999842e+00 3.362495422363281250e+00
6.300616999999999912e+00 3.357320785522460938e+00
6.306439000000000128e+00 3.357320785522460938e+00
6.310495000000000410e+00 3.362495422363281250e+00
6.315724999999999589e+00 3.367670059204101562e+00
6.319696999999999676e+00 3.367670059204101562e+00
6.324984999999999857e+00 3.367670059204101562e+00
6.330941000000000152e+00 3.367670059204101562e+00
6.336731999999999587e+00 3.367670059204101562e+00
6.342677000000000120e+00 3.372844696044921875e+00
6.353360999999999592e+00 3.372844696044921875e+00
6.359359999999999680e+00 3.372844696044921875e+00
6.365249000000000379e+00 3.362495422363281250e+00
6.371157000000000181e+00 3.362495422363281250e+00
6.377043999999999713e+00 3.357320785522460938e+00
6.383015000000000327e+00 3.357320785522460938e+00
6.388905000000000278e+00 3.357320785522460938e+00
6.394820000000000171e+00 3.357320785522460938e+00
6.400769999999999627e+00 3.357320785522460938e+00
6.406664000000000136e+00 3.357320785522460938e+00
6.412766000000000410e+00 3.362495422363281250e+00
6.418682999999999694e+00 3.367670059204101562e+00
6.424598999999999727e+00 3.372844696044921875e+00
6.430560999999999972e+00 3.367670059204101562e+00
6.436486999999999625e+00 3.372844696044921875e+00
6.442492999999999803e+00 3.372844696044921875e+00
6.448394999999999655e+00 3.372844696044921875e+00
6.454318999999999917e+00 3.372844696044921875e+00
6.464730000000000310e+00 3.372844696044921875e+00
6.470862999999999587e+00 3.357320785522460938e+00
6.476740000000000386e+00 3.362495422363281250e+00
6.482682999999999751e+00 3.357320785522460938e+00
6.488565999999999612e+00 3.357320785522460938e+00
6.494500000000000384e+00 3.357320785522460938e+00
6.500434000000000268e+00 3.357320785522460938e+00
6.506326999999999749e+00 3.362495422363281250e+00
6.512323000000000306e+00 3.367670059204101562e+00
6.518263000000000140e+00 3.367670059204101562e+00
6.524174000000000362e+00 3.367670059204101562e+00
6.534923000000000037e+00 3.372844696044921875e+00
6.544315000000000104e+00 3.372844696044921875e+00
6.553684999999999761e+00 3.362495422363281250e+00
6.561848000000000347e+00 3.362495422363281250e+00
6.567491000000000412e+00 3.357320785522460938e+00
6.575909000000000226e+00 3.362495422363281250e+00
6.581908000000000314e+00 3.357320785522460938e+00
6.586368000000000222e+00 3.362495422363281250e+00
6.589984000000000286e+00 3.362495422363281250e+00
6.593573000000000128e+00 3.367670059204101562e+00
6.597177000000000291e+00 3.362495422363281250e+00
6.602833999999999648e+00 3.362495422363281250e+00
6.607452999999999577e+00 3.362495422363281250e+00
6.613122999999999863e+00 3.367670059204101562e+00
6.617729999999999890e+00 3.372844696044921875e+00
6.623384999999999856e+00 3.372844696044921875e+00
6.627882999999999747e+00 3.372844696044921875e+00
6.631473999999999869e+00 3.367670059204101562e+00
6.635076999999999892e+00 3.367670059204101562e+00
6.638703999999999716e+00 3.367670059204101562e+00
6.644375000000000142e+00 3.367670059204101562e+00
6.648952999999999669e+00 3.367670059204101562e+00
6.652702999999999811e+00 3.367670059204101562e+00
6.658182000000000045e+00 3.367670059204101562e+00
6.662189999999999834e+00 3.362495422363281250e+00
6.667601999999999585e+00 3.362495422363281250e+00
6.673611000000000182e+00 3.362495422363281250e+00
6.683925999999999590e+00 3.362495422363281250e+00
6.690010000000000012e+00 3.357320785522460938e+00
6.695967999999999698e+00 3.362495422363281250e+00
6.701940999999999704e+00 3.362495422363281250e+00
6.707969000000000293e+00 3.362495422363281250e+00
6.713987000000000371e+00 3.372844696044921875e+00
6.720017999999999603e+00 3.372844696044921875e+00
6.724084999999999646e+00 3.367670059204101562e+00
6.729608999999999952e+00 3.367670059204101562e+00
6.735576000000000008e+00 3.367670059204101562e+00
6.741533999999999693e+00 3.367670059204101562e+00
6.747512999999999650e+00 3.367670059204101562e+00
6.753586999999999563e+00 3.367670059204101562e+00
6.759674999999999656e+00 3.372844696044921875e+00
6.765629999999999811e+00 3.367670059204101562e+00
6.769662000000000290e+00 3.362495422363281250e+00
6.775102999999999653e+00 3.367670059204101562e+00
6.781113999999999642e+00 3.367670059204101562e+00
6.787134000000000000e+00 3.367670059204101562e+00
6.799634000000000178e+00 3.362495422363281250e+00
6.805598999999999954e+00 3.372844696044921875e+00
6.811554000000000109e+00 3.414240837097167969e+00
6.817522000000000304e+00 4.019668579101562500e+00
6.823597999999999608e+00 4.692365646362304688e+00
6.829623999999999917e+00 2.896781921386718750e+00
6.835612000000000243e+00 3.352146148681640625e+00
6.841647000000000034e+00 3.207257270812988281e+00
6.847595000000000098e+00 3.083066940307617188e+00
6.853699999999999903e+00 3.093416213989257812e+00
6.859734000000000442e+00 3.077892303466796875e+00
6.865725000000000300e+00 3.067543029785156250e+00
6.871737000000000428e+00 3.186558723449707031e+00
6.877736999999999767e+00 3.233130455017089844e+00
6.881858000000000253e+00 3.279702186584472656e+00
6.887361000000000288e+00 3.295225143432617188e+00
6.893436000000000341e+00 3.341796875000000000e+00
6.899530000000000385e+00 3.393543243408203125e+00
6.909747000000000305e+00 3.378019332885742188e+00
6.915665999999999869e+00 3.357320785522460938e+00
6.921768000000000143e+00 3.367670059204101562e+00
6.927795999999999843e+00 3.429764747619628906e+00
6.933893000000000306e+00 3.481511116027832031e+00
6.939986000000000210e+00 3.590177536010742188e+00
6.946016000000000190e+00 3.693669319152832031e+00
6.952059000000000211e+00 3.693669319152832031e+00
6.958112999999999992e+00 3.636748313903808594e+00
6.964290000000000092e+00 3.538431167602539062e+00
6.970391000000000226e+00 3.486685752868652344e+00
6.976423999999999737e+00 3.497035026550292969e+00
6.982516000000000389e+00 3.538431167602539062e+00
6.988586999999999883e+00 3.522907257080078125e+00
6.994631000000000043e+00 3.507384300231933594e+00
7.000728999999999758e+00 3.481511116027832031e+00
7.006788000000000238e+00 3.486685752868652344e+00
7.012902000000000413e+00 3.465987205505371094e+00
7.019218999999999653e+00 3.383193969726562500e+00
7.029554000000000080e+00 3.393543243408203125e+00
7.035601999999999911e+00 3.424590110778808594e+00
7.041673000000000293e+00 3.378019332885742188e+00
7.047729000000000354e+00 3.341796875000000000e+00
7.053838999999999970e+00 3.160686492919921875e+00
7.059967999999999577e+00 2.989924430847167969e+00
7.064077000000000162e+00 2.870908737182617188e+00
7.069665999999999784e+00 2.793290138244628906e+00
7.075736000000000026e+00 2.684623718261718750e+00
7.081832000000000349e+00 2.632877349853515625e+00
7.087902999999999842e+00 2.519036293029785156e+00
7.094040999999999819e+00 2.420719146728515625e+00
7.100157000000000274e+00 2.332751274108886719e+00
7.106272999999999840e+00 2.265481948852539062e+00
7.112409999999999677e+00 2.229259490966796875e+00
7.118494000000000099e+00 2.187862396240234375e+00
7.124590000000000423e+00 2.146466255187988281e+00
7.128706000000000209e+00 2.136116981506347656e+00
7.134324999999999584e+00 2.120593070983886719e+00
7.148670000000000080e+00 2.068846702575683594e+00
7.154796000000000156e+00 2.063672065734863281e+00
7.160987000000000435e+00 2.011926651000976562e+00
7.167161000000000115e+00 1.965354919433593750e+00
7.173348999999999975e+00 1.913609504699707031e+00
7.179496000000000322e+00 1.908434867858886719e+00
7.185608000000000217e+00 1.929133415222167969e+00
7.191764000000000046e+00 1.949831008911132812e+00
7.197849999999999859e+00 1.970529556274414062e+00
7.204011000000000386e+00 1.965354919433593750e+00
7.210168000000000355e+00 1.929133415222167969e+00
7.216272000000000020e+00 1.908434867858886719e+00
7.222470999999999641e+00 1.867037773132324219e+00
7.228607000000000227e+00 1.856688499450683594e+00
7.234728999999999743e+00 1.851513862609863281e+00
7.238858999999999710e+00 1.804943084716796875e+00
7.244537000000000226e+00 1.789419174194335938e+00
7.250689000000000384e+00 1.768720626831054688e+00
7.261644000000000432e+00 1.841164588928222656e+00
7.271963000000000399e+00 1.949831008911132812e+00
7.290282000000000373e+00 2.099894523620605469e+00
7.300479000000000163e+00 2.058497428894042969e+00
7.315008999999999872e+00 2.006752014160156250e+00
7.321233999999999575e+00 1.934308052062988281e+00
7.327357000000000120e+00 1.887736320495605469e+00
7.333633999999999986e+00 1.882561683654785156e+00
7.339856000000000158e+00 1.908434867858886719e+00
7.346001000000000225e+00 1.934308052062988281e+00
7.352197000000000315e+00 1.939481735229492188e+00
7.358413999999999788e+00 1.939481735229492188e+00
7.364574000000000176e+00 1.913609504699707031e+00
7.370916000000000246e+00 1.892910957336425781e+00
7.381085999999999814e+00 1.851513862609863281e+00
7.387386000000000230e+00 1.815292358398437500e+00
7.393631000000000064e+00 1.758371353149414062e+00
7.399873000000000367e+00 1.711799621582031250e+00
7.406081000000000358e+00 1.660054206848144531e+00
7.410262000000000349e+00 1.592784881591796875e+00
7.413861999999999952e+00 1.577260971069335938e+00
7.417460000000000164e+00 1.572086334228515625e+00
7.423181999999999725e+00 1.556562423706054688e+00
7.429472999999999772e+00 1.530689239501953125e+00
7.435666000000000331e+00 1.499641418457031250e+00
7.441905000000000214e+00 1.463419914245605469e+00
7.448116999999999877e+00 1.422022819519042969e+00
7.454431999999999725e+00 1.390974998474121094e+00
7.460666999999999938e+00 1.380625724792480469e+00
7.466840999999999617e+00 1.390974998474121094e+00
7.473163999999999696e+00 1.396149635314941406e+00
7.479447999999999652e+00 1.416848182678222656e+00
7.485636000000000401e+00 1.401324272155761719e+00
7.492130000000000400e+00 1.390974998474121094e+00
7.502654999999999852e+00 1.354753494262695312e+00
7.506867999999999874e+00 1.334054946899414062e+00
7.512586999999999904e+00 1.318531036376953125e+00
7.518798999999999566e+00 1.297832489013671875e+00
7.524979000000000084e+00 1.277133941650390625e+00
7.531306999999999974e+00 1.261610031127929688e+00
7.542586000000000013e+00 1.251261711120605469e+00
7.551950999999999858e+00 1.251261711120605469e+00
7.558927999999999869e+00 1.251261711120605469e+00
7.564853000000000272e+00 1.240912437438964844e+00
7.571213000000000193e+00 1.220213890075683594e+00
7.577569999999999695e+00 1.199515342712402344e+00
7.583944999999999936e+00 1.178816795349121094e+00
7.590289000000000286e+00 1.163292884826660156e+00
7.595970000000000333e+00 1.158118247985839844e+00
7.601778000000000368e+00 1.147768974304199219e+00
7.608031000000000432e+00 1.121896743774414062e+00
