1.239000000000000084e-03 2.503512382507324219e+00
4.699000000000000052e-03 2.503512382507324219e+00
8.141999999999999932e-03 2.508687019348144531e+00
1.143300000000000045e-02 2.503512382507324219e+00
1.475300000000000049e-02 2.503512382507324219e+00
1.803599999999999995e-02 2.503512382507324219e+00
2.146899999999999850e-02 2.503512382507324219e+00
2.494199999999999889e-02 2.508687019348144531e+00
2.823200000000000015e-02 2.513861656188964844e+00
3.153000000000000247e-02 2.519036293029785156e+00
3.483699999999999991e-02 2.519036293029785156e+00
3.865600000000000286e-02 2.519036293029785156e+00
4.863599999999999868e-02 2.519036293029785156e+00
5.206399999999999917e-02 2.519036293029785156e+00
5.551400000000000085e-02 2.513861656188964844e+00
5.899299999999999683e-02 2.519036293029785156e+00
6.225699999999999984e-02 2.519036293029785156e+00
6.572999999999999676e-02 2.519036293029785156e+00
6.900100000000000677e-02 2.513861656188964844e+00
7.229399999999999715e-02 2.513861656188964844e+00
7.575400000000000189e-02 2.508687019348144531e+00
7.905099999999999627e-02 2.508687019348144531e+00
8.250300000000000689e-02 2.503512382507324219e+00
8.594999999999999862e-02 2.503512382507324219e+00
8.924500000000000488e-02 2.503512382507324219e+00
9.270299999999999374e-02 2.508687019348144531e+00
9.603000000000000425e-02 2.503512382507324219e+00
9.948099999999999998e-02 2.503512382507324219e+00
1.029319999999999957e-01 2.503512382507324219e+00
1.062329999999999941e-01 2.503512382507324219e+00
1.096850000000000047e-01 2.508687019348144531e+00
1.131339999999999985e-01 2.508687019348144531e+00
1.164250000000000007e-01 2.513861656188964844e+00
1.198800000000000004e-01 2.508687019348144531e+00
1.233299999999999952e-01 2.508687019348144531e+00
1.269359999999999933e-01 2.513861656188964844e+00
1.302409999999999957e-01 2.513861656188964844e+00
1.336829999999999963e-01 2.519036293029785156e+00
1.371370000000000089e-01 2.513861656188964844e+00
1.404269999999999963e-01 2.519036293029785156e+00
1.437249999999999917e-01 2.519036293029785156e+00
1.473309999999999897e-01 2.519036293029785156e+00
1.506299999999999861e-01 2.513861656188964844e+00
1.612939999999999929e-01 2.513861656188964844e+00
1.647500000000000075e-01 2.513861656188964844e+00
1.680339999999999889e-01 2.519036293029785156e+00
1.714749999999999885e-01 2.513861656188964844e+00
1.749429999999999874e-01 2.508687019348144531e+00
1.783970000000000000e-01 2.508687019348144531e+00
1.816850000000000132e-01 2.503512382507324219e+00
1.851440000000000030e-01 2.508687019348144531e+00
1.884800000000000086e-01 2.503512382507324219e+00
1.919119999999999993e-01 2.508687019348144531e+00
1.953650000000000109e-01 2.513861656188964844e+00
1.986630000000000063e-01 2.513861656188964844e+00
2.021120000000000139e-01 2.508687019348144531e+00
2.054149999999999865e-01 2.513861656188964844e+00
2.088599999999999901e-01 2.508687019348144531e+00
2.123089999999999977e-01 2.513861656188964844e+00
2.155970000000000109e-01 2.513861656188964844e+00
2.188980000000000092e-01 2.508687019348144531e+00
2.223499999999999921e-01 2.508687019348144531e+00
2.256460000000000132e-01 2.513861656188964844e+00
2.293389999999999873e-01 2.524210929870605469e+00
2.326300000000000034e-01 2.524210929870605469e+00
2.357779999999999876e-01 2.519036293029785156e+00
2.390790000000000137e-01 2.513861656188964844e+00
2.425380000000000036e-01 2.519036293029785156e+00
2.458299999999999930e-01 2.513861656188964844e+00
2.491369999999999973e-01 2.513861656188964844e+00
2.524310000000000165e-01 2.508687019348144531e+00
2.558779999999999943e-01 2.513861656188964844e+00
2.593630000000000102e-01 2.513861656188964844e+00
2.626299999999999746e-01 2.513861656188964844e+00
2.732930000000000081e-01 2.513861656188964844e+00
2.769119999999999915e-01 2.508687019348144531e+00
2.802209999999999979e-01 2.508687019348144531e+00
2.837049999999999850e-01 2.508687019348144531e+00
2.873089999999999811e-01 2.508687019348144531e+00
2.907689999999999997e-01 2.513861656188964844e+00
2.940599999999999881e-01 2.513861656188964844e+00
2.975070000000000214e-01 2.513861656188964844e+00
3.007969999999999811e-01 2.508687019348144531e+00
3.041079999999999894e-01 2.508687019348144531e+00
3.077059999999999795e-01 2.508687019348144531e+00
3.111610000000000209e-01 2.508687019348144531e+00
3.144569999999999865e-01 2.513861656188964844e+00
3.179049999999999931e-01 2.508687019348144531e+00
3.211990000000000123e-01 2.503512382507324219e+00
3.245020000000000127e-01 2.508687019348144531e+00
3.279560000000000253e-01 2.508687019348144531e+00
3.312530000000000197e-01 2.513861656188964844e+00
3.347120000000000095e-01 2.513861656188964844e+00
3.381549999999999834e-01 2.508687019348144531e+00
3.414499999999999758e-01 2.519036293029785156e+00
3.449059999999999904e-01 2.513861656188964844e+00
3.483580000000000010e-01 2.513861656188964844e+00
3.516500000000000181e-01 2.513861656188964844e+00
3.550969999999999960e-01 2.513861656188964844e+00
3.585499999999999798e-01 2.513861656188964844e+00
3.618439999999999990e-01 2.513861656188964844e+00
3.652940000000000076e-01 2.519036293029785156e+00
3.687500000000000222e-01 2.519036293029785156e+00
3.720419999999999838e-01 2.519036293029785156e+00
3.755069999999999797e-01 2.513861656188964844e+00
3.788480000000000181e-01 2.513861656188964844e+00
3.885669999999999957e-01 2.513861656188964844e+00
3.923229999999999773e-01 2.508687019348144531e+00
3.959190000000000209e-01 2.513861656188964844e+00
3.992149999999999865e-01 2.513861656188964844e+00
4.025079999999999769e-01 2.508687019348144531e+00
4.058069999999999733e-01 2.513861656188964844e+00
4.091080000000000272e-01 2.508687019348144531e+00
4.123959999999999848e-01 2.508687019348144531e+00
4.156869999999999732e-01 2.503512382507324219e+00
4.191489999999999938e-01 2.503512382507324219e+00
4.224390000000000089e-01 2.503512382507324219e+00
4.257469999999999866e-01 2.508687019348144531e+00
4.290439999999999809e-01 2.513861656188964844e+00
4.323460000000000081e-01 2.519036293029785156e+00
4.356360000000000232e-01 2.519036293029785156e+00
4.455189999999999984e-01 2.513861656188964844e+00
4.518490000000000006e-01 2.519036293029785156e+00
4.587240000000000206e-01 2.519036293029785156e+00
4.619809999999999750e-01 2.519036293029785156e+00
4.652839999999999754e-01 2.519036293029785156e+00
4.687350000000000128e-01 2.519036293029785156e+00
4.720269999999999744e-01 2.519036293029785156e+00
4.755159999999999942e-01 2.519036293029785156e+00
4.788109999999999866e-01 2.513861656188964844e+00
4.822449999999999792e-01 2.513861656188964844e+00
4.857150000000000079e-01 2.513861656188964844e+00
4.890039999999999942e-01 2.508687019348144531e+00
4.923020000000000174e-01 2.508687019348144531e+00
4.957539999999999725e-01 2.503512382507324219e+00
5.014779999999999793e-01 2.508687019348144531e+00
5.123799999999999466e-01 2.503512382507324219e+00
5.159200000000000452e-01 2.508687019348144531e+00
5.192139999999999533e-01 2.508687019348144531e+00
5.226640000000000175e-01 2.508687019348144531e+00
5.261090000000000488e-01 2.513861656188964844e+00
5.294050000000000145e-01 2.513861656188964844e+00
5.327009999999999801e-01 2.519036293029785156e+00
5.361550000000000482e-01 2.519036293029785156e+00
5.394630000000000258e-01 2.519036293029785156e+00
5.429059999999999997e-01 2.524210929870605469e+00
5.463529999999999776e-01 2.519036293029785156e+00
5.496539999999999759e-01 2.524210929870605469e+00
5.531019999999999825e-01 2.519036293029785156e+00
5.565579999999999972e-01 2.519036293029785156e+00
5.598600000000000243e-01 2.524210929870605469e+00
5.633059999999999734e-01 2.524210929870605469e+00
5.666029999999999678e-01 2.519036293029785156e+00
5.698959999999999582e-01 2.519036293029785156e+00
5.732239999999999558e-01 2.519036293029785156e+00
5.766790000000000527e-01 2.513861656188964844e+00
5.801380000000000425e-01 2.508687019348144531e+00
5.834179999999999922e-01 2.508687019348144531e+00
5.868790000000000395e-01 2.508687019348144531e+00
5.903340000000000254e-01 2.508687019348144531e+00
5.936230000000000118e-01 2.508687019348144531e+00
5.970790000000000264e-01 2.508687019348144531e+00
6.005319999999999547e-01 2.508687019348144531e+00
6.038240000000000274e-01 2.508687019348144531e+00
6.072870000000000212e-01 2.503512382507324219e+00
6.107310000000000239e-01 2.508687019348144531e+00
6.140229999999999855e-01 2.513861656188964844e+00
6.174690000000000456e-01 2.513861656188964844e+00
6.280270000000000019e-01 2.519036293029785156e+00
6.314130000000000020e-01 2.524210929870605469e+00
6.347120000000000539e-01 2.524210929870605469e+00
6.380080000000000195e-01 2.524210929870605469e+00
6.412989999999999524e-01 2.524210929870605469e+00
6.447589999999999710e-01 2.524210929870605469e+00
6.480489999999999862e-01 2.524210929870605469e+00
6.514990000000000503e-01 2.524210929870605469e+00
6.547950000000000159e-01 2.524210929870605469e+00
6.580939999999999568e-01 2.519036293029785156e+00
6.615440000000000209e-01 2.519036293029785156e+00
6.648439999999999905e-01 2.519036293029785156e+00
6.683270000000000044e-01 2.519036293029785156e+00
6.716210000000000235e-01 2.519036293029785156e+00
6.749279999999999724e-01 2.519036293029785156e+00
6.782200000000000450e-01 2.513861656188964844e+00
6.816609999999999614e-01 2.508687019348144531e+00
6.851209999999999800e-01 2.513861656188964844e+00
6.884139999999999704e-01 2.513861656188964844e+00
6.917100000000000470e-01 2.508687019348144531e+00
6.951640000000000041e-01 2.513861656188964844e+00
6.984609999999999985e-01 2.513861656188964844e+00
7.019100000000000339e-01 2.513861656188964844e+00
7.053669999999999662e-01 2.519036293029785156e+00
7.086620000000000141e-01 2.513861656188964844e+00
7.121129999999999960e-01 2.519036293029785156e+00
7.154160000000000519e-01 2.513861656188964844e+00
7.187059999999999560e-01 2.519036293029785156e+00
7.220010000000000039e-01 2.513861656188964844e+00
7.252960000000000518e-01 2.519036293029785156e+00
7.287529999999999841e-01 2.524210929870605469e+00
7.320410000000000528e-01 2.524210929870605469e+00
7.354969999999999564e-01 2.524210929870605469e+00
7.461630000000000207e-01 2.524210929870605469e+00
7.495859999999999745e-01 2.524210929870605469e+00
7.528869999999999729e-01 2.519036293029785156e+00
7.563429999999999875e-01 2.519036293029785156e+00
7.596380000000000354e-01 2.524210929870605469e+00
7.631550000000000278e-01 2.524210929870605469e+00
7.664149999999999574e-01 2.519036293029785156e+00
7.697169999999999845e-01 2.524210929870605469e+00
7.730080000000000284e-01 2.524210929870605469e+00
7.763090000000000268e-01 2.519036293029785156e+00
7.796140000000000292e-01 2.513861656188964844e+00
7.829059999999999908e-01 2.513861656188964844e+00
7.861839999999999939e-01 2.519036293029785156e+00
7.894949999999999468e-01 2.519036293029785156e+00
7.929519999999999902e-01 2.519036293029785156e+00
7.962470000000000381e-01 2.513861656188964844e+00
7.997020000000000239e-01 2.513861656188964844e+00
8.031540000000000346e-01 2.519036293029785156e+00
8.064459999999999962e-01 2.519036293029785156e+00
8.098999999999999533e-01 2.519036293029785156e+00
8.133519999999999639e-01 2.519036293029785156e+00
8.169560000000000155e-01 2.519036293029785156e+00
8.202599999999999891e-01 2.519036293029785156e+00
8.237109999999999710e-01 2.519036293029785156e+00
8.269990000000000396e-01 2.519036293029785156e+00
8.302960000000000340e-01 2.524210929870605469e+00
8.337520000000000486e-01 2.524210929870605469e+00
8.373599999999999932e-01 2.524210929870605469e+00
8.406559999999999588e-01 2.524210929870605469e+00
8.441030000000000477e-01 2.519036293029785156e+00
8.475620000000000376e-01 2.524210929870605469e+00
8.508620000000000072e-01 2.524210929870605469e+00
8.543730000000000491e-01 2.519036293029785156e+00
8.649219999999999686e-01 2.524210929870605469e+00
8.682809999999999695e-01 2.529385566711425781e+00
8.717399999999999594e-01 2.524210929870605469e+00
8.751989999999999492e-01 2.524210929870605469e+00
8.784950000000000259e-01 2.519036293029785156e+00
8.819550000000000445e-01 2.519036293029785156e+00
8.854039999999999688e-01 2.519036293029785156e+00
8.887119999999999465e-01 2.513861656188964844e+00
8.919960000000000111e-01 2.519036293029785156e+00
8.953050000000000175e-01 2.519036293029785156e+00
8.987530000000000241e-01 2.519036293029785156e+00
9.020460000000000145e-01 2.519036293029785156e+00
9.054999999999999716e-01 2.519036293029785156e+00
9.089479999999999782e-01 2.513861656188964844e+00
9.122419999999999973e-01 2.513861656188964844e+00
9.157030000000000447e-01 2.513861656188964844e+00
9.191510000000000513e-01 2.513861656188964844e+00
9.224430000000000129e-01 2.513861656188964844e+00
9.258999999999999453e-01 2.524210929870605469e+00
9.293620000000000214e-01 2.524210929870605469e+00
9.326470000000000038e-01 2.519036293029785156e+00
9.357910000000000394e-01 2.524210929870605469e+00
9.390899999999999803e-01 2.524210929870605469e+00
9.425390000000000157e-01 2.524210929870605469e+00
9.562479999999999869e-01 2.524210929870605469e+00
9.620400000000000063e-01 2.529385566711425781e+00
9.660999999999999588e-01 2.529385566711425781e+00
9.695529999999999982e-01 2.529385566711425781e+00
9.817700000000000315e-01 2.524210929870605469e+00
9.859809999999999963e-01 2.524210929870605469e+00
9.894049999999999789e-01 2.524210929870605469e+00
9.926909999999999901e-01 2.519036293029785156e+00
9.961489999999999512e-01 2.513861656188964844e+00
9.994410000000000238e-01 2.513861656188964844e+00
1.004107000000000083e+00 2.513861656188964844e+00
1.008246999999999893e+00 2.513861656188964844e+00
1.012226000000000070e+00 2.513861656188964844e+00
1.016312000000000104e+00 2.513861656188964844e+00
1.020286999999999944e+00 2.513861656188964844e+00
1.024340999999999946e+00 2.513861656188964844e+00
1.028337000000000057e+00 2.519036293029785156e+00
1.032311999999999896e+00 2.524210929870605469e+00
1.036399999999999988e+00 2.524210929870605469e+00
1.040391000000000066e+00 2.529385566711425781e+00
1.044442000000000093e+00 2.529385566711425781e+00
1.048426999999999998e+00 2.529385566711425781e+00
1.052399000000000084e+00 2.529385566711425781e+00
1.056504000000000110e+00 2.529385566711425781e+00
1.060483999999999982e+00 2.529385566711425781e+00
1.064586999999999950e+00 2.529385566711425781e+00
1.068616000000000010e+00 2.529385566711425781e+00
1.072608000000000006e+00 2.529385566711425781e+00
1.076694999999999958e+00 2.524210929870605469e+00
1.080718000000000067e+00 2.513861656188964844e+00
1.084805999999999937e+00 2.513861656188964844e+00
1.089042999999999983e+00 2.519036293029785156e+00
1.100859999999999950e+00 2.513861656188964844e+00
1.105344000000000104e+00 2.513861656188964844e+00
1.109569999999999945e+00 2.519036293029785156e+00
1.113788999999999918e+00 2.519036293029785156e+00
1.118042999999999898e+00 2.519036293029785156e+00
1.122195999999999971e+00 2.519036293029785156e+00
1.126400000000000068e+00 2.524210929870605469e+00
1.130478000000000094e+00 2.529385566711425781e+00
1.134651999999999994e+00 2.529385566711425781e+00
1.138714000000000004e+00 2.529385566711425781e+00
1.142789000000000055e+00 2.529385566711425781e+00
1.146986999999999979e+00 2.529385566711425781e+00
1.151056999999999997e+00 2.529385566711425781e+00
1.155210000000000070e+00 2.529385566711425781e+00
1.159272999999999998e+00 2.529385566711425781e+00
1.163330999999999893e+00 2.529385566711425781e+00
1.167472999999999983e+00 2.524210929870605469e+00
1.171008000000000049e+00 2.524210929870605469e+00
1.174649000000000054e+00 2.524210929870605469e+00
1.178177000000000030e+00 2.519036293029785156e+00
1.181707999999999981e+00 2.519036293029785156e+00
1.185243000000000047e+00 2.519036293029785156e+00
1.188819999999999988e+00 2.513861656188964844e+00
1.192369999999999930e+00 2.519036293029785156e+00
1.195916999999999897e+00 2.519036293029785156e+00
1.199457999999999913e+00 2.519036293029785156e+00
1.202995000000000037e+00 2.524210929870605469e+00
1.206585000000000019e+00 2.524210929870605469e+00
1.210161999999999960e+00 2.529385566711425781e+00
1.218919000000000086e+00 2.524210929870605469e+00
1.222676000000000096e+00 2.524210929870605469e+00
1.226339999999999986e+00 2.529385566711425781e+00
1.230128000000000110e+00 2.534560203552246094e+00
1.233619999999999939e+00 2.534560203552246094e+00
1.237219999999999986e+00 2.529385566711425781e+00
1.240766000000000036e+00 2.529385566711425781e+00
1.244420999999999999e+00 2.529385566711425781e+00
1.247981999999999925e+00 2.529385566711425781e+00
1.251525999999999916e+00 2.529385566711425781e+00
1.255101000000000022e+00 2.524210929870605469e+00
1.258640999999999899e+00 2.529385566711425781e+00
1.262189999999999923e+00 2.529385566711425781e+00
1.265757000000000021e+00 2.524210929870605469e+00
1.269323999999999897e+00 2.524210929870605469e+00
1.272875999999999896e+00 2.529385566711425781e+00
1.276499000000000050e+00 2.524210929870605469e+00
1.280056000000000083e+00 2.524210929870605469e+00
1.283628999999999909e+00 2.519036293029785156e+00
1.287311000000000094e+00 2.524210929870605469e+00
1.291061999999999932e+00 2.524210929870605469e+00
1.294694000000000011e+00 2.524210929870605469e+00
1.298268999999999895e+00 2.524210929870605469e+00
1.301843000000000083e+00 2.524210929870605469e+00
1.305434999999999901e+00 2.524210929870605469e+00
1.309067999999999898e+00 2.529385566711425781e+00
1.312694000000000027e+00 2.524210929870605469e+00
1.316338999999999926e+00 2.529385566711425781e+00
1.319927999999999990e+00 2.524210929870605469e+00
1.323520999999999948e+00 2.524210929870605469e+00
1.327201999999999993e+00 2.529385566711425781e+00
1.335301999999999989e+00 2.529385566711425781e+00
1.339074000000000098e+00 2.529385566711425781e+00
1.342727999999999922e+00 2.529385566711425781e+00
1.346473999999999949e+00 2.529385566711425781e+00
1.350095999999999963e+00 2.529385566711425781e+00
1.353712999999999944e+00 2.529385566711425781e+00
1.357374000000000080e+00 2.529385566711425781e+00
1.360980999999999996e+00 2.529385566711425781e+00
1.364697999999999967e+00 2.529385566711425781e+00
1.368324000000000096e+00 2.529385566711425781e+00
1.371947999999999945e+00 2.529385566711425781e+00
1.375591000000000008e+00 2.529385566711425781e+00
1.379216999999999915e+00 2.529385566711425781e+00
1.382845000000000102e+00 2.524210929870605469e+00
1.386576000000000031e+00 2.529385566711425781e+00
1.390344000000000024e+00 2.524210929870605469e+00
1.393974999999999964e+00 2.524210929870605469e+00
1.397639999999999993e+00 2.524210929870605469e+00
1.401297000000000015e+00 2.524210929870605469e+00
1.405035000000000034e+00 2.524210929870605469e+00
1.408689000000000080e+00 2.524210929870605469e+00
1.412371999999999961e+00 2.524210929870605469e+00
1.416114000000000095e+00 2.519036293029785156e+00
1.419780000000000042e+00 2.519036293029785156e+00
1.423443999999999932e+00 2.519036293029785156e+00
1.427121000000000084e+00 2.524210929870605469e+00
1.430785999999999891e+00 2.529385566711425781e+00
1.434509999999999952e+00 2.529385566711425781e+00
1.438169999999999948e+00 2.529385566711425781e+00
1.441842000000000068e+00 2.529385566711425781e+00
1.445589000000000013e+00 2.529385566711425781e+00
1.455324999999999980e+00 2.529385566711425781e+00
1.467576999999999909e+00 2.529385566711425781e+00
1.477524000000000060e+00 2.529385566711425781e+00
1.483497999999999983e+00 2.524210929870605469e+00
1.487290999999999919e+00 2.529385566711425781e+00
1.491117000000000026e+00 2.529385566711425781e+00
1.495007999999999893e+00 2.529385566711425781e+00
1.498696000000000028e+00 2.524210929870605469e+00
1.502396000000000065e+00 2.519036293029785156e+00
1.506210000000000049e+00 2.519036293029785156e+00
1.509900000000000020e+00 2.524210929870605469e+00
1.513573999999999975e+00 2.519036293029785156e+00
1.517357999999999985e+00 2.519036293029785156e+00
1.521060999999999996e+00 2.519036293029785156e+00
1.524864999999999915e+00 2.524210929870605469e+00
1.528582000000000107e+00 2.529385566711425781e+00
1.532288000000000094e+00 2.529385566711425781e+00
1.536022999999999916e+00 2.529385566711425781e+00
1.539741999999999944e+00 2.529385566711425781e+00
1.543454000000000104e+00 2.529385566711425781e+00
1.547198000000000073e+00 2.529385566711425781e+00
1.550920999999999994e+00 2.534560203552246094e+00
1.554697999999999913e+00 2.529385566711425781e+00
1.557649000000000061e+00 2.534560203552246094e+00
1.561334000000000000e+00 2.534560203552246094e+00
1.565085000000000059e+00 2.534560203552246094e+00
1.568818000000000046e+00 2.529385566711425781e+00
1.576961000000000057e+00 2.534560203552246094e+00
1.581104999999999983e+00 2.524210929870605469e+00
1.584945999999999966e+00 2.519036293029785156e+00
1.588672000000000084e+00 2.524210929870605469e+00
1.592470999999999970e+00 2.524210929870605469e+00
1.596297999999999995e+00 2.524210929870605469e+00
1.600041000000000047e+00 2.524210929870605469e+00
1.603769000000000000e+00 2.519036293029785156e+00
1.607618999999999909e+00 2.519036293029785156e+00
1.611372000000000027e+00 2.524210929870605469e+00
1.615269999999999984e+00 2.524210929870605469e+00
1.619007000000000085e+00 2.524210929870605469e+00
1.622754000000000030e+00 2.524210929870605469e+00
1.626614999999999922e+00 2.529385566711425781e+00
1.630379000000000023e+00 2.534560203552246094e+00
1.634131000000000000e+00 2.529385566711425781e+00
1.637915999999999928e+00 2.529385566711425781e+00
1.641671000000000102e+00 2.529385566711425781e+00
1.645501000000000102e+00 2.534560203552246094e+00
1.649259000000000031e+00 2.534560203552246094e+00
1.653029000000000082e+00 2.529385566711425781e+00
1.656851000000000074e+00 2.534560203552246094e+00
1.660627999999999993e+00 2.529385566711425781e+00
1.664468999999999976e+00 2.534560203552246094e+00
1.668261999999999912e+00 2.529385566711425781e+00
1.672042999999999946e+00 2.524210929870605469e+00
1.675845000000000029e+00 2.529385566711425781e+00
1.679648000000000030e+00 2.524210929870605469e+00
1.683440000000000047e+00 2.519036293029785156e+00
1.687318000000000096e+00 2.519036293029785156e+00
1.696449000000000096e+00 2.524210929870605469e+00
1.700484000000000107e+00 2.524210929870605469e+00
1.704353999999999925e+00 2.519036293029785156e+00
1.708147000000000082e+00 2.524210929870605469e+00
1.711953000000000058e+00 2.524210929870605469e+00
1.715756000000000059e+00 2.524210929870605469e+00
1.719554999999999945e+00 2.529385566711425781e+00
1.723357999999999945e+00 2.529385566711425781e+00
1.727166999999999897e+00 2.529385566711425781e+00
1.730952999999999964e+00 2.534560203552246094e+00
1.734846000000000110e+00 2.534560203552246094e+00
1.738696000000000019e+00 2.534560203552246094e+00
1.742507999999999946e+00 2.534560203552246094e+00
1.746404000000000067e+00 2.534560203552246094e+00
1.750213999999999936e+00 2.529385566711425781e+00
1.754030999999999896e+00 2.529385566711425781e+00
1.757891000000000092e+00 2.529385566711425781e+00
1.761711999999999945e+00 2.534560203552246094e+00
1.765551000000000093e+00 2.529385566711425781e+00
1.769381000000000093e+00 2.529385566711425781e+00
1.773230000000000084e+00 2.529385566711425781e+00
1.777077000000000018e+00 2.529385566711425781e+00
1.780912999999999968e+00 2.524210929870605469e+00
1.784801000000000082e+00 2.524210929870605469e+00
1.788635999999999893e+00 2.519036293029785156e+00
1.792464999999999975e+00 2.529385566711425781e+00
1.796389999999999931e+00 2.524210929870605469e+00
1.800281999999999938e+00 2.529385566711425781e+00
1.803323999999999927e+00 2.529385566711425781e+00
1.807760999999999951e+00 2.529385566711425781e+00
1.817263000000000073e+00 2.529385566711425781e+00
1.821128999999999998e+00 2.524210929870605469e+00
1.825083000000000011e+00 2.529385566711425781e+00
1.828114999999999934e+00 2.529385566711425781e+00
1.832017999999999924e+00 2.529385566711425781e+00
1.835879999999999956e+00 2.529385566711425781e+00
1.838923000000000085e+00 2.529385566711425781e+00
1.842719999999999914e+00 2.529385566711425781e+00
1.846694999999999975e+00 2.529385566711425781e+00
1.849734999999999907e+00 2.529385566711425781e+00
1.853569999999999940e+00 2.534560203552246094e+00
1.857487000000000110e+00 2.529385566711425781e+00
1.861344000000000110e+00 2.529385566711425781e+00
1.865234999999999976e+00 2.529385566711425781e+00
1.869116999999999917e+00 2.529385566711425781e+00
1.873288000000000064e+00 2.529385566711425781e+00
1.878049000000000079e+00 2.529385566711425781e+00
1.882665000000000033e+00 2.529385566711425781e+00
1.886174000000000017e+00 2.524210929870605469e+00
1.890792000000000028e+00 2.529385566711425781e+00
1.895604999999999984e+00 2.529385566711425781e+00
1.900306999999999968e+00 2.524210929870605469e+00
1.905027999999999944e+00 2.529385566711425781e+00
1.909677999999999987e+00 2.529385566711425781e+00
1.914581000000000088e+00 2.529385566711425781e+00
1.919265999999999917e+00 2.524210929870605469e+00
1.930325000000000069e+00 2.519036293029785156e+00
1.936323999999999934e+00 2.529385566711425781e+00
1.940968999999999944e+00 2.529385566711425781e+00
1.945664000000000060e+00 2.529385566711425781e+00
1.957457000000000003e+00 2.529385566711425781e+00
1.970194999999999919e+00 2.534560203552246094e+00
1.977155999999999914e+00 2.529385566711425781e+00
1.984515000000000029e+00 2.529385566711425781e+00
1.989589999999999970e+00 2.524210929870605469e+00
1.994350999999999985e+00 2.529385566711425781e+00
1.999057000000000084e+00 2.529385566711425781e+00
2.003878999999999966e+00 2.524210929870605469e+00
2.008734000000000020e+00 2.524210929870605469e+00
2.013433000000000028e+00 2.524210929870605469e+00
2.018267999999999951e+00 2.524210929870605469e+00
2.022996000000000016e+00 2.519036293029785156e+00
2.027832000000000079e+00 2.529385566711425781e+00
2.032570999999999906e+00 2.529385566711425781e+00
2.037409999999999943e+00 2.529385566711425781e+00
2.049643999999999799e+00 2.529385566711425781e+00
2.054715999999999987e+00 2.534560203552246094e+00
2.059498000000000051e+00 2.534560203552246094e+00
2.064328999999999859e+00 2.534560203552246094e+00
2.069109000000000087e+00 2.534560203552246094e+00
2.073872000000000160e+00 2.534560203552246094e+00
2.078758999999999801e+00 2.529385566711425781e+00
2.083544999999999980e+00 2.524210929870605469e+00
2.088462999999999958e+00 2.524210929870605469e+00
2.093236999999999792e+00 2.524210929870605469e+00
2.098107000000000166e+00 2.524210929870605469e+00
2.102876000000000190e+00 2.524210929870605469e+00
2.107876999999999779e+00 2.524210929870605469e+00
2.112683999999999784e+00 2.524210929870605469e+00
2.117535000000000167e+00 2.524210929870605469e+00
2.122361000000000164e+00 2.524210929870605469e+00
2.127291000000000043e+00 2.529385566711425781e+00
2.132169000000000203e+00 2.534560203552246094e+00
2.137156000000000056e+00 2.534560203552246094e+00
2.141970000000000152e+00 2.534560203552246094e+00
2.146847999999999868e+00 2.534560203552246094e+00
2.151650000000000063e+00 2.534560203552246094e+00
2.156473999999999780e+00 2.529385566711425781e+00
2.169456999999999969e+00 2.534560203552246094e+00
2.175269999999999815e+00 2.529385566711425781e+00
2.179297000000000040e+00 2.524210929870605469e+00
2.183339999999999836e+00 2.524210929870605469e+00
2.187434000000000101e+00 2.524210929870605469e+00
2.191469999999999807e+00 2.524210929870605469e+00
2.195546000000000220e+00 2.524210929870605469e+00
2.199602000000000057e+00 2.524210929870605469e+00
2.203670999999999935e+00 2.524210929870605469e+00
2.207870999999999917e+00 2.524210929870605469e+00
2.211929000000000034e+00 2.529385566711425781e+00
2.216013999999999928e+00 2.524210929870605469e+00
2.220085000000000086e+00 2.524210929870605469e+00
2.224136999999999809e+00 2.529385566711425781e+00
2.228241000000000138e+00 2.534560203552246094e+00
2.231351999999999780e+00 2.539734840393066406e+00
2.235390999999999906e+00 2.534560203552246094e+00
2.239435999999999982e+00 2.534560203552246094e+00
2.243494000000000099e+00 2.534560203552246094e+00
2.247631999999999852e+00 2.534560203552246094e+00
2.250770999999999855e+00 2.534560203552246094e+00
2.254878000000000160e+00 2.529385566711425781e+00
2.258957000000000104e+00 2.534560203552246094e+00
2.263021000000000171e+00 2.529385566711425781e+00
2.267145000000000188e+00 2.529385566711425781e+00
2.271211999999999787e+00 2.529385566711425781e+00
2.275284000000000084e+00 2.529385566711425781e+00
2.279342999999999897e+00 2.524210929870605469e+00
2.288759999999999906e+00 2.524210929870605469e+00
2.293001999999999985e+00 2.524210929870605469e+00
2.297149000000000107e+00 2.529385566711425781e+00
2.301226999999999911e+00 2.529385566711425781e+00
2.304349000000000203e+00 2.529385566711425781e+00
2.308450000000000113e+00 2.529385566711425781e+00
2.312535000000000007e+00 2.529385566711425781e+00
2.316739999999999799e+00 2.529385566711425781e+00
2.320838000000000179e+00 2.529385566711425781e+00
2.323892999999999986e+00 2.529385566711425781e+00
2.328006999999999938e+00 2.534560203552246094e+00
2.332151999999999781e+00 2.534560203552246094e+00
2.336387999999999909e+00 2.534560203552246094e+00
2.339531000000000027e+00 2.534560203552246094e+00
2.343557999999999808e+00 2.534560203552246094e+00
2.346738999999999908e+00 2.534560203552246094e+00
2.350792999999999910e+00 2.529385566711425781e+00
2.353943000000000119e+00 2.529385566711425781e+00
2.358070000000000110e+00 2.534560203552246094e+00
2.362214999999999954e+00 2.534560203552246094e+00
2.366430999999999951e+00 2.529385566711425781e+00
2.370556999999999803e+00 2.529385566711425781e+00
2.374734999999999818e+00 2.534560203552246094e+00
2.378862999999999950e+00 2.529385566711425781e+00
2.383001999999999843e+00 2.529385566711425781e+00
2.387182000000000137e+00 2.529385566711425781e+00
2.391312999999999800e+00 2.534560203552246094e+00
2.395462000000000202e+00 2.529385566711425781e+00
2.399843999999999866e+00 2.529385566711425781e+00
2.410639999999999894e+00 2.529385566711425781e+00
2.414924000000000071e+00 2.529385566711425781e+00
2.419078999999999979e+00 2.529385566711425781e+00
2.423217999999999872e+00 2.524210929870605469e+00
2.427359000000000044e+00 2.529385566711425781e+00
2.431506999999999863e+00 2.529385566711425781e+00
2.435665999999999887e+00 2.534560203552246094e+00
2.439814000000000149e+00 2.534560203552246094e+00
2.443963000000000108e+00 2.529385566711425781e+00
2.447128999999999888e+00 2.534560203552246094e+00
2.451243999999999978e+00 2.529385566711425781e+00
2.455435000000000034e+00 2.529385566711425781e+00
2.465389000000000053e+00 2.534560203552246094e+00
2.471499000000000112e+00 2.534560203552246094e+00
2.477853999999999779e+00 2.529385566711425781e+00
2.483274999999999899e+00 2.529385566711425781e+00
2.487601000000000173e+00 2.534560203552246094e+00
2.490699999999999914e+00 2.529385566711425781e+00
2.494912999999999936e+00 2.529385566711425781e+00
2.499111000000000082e+00 2.529385566711425781e+00
2.503282000000000007e+00 2.529385566711425781e+00
2.507467999999999808e+00 2.529385566711425781e+00
2.511678999999999995e+00 2.524210929870605469e+00
2.515924000000000049e+00 2.524210929870605469e+00
2.525545000000000151e+00 2.524210929870605469e+00
2.533209999999999962e+00 2.534560203552246094e+00
2.537497000000000114e+00 2.534560203552246094e+00
2.541669000000000178e+00 2.529385566711425781e+00
2.545885999999999871e+00 2.534560203552246094e+00
2.550084000000000017e+00 2.539734840393066406e+00
2.554364000000000079e+00 2.534560203552246094e+00
2.557554000000000105e+00 2.539734840393066406e+00
2.561709000000000014e+00 2.534560203552246094e+00
2.565968999999999944e+00 2.534560203552246094e+00
2.569132000000000193e+00 2.534560203552246094e+00
2.573315000000000019e+00 2.534560203552246094e+00
2.576522000000000201e+00 2.534560203552246094e+00
2.580694999999999961e+00 2.529385566711425781e+00
2.584967999999999932e+00 2.529385566711425781e+00
2.588099999999999845e+00 2.529385566711425781e+00
2.592255000000000198e+00 2.529385566711425781e+00
2.596588000000000118e+00 2.524210929870605469e+00
2.600813000000000041e+00 2.529385566711425781e+00
2.605083000000000037e+00 2.524210929870605469e+00
2.609285999999999994e+00 2.524210929870605469e+00
2.613681999999999839e+00 2.524210929870605469e+00
2.617985000000000007e+00 2.524210929870605469e+00
2.622243000000000102e+00 2.524210929870605469e+00
2.626548000000000105e+00 2.529385566711425781e+00
2.629662000000000166e+00 2.534560203552246094e+00
2.633865999999999818e+00 2.534560203552246094e+00
2.637253999999999987e+00 2.534560203552246094e+00
2.647904000000000035e+00 2.534560203552246094e+00
2.651126999999999789e+00 2.534560203552246094e+00
2.655349000000000181e+00 2.534560203552246094e+00
2.659588999999999981e+00 2.534560203552246094e+00
2.663816999999999879e+00 2.534560203552246094e+00
2.668099000000000220e+00 2.534560203552246094e+00
2.672339000000000020e+00 2.534560203552246094e+00
2.676687999999999956e+00 2.524210929870605469e+00
2.680934000000000150e+00 2.524210929870605469e+00
2.684128999999999987e+00 2.524210929870605469e+00
2.688397999999999843e+00 2.524210929870605469e+00
2.692645000000000177e+00 2.529385566711425781e+00
2.696992999999999974e+00 2.524210929870605469e+00
2.701259999999999994e+00 2.524210929870605469e+00
2.705537000000000081e+00 2.529385566711425781e+00
2.709804000000000102e+00 2.529385566711425781e+00
2.714112000000000080e+00 2.529385566711425781e+00
2.718392000000000142e+00 2.529385566711425781e+00
2.722672000000000203e+00 2.529385566711425781e+00
2.727012000000000214e+00 2.534560203552246094e+00
2.731284000000000045e+00 2.534560203552246094e+00
2.735568999999999917e+00 2.534560203552246094e+00
2.739864999999999995e+00 2.534560203552246094e+00
2.744140999999999941e+00 2.534560203552246094e+00
2.748453000000000035e+00 2.539734840393066406e+00
2.752743000000000162e+00 2.539734840393066406e+00
2.757283000000000150e+00 2.534560203552246094e+00
2.766808000000000156e+00 2.529385566711425781e+00
2.771094999999999864e+00 2.529385566711425781e+00
2.774347000000000119e+00 2.534560203552246094e+00
2.778611999999999860e+00 2.529385566711425781e+00
2.782910999999999913e+00 2.529385566711425781e+00
2.787253999999999898e+00 2.524210929870605469e+00
2.791542999999999886e+00 2.529385566711425781e+00
2.795878000000000085e+00 2.524210929870605469e+00
2.799145999999999912e+00 2.529385566711425781e+00
2.803402000000000172e+00 2.529385566711425781e+00
2.807742999999999878e+00 2.529385566711425781e+00
2.812051999999999996e+00 2.529385566711425781e+00
2.816634000000000082e+00 2.529385566711425781e+00
2.820924999999999905e+00 2.529385566711425781e+00
2.824138000000000037e+00 2.529385566711425781e+00
2.828507000000000104e+00 2.534560203552246094e+00
2.832819999999999894e+00 2.534560203552246094e+00
2.837178000000000200e+00 2.534560203552246094e+00
2.841489999999999849e+00 2.539734840393066406e+00
2.844756999999999980e+00 2.534560203552246094e+00
2.849054000000000197e+00 2.534560203552246094e+00
2.853364000000000011e+00 2.534560203552246094e+00
2.857724000000000153e+00 2.534560203552246094e+00
2.862060000000000048e+00 2.534560203552246094e+00
2.866443999999999992e+00 2.534560203552246094e+00
2.870772999999999797e+00 2.534560203552246094e+00
2.875204000000000093e+00 2.534560203552246094e+00
2.886963000000000168e+00 2.529385566711425781e+00
2.892443000000000097e+00 2.529385566711425781e+00
2.897832000000000185e+00 2.529385566711425781e+00
2.903153000000000095e+00 2.529385566711425781e+00
2.908532000000000117e+00 2.529385566711425781e+00
2.913800000000000168e+00 2.529385566711425781e+00
2.919515999999999778e+00 2.534560203552246094e+00
2.924914999999999932e+00 2.529385566711425781e+00
2.930277999999999938e+00 2.529385566711425781e+00
2.935700000000000198e+00 2.534560203552246094e+00
2.941104000000000163e+00 2.529385566711425781e+00
2.946445999999999898e+00 2.534560203552246094e+00
2.951935999999999893e+00 2.534560203552246094e+00
2.957335000000000047e+00 2.529385566711425781e+00
2.962711999999999790e+00 2.534560203552246094e+00
2.976255999999999791e+00 2.539734840393066406e+00
2.984973999999999794e+00 2.529385566711425781e+00
2.992283000000000026e+00 2.534560203552246094e+00
2.996767000000000181e+00 2.529385566711425781e+00
3.006569999999999965e+00 2.534560203552246094e+00
3.011315999999999882e+00 2.529385566711425781e+00
3.015751999999999988e+00 2.524210929870605469e+00
3.020414000000000154e+00 2.524210929870605469e+00
3.024920999999999971e+00 2.529385566711425781e+00
3.029330999999999996e+00 2.534560203552246094e+00
3.033790999999999904e+00 2.529385566711425781e+00
3.039871000000000212e+00 2.534560203552246094e+00
3.044626000000000055e+00 2.534560203552246094e+00
3.047921999999999798e+00 2.534560203552246094e+00
3.052287999999999890e+00 2.539734840393066406e+00
3.056811000000000167e+00 2.539734840393066406e+00
3.061217000000000077e+00 2.539734840393066406e+00
3.064512000000000125e+00 2.539734840393066406e+00
3.068909999999999805e+00 2.539734840393066406e+00
3.073329000000000200e+00 2.534560203552246094e+00
3.077793999999999919e+00 2.534560203552246094e+00
3.082214000000000009e+00 2.529385566711425781e+00
3.086704000000000114e+00 2.529385566711425781e+00
3.091124999999999901e+00 2.529385566711425781e+00
3.095568999999999793e+00 2.529385566711425781e+00
3.100051000000000112e+00 2.524210929870605469e+00
3.104535999999999962e+00 2.524210929870605469e+00
3.108973999999999904e+00 2.529385566711425781e+00
3.113443000000000183e+00 2.529385566711425781e+00
3.117973000000000106e+00 2.529385566711425781e+00
3.127936000000000050e+00 2.524210929870605469e+00
3.132606000000000002e+00 2.534560203552246094e+00
3.137169000000000096e+00 2.534560203552246094e+00
3.141650999999999971e+00 2.539734840393066406e+00
3.146154999999999813e+00 2.539734840393066406e+00
3.150691000000000130e+00 2.539734840393066406e+00
3.155241000000000184e+00 2.539734840393066406e+00
3.159721999999999920e+00 2.539734840393066406e+00
3.164356999999999864e+00 2.539734840393066406e+00
3.168813999999999798e+00 2.539734840393066406e+00
3.173299000000000092e+00 2.539734840393066406e+00
3.177874000000000088e+00 2.529385566711425781e+00
3.182376000000000094e+00 2.524210929870605469e+00
3.185648000000000035e+00 2.529385566711425781e+00
3.190177999999999958e+00 2.529385566711425781e+00
3.194738000000000078e+00 2.529385566711425781e+00
3.199244999999999894e+00 2.529385566711425781e+00
3.203727999999999909e+00 2.524210929870605469e+00
3.208292999999999839e+00 2.529385566711425781e+00
3.212797000000000125e+00 2.529385566711425781e+00
3.217394999999999783e+00 2.529385566711425781e+00
3.221954999999999902e+00 2.524210929870605469e+00
3.225277000000000172e+00 2.534560203552246094e+00
3.229778000000000038e+00 2.539734840393066406e+00
3.234465000000000146e+00 2.539734840393066406e+00
3.254359000000000002e+00 2.539734840393066406e+00
3.259233000000000047e+00 2.539734840393066406e+00
3.263793999999999862e+00 2.539734840393066406e+00
3.268425000000000136e+00 2.534560203552246094e+00
3.272994000000000181e+00 2.534560203552246094e+00
3.277662999999999993e+00 2.529385566711425781e+00
3.282232000000000038e+00 2.529385566711425781e+00
3.286881999999999859e+00 2.529385566711425781e+00
3.291446000000000094e+00 2.529385566711425781e+00
3.296025000000000205e+00 2.529385566711425781e+00
3.300542000000000087e+00 2.529385566711425781e+00
3.305126000000000008e+00 2.529385566711425781e+00
3.309686000000000128e+00 2.534560203552246094e+00
3.314300999999999942e+00 2.529385566711425781e+00
3.318891999999999953e+00 2.534560203552246094e+00
3.323468000000000089e+00 2.534560203552246094e+00
3.328069999999999862e+00 2.534560203552246094e+00
3.332657999999999898e+00 2.539734840393066406e+00
3.337289000000000172e+00 2.539734840393066406e+00
3.341861999999999888e+00 2.539734840393066406e+00
3.346459999999999990e+00 2.539734840393066406e+00
3.351048000000000027e+00 2.534560203552246094e+00
3.355646000000000129e+00 2.534560203552246094e+00
3.360227000000000075e+00 2.539734840393066406e+00
3.364990000000000148e+00 2.534560203552246094e+00
3.375243999999999911e+00 2.534560203552246094e+00
3.379973000000000116e+00 2.529385566711425781e+00
3.383360000000000145e+00 2.529385566711425781e+00
3.387989000000000139e+00 2.529385566711425781e+00
3.391324000000000005e+00 2.529385566711425781e+00
3.395961999999999925e+00 2.534560203552246094e+00
3.400738000000000039e+00 2.529385566711425781e+00
3.408777999999999864e+00 2.529385566711425781e+00
3.412173999999999818e+00 2.529385566711425781e+00
3.416875999999999802e+00 2.529385566711425781e+00
3.421497000000000011e+00 2.529385566711425781e+00
3.426461999999999897e+00 2.534560203552246094e+00
3.431073000000000039e+00 2.534560203552246094e+00
3.435712000000000099e+00 2.534560203552246094e+00
3.440323999999999938e+00 2.534560203552246094e+00
3.443707999999999991e+00 2.534560203552246094e+00
3.448479999999999990e+00 2.534560203552246094e+00
3.453113000000000099e+00 2.534560203552246094e+00
3.456509000000000054e+00 2.534560203552246094e+00
3.461149999999999949e+00 2.534560203552246094e+00
3.465791999999999984e+00 2.534560203552246094e+00
3.475915000000000088e+00 2.534560203552246094e+00
3.483096000000000192e+00 2.534560203552246094e+00
3.499861999999999806e+00 2.529385566711425781e+00
3.505234000000000183e+00 2.529385566711425781e+00
3.509955000000000158e+00 2.534560203552246094e+00
3.513358999999999899e+00 2.529385566711425781e+00
3.518200999999999912e+00 2.529385566711425781e+00
3.522911000000000126e+00 2.524210929870605469e+00
3.527981000000000034e+00 2.534560203552246094e+00
3.534717000000000109e+00 2.534560203552246094e+00
3.539477000000000206e+00 2.534560203552246094e+00
3.544184000000000001e+00 2.534560203552246094e+00
3.548906999999999812e+00 2.534560203552246094e+00
3.552341000000000193e+00 2.534560203552246094e+00
3.557125999999999788e+00 2.539734840393066406e+00
3.561849000000000043e+00 2.539734840393066406e+00
3.566578999999999944e+00 2.539734840393066406e+00
3.571292000000000133e+00 2.539734840393066406e+00
3.576032999999999795e+00 2.539734840393066406e+00
3.580731999999999804e+00 2.534560203552246094e+00
3.585533999999999999e+00 2.534560203552246094e+00
3.588976999999999862e+00 2.534560203552246094e+00
3.593703000000000092e+00 2.534560203552246094e+00
3.598557000000000006e+00 2.529385566711425781e+00
3.601932000000000134e+00 2.529385566711425781e+00
3.606719000000000008e+00 2.529385566711425781e+00
3.616880000000000095e+00 2.529385566711425781e+00
3.622103000000000073e+00 2.529385566711425781e+00
3.626994999999999969e+00 2.534560203552246094e+00
3.630546999999999969e+00 2.534560203552246094e+00
3.635276999999999870e+00 2.534560203552246094e+00
3.639987000000000084e+00 2.539734840393066406e+00
3.644750000000000156e+00 2.539734840393066406e+00
3.649504999999999999e+00 2.544909477233886719e+00
3.654250000000000220e+00 2.539734840393066406e+00
3.658945000000000114e+00 2.539734840393066406e+00
3.662370000000000125e+00 2.539734840393066406e+00
3.667145000000000099e+00 2.539734840393066406e+00
3.671872000000000025e+00 2.539734840393066406e+00
3.675317999999999863e+00 2.539734840393066406e+00
3.679991999999999930e+00 2.534560203552246094e+00
3.685077999999999854e+00 2.529385566711425781e+00
3.690913999999999806e+00 2.529385566711425781e+00
3.696760999999999964e+00 2.529385566711425781e+00
3.702579000000000065e+00 2.529385566711425781e+00
3.708479000000000081e+00 2.529385566711425781e+00
3.714442000000000021e+00 2.529385566711425781e+00
3.720274999999999999e+00 2.529385566711425781e+00
3.726167999999999925e+00 2.534560203552246094e+00
3.738491999999999926e+00 2.539734840393066406e+00
3.746032000000000028e+00 2.539734840393066406e+00
3.751901999999999848e+00 2.544909477233886719e+00
3.757839999999999847e+00 2.539734840393066406e+00
3.763689999999999980e+00 2.539734840393066406e+00
3.769709999999999894e+00 2.534560203552246094e+00
3.775630000000000042e+00 2.534560203552246094e+00
3.781508999999999787e+00 2.529385566711425781e+00
3.786957999999999824e+00 2.529385566711425781e+00
3.791706000000000021e+00 2.529385566711425781e+00
3.796428999999999832e+00 2.529385566711425781e+00
3.801194000000000184e+00 2.529385566711425781e+00
3.805959999999999788e+00 2.529385566711425781e+00
3.810718000000000050e+00 2.534560203552246094e+00
3.815494999999999859e+00 2.534560203552246094e+00
3.818919999999999870e+00 2.534560203552246094e+00
3.822369999999999823e+00 2.534560203552246094e+00
3.827160999999999813e+00 2.539734840393066406e+00
3.832025999999999932e+00 2.539734840393066406e+00
3.836873000000000200e+00 2.544909477233886719e+00
3.841658999999999935e+00 2.544909477233886719e+00
3.845142000000000060e+00 2.539734840393066406e+00
3.850026999999999866e+00 2.539734840393066406e+00
3.860005999999999826e+00 2.539734840393066406e+00
3.865390999999999799e+00 2.534560203552246094e+00
3.870210000000000150e+00 2.534560203552246094e+00
3.875036999999999843e+00 2.534560203552246094e+00
3.879817000000000071e+00 2.534560203552246094e+00
3.884670999999999985e+00 2.529385566711425781e+00
3.889463000000000115e+00 2.529385566711425781e+00
3.894346000000000085e+00 2.534560203552246094e+00
3.899164999999999992e+00 2.529385566711425781e+00
3.903973999999999833e+00 2.534560203552246094e+00
3.908803999999999945e+00 2.534560203552246094e+00
3.913615000000000066e+00 2.534560203552246094e+00
3.918486000000000136e+00 2.534560203552246094e+00
3.923310999999999993e+00 2.534560203552246094e+00
3.928145999999999916e+00 2.539734840393066406e+00
3.932996999999999854e+00 2.539734840393066406e+00
3.936538000000000093e+00 2.534560203552246094e+00
3.941368000000000205e+00 2.539734840393066406e+00
3.946194999999999897e+00 2.534560203552246094e+00
3.951029999999999820e+00 2.534560203552246094e+00
3.955881999999999898e+00 2.539734840393066406e+00
3.960695999999999994e+00 2.539734840393066406e+00
3.964128999999999792e+00 2.539734840393066406e+00
3.974378999999999884e+00 2.534560203552246094e+00
3.983773999999999926e+00 2.534560203552246094e+00
3.992525999999999797e+00 2.534560203552246094e+00
3.997780000000000111e+00 2.534560203552246094e+00
4.007590000000000430e+00 2.534560203552246094e+00
4.012510999999999939e+00 2.534560203552246094e+00
4.017502999999999602e+00 2.534560203552246094e+00
4.022368000000000166e+00 2.529385566711425781e+00
4.027292000000000094e+00 2.534560203552246094e+00
4.032244999999999635e+00 2.539734840393066406e+00
4.035957999999999934e+00 2.539734840393066406e+00
4.040848000000000440e+00 2.539734840393066406e+00
4.044392000000000209e+00 2.539734840393066406e+00
4.049261000000000443e+00 2.539734840393066406e+00
4.054100000000000037e+00 2.539734840393066406e+00
4.059071000000000318e+00 2.539734840393066406e+00
4.063928999999999903e+00 2.544909477233886719e+00
4.068890999999999813e+00 2.539734840393066406e+00
4.073782999999999710e+00 2.544909477233886719e+00
4.079358000000000040e+00 2.539734840393066406e+00
4.090967000000000020e+00 2.534560203552246094e+00
4.096409999999999663e+00 2.534560203552246094e+00
4.101276000000000366e+00 2.529385566711425781e+00
4.104753999999999792e+00 2.529385566711425781e+00
4.109609999999999985e+00 2.529385566711425781e+00
4.114587000000000216e+00 2.529385566711425781e+00
4.119455999999999563e+00 2.529385566711425781e+00
4.124336999999999698e+00 2.529385566711425781e+00
4.129202000000000261e+00 2.534560203552246094e+00
4.134074000000000026e+00 2.539734840393066406e+00
4.139358999999999789e+00 2.534560203552246094e+00
4.144281000000000326e+00 2.544909477233886719e+00
4.147751000000000410e+00 2.544909477233886719e+00
4.152604000000000184e+00 2.544909477233886719e+00
4.157568999999999626e+00 2.539734840393066406e+00
4.162459000000000131e+00 2.544909477233886719e+00
4.167416000000000231e+00 2.544909477233886719e+00
4.172259000000000384e+00 2.544909477233886719e+00
4.177251000000000047e+00 2.539734840393066406e+00
4.180776999999999965e+00 2.534560203552246094e+00
4.185658000000000101e+00 2.529385566711425781e+00
4.190529999999999866e+00 2.529385566711425781e+00
4.195478999999999736e+00 2.529385566711425781e+00
4.200469000000000008e+00 2.529385566711425781e+00
4.211095000000000255e+00 2.529385566711425781e+00
4.216258999999999979e+00 2.529385566711425781e+00
4.221162999999999776e+00 2.529385566711425781e+00
4.226079999999999615e+00 2.534560203552246094e+00
4.230993999999999922e+00 2.544909477233886719e+00
4.235916999999999710e+00 2.539734840393066406e+00
4.240858000000000239e+00 2.544909477233886719e+00
4.245790999999999649e+00 2.544909477233886719e+00
4.249336999999999698e+00 2.544909477233886719e+00
4.254284000000000177e+00 2.539734840393066406e+00
4.259195000000000064e+00 2.539734840393066406e+00
4.264072999999999780e+00 2.544909477233886719e+00
4.269031000000000020e+00 2.539734840393066406e+00
4.272555999999999798e+00 2.539734840393066406e+00
4.277484000000000286e+00 2.534560203552246094e+00
4.282408000000000214e+00 2.529385566711425781e+00
4.287395000000000067e+00 2.529385566711425781e+00
4.292305999999999955e+00 2.534560203552246094e+00
4.297323999999999700e+00 2.529385566711425781e+00
4.302253000000000327e+00 2.534560203552246094e+00
4.307248000000000410e+00 2.529385566711425781e+00
4.312249000000000443e+00 2.534560203552246094e+00
4.317402999999999658e+00 2.534560203552246094e+00
4.327555000000000263e+00 2.534560203552246094e+00
4.333059999999999690e+00 2.544909477233886719e+00
4.338093999999999895e+00 2.539734840393066406e+00
4.343428000000000289e+00 2.544909477233886719e+00
4.348457999999999934e+00 2.539734840393066406e+00
4.353456999999999688e+00 2.539734840393066406e+00
4.358507000000000353e+00 2.539734840393066406e+00
4.363513000000000197e+00 2.539734840393066406e+00
4.368549999999999933e+00 2.539734840393066406e+00
4.373529000000000444e+00 2.539734840393066406e+00
4.378623000000000154e+00 2.534560203552246094e+00
4.383632999999999669e+00 2.529385566711425781e+00
4.388735999999999748e+00 2.524210929870605469e+00
4.393735000000000390e+00 2.529385566711425781e+00
4.397281999999999691e+00 2.534560203552246094e+00
4.402283999999999864e+00 2.534560203552246094e+00
4.407358000000000331e+00 2.534560203552246094e+00
4.412368999999999986e+00 2.534560203552246094e+00
4.417434000000000083e+00 2.539734840393066406e+00
4.422464999999999868e+00 2.534560203552246094e+00
4.427515999999999785e+00 2.539734840393066406e+00
4.432521999999999629e+00 2.544909477233886719e+00
4.437755000000000116e+00 2.539734840393066406e+00
4.448475000000000179e+00 2.539734840393066406e+00
4.453529999999999767e+00 2.539734840393066406e+00
4.457146999999999970e+00 2.539734840393066406e+00
4.462145999999999724e+00 2.544909477233886719e+00
4.467260999999999704e+00 2.539734840393066406e+00
4.472302000000000000e+00 2.534560203552246094e+00
4.482747999999999955e+00 2.534560203552246094e+00
4.490039000000000335e+00 2.534560203552246094e+00
4.498509000000000313e+00 2.534560203552246094e+00
4.505378000000000327e+00 2.534560203552246094e+00
4.510481000000000407e+00 2.534560203552246094e+00
4.515565999999999747e+00 2.534560203552246094e+00
4.520653000000000254e+00 2.534560203552246094e+00
4.525739999999999874e+00 2.534560203552246094e+00
4.530770000000000408e+00 2.539734840393066406e+00
4.534366000000000341e+00 2.539734840393066406e+00
4.537956999999999574e+00 2.539734840393066406e+00
4.541557000000000066e+00 2.539734840393066406e+00
4.546566999999999581e+00 2.539734840393066406e+00
4.552144000000000190e+00 2.539734840393066406e+00
4.562293999999999627e+00 2.539734840393066406e+00
4.567971000000000004e+00 2.544909477233886719e+00
4.573064999999999714e+00 2.544909477233886719e+00
4.578217999999999677e+00 2.539734840393066406e+00
4.583318000000000225e+00 2.534560203552246094e+00
4.586969999999999992e+00 2.534560203552246094e+00
4.591982999999999926e+00 2.539734840393066406e+00
4.597107000000000276e+00 2.539734840393066406e+00
4.602222000000000257e+00 2.534560203552246094e+00
4.607376999999999612e+00 2.534560203552246094e+00
4.612479000000000440e+00 2.534560203552246094e+00
4.617612000000000272e+00 2.534560203552246094e+00
4.622743999999999964e+00 2.529385566711425781e+00
4.627918000000000198e+00 2.534560203552246094e+00
4.633005999999999958e+00 2.539734840393066406e+00
4.638166000000000011e+00 2.539734840393066406e+00
4.643299999999999983e+00 2.539734840393066406e+00
4.648481999999999559e+00 2.544909477233886719e+00
4.653614000000000139e+00 2.539734840393066406e+00
4.657327000000000439e+00 2.544909477233886719e+00
4.660918999999999812e+00 2.544909477233886719e+00
4.664526000000000394e+00 2.544909477233886719e+00
4.668107000000000006e+00 2.544909477233886719e+00
4.678378999999999621e+00 2.544909477233886719e+00
4.683987000000000123e+00 2.534560203552246094e+00
4.689168999999999699e+00 2.534560203552246094e+00
4.694450999999999929e+00 2.534560203552246094e+00
4.699695000000000178e+00 2.534560203552246094e+00
4.704884999999999984e+00 2.529385566711425781e+00
4.708543999999999841e+00 2.529385566711425781e+00
4.712138000000000382e+00 2.534560203552246094e+00
4.717298999999999687e+00 2.529385566711425781e+00
4.722456000000000209e+00 2.529385566711425781e+00
4.726173000000000179e+00 2.539734840393066406e+00
4.729776000000000202e+00 2.539734840393066406e+00
4.733376999999999946e+00 2.544909477233886719e+00
4.738627000000000145e+00 2.544909477233886719e+00
4.743807999999999581e+00 2.544909477233886719e+00
4.748982999999999954e+00 2.544909477233886719e+00
4.754186999999999941e+00 2.539734840393066406e+00
4.759355000000000224e+00 2.544909477233886719e+00
4.764573000000000391e+00 2.544909477233886719e+00
4.769722999999999935e+00 2.544909477233886719e+00
4.774915000000000020e+00 2.544909477233886719e+00
4.778559999999999697e+00 2.529385566711425781e+00
4.782157999999999909e+00 2.534560203552246094e+00
4.787421000000000149e+00 2.534560203552246094e+00
4.797738999999999976e+00 2.529385566711425781e+00
4.803423000000000442e+00 2.529385566711425781e+00
4.807135999999999854e+00 2.529385566711425781e+00
4.810735000000000205e+00 2.529385566711425781e+00
4.814341999999999899e+00 2.534560203552246094e+00
4.819532999999999845e+00 2.534560203552246094e+00
4.824775999999999954e+00 2.534560203552246094e+00
4.829978999999999800e+00 2.544909477233886719e+00
4.835242000000000040e+00 2.539734840393066406e+00
4.840402000000000093e+00 2.544909477233886719e+00
4.845666999999999724e+00 2.544909477233886719e+00
4.849368000000000123e+00 2.544909477233886719e+00
4.854629000000000083e+00 2.544909477233886719e+00
4.859839000000000020e+00 2.544909477233886719e+00
4.865066999999999808e+00 2.539734840393066406e+00
4.870317000000000007e+00 2.539734840393066406e+00
4.875585000000000058e+00 2.539734840393066406e+00
4.880812999999999846e+00 2.534560203552246094e+00
4.886053000000000424e+00 2.534560203552246094e+00
4.891293000000000113e+00 2.529385566711425781e+00
4.896490000000000009e+00 2.529385566711425781e+00
4.900134000000000434e+00 2.534560203552246094e+00
4.905501000000000111e+00 2.534560203552246094e+00
4.915820000000000078e+00 2.539734840393066406e+00
4.921549999999999869e+00 2.529385566711425781e+00
4.926853000000000371e+00 2.539734840393066406e+00
4.930555000000000021e+00 2.544909477233886719e+00
4.935818000000000261e+00 2.544909477233886719e+00
4.941094999999999793e+00 2.544909477233886719e+00
4.946377000000000024e+00 2.539734840393066406e+00
4.951642999999999795e+00 2.539734840393066406e+00
4.957036999999999694e+00 2.539734840393066406e+00
4.960751000000000133e+00 2.539734840393066406e+00
4.966033000000000364e+00 2.539734840393066406e+00
4.971303999999999945e+00 2.539734840393066406e+00
4.980316000000000187e+00 2.539734840393066406e+00
4.991946000000000438e+00 2.539734840393066406e+00
4.998705000000000176e+00 2.534560203552246094e+00
5.006191000000000280e+00 2.534560203552246094e+00
5.011860000000000426e+00 2.539734840393066406e+00
5.017254000000000325e+00 2.539734840393066406e+00
5.022706999999999589e+00 2.534560203552246094e+00
5.032925999999999789e+00 2.539734840393066406e+00
5.038714999999999833e+00 2.539734840393066406e+00
5.044029000000000096e+00 2.539734840393066406e+00
5.049366000000000021e+00 2.539734840393066406e+00
5.054688999999999766e+00 2.539734840393066406e+00
5.060279999999999667e+00 2.544909477233886719e+00
5.065598999999999741e+00 2.544909477233886719e+00
5.070873999999999882e+00 2.544909477233886719e+00
5.074555000000000149e+00 2.544909477233886719e+00
5.079849000000000281e+00 2.539734840393066406e+00
5.085148000000000224e+00 2.539734840393066406e+00
5.090410000000000323e+00 2.534560203552246094e+00
5.095722000000000307e+00 2.539734840393066406e+00
5.101003000000000398e+00 2.539734840393066406e+00
5.106254999999999988e+00 2.534560203552246094e+00
5.111528999999999989e+00 2.534560203552246094e+00
5.116819999999999702e+00 2.529385566711425781e+00
5.122123000000000204e+00 2.529385566711425781e+00
5.127474999999999561e+00 2.539734840393066406e+00
5.132769999999999833e+00 2.539734840393066406e+00
5.138113999999999848e+00 2.539734840393066406e+00
5.143482999999999805e+00 2.544909477233886719e+00
5.154461000000000404e+00 2.544909477233886719e+00
5.159907999999999717e+00 2.544909477233886719e+00
5.165294000000000274e+00 2.550084114074707031e+00
5.170593000000000217e+00 2.544909477233886719e+00
5.175898000000000110e+00 2.544909477233886719e+00
5.181201999999999863e+00 2.534560203552246094e+00
5.186545999999999879e+00 2.539734840393066406e+00
5.191868999999999623e+00 2.534560203552246094e+00
5.197302999999999784e+00 2.534560203552246094e+00
5.202628999999999948e+00 2.529385566711425781e+00
5.208033000000000357e+00 2.534560203552246094e+00
5.213351000000000290e+00 2.534560203552246094e+00
5.217134999999999856e+00 2.534560203552246094e+00
5.222502999999999673e+00 2.534560203552246094e+00
5.227841999999999878e+00 2.534560203552246094e+00
5.233163000000000231e+00 2.544909477233886719e+00
5.236908999999999814e+00 2.544909477233886719e+00
5.242276999999999632e+00 2.544909477233886719e+00
5.247672999999999810e+00 2.550084114074707031e+00
5.253008000000000344e+00 2.544909477233886719e+00
5.258647999999999989e+00 2.544909477233886719e+00
5.271863999999999884e+00 2.544909477233886719e+00
5.277289999999999814e+00 2.539734840393066406e+00
5.282634999999999970e+00 2.534560203552246094e+00
5.288043000000000049e+00 2.534560203552246094e+00
5.293408000000000335e+00 2.534560203552246094e+00
5.298829999999999707e+00 2.534560203552246094e+00
5.304141999999999690e+00 2.534560203552246094e+00
5.309542999999999680e+00 2.534560203552246094e+00
5.314919999999999867e+00 2.534560203552246094e+00
5.320270999999999972e+00 2.539734840393066406e+00
5.325701999999999714e+00 2.539734840393066406e+00
5.331061000000000050e+00 2.544909477233886719e+00
5.336432000000000286e+00 2.544909477233886719e+00
5.341806000000000054e+00 2.544909477233886719e+00
5.347240000000000215e+00 2.544909477233886719e+00
5.352598000000000411e+00 2.544909477233886719e+00
5.358013999999999832e+00 2.544909477233886719e+00
5.361717999999999762e+00 2.539734840393066406e+00
5.367237000000000258e+00 2.539734840393066406e+00
5.372607999999999606e+00 2.539734840393066406e+00
5.383269000000000304e+00 2.534560203552246094e+00
5.389262999999999693e+00 2.529385566711425781e+00
5.394762000000000057e+00 2.534560203552246094e+00
5.400201000000000029e+00 2.534560203552246094e+00
5.405738000000000376e+00 2.534560203552246094e+00
5.411138000000000225e+00 2.539734840393066406e+00
5.416584000000000287e+00 2.534560203552246094e+00
5.420272999999999897e+00 2.534560203552246094e+00
5.425747000000000320e+00 2.539734840393066406e+00
5.431189999999999962e+00 2.544909477233886719e+00
5.436668000000000056e+00 2.544909477233886719e+00
5.442116999999999649e+00 2.544909477233886719e+00
5.447587999999999653e+00 2.544909477233886719e+00
5.453013999999999584e+00 2.544909477233886719e+00
5.458498999999999768e+00 2.544909477233886719e+00
5.463948000000000249e+00 2.539734840393066406e+00
5.469787000000000177e+00 2.539734840393066406e+00
5.475271000000000221e+00 2.539734840393066406e+00
5.480831000000000230e+00 2.565608024597167969e+00
5.491992999999999903e+00 4.785508155822753906e+00
5.499746000000000024e+00 4.785508155822753906e+00
5.512029000000000067e+00 4.790682792663574219e+00
5.520996000000000237e+00 4.790682792663574219e+00
5.526582000000000328e+00 4.795857429504394531e+00
5.532028000000000389e+00 4.790682792663574219e+00
5.537499999999999645e+00 4.790682792663574219e+00
5.542914999999999814e+00 4.795857429504394531e+00
5.548365000000000435e+00 4.795857429504394531e+00
5.553800999999999988e+00 4.790682792663574219e+00
5.559362000000000137e+00 4.790682792663574219e+00
5.563114999999999810e+00 4.790682792663574219e+00
5.568590999999999624e+00 4.790682792663574219e+00
5.574538000000000437e+00 4.790682792663574219e+00
5.579970000000000319e+00 4.785508155822753906e+00
5.585461999999999705e+00 4.790682792663574219e+00
5.590927999999999898e+00 4.790682792663574219e+00
5.596397999999999762e+00 4.790682792663574219e+00
5.601849999999999774e+00 4.790682792663574219e+00
5.607336000000000098e+00 4.790682792663574219e+00
5.612777999999999601e+00 4.785508155822753906e+00
5.618299000000000376e+00 4.785508155822753906e+00
5.624074000000000240e+00 4.785508155822753906e+00
5.633510000000000240e+00 4.790682792663574219e+00
5.639183000000000057e+00 4.790682792663574219e+00
5.644797999999999760e+00 4.795857429504394531e+00
5.650344999999999729e+00 4.790682792663574219e+00
5.654196999999999917e+00 4.795857429504394531e+00
5.659831999999999752e+00 4.795857429504394531e+00
5.665399999999999991e+00 4.795857429504394531e+00
5.670988999999999614e+00 4.795857429504394531e+00
5.676611000000000296e+00 4.785508155822753906e+00
5.682152000000000314e+00 4.785508155822753906e+00
5.687812000000000090e+00 4.790682792663574219e+00
5.693363999999999869e+00 4.790682792663574219e+00
5.698965000000000281e+00 4.790682792663574219e+00
5.704634999999999678e+00 4.790682792663574219e+00
5.710210000000000008e+00 4.785508155822753906e+00
5.715841000000000172e+00 4.785508155822753906e+00
5.721383999999999581e+00 4.785508155822753906e+00
5.726960000000000051e+00 4.790682792663574219e+00
5.732522999999999591e+00 4.795857429504394531e+00
5.738145000000000273e+00 4.795857429504394531e+00
5.749061000000000199e+00 4.795857429504394531e+00
5.755282000000000231e+00 4.795857429504394531e+00
5.760843999999999632e+00 4.795857429504394531e+00
5.766394000000000020e+00 4.795857429504394531e+00
5.771933999999999898e+00 4.795857429504394531e+00
5.777576999999999963e+00 4.790682792663574219e+00
5.783108999999999611e+00 4.785508155822753906e+00
5.788717000000000112e+00 4.785508155822753906e+00
5.794318999999999775e+00 4.790682792663574219e+00
5.799876000000000253e+00 4.785508155822753906e+00
