9.029000000000000567e-03 4.040622711181640625e-02
1.389800000000000063e-02 4.040622711181640625e-02
1.720599999999999907e-02 4.040622711181640625e-02
2.036200000000000163e-02 4.040622711181640625e-02
2.366300000000000001e-02 4.040622711181640625e-02
2.678099999999999925e-02 4.040622711181640625e-02
3.022000000000000033e-02 4.040622711181640625e-02
3.345999999999999669e-02 4.040622711181640625e-02
3.689699999999999924e-02 4.040622711181640625e-02
4.016100000000000225e-02 4.040622711181640625e-02
4.349200000000000288e-02 4.040622711181640625e-02
4.676799999999999707e-02 4.040622711181640625e-02
5.005099999999999827e-02 4.040622711181640625e-02
5.319600000000000023e-02 4.040622711181640625e-02
5.666999999999999815e-02 4.040622711181640625e-02
5.979500000000000093e-02 4.040622711181640625e-02
6.293300000000000283e-02 4.040622711181640625e-02
6.623199999999999921e-02 4.040622711181640625e-02
6.938999999999999335e-02 4.040622711181640625e-02
7.269499999999999573e-02 4.040622711181640625e-02
7.642999999999999794e-02 4.040622711181640625e-02
7.957300000000000484e-02 4.040622711181640625e-02
8.287600000000000522e-02 4.040622711181640625e-02
8.616799999999999460e-02 4.040622711181640625e-02
8.947199999999999598e-02 4.040622711181640625e-02
9.262900000000000300e-02 4.040622711181640625e-02
9.606499999999999762e-02 4.040622711181640625e-02
9.921199999999999464e-02 4.040622711181640625e-02
1.023489999999999955e-01 4.040622711181640625e-02
1.056620000000000059e-01 4.040622711181640625e-02
1.089650000000000063e-01 4.040622711181640625e-02
1.122530000000000056e-01 4.040622711181640625e-02
1.155530000000000029e-01 4.040622711181640625e-02
1.193440000000000056e-01 4.040622711181640625e-02
1.313699999999999868e-01 4.040622711181640625e-02
1.347959999999999992e-01 4.040622711181640625e-02
1.379410000000000081e-01 4.040622711181640625e-02
1.412569999999999937e-01 4.040622711181640625e-02
1.446909999999999863e-01 4.040622711181640625e-02
1.476800000000000057e-01 4.040622711181640625e-02
1.509729999999999961e-01 4.040622711181640625e-02
1.544550000000000090e-01 4.040622711181640625e-02
1.578880000000000006e-01 4.040622711181640625e-02
1.610300000000000065e-01 4.040622711181640625e-02
1.643310000000000048e-01 4.040622711181640625e-02
1.676249999999999962e-01 4.040622711181640625e-02
1.707849999999999924e-01 4.040622711181640625e-02
1.740960000000000008e-01 4.040622711181640625e-02
1.773669999999999969e-01 4.040622711181640625e-02
1.806820000000000093e-01 4.040622711181640625e-02
1.839790000000000036e-01 4.040622711181640625e-02
1.872749999999999970e-01 4.040622711181640625e-02
1.905499999999999972e-01 4.040622711181640625e-02
1.940020000000000078e-01 4.040622711181640625e-02
1.975889999999999869e-01 4.040622711181640625e-02
2.007599999999999940e-01 4.040622711181640625e-02
2.040480000000000071e-01 4.040622711181640625e-02
2.071870000000000100e-01 4.040622711181640625e-02
2.103220000000000089e-01 4.040622711181640625e-02
2.136490000000000056e-01 4.040622711181640625e-02
2.170940000000000092e-01 4.040622711181640625e-02
2.200670000000000126e-01 4.040622711181640625e-02
2.234150000000000025e-01 4.040622711181640625e-02
2.265469999999999984e-01 4.040622711181640625e-02
2.298300000000000065e-01 4.040622711181640625e-02
2.334529999999999939e-01 4.040622711181640625e-02
2.368210000000000037e-01 4.040622711181640625e-02
2.399809999999999999e-01 4.040622711181640625e-02
2.526479999999999837e-01 4.040622711181640625e-02
2.560649999999999871e-01 4.040622711181640625e-02
2.593710000000000182e-01 4.040622711181640625e-02
2.626769999999999938e-01 4.040622711181640625e-02
2.659549999999999970e-01 4.040622711181640625e-02
2.692559999999999953e-01 4.040622711181640625e-02
2.725679999999999770e-01 4.040622711181640625e-02
2.760440000000000116e-01 4.040622711181640625e-02
2.794679999999999942e-01 4.040622711181640625e-02
2.827609999999999846e-01 4.040622711181640625e-02
2.862609999999999877e-01 4.040622711181640625e-02
2.893809999999999993e-01 4.040622711181640625e-02
2.925409999999999955e-01 4.040622711181640625e-02
2.958379999999999899e-01 4.040622711181640625e-02
2.992839999999999945e-01 4.040622711181640625e-02
3.025990000000000069e-01 4.040622711181640625e-02
3.060229999999999895e-01 4.040622711181640625e-02
3.091610000000000191e-01 4.040622711181640625e-02
3.124640000000000195e-01 4.040622711181640625e-02
3.156209999999999849e-01 4.040622711181640625e-02
3.187470000000000026e-01 4.040622711181640625e-02
3.220979999999999954e-01 4.040622711181640625e-02
3.253949999999999898e-01 4.040622711181640625e-02
3.286990000000000189e-01 4.040622711181640625e-02
3.319770000000000221e-01 4.040622711181640625e-02
3.352780000000000205e-01 4.040622711181640625e-02
3.385710000000000108e-01 4.040622711181640625e-02
3.418700000000000072e-01 4.040622711181640625e-02
3.451870000000000216e-01 4.040622711181640625e-02
3.484659999999999980e-01 4.040622711181640625e-02
3.517589999999999884e-01 4.040622711181640625e-02
3.550769999999999760e-01 4.040622711181640625e-02
3.583390000000000186e-01 4.040622711181640625e-02
3.704970000000000208e-01 4.040622711181640625e-02
3.739739999999999731e-01 4.040622711181640625e-02
3.772849999999999815e-01 4.040622711181640625e-02
3.805990000000000206e-01 4.040622711181640625e-02
3.838860000000000050e-01 4.040622711181640625e-02
3.876410000000000133e-01 4.040622711181640625e-02
3.910830000000000140e-01 4.040622711181640625e-02
3.950170000000000070e-01 4.040622711181640625e-02
4.027330000000000076e-01 4.040622711181640625e-02
4.061600000000000210e-01 4.040622711181640625e-02
4.093300000000000272e-01 4.040622711181640625e-02
4.306590000000000140e-01 4.040622711181640625e-02
4.493300000000000072e-01 4.040622711181640625e-02
4.607169999999999876e-01 4.040622711181640625e-02
4.778979999999999895e-01 4.040622711181640625e-02
4.948230000000000128e-01 4.040622711181640625e-02
4.986599999999999921e-01 4.040622711181640625e-02
5.019730000000000025e-01 4.040622711181640625e-02
5.052729999999999722e-01 4.040622711181640625e-02
5.085920000000000440e-01 4.040622711181640625e-02
5.118709999999999649e-01 4.040622711181640625e-02
5.152029999999999665e-01 4.040622711181640625e-02
5.183429999999999982e-01 4.040622711181640625e-02
5.216399999999999926e-01 4.040622711181640625e-02
5.248019999999999907e-01 4.040622711181640625e-02
5.281000000000000139e-01 4.040622711181640625e-02
5.313799999999999635e-01 4.040622711181640625e-02
5.348370000000000068e-01 4.040622711181640625e-02
5.379899999999999682e-01 4.040622711181640625e-02
5.412799999999999834e-01 4.040622711181640625e-02
5.444229999999999903e-01 4.040622711181640625e-02
5.475839999999999597e-01 4.040622711181640625e-02
5.508819999999999828e-01 4.040622711181640625e-02
5.543139999999999734e-01 4.040622711181640625e-02
5.576100000000000501e-01 4.040622711181640625e-02
5.607499999999999707e-01 4.040622711181640625e-02
5.640589999999999771e-01 4.040622711181640625e-02
5.673460000000000170e-01 4.040622711181640625e-02
5.706599999999999451e-01 4.040622711181640625e-02
5.739779999999999882e-01 4.040622711181640625e-02
5.772549999999999626e-01 4.040622711181640625e-02
5.803800000000000070e-01 4.040622711181640625e-02
5.837020000000000541e-01 4.040622711181640625e-02
5.869729999999999670e-01 4.040622711181640625e-02
5.902739999999999654e-01 4.040622711181640625e-02
5.936010000000000453e-01 4.040622711181640625e-02
5.966890000000000249e-01 4.040622711181640625e-02
6.000240000000000018e-01 4.040622711181640625e-02
6.123619999999999619e-01 4.040622711181640625e-02
6.158219999999999805e-01 4.040622711181640625e-02
6.189719999999999667e-01 4.040622711181640625e-02
6.222670000000000146e-01 4.040622711181640625e-02
6.254070000000000462e-01 4.040622711181640625e-02
6.285800000000000276e-01 4.040622711181640625e-02
6.318479999999999652e-01 4.040622711181640625e-02
6.349949999999999761e-01 4.040622711181640625e-02
6.381339999999999790e-01 4.040622711181640625e-02
6.414309999999999734e-01 4.040622711181640625e-02
6.445929999999999715e-01 4.040622711181640625e-02
6.478749999999999787e-01 4.040622711181640625e-02
6.510160000000000391e-01 4.040622711181640625e-02
6.543360000000000287e-01 4.040622711181640625e-02
6.576119999999999743e-01 4.040622711181640625e-02
6.610829999999999762e-01 4.040622711181640625e-02
6.642090000000000494e-01 4.040622711181640625e-02
6.673540000000000028e-01 4.040622711181640625e-02
6.706550000000000011e-01 4.040622711181640625e-02
6.739579999999999460e-01 4.040622711181640625e-02
6.772660000000000347e-01 4.040622711181640625e-02
6.805579999999999963e-01 4.040622711181640625e-02
6.838649999999999451e-01 4.040622711181640625e-02
6.873120000000000340e-01 4.040622711181640625e-02
6.905869999999999509e-01 4.040622711181640625e-02
6.939119999999999733e-01 4.040622711181640625e-02
6.971699999999999564e-01 4.040622711181640625e-02
7.005029999999999868e-01 4.040622711181640625e-02
7.038170000000000259e-01 4.040622711181640625e-02
7.069729999999999626e-01 4.040622711181640625e-02
7.102619999999999489e-01 4.040622711181640625e-02
7.135759999999999881e-01 4.040622711181640625e-02
7.168459999999999832e-01 4.040622711181640625e-02
7.296430000000000415e-01 4.040622711181640625e-02
7.329149999999999832e-01 4.040622711181640625e-02
7.363830000000000098e-01 4.040622711181640625e-02
7.396829999999999794e-01 4.040622711181640625e-02
7.429989999999999650e-01 4.040622711181640625e-02
7.461179999999999479e-01 4.040622711181640625e-02
7.494140000000000246e-01 4.040622711181640625e-02
7.525519999999999987e-01 4.040622711181640625e-02
7.560109999999999886e-01 4.040622711181640625e-02
7.591660000000000075e-01 4.040622711181640625e-02
7.624480000000000146e-01 4.040622711181640625e-02
7.655889999999999640e-01 4.040622711181640625e-02
7.687500000000000444e-01 4.040622711181640625e-02
7.720289999999999653e-01 4.040622711181640625e-02
7.751890000000000169e-01 4.040622711181640625e-02
7.785050000000000026e-01 4.040622711181640625e-02
7.817859999999999809e-01 4.040622711181640625e-02
7.850880000000000081e-01 4.040622711181640625e-02
7.883609999999999784e-01 4.040622711181640625e-02
7.916640000000000343e-01 4.040622711181640625e-02
7.949600000000000000e-01 4.040622711181640625e-02
7.982390000000000319e-01 4.040622711181640625e-02
8.015849999999999920e-01 3.523159027099609375e-02
8.047199999999999909e-01 4.040622711181640625e-02
8.080389999999999517e-01 4.040622711181640625e-02
8.111610000000000209e-01 4.040622711181640625e-02
8.144799999999999818e-01 4.040622711181640625e-02
8.177740000000000009e-01 4.040622711181640625e-02
8.210699999999999665e-01 4.040622711181640625e-02
8.242199999999999527e-01 4.040622711181640625e-02
8.273509999999999476e-01 4.040622711181640625e-02
8.306339999999999835e-01 4.040622711181640625e-02
8.337849999999999984e-01 4.040622711181640625e-02
8.370859999999999967e-01 4.040622711181640625e-02
8.404669999999999641e-01 4.040622711181640625e-02
8.520839999999999526e-01 4.040622711181640625e-02
8.555380000000000207e-01 4.040622711181640625e-02
8.588430000000000231e-01 4.040622711181640625e-02
8.621389999999999887e-01 4.040622711181640625e-02
8.654399999999999871e-01 4.040622711181640625e-02
8.689019999999999522e-01 4.040622711181640625e-02
8.721809999999999841e-01 4.040622711181640625e-02
8.754889999999999617e-01 4.040622711181640625e-02
8.788230000000000208e-01 4.040622711181640625e-02
8.821059999999999457e-01 4.040622711181640625e-02
8.853879999999999528e-01 4.040622711181640625e-02
8.886969999999999592e-01 4.040622711181640625e-02
8.919740000000000446e-01 4.040622711181640625e-02
8.953299999999999592e-01 4.040622711181640625e-02
8.985899999999999999e-01 4.040622711181640625e-02
9.017519999999999980e-01 2.648401260375976562e+00
9.050669999999999549e-01 2.700147628784179688e+00
9.083459999999999868e-01 4.040622711181640625e-02
9.116370000000000307e-01 4.040622711181640625e-02
9.147969999999999713e-01 4.040622711181640625e-02
9.180850000000000399e-01 4.040622711181640625e-02
9.213930000000000176e-01 4.040622711181640625e-02
9.246809999999999752e-01 4.040622711181640625e-02
9.279929999999999568e-01 4.040622711181640625e-02
9.312770000000000215e-01 4.040622711181640625e-02
9.345879999999999743e-01 4.040622711181640625e-02
9.378670000000000062e-01 2.318668365478515625e-01
9.411629999999999718e-01 4.040622711181640625e-02
9.444749999999999535e-01 4.040622711181640625e-02
9.477619999999999933e-01 4.040622711181640625e-02
9.510539999999999550e-01 4.040622711181640625e-02
9.545280000000000431e-01 4.040622711181640625e-02
9.578179999999999472e-01 4.040622711181640625e-02
9.691370000000000262e-01 4.040622711181640625e-02
9.728219999999999645e-01 4.040622711181640625e-02
9.765770000000000284e-01 4.040622711181640625e-02
9.799290000000000500e-01 4.040622711181640625e-02
9.831750000000000211e-01 4.040622711181640625e-02
9.864840000000000275e-01 3.523159027099609375e-02
9.897629999999999484e-01 4.040622711181640625e-02
9.929350000000000120e-01 4.040622711181640625e-02
9.963910000000000267e-01 4.040622711181640625e-02
9.995129999999999848e-01 4.040622711181640625e-02
1.003676000000000013e+00 3.523159027099609375e-02
1.007660000000000000e+00 4.040622711181640625e-02
1.011627999999999972e+00 4.040622711181640625e-02
1.015682999999999891e+00 4.040622711181640625e-02
1.019657999999999953e+00 4.040622711181640625e-02
1.023694000000000104e+00 4.040622711181640625e-02
1.027644999999999920e+00 4.040622711181640625e-02
1.031617000000000006e+00 4.040622711181640625e-02
1.035652000000000017e+00 2.607005119323730469e+00
1.039611999999999981e+00 2.876083374023437500e+00
1.043635000000000090e+00 4.558086395263671875e-02
1.047598000000000029e+00 4.040622711181640625e-02
1.051585999999999910e+00 4.040622711181640625e-02
1.055639999999999912e+00 4.040622711181640625e-02
1.059617999999999949e+00 4.040622711181640625e-02
1.063663000000000025e+00 4.040622711181640625e-02
1.067646000000000095e+00 4.040622711181640625e-02
1.071628000000000025e+00 4.040622711181640625e-02
1.075676000000000077e+00 4.040622711181640625e-02
1.079639000000000015e+00 4.040622711181640625e-02
1.084254000000000051e+00 4.040622711181640625e-02
1.096772999999999998e+00 4.040622711181640625e-02
1.101029000000000035e+00 4.040622711181640625e-02
1.105066000000000104e+00 4.040622711181640625e-02
1.109075999999999951e+00 4.040622711181640625e-02
1.113089999999999913e+00 4.040622711181640625e-02
1.117097999999999924e+00 4.040622711181640625e-02
1.121108999999999911e+00 4.040622711181640625e-02
1.125161000000000078e+00 4.040622711181640625e-02
1.129197000000000006e+00 4.040622711181640625e-02
1.133226000000000067e+00 4.040622711181640625e-02
1.137254999999999905e+00 4.388504028320312500e-01
1.141304000000000096e+00 4.040622711181640625e-02
1.145442000000000071e+00 4.040622711181640625e-02
1.149493000000000098e+00 4.040622711181640625e-02
1.153613999999999917e+00 4.040622711181640625e-02
1.157669000000000059e+00 4.040622711181640625e-02
1.161713999999999913e+00 4.040622711181640625e-02
1.165832999999999897e+00 4.040622711181640625e-02
1.169877999999999973e+00 4.040622711181640625e-02
1.174004999999999965e+00 4.040622711181640625e-02
1.178053000000000017e+00 4.040622711181640625e-02
1.182125000000000092e+00 4.040622711181640625e-02
1.186253000000000002e+00 4.040622711181640625e-02
1.190330000000000110e+00 4.040622711181640625e-02
1.194412000000000029e+00 4.040622711181640625e-02
1.198496000000000006e+00 4.040622711181640625e-02
1.202612999999999932e+00 4.040622711181640625e-02
1.206688999999999901e+00 4.040622711181640625e-02
1.219872999999999985e+00 4.040622711181640625e-02
1.224490999999999996e+00 4.040622711181640625e-02
1.229074000000000000e+00 4.040622711181640625e-02
1.233179000000000025e+00 4.040622711181640625e-02
1.237338000000000049e+00 4.040622711181640625e-02
1.241433000000000009e+00 4.040622711181640625e-02
1.245686000000000071e+00 4.040622711181640625e-02
1.249799000000000104e+00 4.040622711181640625e-02
1.253970999999999947e+00 4.040622711181640625e-02
1.258072999999999997e+00 4.040622711181640625e-02
1.262204000000000104e+00 4.040622711181640625e-02
1.266402000000000028e+00 4.040622711181640625e-02
1.270515000000000061e+00 4.040622711181640625e-02
1.274666999999999994e+00 4.040622711181640625e-02
1.278813999999999895e+00 4.040622711181640625e-02
1.282953999999999928e+00 4.040622711181640625e-02
1.287096000000000018e+00 4.040622711181640625e-02
1.291231999999999935e+00 4.040622711181640625e-02
1.295414000000000065e+00 4.040622711181640625e-02
1.299554000000000098e+00 4.040622711181640625e-02
1.303784000000000054e+00 3.523159027099609375e-02
1.309420000000000028e+00 4.040622711181640625e-02
1.315004000000000062e+00 4.040622711181640625e-02
1.319182000000000077e+00 4.040622711181640625e-02
1.323329999999999895e+00 4.040622711181640625e-02
1.327590999999999966e+00 2.751893043518066406e+00
1.340713000000000044e+00 4.040622711181640625e-02
1.345209000000000099e+00 4.040622711181640625e-02
1.349493999999999971e+00 4.040622711181640625e-02
1.353760000000000074e+00 4.040622711181640625e-02
1.357930999999999999e+00 4.040622711181640625e-02
1.362106000000000039e+00 4.040622711181640625e-02
1.366390999999999911e+00 4.040622711181640625e-02
1.370576000000000016e+00 4.040622711181640625e-02
1.374770999999999965e+00 4.040622711181640625e-02
1.379035999999999929e+00 4.040622711181640625e-02
1.383256000000000041e+00 4.040622711181640625e-02
1.387505999999999906e+00 4.040622711181640625e-02
1.391693999999999987e+00 4.040622711181640625e-02
1.395966000000000040e+00 4.040622711181640625e-02
1.400187000000000070e+00 4.040622711181640625e-02
1.407135999999999942e+00 4.040622711181640625e-02
1.417094999999999994e+00 4.040622711181640625e-02
1.431691999999999965e+00 4.040622711181640625e-02
1.440255999999999981e+00 4.040622711181640625e-02
1.463114999999999943e+00 4.040622711181640625e-02
1.480866000000000016e+00 4.040622711181640625e-02
1.490682000000000063e+00 4.040622711181640625e-02
1.513953000000000104e+00 4.040622711181640625e-02
1.524860000000000104e+00 4.040622711181640625e-02
1.529034000000000004e+00 4.040622711181640625e-02
1.533298999999999968e+00 4.040622711181640625e-02
1.537557999999999980e+00 4.040622711181640625e-02
1.541840000000000099e+00 5.075550079345703125e-02
1.546175999999999995e+00 2.819163322448730469e+00
1.550437999999999983e+00 2.772591590881347656e+00
1.554715999999999987e+00 4.040622711181640625e-02
1.558988000000000040e+00 4.040622711181640625e-02
1.563258000000000036e+00 4.040622711181640625e-02
1.567555000000000032e+00 4.040622711181640625e-02
1.571811000000000069e+00 4.040622711181640625e-02
1.576208999999999971e+00 4.040622711181640625e-02
1.580478000000000049e+00 4.040622711181640625e-02
1.584789999999999921e+00 4.040622711181640625e-02
1.589061999999999975e+00 4.040622711181640625e-02
1.593520000000000048e+00 4.040622711181640625e-02
1.597696000000000005e+00 4.040622711181640625e-02
1.601990999999999943e+00 4.040622711181640625e-02
1.606379000000000001e+00 4.040622711181640625e-02
1.610697000000000045e+00 4.040622711181640625e-02
1.615061999999999998e+00 4.040622711181640625e-02
1.619356000000000018e+00 4.040622711181640625e-02
1.623720999999999970e+00 4.040622711181640625e-02
1.628060999999999980e+00 4.040622711181640625e-02
1.640495000000000037e+00 4.040622711181640625e-02
1.646160999999999985e+00 4.040622711181640625e-02
1.650470000000000104e+00 4.040622711181640625e-02
1.654811999999999950e+00 4.040622711181640625e-02
1.659141999999999895e+00 4.040622711181640625e-02
1.663558000000000092e+00 4.040622711181640625e-02
1.667906000000000111e+00 4.040622711181640625e-02
1.672228999999999965e+00 4.040622711181640625e-02
1.676647999999999916e+00 4.040622711181640625e-02
1.680989000000000066e+00 4.040622711181640625e-02
1.685378000000000043e+00 4.040622711181640625e-02
1.689734000000000069e+00 4.040622711181640625e-02
1.694166999999999978e+00 4.040622711181640625e-02
1.698545999999999889e+00 4.040622711181640625e-02
1.702909000000000006e+00 4.040622711181640625e-02
1.707268000000000008e+00 4.040622711181640625e-02
1.711629000000000067e+00 4.040622711181640625e-02
1.716120000000000090e+00 4.040622711181640625e-02
1.720495000000000108e+00 4.040622711181640625e-02
1.724882999999999944e+00 4.040622711181640625e-02
1.729246000000000061e+00 4.040622711181640625e-02
1.733700000000000019e+00 4.040622711181640625e-02
1.738124999999999920e+00 4.040622711181640625e-02
1.742501999999999995e+00 4.040622711181640625e-02
1.746880999999999906e+00 4.040622711181640625e-02
1.751373999999999986e+00 4.040622711181640625e-02
1.763652999999999915e+00 4.040622711181640625e-02
1.769463000000000008e+00 4.040622711181640625e-02
1.774035000000000029e+00 4.040622711181640625e-02
1.778448999999999947e+00 5.075550079345703125e-02
1.782853999999999939e+00 4.040622711181640625e-02
1.787280999999999898e+00 4.040622711181640625e-02
1.791703999999999963e+00 4.040622711181640625e-02
1.796216999999999953e+00 4.040622711181640625e-02
1.800635999999999903e+00 4.040622711181640625e-02
1.805093999999999976e+00 4.040622711181640625e-02
1.809539000000000009e+00 4.040622711181640625e-02
1.814052999999999916e+00 4.040622711181640625e-02
1.818624000000000018e+00 4.040622711181640625e-02
1.823069999999999968e+00 4.040622711181640625e-02
1.827541000000000082e+00 4.040622711181640625e-02
1.831965000000000066e+00 4.040622711181640625e-02
1.836589999999999945e+00 4.040622711181640625e-02
1.841026999999999969e+00 4.040622711181640625e-02
1.845502999999999894e+00 4.040622711181640625e-02
1.849952999999999959e+00 4.040622711181640625e-02
1.854503999999999930e+00 4.040622711181640625e-02
1.858964999999999979e+00 4.040622711181640625e-02
1.863513999999999893e+00 4.040622711181640625e-02
1.867995999999999990e+00 4.040622711181640625e-02
1.872443000000000080e+00 4.040622711181640625e-02
1.885062999999999933e+00 4.040622711181640625e-02
1.890795000000000003e+00 4.040622711181640625e-02
1.895356999999999958e+00 4.040622711181640625e-02
1.899850999999999956e+00 4.040622711181640625e-02
1.904425000000000034e+00 4.040622711181640625e-02
1.908922999999999925e+00 4.040622711181640625e-02
1.913507000000000069e+00 4.040622711181640625e-02
1.918056999999999901e+00 4.040622711181640625e-02
1.922581000000000095e+00 4.040622711181640625e-02
1.927065999999999946e+00 4.040622711181640625e-02
1.931602999999999959e+00 4.040622711181640625e-02
1.936202999999999896e+00 4.040622711181640625e-02
1.940716000000000108e+00 4.040622711181640625e-02
1.945243999999999973e+00 2.327576637268066406e+00
1.949821999999999944e+00 4.040622711181640625e-02
1.954428000000000054e+00 4.040622711181640625e-02
1.958946999999999994e+00 4.040622711181640625e-02
1.963530999999999915e+00 4.040622711181640625e-02
1.968075000000000019e+00 4.040622711181640625e-02
1.972610999999999892e+00 4.040622711181640625e-02
1.977138999999999980e+00 4.040622711181640625e-02
1.981670999999999960e+00 4.040622711181640625e-02
1.986218999999999957e+00 4.040622711181640625e-02
1.989225999999999939e+00 4.040622711181640625e-02
1.992898000000000058e+00 4.040622711181640625e-02
2.003003999999999785e+00 4.040622711181640625e-02
2.007274999999999920e+00 4.040622711181640625e-02
2.010219999999999896e+00 4.040622711181640625e-02
2.013978999999999964e+00 4.040622711181640625e-02
2.017889999999999961e+00 4.040622711181640625e-02
2.021790999999999894e+00 4.040622711181640625e-02
2.025741000000000014e+00 4.040622711181640625e-02
2.029633000000000020e+00 4.040622711181640625e-02
2.033582000000000001e+00 4.040622711181640625e-02
2.037492999999999999e+00 4.040622711181640625e-02
2.041389000000000120e+00 5.593013763427734375e-02
2.045360000000000067e+00 4.040622711181640625e-02
2.049250999999999934e+00 4.040622711181640625e-02
2.053160000000000096e+00 4.040622711181640625e-02
2.057059999999999889e+00 4.040622711181640625e-02
2.060976000000000141e+00 4.040622711181640625e-02
2.064894999999999925e+00 4.040622711181640625e-02
2.068821999999999939e+00 4.040622711181640625e-02
2.072719000000000200e+00 4.040622711181640625e-02
2.076614000000000182e+00 4.040622711181640625e-02
2.080521000000000065e+00 4.040622711181640625e-02
2.084455999999999865e+00 4.040622711181640625e-02
2.088375999999999788e+00 4.040622711181640625e-02
2.091436999999999991e+00 4.040622711181640625e-02
2.095162999999999887e+00 4.040622711181640625e-02
2.099117000000000122e+00 4.040622711181640625e-02
2.103035999999999905e+00 4.040622711181640625e-02
2.106961999999999779e+00 4.040622711181640625e-02
2.110885999999999818e+00 4.040622711181640625e-02
2.119225000000000136e+00 4.040622711181640625e-02
2.125357999999999858e+00 4.040622711181640625e-02
2.129272999999999971e+00 4.040622711181640625e-02
2.133226000000000067e+00 4.040622711181640625e-02
2.137183999999999973e+00 4.040622711181640625e-02
2.141119999999999912e+00 4.040622711181640625e-02
2.145074000000000147e+00 4.040622711181640625e-02
2.149020000000000152e+00 4.040622711181640625e-02
2.152982999999999869e+00 4.040622711181640625e-02
2.156079000000000079e+00 5.593013763427734375e-02
2.159857000000000138e+00 6.251354217529296875e-01
2.163873000000000157e+00 4.040622711181640625e-02
2.167860999999999816e+00 4.040622711181640625e-02
2.171826999999999952e+00 4.040622711181640625e-02
2.175864999999999938e+00 4.040622711181640625e-02
2.179826999999999959e+00 4.040622711181640625e-02
2.183879000000000126e+00 4.040622711181640625e-02
2.187858999999999998e+00 4.040622711181640625e-02
2.191837000000000035e+00 4.040622711181640625e-02
2.195875000000000021e+00 4.040622711181640625e-02
2.199864999999999959e+00 6.110477447509765625e-02
2.203913000000000011e+00 7.662868499755859375e-02
2.207892000000000188e+00 4.040622711181640625e-02
2.211866000000000110e+00 4.040622711181640625e-02
2.215024999999999800e+00 4.040622711181640625e-02
2.218783000000000172e+00 4.040622711181640625e-02
2.222782000000000036e+00 4.040622711181640625e-02
2.226820000000000022e+00 4.040622711181640625e-02
2.230815999999999910e+00 4.040622711181640625e-02
2.234917999999999960e+00 4.040622711181640625e-02
2.245906999999999876e+00 4.040622711181640625e-02
2.250030999999999892e+00 4.040622711181640625e-02
2.254110999999999976e+00 4.040622711181640625e-02
2.258109000000000144e+00 4.040622711181640625e-02
2.262126999999999999e+00 4.040622711181640625e-02
2.266182000000000141e+00 4.040622711181640625e-02
2.270207999999999782e+00 4.040622711181640625e-02
2.274291999999999980e+00 4.040622711181640625e-02
2.278308000000000000e+00 4.040622711181640625e-02
2.282353000000000076e+00 4.040622711181640625e-02
2.286388999999999783e+00 4.040622711181640625e-02
2.290407000000000082e+00 4.040622711181640625e-02
2.294449999999999878e+00 4.040622711181640625e-02
2.298465999999999898e+00 4.040622711181640625e-02
2.302519000000000204e+00 4.040622711181640625e-02
2.306576999999999877e+00 4.040622711181640625e-02
2.310611999999999888e+00 4.040622711181640625e-02
2.314675999999999956e+00 4.040622711181640625e-02
2.318747999999999809e+00 4.040622711181640625e-02
2.321846999999999994e+00 4.040622711181640625e-02
2.324835000000000207e+00 4.040622711181640625e-02
2.328711999999999893e+00 4.040622711181640625e-02
2.332784999999999886e+00 4.040622711181640625e-02
2.336803999999999881e+00 4.040622711181640625e-02
2.340861999999999998e+00 4.040622711181640625e-02
2.344917999999999836e+00 4.040622711181640625e-02
2.348991999999999969e+00 4.040622711181640625e-02
2.353045999999999971e+00 4.040622711181640625e-02
2.357114000000000154e+00 4.040622711181640625e-02
2.367449000000000137e+00 4.040622711181640625e-02
2.371604000000000045e+00 4.040622711181640625e-02
2.375680000000000014e+00 4.040622711181640625e-02
2.379751999999999867e+00 4.040622711181640625e-02
2.383879999999999999e+00 4.040622711181640625e-02
2.387980000000000214e+00 4.040622711181640625e-02
2.392049999999999788e+00 4.040622711181640625e-02
2.395227000000000217e+00 4.040622711181640625e-02
2.399080999999999797e+00 4.040622711181640625e-02
2.403182999999999847e+00 4.040622711181640625e-02
2.407261000000000095e+00 4.040622711181640625e-02
2.416634999999999867e+00 4.040622711181640625e-02
2.422426999999999886e+00 4.040622711181640625e-02
2.435582000000000136e+00 4.040622711181640625e-02
2.456420000000000048e+00 4.040622711181640625e-02
2.467023999999999884e+00 4.040622711181640625e-02
2.480725000000000069e+00 4.040622711181640625e-02
2.495356000000000130e+00 4.040622711181640625e-02
2.499537000000000120e+00 4.040622711181640625e-02
2.503741000000000216e+00 4.040622711181640625e-02
2.507871000000000183e+00 4.040622711181640625e-02
2.512001000000000150e+00 4.040622711181640625e-02
2.516213000000000033e+00 4.040622711181640625e-02
2.520338000000000189e+00 4.040622711181640625e-02
2.524477000000000082e+00 4.040622711181640625e-02
2.528607000000000049e+00 4.040622711181640625e-02
2.532732999999999901e+00 4.040622711181640625e-02
2.536979000000000095e+00 4.040622711181640625e-02
2.541090000000000071e+00 4.040622711181640625e-02
2.545265999999999806e+00 4.040622711181640625e-02
2.549395000000000078e+00 4.040622711181640625e-02
2.553582000000000019e+00 4.040622711181640625e-02
2.557707999999999871e+00 4.040622711181640625e-02
2.561856000000000133e+00 4.040622711181640625e-02
2.566057999999999950e+00 4.040622711181640625e-02
2.569250999999999951e+00 4.040622711181640625e-02
2.573179000000000105e+00 4.040622711181640625e-02
2.577348000000000194e+00 4.040622711181640625e-02
2.581504999999999939e+00 4.040622711181640625e-02
2.585736999999999952e+00 4.040622711181640625e-02
2.589885999999999910e+00 4.040622711181640625e-02
2.593001999999999807e+00 4.040622711181640625e-02
2.597018999999999966e+00 4.040622711181640625e-02
2.605605000000000171e+00 4.040622711181640625e-02
2.609903999999999780e+00 4.040622711181640625e-02
2.613716000000000150e+00 4.040622711181640625e-02
2.617035000000000000e+00 4.040622711181640625e-02
2.620014999999999983e+00 4.040622711181640625e-02
2.624007999999999896e+00 4.040622711181640625e-02
2.628175000000000150e+00 4.040622711181640625e-02
2.632352000000000025e+00 4.040622711181640625e-02
2.636607999999999841e+00 4.040622711181640625e-02
2.640773999999999955e+00 4.040622711181640625e-02
2.644991999999999788e+00 4.040622711181640625e-02
2.649175000000000058e+00 4.040622711181640625e-02
2.653398999999999841e+00 4.040622711181640625e-02
2.657532999999999923e+00 4.040622711181640625e-02
2.661713000000000218e+00 4.040622711181640625e-02
2.665970999999999869e+00 4.040622711181640625e-02
2.670157000000000114e+00 4.040622711181640625e-02
2.674427000000000110e+00 4.040622711181640625e-02
2.677652000000000143e+00 4.040622711181640625e-02
2.680639000000000216e+00 4.040622711181640625e-02
2.683635999999999910e+00 4.040622711181640625e-02
2.687635999999999914e+00 4.040622711181640625e-02
2.690837000000000145e+00 4.040622711181640625e-02
2.695939000000000085e+00 4.040622711181640625e-02
2.700969000000000175e+00 4.040622711181640625e-02
2.706085999999999991e+00 4.040622711181640625e-02
2.711126999999999843e+00 4.558086395263671875e-02
2.724333000000000116e+00 4.040622711181640625e-02
2.730801000000000034e+00 4.040622711181640625e-02
2.736015999999999782e+00 4.040622711181640625e-02
2.741207000000000171e+00 4.040622711181640625e-02
2.746363999999999805e+00 4.040622711181640625e-02
2.751430000000000042e+00 4.040622711181640625e-02
2.756588999999999956e+00 4.040622711181640625e-02
2.761673000000000044e+00 4.040622711181640625e-02
2.766836000000000073e+00 4.040622711181640625e-02
2.771917999999999882e+00 4.040622711181640625e-02
2.777088000000000001e+00 4.040622711181640625e-02
2.782166999999999835e+00 4.040622711181640625e-02
2.787336999999999954e+00 4.040622711181640625e-02
2.792330000000000201e+00 4.040622711181640625e-02
2.796625999999999834e+00 4.040622711181640625e-02
2.799838999999999967e+00 4.040622711181640625e-02
2.802824000000000204e+00 4.040622711181640625e-02
2.806979999999999809e+00 4.040622711181640625e-02
2.810217000000000187e+00 4.040622711181640625e-02
2.814395000000000202e+00 4.040622711181640625e-02
2.818694999999999951e+00 4.040622711181640625e-02
2.822960000000000136e+00 4.040622711181640625e-02
2.827221999999999902e+00 4.040622711181640625e-02
2.831510000000000193e+00 4.040622711181640625e-02
2.835914999999999964e+00 4.040622711181640625e-02
2.847593999999999959e+00 4.040622711181640625e-02
2.851977999999999902e+00 4.040622711181640625e-02
2.856330999999999953e+00 4.040622711181640625e-02
2.860613999999999990e+00 4.040622711181640625e-02
2.864933000000000174e+00 4.040622711181640625e-02
2.869206000000000145e+00 4.040622711181640625e-02
2.873629999999999907e+00 4.040622711181640625e-02
2.877930999999999795e+00 4.040622711181640625e-02
2.882217999999999947e+00 4.040622711181640625e-02
2.886559999999999793e+00 4.040622711181640625e-02
2.890865999999999936e+00 4.040622711181640625e-02
2.895176999999999889e+00 4.040622711181640625e-02
2.899472999999999967e+00 4.040622711181640625e-02
2.903836000000000084e+00 4.040622711181640625e-02
2.908148000000000177e+00 4.040622711181640625e-02
2.912444999999999951e+00 4.040622711181640625e-02
2.916798000000000002e+00 4.040622711181640625e-02
2.920027999999999846e+00 4.040622711181640625e-02
2.924214999999999787e+00 4.040622711181640625e-02
2.928542999999999896e+00 4.040622711181640625e-02
2.932875000000000121e+00 4.040622711181640625e-02
2.937177000000000149e+00 4.040622711181640625e-02
2.941507999999999790e+00 4.040622711181640625e-02
2.945892999999999873e+00 4.040622711181640625e-02
2.950232000000000188e+00 4.040622711181640625e-02
2.954562000000000133e+00 4.040622711181640625e-02
2.957819000000000198e+00 4.040622711181640625e-02
2.966369999999999951e+00 4.040622711181640625e-02
2.971775000000000055e+00 4.040622711181640625e-02
2.976214000000000137e+00 4.040622711181640625e-02
2.980560000000000098e+00 4.040622711181640625e-02
2.984909000000000034e+00 4.040622711181640625e-02
2.989265000000000061e+00 4.040622711181640625e-02
2.993669999999999831e+00 4.040622711181640625e-02
2.998022000000000187e+00 4.040622711181640625e-02
3.002381999999999884e+00 4.040622711181640625e-02
3.005682000000000187e+00 4.040622711181640625e-02
3.009828999999999866e+00 4.040622711181640625e-02
3.014260000000000161e+00 4.040622711181640625e-02
3.018616999999999884e+00 4.040622711181640625e-02
3.022996000000000016e+00 4.040622711181640625e-02
3.027346999999999788e+00 4.040622711181640625e-02
3.031700999999999979e+00 4.040622711181640625e-02
3.035034000000000010e+00 4.040622711181640625e-02
3.039244000000000057e+00 4.040622711181640625e-02
3.043680000000000163e+00 4.040622711181640625e-02
3.048331999999999820e+00 4.040622711181640625e-02
3.052604000000000095e+00 4.040622711181640625e-02
3.056974999999999998e+00 4.040622711181640625e-02
3.061345000000000205e+00 4.040622711181640625e-02
3.065789000000000097e+00 4.040622711181640625e-02
3.069069999999999965e+00 4.040622711181640625e-02
3.073300999999999839e+00 4.040622711181640625e-02
3.077682999999999947e+00 4.040622711181640625e-02
3.082097000000000087e+00 4.040622711181640625e-02
3.093855000000000022e+00 4.040622711181640625e-02
3.098336000000000201e+00 4.040622711181640625e-02
3.102740999999999971e+00 4.040622711181640625e-02
3.107145000000000046e+00 4.040622711181640625e-02
3.111547999999999981e+00 4.040622711181640625e-02
3.115993000000000013e+00 4.040622711181640625e-02
3.120385999999999882e+00 4.040622711181640625e-02
3.124808999999999948e+00 4.040622711181640625e-02
3.129214999999999858e+00 4.040622711181640625e-02
3.133690999999999782e+00 4.040622711181640625e-02
3.138093000000000021e+00 4.040622711181640625e-02
3.142504999999999882e+00 4.040622711181640625e-02
3.146898999999999891e+00 4.040622711181640625e-02
3.151352999999999849e+00 4.040622711181640625e-02
3.155819999999999848e+00 4.040622711181640625e-02
3.160254999999999814e+00 4.040622711181640625e-02
3.164674000000000209e+00 4.040622711181640625e-02
3.169094999999999995e+00 4.040622711181640625e-02
3.173569999999999780e+00 4.040622711181640625e-02
3.177996999999999961e+00 4.040622711181640625e-02
3.182414000000000076e+00 4.040622711181640625e-02
3.186875000000000124e+00 4.040622711181640625e-02
3.191304000000000141e+00 4.040622711181640625e-02
3.195883999999999947e+00 4.040622711181640625e-02
3.200352999999999781e+00 4.040622711181640625e-02
3.203672000000000075e+00 4.040622711181640625e-02
3.212323000000000039e+00 4.040622711181640625e-02
3.217007999999999868e+00 4.040622711181640625e-02
3.221967999999999943e+00 4.040622711181640625e-02
3.226480000000000015e+00 4.040622711181640625e-02
3.230932000000000137e+00 4.040622711181640625e-02
3.235405999999999782e+00 4.040622711181640625e-02
3.239846000000000004e+00 4.040622711181640625e-02
3.244371000000000116e+00 4.040622711181640625e-02
3.248816999999999844e+00 4.040622711181640625e-02
3.253270000000000106e+00 4.040622711181640625e-02
3.257728999999999875e+00 4.040622711181640625e-02
3.262191000000000063e+00 4.040622711181640625e-02
3.266712000000000060e+00 4.040622711181640625e-02
3.271202999999999861e+00 4.040622711181640625e-02
3.275771000000000210e+00 4.040622711181640625e-02
3.280229999999999979e+00 4.040622711181640625e-02
3.284710000000000019e+00 4.040622711181640625e-02
3.289200999999999819e+00 4.040622711181640625e-02
3.293763000000000218e+00 4.040622711181640625e-02
3.298235000000000028e+00 4.040622711181640625e-02
3.302712999999999788e+00 4.040622711181640625e-02
3.307195000000000107e+00 4.040622711181640625e-02
3.311671000000000031e+00 4.040622711181640625e-02
3.316225000000000200e+00 4.040622711181640625e-02
3.320740999999999943e+00 4.040622711181640625e-02
3.325352000000000086e+00 4.040622711181640625e-02
3.337298999999999793e+00 4.040622711181640625e-02
3.341883999999999855e+00 4.040622711181640625e-02
3.346462999999999965e+00 4.040622711181640625e-02
3.350957999999999881e+00 4.040622711181640625e-02
3.355459999999999887e+00 4.040622711181640625e-02
3.358820000000000139e+00 4.040622711181640625e-02
3.363110999999999962e+00 4.040622711181640625e-02
3.367612999999999968e+00 4.040622711181640625e-02
3.372110999999999859e+00 4.040622711181640625e-02
3.376688000000000134e+00 4.040622711181640625e-02
3.381197999999999926e+00 4.040622711181640625e-02
3.384614000000000011e+00 4.040622711181640625e-02
3.388926999999999801e+00 4.040622711181640625e-02
3.393505999999999911e+00 4.040622711181640625e-02
3.398052999999999990e+00 4.040622711181640625e-02
3.402575999999999823e+00 4.040622711181640625e-02
3.407103000000000215e+00 4.040622711181640625e-02
3.411636000000000113e+00 4.040622711181640625e-02
3.415042999999999829e+00 4.040622711181640625e-02
3.421215999999999813e+00 4.040622711181640625e-02
3.435092000000000034e+00 4.040622711181640625e-02
3.443281999999999954e+00 4.040622711181640625e-02
3.474870999999999821e+00 4.040622711181640625e-02
3.484272999999999954e+00 4.040622711181640625e-02
3.497034000000000198e+00 4.040622711181640625e-02
3.518994000000000177e+00 4.040622711181640625e-02
3.524888999999999939e+00 4.040622711181640625e-02
3.530418000000000056e+00 4.040622711181640625e-02
3.535976999999999926e+00 4.040622711181640625e-02
3.541528000000000009e+00 4.040622711181640625e-02
3.547166999999999959e+00 4.040622711181640625e-02
3.552703000000000166e+00 4.040622711181640625e-02
3.558248999999999995e+00 4.040622711181640625e-02
3.563881999999999994e+00 4.040622711181640625e-02
3.569468000000000085e+00 4.040622711181640625e-02
3.575136999999999787e+00 4.040622711181640625e-02
3.580680999999999781e+00 4.040622711181640625e-02
3.586339999999999861e+00 4.040622711181640625e-02
3.591880999999999879e+00 4.040622711181640625e-02
3.597634999999999916e+00 4.040622711181640625e-02
3.602203999999999962e+00 4.040622711181640625e-02
3.605672999999999906e+00 4.040622711181640625e-02
3.608807000000000098e+00 4.040622711181640625e-02
3.613229000000000024e+00 4.040622711181640625e-02
3.616626999999999814e+00 4.040622711181640625e-02
3.621065999999999896e+00 4.040622711181640625e-02
3.633335000000000203e+00 4.040622711181640625e-02
3.638320000000000221e+00 4.040622711181640625e-02
3.642914999999999903e+00 4.040622711181640625e-02
3.647533999999999832e+00 4.040622711181640625e-02
3.652127999999999819e+00 4.040622711181640625e-02
3.656775000000000109e+00 4.040622711181640625e-02
3.661364999999999981e+00 4.040622711181640625e-02
3.664874999999999883e+00 4.040622711181640625e-02
3.669303000000000203e+00 4.040622711181640625e-02
3.673970999999999876e+00 4.040622711181640625e-02
3.678573000000000093e+00 4.040622711181640625e-02
3.683193999999999857e+00 4.040622711181640625e-02
3.687803999999999860e+00 4.040622711181640625e-02
3.692409000000000052e+00 4.040622711181640625e-02
3.697029000000000121e+00 4.040622711181640625e-02
3.700435999999999837e+00 4.040622711181640625e-02
3.704902000000000140e+00 4.040622711181640625e-02
3.709518000000000093e+00 4.040622711181640625e-02
3.714186999999999905e+00 4.040622711181640625e-02
3.717607000000000106e+00 4.040622711181640625e-02
3.722042000000000073e+00 4.040622711181640625e-02
3.726717999999999975e+00 4.040622711181640625e-02
3.731348000000000109e+00 4.040622711181640625e-02
3.736050000000000093e+00 4.040622711181640625e-02
3.739456000000000113e+00 4.040622711181640625e-02
3.744015000000000093e+00 4.040622711181640625e-02
3.754941000000000084e+00 4.040622711181640625e-02
3.759669999999999845e+00 4.040622711181640625e-02
3.764371999999999829e+00 4.040622711181640625e-02
3.769038999999999806e+00 4.040622711181640625e-02
3.772451000000000221e+00 4.040622711181640625e-02
3.777007999999999921e+00 4.040622711181640625e-02
3.780425000000000146e+00 4.040622711181640625e-02
3.784933000000000103e+00 4.040622711181640625e-02
3.789588999999999874e+00 4.040622711181640625e-02
3.794306000000000179e+00 4.040622711181640625e-02
3.798967999999999900e+00 4.040622711181640625e-02
3.803690000000000015e+00 4.040622711181640625e-02
3.808364999999999778e+00 4.040622711181640625e-02
3.813023999999999969e+00 4.040622711181640625e-02
3.816448999999999980e+00 4.040622711181640625e-02
3.820961000000000052e+00 4.040622711181640625e-02
3.824415999999999816e+00 4.040622711181640625e-02
3.828930000000000167e+00 4.040622711181640625e-02
3.833670000000000133e+00 4.040622711181640625e-02
3.838340999999999781e+00 4.040622711181640625e-02
3.843024000000000218e+00 4.040622711181640625e-02
3.846414999999999917e+00 4.040622711181640625e-02
3.850919000000000203e+00 4.040622711181640625e-02
3.855602000000000196e+00 4.040622711181640625e-02
3.859099000000000057e+00 4.040622711181640625e-02
3.863834000000000213e+00 4.040622711181640625e-02
3.867215999999999987e+00 4.040622711181640625e-02
3.878308000000000089e+00 4.040622711181640625e-02
3.883179000000000158e+00 4.040622711181640625e-02
3.886616000000000071e+00 4.040622711181640625e-02
3.891401999999999806e+00 4.040622711181640625e-02
3.896606999999999932e+00 4.040622711181640625e-02
3.901909999999999989e+00 4.040622711181640625e-02
3.907167999999999974e+00 4.040622711181640625e-02
3.911129999999999995e+00 4.040622711181640625e-02
3.916749999999999954e+00 4.040622711181640625e-02
3.922073999999999838e+00 4.040622711181640625e-02
3.930254000000000136e+00 4.040622711181640625e-02
3.935054000000000052e+00 4.040622711181640625e-02
3.939829000000000025e+00 4.040622711181640625e-02
3.944742999999999888e+00 4.040622711181640625e-02
3.949491999999999781e+00 4.040622711181640625e-02
3.954356999999999900e+00 4.040622711181640625e-02
3.959140000000000104e+00 4.040622711181640625e-02
3.962613000000000163e+00 4.040622711181640625e-02
3.967407999999999824e+00 4.040622711181640625e-02
3.972198000000000118e+00 4.040622711181640625e-02
3.977091000000000154e+00 4.040622711181640625e-02
3.981892000000000209e+00 4.040622711181640625e-02
3.986768000000000089e+00 4.040622711181640625e-02
3.991728999999999861e+00 4.040622711181640625e-02
4.004470999999999670e+00 4.040622711181640625e-02
4.009718999999999589e+00 4.040622711181640625e-02
4.014580999999999733e+00 4.040622711181640625e-02
4.019363000000000241e+00 4.040622711181640625e-02
4.024268000000000178e+00 4.040622711181640625e-02
4.029094999999999871e+00 4.040622711181640625e-02
4.033978000000000286e+00 4.040622711181640625e-02
4.037414000000000058e+00 4.040622711181640625e-02
4.042111000000000232e+00 4.040622711181640625e-02
4.046984000000000137e+00 4.040622711181640625e-02
4.051820000000000199e+00 4.040622711181640625e-02
4.056688000000000294e+00 4.040622711181640625e-02
4.061531999999999698e+00 4.040622711181640625e-02
4.066449000000000424e+00 4.040622711181640625e-02
4.071274999999999977e+00 4.040622711181640625e-02
4.074853000000000058e+00 4.040622711181640625e-02
4.079520999999999731e+00 4.040622711181640625e-02
4.084375999999999785e+00 4.040622711181640625e-02
4.089169000000000054e+00 4.040622711181640625e-02
4.092639000000000138e+00 4.040622711181640625e-02
4.097387999999999586e+00 4.040622711181640625e-02
4.102187999999999946e+00 4.040622711181640625e-02
4.107054999999999900e+00 4.040622711181640625e-02
4.111837999999999660e+00 4.040622711181640625e-02
4.122365000000000279e+00 4.040622711181640625e-02
4.128195999999999977e+00 4.040622711181640625e-02
4.133104000000000333e+00 4.040622711181640625e-02
4.137908000000000364e+00 4.040622711181640625e-02
4.142729000000000106e+00 4.040622711181640625e-02
4.147505999999999915e+00 4.040622711181640625e-02
4.152313999999999616e+00 4.040622711181640625e-02
4.157199999999999562e+00 4.040622711181640625e-02
4.162029999999999674e+00 4.040622711181640625e-02
4.166909999999999670e+00 4.040622711181640625e-02
4.171723000000000070e+00 4.040622711181640625e-02
4.176628000000000007e+00 4.040622711181640625e-02
4.181473999999999691e+00 4.040622711181640625e-02
4.186380999999999908e+00 4.040622711181640625e-02
4.191215999999999831e+00 4.040622711181640625e-02
4.196111000000000146e+00 4.040622711181640625e-02
4.200956999999999830e+00 4.040622711181640625e-02
4.205852000000000146e+00 4.040622711181640625e-02
4.210695000000000299e+00 4.040622711181640625e-02
4.215536000000000172e+00 4.040622711181640625e-02
4.219073999999999991e+00 4.040622711181640625e-02
4.223768999999999885e+00 4.040622711181640625e-02
4.227216999999999558e+00 4.040622711181640625e-02
4.231912999999999592e+00 4.040622711181640625e-02
4.240815999999999697e+00 4.040622711181640625e-02
4.246781999999999613e+00 4.040622711181640625e-02
4.251595000000000013e+00 4.040622711181640625e-02
4.256517999999999802e+00 4.040622711181640625e-02
4.260031999999999819e+00 4.040622711181640625e-02
4.264764000000000443e+00 4.040622711181640625e-02
4.269625999999999699e+00 4.040622711181640625e-02
4.274573000000000178e+00 4.040622711181640625e-02
4.279456999999999844e+00 4.040622711181640625e-02
4.284380999999999773e+00 4.040622711181640625e-02
4.289261999999999908e+00 4.040622711181640625e-02
4.294204999999999828e+00 4.040622711181640625e-02
4.299119000000000135e+00 4.040622711181640625e-02
4.302679000000000364e+00 4.040622711181640625e-02
4.308707000000000065e+00 4.040622711181640625e-02
4.315001999999999782e+00 4.040622711181640625e-02
4.321031999999999762e+00 4.040622711181640625e-02
4.327163999999999788e+00 4.040622711181640625e-02
4.333201999999999998e+00 4.040622711181640625e-02
4.339216000000000406e+00 4.040622711181640625e-02
4.345358000000000054e+00 4.040622711181640625e-02
4.351378999999999664e+00 4.040622711181640625e-02
4.365759999999999863e+00 4.040622711181640625e-02
4.373187999999999853e+00 4.040622711181640625e-02
4.379745999999999917e+00 4.040622711181640625e-02
4.385824000000000389e+00 4.040622711181640625e-02
4.391866000000000270e+00 4.040622711181640625e-02
4.398011000000000337e+00 4.040622711181640625e-02
4.403843000000000174e+00 4.040622711181640625e-02
4.408771999999999913e+00 4.040622711181640625e-02
4.413757999999999626e+00 4.040622711181640625e-02
4.420790000000000219e+00 4.040622711181640625e-02
4.435610999999999748e+00 4.040622711181640625e-02
4.446070999999999884e+00 4.040622711181640625e-02
4.471390000000000420e+00 4.040622711181640625e-02
4.489024999999999821e+00 4.040622711181640625e-02
4.505321000000000353e+00 4.040622711181640625e-02
4.510818000000000438e+00 4.040622711181640625e-02
4.516077000000000119e+00 4.040622711181640625e-02
4.521004999999999718e+00 4.040622711181640625e-02
4.526082999999999856e+00 4.040622711181640625e-02
4.531020999999999965e+00 4.040622711181640625e-02
4.536063000000000400e+00 4.040622711181640625e-02
4.541014999999999802e+00 4.040622711181640625e-02
4.546128000000000391e+00 4.040622711181640625e-02
4.551091000000000442e+00 4.040622711181640625e-02
4.556153000000000119e+00 4.040622711181640625e-02
4.561105000000000409e+00 4.040622711181640625e-02
4.566159999999999997e+00 4.040622711181640625e-02
4.571113999999999677e+00 4.040622711181640625e-02
4.576201000000000185e+00 4.040622711181640625e-02
4.581209000000000309e+00 4.040622711181640625e-02
4.586268999999999707e+00 4.040622711181640625e-02
4.589824000000000126e+00 4.040622711181640625e-02
4.593271999999999800e+00 4.040622711181640625e-02
4.598093999999999681e+00 4.040622711181640625e-02
4.603091000000000044e+00 4.040622711181640625e-02
4.606690000000000396e+00 4.040622711181640625e-02
4.611506000000000327e+00 4.040622711181640625e-02
4.622208999999999790e+00 4.040622711181640625e-02
4.628161000000000413e+00 4.040622711181640625e-02
4.633197000000000010e+00 4.040622711181640625e-02
4.638198000000000043e+00 4.040622711181640625e-02
4.641811999999999827e+00 4.040622711181640625e-02
4.646739000000000175e+00 4.040622711181640625e-02
4.651753000000000249e+00 4.040622711181640625e-02
4.656856000000000328e+00 4.040622711181640625e-02
4.660363000000000255e+00 4.040622711181640625e-02
4.663808999999999649e+00 4.040622711181640625e-02
4.668654000000000082e+00 4.040622711181640625e-02
4.672240999999999644e+00 4.040622711181640625e-02
4.677144000000000190e+00 4.040622711181640625e-02
4.682216999999999629e+00 4.040622711181640625e-02
4.687306999999999668e+00 4.040622711181640625e-02
4.692334999999999923e+00 4.040622711181640625e-02
4.697421000000000291e+00 4.040622711181640625e-02
4.702454999999999607e+00 4.040622711181640625e-02
4.706038999999999639e+00 4.040622711181640625e-02
4.709499000000000102e+00 4.040622711181640625e-02
4.714419999999999611e+00 4.040622711181640625e-02
4.719483000000000317e+00 4.040622711181640625e-02
4.724566000000000265e+00 4.040622711181640625e-02
4.729603000000000002e+00 4.040622711181640625e-02
4.733210999999999835e+00 1.232004165649414062e-01
4.738197000000000436e+00 2.400020599365234375e+00
4.749628999999999657e+00 2.529385566711425781e+00
4.754717000000000304e+00 2.513861656188964844e+00
4.759822999999999915e+00 2.570782661437988281e+00
4.763471000000000011e+00 2.596655845642089844e+00
4.768375999999999948e+00 2.581131935119628906e+00
4.773533999999999722e+00 2.555258750915527344e+00
4.778647999999999563e+00 2.524210929870605469e+00
4.783839999999999648e+00 2.539734840393066406e+00
4.787467000000000361e+00 2.529385566711425781e+00
4.792422000000000182e+00 2.519036293029785156e+00
4.797527999999999793e+00 2.472465515136718750e+00
4.802636999999999823e+00 2.451766967773437500e+00
4.807726999999999862e+00 2.425893783569335938e+00
4.812851000000000212e+00 2.400020599365234375e+00
4.817980999999999625e+00 2.400020599365234375e+00
4.821602999999999639e+00 2.358624458312988281e+00
4.826585999999999821e+00 2.337925910949707031e+00
4.831718000000000401e+00 2.363799095153808594e+00
4.836901000000000117e+00 2.394845962524414062e+00
4.842026999999999859e+00 2.431068420410156250e+00
4.847210999999999714e+00 2.446592330932617188e+00
4.852335000000000065e+00 2.436243057250976562e+00
4.856015000000000192e+00 2.441417694091796875e+00
4.860999999999999766e+00 2.446592330932617188e+00
4.869940999999999853e+00 2.462116241455078125e+00
4.876178999999999597e+00 2.467290878295898438e+00
4.881167999999999729e+00 2.451766967773437500e+00
4.886489000000000082e+00 2.467290878295898438e+00
4.891593000000000302e+00 2.477640151977539062e+00
4.896760999999999697e+00 2.487989425659179688e+00
4.901894999999999669e+00 2.472465515136718750e+00
4.907072999999999574e+00 2.482814788818359375e+00
4.912192000000000114e+00 2.575957298278808594e+00
4.917353999999999559e+00 2.607005119323730469e+00
4.921038000000000245e+00 2.617353439331054688e+00
4.926085999999999743e+00 2.632877349853515625e+00
4.931205000000000283e+00 2.627702713012695312e+00
4.936398999999999759e+00 2.586306571960449219e+00
4.940050000000000274e+00 2.607005119323730469e+00
4.945043000000000077e+00 2.581131935119628906e+00
4.950145000000000017e+00 2.539734840393066406e+00
4.955282000000000409e+00 2.596655845642089844e+00
4.960424999999999862e+00 2.581131935119628906e+00
4.965552999999999884e+00 2.638051986694335938e+00
4.970674999999999955e+00 2.669099807739257812e+00
4.975835000000000008e+00 2.643226623535156250e+00
4.981057999999999986e+00 2.627702713012695312e+00
4.994406999999999819e+00 2.627702713012695312e+00
4.999628999999999657e+00 2.632877349853515625e+00
5.004838000000000342e+00 2.638051986694335938e+00
5.009971000000000174e+00 2.638051986694335938e+00
5.015138000000000318e+00 2.632877349853515625e+00
5.020307999999999993e+00 2.607005119323730469e+00
5.025479999999999947e+00 2.570782661437988281e+00
5.030617999999999590e+00 2.529385566711425781e+00
5.035783000000000342e+00 2.508687019348144531e+00
5.040967000000000198e+00 2.503512382507324219e+00
5.046208000000000027e+00 2.477640151977539062e+00
5.049840999999999802e+00 2.487989425659179688e+00
5.054899999999999949e+00 2.487989425659179688e+00
5.060076999999999714e+00 2.508687019348144531e+00
5.065259000000000178e+00 2.508687019348144531e+00
5.070416999999999952e+00 2.513861656188964844e+00
5.075597000000000136e+00 2.529385566711425781e+00
5.080782000000000131e+00 2.544909477233886719e+00
5.086078999999999795e+00 2.555258750915527344e+00
5.091244999999999798e+00 2.586306571960449219e+00
5.096498999999999668e+00 2.586306571960449219e+00
5.101728999999999736e+00 2.586306571960449219e+00
5.114791999999999561e+00 2.617353439331054688e+00
5.120058000000000220e+00 2.601830482482910156e+00
5.125264999999999738e+00 2.596655845642089844e+00
5.130448000000000341e+00 2.601830482482910156e+00
5.135652999999999579e+00 2.596655845642089844e+00
5.140838999999999714e+00 2.622528076171875000e+00
5.146128000000000036e+00 2.617353439331054688e+00
5.149812999999999974e+00 2.591481208801269531e+00
5.154873000000000260e+00 2.575957298278808594e+00
5.160065999999999597e+00 2.575957298278808594e+00
5.165295000000000414e+00 2.575957298278808594e+00
5.170479000000000269e+00 2.586306571960449219e+00
5.175697999999999688e+00 2.601830482482910156e+00
5.180888999999999633e+00 2.586306571960449219e+00
5.186251000000000388e+00 2.591481208801269531e+00
5.191435000000000244e+00 2.596655845642089844e+00
5.196749999999999758e+00 2.601830482482910156e+00
5.200432000000000166e+00 2.596655845642089844e+00
5.205498999999999654e+00 2.591481208801269531e+00
5.210719000000000101e+00 2.596655845642089844e+00
5.216007000000000282e+00 2.586306571960449219e+00
5.221230000000000260e+00 2.586306571960449219e+00
5.226534000000000013e+00 2.591481208801269531e+00
5.239589999999999748e+00 2.570782661437988281e+00
5.244964000000000404e+00 2.581131935119628906e+00
5.250182999999999822e+00 2.575957298278808594e+00
5.255441000000000251e+00 2.581131935119628906e+00
5.260666999999999760e+00 2.596655845642089844e+00
5.265920000000000378e+00 2.601830482482910156e+00
5.271156000000000397e+00 2.622528076171875000e+00
5.276480000000000281e+00 2.627702713012695312e+00
5.281728000000000200e+00 2.622528076171875000e+00
5.287090000000000067e+00 2.622528076171875000e+00
5.292333000000000176e+00 2.627702713012695312e+00
5.297591999999999857e+00 2.622528076171875000e+00
5.302838000000000385e+00 2.622528076171875000e+00
5.308135000000000048e+00 2.601830482482910156e+00
5.311847000000000207e+00 2.601830482482910156e+00
5.317042999999999964e+00 2.586306571960449219e+00
5.322305000000000064e+00 2.565608024597167969e+00
5.327626999999999668e+00 2.555258750915527344e+00
5.332896999999999998e+00 2.560433387756347656e+00
5.336629000000000289e+00 2.550084114074707031e+00
5.341700999999999588e+00 2.550084114074707031e+00
5.347048000000000023e+00 2.555258750915527344e+00
5.357911999999999786e+00 2.560433387756347656e+00
5.364406999999999925e+00 2.607005119323730469e+00
5.369684000000000346e+00 2.617353439331054688e+00
5.373435999999999879e+00 2.648401260375976562e+00
5.377012999999999820e+00 2.653575897216796875e+00
5.382122999999999990e+00 2.658750534057617188e+00
5.387523999999999980e+00 2.653575897216796875e+00
5.391210000000000058e+00 2.653575897216796875e+00
5.394815999999999612e+00 2.658750534057617188e+00
5.398412000000000432e+00 2.653575897216796875e+00
5.403580999999999968e+00 2.653575897216796875e+00
5.408878999999999770e+00 2.643226623535156250e+00
5.414246999999999588e+00 2.638051986694335938e+00
5.419528999999999819e+00 2.648401260375976562e+00
5.427289000000000030e+00 2.643226623535156250e+00
5.440516999999999825e+00 2.648401260375976562e+00
5.452085000000000292e+00 2.643226623535156250e+00
5.478915999999999897e+00 2.627702713012695312e+00
5.490375000000000227e+00 2.617353439331054688e+00
5.505266999999999911e+00 2.617353439331054688e+00
5.518671000000000326e+00 2.622528076171875000e+00
5.524386999999999937e+00 2.622528076171875000e+00
5.529703999999999731e+00 2.617353439331054688e+00
5.533447999999999922e+00 2.607005119323730469e+00
5.537020000000000053e+00 2.612179756164550781e+00
5.540612000000000315e+00 2.622528076171875000e+00
5.545772000000000368e+00 2.607005119323730469e+00
5.551115000000000244e+00 2.612179756164550781e+00
5.556544999999999845e+00 2.612179756164550781e+00
5.561881999999999771e+00 2.617353439331054688e+00
5.567305000000000170e+00 2.612179756164550781e+00
5.570961999999999748e+00 2.612179756164550781e+00
5.576162000000000063e+00 2.612179756164550781e+00
5.581514999999999560e+00 2.612179756164550781e+00
5.586914000000000158e+00 2.612179756164550781e+00
5.592312999999999867e+00 2.612179756164550781e+00
5.597719999999999807e+00 2.612179756164550781e+00
5.603069999999999773e+00 2.607005119323730469e+00
5.608427999999999969e+00 2.612179756164550781e+00
5.613824000000000147e+00 2.607005119323730469e+00
5.619176999999999644e+00 2.601830482482910156e+00
5.624584999999999724e+00 2.601830482482910156e+00
5.630329999999999835e+00 2.596655845642089844e+00
5.640013999999999861e+00 2.607005119323730469e+00
5.645513000000000225e+00 2.607005119323730469e+00
5.650979000000000418e+00 2.607005119323730469e+00
5.656432999999999822e+00 2.601830482482910156e+00
5.661817000000000100e+00 2.596655845642089844e+00
5.665630000000000166e+00 2.601830482482910156e+00
5.669260999999999662e+00 2.601830482482910156e+00
5.672863000000000433e+00 2.601830482482910156e+00
5.676618000000000386e+00 2.607005119323730469e+00
5.680221000000000409e+00 2.612179756164550781e+00
5.683834000000000053e+00 2.622528076171875000e+00
5.687418000000000085e+00 2.612179756164550781e+00
5.692690999999999946e+00 2.612179756164550781e+00
5.696466000000000030e+00 2.612179756164550781e+00
5.701732999999999940e+00 2.612179756164550781e+00
5.707186000000000092e+00 2.612179756164550781e+00
5.712608999999999604e+00 2.607005119323730469e+00
5.718003000000000391e+00 2.612179756164550781e+00
5.723431999999999853e+00 2.607005119323730469e+00
5.728837000000000401e+00 2.596655845642089844e+00
5.734326000000000256e+00 2.596655845642089844e+00
5.739716999999999736e+00 2.596655845642089844e+00
5.745141000000000275e+00 2.596655845642089844e+00
5.750801000000000052e+00 2.601830482482910156e+00
5.764546000000000170e+00 2.596655845642089844e+00
5.769999999999999574e+00 2.596655845642089844e+00
5.773831999999999631e+00 2.612179756164550781e+00
5.777426000000000172e+00 2.612179756164550781e+00
5.781025999999999776e+00 2.612179756164550781e+00
5.786330000000000418e+00 2.601830482482910156e+00
5.791756999999999600e+00 2.617353439331054688e+00
5.795660999999999952e+00 2.617353439331054688e+00
5.800942000000000043e+00 2.617353439331054688e+00
5.806443999999999939e+00 2.617353439331054688e+00
5.811873000000000289e+00 2.622528076171875000e+00
5.817426000000000208e+00 2.612179756164550781e+00
5.822854999999999670e+00 2.601830482482910156e+00
5.826635999999999704e+00 2.596655845642089844e+00
5.831914000000000264e+00 2.596655845642089844e+00
5.837392000000000358e+00 2.601830482482910156e+00
5.842831999999999582e+00 2.601830482482910156e+00
5.848270000000000302e+00 2.596655845642089844e+00
5.853766000000000247e+00 2.596655845642089844e+00
5.859219999999999651e+00 2.601830482482910156e+00
5.864728999999999637e+00 2.607005119323730469e+00
