1.670999999999999959e-03 2.565608024597167969e+00
4.985999999999999981e-03 2.565608024597167969e+00
8.436000000000000790e-03 2.565608024597167969e+00
1.204700000000000042e-02 2.565608024597167969e+00
1.533799999999999920e-02 2.570782661437988281e+00
1.883100000000000052e-02 2.565608024597167969e+00
2.211700000000000124e-02 2.565608024597167969e+00
2.528700000000000045e-02 2.565608024597167969e+00
2.861800000000000108e-02 2.565608024597167969e+00
3.200599999999999973e-02 2.570782661437988281e+00
3.661299999999999971e-02 2.570782661437988281e+00
3.988699999999999884e-02 2.570782661437988281e+00
4.321400000000000241e-02 2.570782661437988281e+00
4.666000000000000009e-02 2.565608024597167969e+00
4.995700000000000141e-02 2.565608024597167969e+00
5.341400000000000314e-02 2.565608024597167969e+00
5.670800000000000146e-02 2.565608024597167969e+00
6.001599999999999990e-02 2.560433387756347656e+00
6.330500000000000016e-02 2.565608024597167969e+00
6.660599999999999854e-02 2.565608024597167969e+00
7.005599999999999328e-02 2.560433387756347656e+00
7.337100000000000566e-02 2.560433387756347656e+00
7.681899999999999840e-02 2.560433387756347656e+00
8.504000000000000448e-02 2.560433387756347656e+00
9.106699999999999517e-02 2.555258750915527344e+00
1.032330000000000053e-01 2.565608024597167969e+00
1.068540000000000045e-01 2.565608024597167969e+00
1.122019999999999962e-01 2.565608024597167969e+00
1.156549999999999939e-01 2.570782661437988281e+00
1.189599999999999963e-01 2.565608024597167969e+00
1.224029999999999979e-01 2.570782661437988281e+00
1.258620000000000017e-01 2.570782661437988281e+00
1.291630000000000000e-01 2.570782661437988281e+00
1.326060000000000016e-01 2.570782661437988281e+00
1.360530000000000073e-01 2.570782661437988281e+00
1.395160000000000011e-01 2.570782661437988281e+00
1.429650000000000087e-01 2.565608024597167969e+00
1.464080000000000104e-01 2.565608024597167969e+00
1.498599999999999932e-01 2.565608024597167969e+00
1.531599999999999906e-01 2.560433387756347656e+00
1.566140000000000032e-01 2.560433387756347656e+00
1.600689999999999891e-01 2.560433387756347656e+00
1.633689999999999864e-01 2.560433387756347656e+00
1.668129999999999891e-01 2.560433387756347656e+00
1.701060000000000072e-01 2.560433387756347656e+00
1.734110000000000096e-01 2.560433387756347656e+00
1.768609999999999904e-01 2.555258750915527344e+00
1.801520000000000066e-01 2.560433387756347656e+00
1.836039999999999894e-01 2.555258750915527344e+00
1.870560000000000000e-01 2.560433387756347656e+00
1.903519999999999934e-01 2.560433387756347656e+00
1.938290000000000013e-01 2.560433387756347656e+00
1.972589999999999899e-01 2.570782661437988281e+00
2.005570000000000130e-01 2.570782661437988281e+00
2.040299999999999891e-01 2.570782661437988281e+00
2.073339999999999905e-01 2.565608024597167969e+00
2.110059999999999991e-01 2.570782661437988281e+00
2.183750000000000135e-01 2.565608024597167969e+00
2.219770000000000076e-01 2.570782661437988281e+00
2.254309999999999925e-01 2.570782661437988281e+00
2.287279999999999869e-01 2.570782661437988281e+00
2.321759999999999935e-01 2.570782661437988281e+00
2.356300000000000061e-01 2.565608024597167969e+00
2.389159999999999895e-01 2.565608024597167969e+00
2.423700000000000021e-01 2.565608024597167969e+00
2.459580000000000100e-01 2.560433387756347656e+00
2.494210000000000038e-01 2.565608024597167969e+00
2.527159999999999962e-01 2.560433387756347656e+00
2.561629999999999741e-01 2.560433387756347656e+00
2.596269999999999967e-01 2.555258750915527344e+00
2.629090000000000038e-01 2.560433387756347656e+00
2.663539999999999797e-01 2.560433387756347656e+00
2.698119999999999963e-01 2.560433387756347656e+00
2.732609999999999761e-01 2.560433387756347656e+00
2.765650000000000053e-01 2.560433387756347656e+00
2.800059999999999771e-01 2.560433387756347656e+00
2.834880000000000178e-01 2.565608024597167969e+00
2.869099999999999984e-01 2.565608024597167969e+00
2.903540000000000010e-01 2.565608024597167969e+00
2.938200000000000256e-01 2.565608024597167969e+00
2.972679999999999767e-01 2.565608024597167969e+00
3.005610000000000226e-01 2.570782661437988281e+00
3.040479999999999849e-01 2.570782661437988281e+00
3.073359999999999981e-01 2.565608024597167969e+00
3.107980000000000187e-01 2.565608024597167969e+00
3.142539999999999778e-01 2.570782661437988281e+00
3.175399999999999889e-01 2.570782661437988281e+00
3.209890000000000243e-01 2.565608024597167969e+00
3.244489999999999874e-01 2.565608024597167969e+00
3.323289999999999855e-01 2.565608024597167969e+00
3.357859999999999734e-01 2.565608024597167969e+00
3.392540000000000000e-01 2.565608024597167969e+00
3.432649999999999868e-01 2.565608024597167969e+00
3.467799999999999772e-01 2.565608024597167969e+00
3.502190000000000025e-01 2.560433387756347656e+00
3.536759999999999904e-01 2.560433387756347656e+00
3.569680000000000075e-01 2.560433387756347656e+00
3.604200000000000181e-01 2.560433387756347656e+00
3.638719999999999732e-01 2.565608024597167969e+00
3.671659999999999924e-01 2.565608024597167969e+00
3.706340000000000190e-01 2.565608024597167969e+00
3.740729999999999889e-01 2.560433387756347656e+00
3.773650000000000060e-01 2.565608024597167969e+00
3.808400000000000118e-01 2.565608024597167969e+00
3.843590000000000062e-01 2.560433387756347656e+00
3.879219999999999891e-01 2.560433387756347656e+00
3.918409999999999949e-01 2.560433387756347656e+00
3.955549999999999899e-01 2.565608024597167969e+00
3.990900000000000003e-01 2.565608024597167969e+00
4.026819999999999844e-01 2.570782661437988281e+00
4.062879999999999825e-01 2.565608024597167969e+00
4.098870000000000013e-01 2.565608024597167969e+00
4.134889999999999954e-01 2.570782661437988281e+00
4.170920000000000183e-01 2.565608024597167969e+00
4.207029999999999936e-01 2.565608024597167969e+00
4.242989999999999817e-01 2.565608024597167969e+00
4.279009999999999758e-01 2.565608024597167969e+00
4.316539999999999822e-01 2.565608024597167969e+00
4.352500000000000258e-01 2.565608024597167969e+00
4.388549999999999951e-01 2.565608024597167969e+00
4.487389999999999990e-01 2.565608024597167969e+00
4.526470000000000216e-01 2.565608024597167969e+00
4.562499999999999889e-01 2.560433387756347656e+00
4.598479999999999790e-01 2.565608024597167969e+00
4.634480000000000266e-01 2.565608024597167969e+00
4.670449999999999879e-01 2.565608024597167969e+00
4.706440000000000068e-01 2.565608024597167969e+00
4.742500000000000049e-01 2.560433387756347656e+00
4.780070000000000152e-01 2.565608024597167969e+00
4.817679999999999740e-01 2.565608024597167969e+00
4.853750000000000009e-01 2.565608024597167969e+00
4.887569999999999970e-01 2.565608024597167969e+00
4.922150000000000136e-01 2.560433387756347656e+00
4.955200000000000160e-01 2.565608024597167969e+00
4.989970000000000239e-01 2.565608024597167969e+00
5.022919999999999607e-01 2.565608024597167969e+00
5.055920000000000414e-01 2.565608024597167969e+00
5.088890000000000358e-01 2.565608024597167969e+00
5.121869999999999479e-01 2.570782661437988281e+00
5.153320000000000123e-01 2.565608024597167969e+00
5.184739999999999904e-01 2.565608024597167969e+00
5.217709999999999848e-01 2.565608024597167969e+00
5.249160000000000492e-01 2.565608024597167969e+00
5.280569999999999986e-01 2.565608024597167969e+00
5.313600000000000545e-01 2.570782661437988281e+00
5.344940000000000246e-01 2.570782661437988281e+00
5.377939999999999943e-01 2.570782661437988281e+00
5.410890000000000422e-01 2.570782661437988281e+00
5.443930000000000158e-01 2.565608024597167969e+00
5.476889999999999814e-01 2.565608024597167969e+00
5.509880000000000333e-01 2.565608024597167969e+00
5.541350000000000442e-01 2.565608024597167969e+00
5.603559999999999652e-01 2.565608024597167969e+00
5.636480000000000379e-01 2.565608024597167969e+00
5.669359999999999955e-01 2.565608024597167969e+00
5.700779999999999736e-01 2.565608024597167969e+00
5.733780000000000543e-01 2.560433387756347656e+00
5.765200000000000324e-01 2.560433387756347656e+00
5.796609999999999818e-01 2.560433387756347656e+00
5.829640000000000377e-01 2.560433387756347656e+00
5.861140000000000239e-01 2.560433387756347656e+00
5.894179999999999975e-01 2.560433387756347656e+00
5.927480000000000526e-01 2.560433387756347656e+00
5.958679999999999533e-01 2.565608024597167969e+00
5.991969999999999796e-01 2.570782661437988281e+00
6.024859999999999660e-01 2.565608024597167969e+00
6.057900000000000507e-01 2.565608024597167969e+00
6.090910000000000490e-01 2.565608024597167969e+00
6.123830000000000107e-01 2.565608024597167969e+00
6.156819999999999515e-01 2.570782661437988281e+00
6.189890000000000114e-01 2.570782661437988281e+00
6.221269999999999856e-01 2.570782661437988281e+00
6.252980000000000205e-01 2.570782661437988281e+00
6.286239999999999606e-01 2.570782661437988281e+00
6.318690000000000140e-01 2.570782661437988281e+00
6.351700000000000124e-01 2.570782661437988281e+00
6.383109999999999618e-01 2.570782661437988281e+00
6.414520000000000222e-01 2.570782661437988281e+00
6.447490000000000165e-01 2.570782661437988281e+00
6.478909999999999947e-01 2.565608024597167969e+00
6.511980000000000546e-01 2.565608024597167969e+00
6.544910000000000450e-01 2.565608024597167969e+00
6.577899999999999858e-01 2.560433387756347656e+00
6.610869999999999802e-01 2.560433387756347656e+00
6.643829999999999458e-01 2.565608024597167969e+00
6.675389999999999935e-01 2.565608024597167969e+00
6.709239999999999648e-01 2.560433387756347656e+00
6.767180000000000417e-01 2.565608024597167969e+00
6.803360000000000518e-01 2.565608024597167969e+00
6.834860000000000380e-01 2.565608024597167969e+00
6.866560000000000441e-01 2.560433387756347656e+00
6.899549999999999850e-01 2.565608024597167969e+00
6.930969999999999631e-01 2.565608024597167969e+00
6.962169999999999748e-01 2.565608024597167969e+00
6.995360000000000467e-01 2.570782661437988281e+00
7.026790000000000536e-01 2.570782661437988281e+00
7.059839999999999449e-01 2.575957298278808594e+00
7.091300000000000381e-01 2.570782661437988281e+00
7.122650000000000370e-01 2.570782661437988281e+00
7.155669999999999531e-01 2.575957298278808594e+00
7.187120000000000175e-01 2.570782661437988281e+00
7.218499999999999917e-01 2.570782661437988281e+00
7.251459999999999573e-01 2.570782661437988281e+00
7.282859999999999889e-01 2.570782661437988281e+00
7.315890000000000448e-01 2.570782661437988281e+00
7.347339999999999982e-01 2.570782661437988281e+00
7.378749999999999476e-01 2.570782661437988281e+00
7.411729999999999707e-01 2.570782661437988281e+00
7.443189999999999529e-01 2.565608024597167969e+00
7.474610000000000420e-01 2.565608024597167969e+00
7.507610000000000117e-01 2.565608024597167969e+00
7.539019999999999611e-01 2.565608024597167969e+00
7.570430000000000215e-01 2.565608024597167969e+00
7.603429999999999911e-01 2.560433387756347656e+00
7.638000000000000345e-01 2.565608024597167969e+00
7.670949999999999713e-01 2.560433387756347656e+00
7.703959999999999697e-01 2.565608024597167969e+00
7.733790000000000386e-01 2.560433387756347656e+00
7.765269999999999673e-01 2.560433387756347656e+00
7.796669999999999989e-01 2.565608024597167969e+00
7.863480000000000469e-01 2.565608024597167969e+00
7.895050000000000123e-01 2.570782661437988281e+00
7.926400000000000112e-01 2.570782661437988281e+00
7.959180000000000144e-01 2.570782661437988281e+00
7.990859999999999630e-01 2.575957298278808594e+00
8.023850000000000149e-01 2.570782661437988281e+00
8.055330000000000545e-01 2.570782661437988281e+00
8.086719999999999464e-01 2.570782661437988281e+00
8.119699999999999696e-01 2.575957298278808594e+00
8.151129999999999765e-01 2.570782661437988281e+00
8.182530000000000081e-01 2.575957298278808594e+00
8.215550000000000352e-01 2.570782661437988281e+00
8.246949999999999559e-01 2.570782661437988281e+00
8.279919999999999503e-01 2.570782661437988281e+00
8.312899999999999734e-01 2.570782661437988281e+00
8.345879999999999965e-01 2.570782661437988281e+00
8.378820000000000157e-01 2.570782661437988281e+00
8.411859999999999893e-01 2.570782661437988281e+00
8.443330000000000002e-01 2.565608024597167969e+00
8.477869999999999573e-01 2.565608024597167969e+00
8.510799999999999477e-01 2.565608024597167969e+00
8.543859999999999788e-01 2.565608024597167969e+00
8.576759999999999939e-01 2.565608024597167969e+00
8.609750000000000458e-01 2.560433387756347656e+00
8.642739999999999867e-01 2.565608024597167969e+00
8.675730000000000386e-01 2.565608024597167969e+00
8.708669999999999467e-01 2.570782661437988281e+00
8.741659999999999986e-01 2.565608024597167969e+00
8.773469999999999880e-01 2.570782661437988281e+00
8.807979999999999698e-01 2.565608024597167969e+00
8.840919999999999890e-01 2.570782661437988281e+00
8.874009999999999954e-01 2.570782661437988281e+00
8.906920000000000393e-01 2.565608024597167969e+00
8.973419999999999730e-01 2.570782661437988281e+00
9.009620000000000406e-01 2.570782661437988281e+00
9.041109999999999980e-01 2.575957298278808594e+00
9.072449999999999681e-01 2.570782661437988281e+00
9.105450000000000488e-01 2.570782661437988281e+00
9.136859999999999982e-01 2.570782661437988281e+00
9.169950000000000045e-01 2.570782661437988281e+00
9.201390000000000402e-01 2.570782661437988281e+00
9.234329999999999483e-01 2.570782661437988281e+00
9.267379999999999507e-01 2.570782661437988281e+00
9.298769999999999536e-01 2.570782661437988281e+00
9.331770000000000342e-01 2.570782661437988281e+00
9.363190000000000124e-01 2.570782661437988281e+00
9.396189999999999820e-01 2.570782661437988281e+00
9.429210000000000091e-01 2.565608024597167969e+00
9.460629999999999873e-01 2.565608024597167969e+00
9.493589999999999529e-01 2.570782661437988281e+00
9.524949999999999806e-01 2.565608024597167969e+00
9.557959999999999789e-01 2.570782661437988281e+00
9.590999999999999526e-01 2.570782661437988281e+00
9.623920000000000252e-01 2.570782661437988281e+00
9.656860000000000444e-01 2.570782661437988281e+00
9.689950000000000507e-01 2.570782661437988281e+00
9.723239999999999661e-01 2.570782661437988281e+00
9.754669999999999730e-01 2.565608024597167969e+00
9.787690000000000001e-01 2.570782661437988281e+00
9.819090000000000318e-01 2.570782661437988281e+00
9.850510000000000099e-01 2.565608024597167969e+00
9.883459999999999468e-01 2.565608024597167969e+00
9.918010000000000437e-01 2.565608024597167969e+00
9.950959999999999805e-01 2.570782661437988281e+00
9.982250000000000290e-01 2.570782661437988281e+00
1.003063999999999956e+00 2.570782661437988281e+00
1.011776000000000009e+00 2.570782661437988281e+00
1.017174000000000023e+00 2.570782661437988281e+00
1.020837999999999912e+00 2.570782661437988281e+00
1.024454999999999893e+00 2.570782661437988281e+00
1.029700000000000060e+00 2.570782661437988281e+00
1.033295000000000075e+00 2.570782661437988281e+00
1.037727000000000066e+00 2.575957298278808594e+00
1.043063999999999991e+00 2.570782661437988281e+00
1.048308000000000018e+00 2.570782661437988281e+00
1.053643000000000107e+00 2.565608024597167969e+00
1.057258000000000031e+00 2.570782661437988281e+00
1.062556000000000056e+00 2.565608024597167969e+00
1.066178999999999988e+00 2.565608024597167969e+00
1.071458999999999939e+00 2.570782661437988281e+00
1.075085999999999986e+00 2.565608024597167969e+00
1.078770999999999924e+00 2.565608024597167969e+00
1.086640999999999968e+00 2.565608024597167969e+00
1.093803999999999998e+00 2.565608024597167969e+00
1.098981999999999903e+00 2.570782661437988281e+00
1.104495999999999922e+00 2.570782661437988281e+00
1.108117999999999936e+00 2.570782661437988281e+00
1.111758999999999942e+00 2.570782661437988281e+00
1.115785000000000027e+00 2.570782661437988281e+00
1.123254999999999892e+00 2.570782661437988281e+00
1.126856000000000080e+00 2.575957298278808594e+00
1.130603000000000025e+00 2.570782661437988281e+00
1.134192000000000089e+00 2.570782661437988281e+00
1.137780000000000014e+00 2.575957298278808594e+00
1.141426999999999969e+00 2.575957298278808594e+00
1.145021999999999984e+00 2.575957298278808594e+00
1.148671999999999915e+00 2.570782661437988281e+00
1.152268000000000070e+00 2.570782661437988281e+00
1.155869999999999953e+00 2.570782661437988281e+00
1.159481999999999902e+00 2.565608024597167969e+00
1.163105999999999973e+00 2.565608024597167969e+00
1.166714999999999947e+00 2.565608024597167969e+00
1.170412000000000008e+00 2.565608024597167969e+00
1.174021999999999899e+00 2.565608024597167969e+00
1.177643999999999913e+00 2.565608024597167969e+00
1.181348000000000065e+00 2.565608024597167969e+00
1.184955999999999898e+00 2.565608024597167969e+00
1.188627000000000100e+00 2.565608024597167969e+00
1.192585999999999924e+00 2.565608024597167969e+00
1.196830999999999978e+00 2.570782661437988281e+00
1.201564000000000076e+00 2.570782661437988281e+00
1.205773999999999901e+00 2.570782661437988281e+00
1.210023000000000071e+00 2.570782661437988281e+00
1.214298000000000100e+00 2.575957298278808594e+00
1.218596000000000013e+00 2.575957298278808594e+00
1.222873000000000099e+00 2.575957298278808594e+00
1.227120999999999906e+00 2.575957298278808594e+00
1.236569999999999947e+00 2.575957298278808594e+00
1.241392000000000051e+00 2.575957298278808594e+00
1.245729000000000086e+00 2.570782661437988281e+00
1.250045000000000073e+00 2.565608024597167969e+00
1.254307000000000061e+00 2.565608024597167969e+00
1.258639000000000063e+00 2.565608024597167969e+00
1.262912999999999952e+00 2.565608024597167969e+00
1.267204999999999915e+00 2.565608024597167969e+00
1.271571000000000007e+00 2.565608024597167969e+00
1.275873000000000035e+00 2.565608024597167969e+00
1.280223000000000111e+00 2.565608024597167969e+00
1.284539000000000097e+00 2.565608024597167969e+00
1.288877999999999968e+00 2.570782661437988281e+00
1.293206000000000078e+00 2.570782661437988281e+00
1.297522999999999982e+00 2.570782661437988281e+00
1.301957000000000031e+00 2.570782661437988281e+00
1.306267000000000067e+00 2.570782661437988281e+00
1.310597999999999930e+00 2.570782661437988281e+00
1.314901000000000098e+00 2.575957298278808594e+00
1.319280999999999926e+00 2.575957298278808594e+00
1.323580999999999896e+00 2.575957298278808594e+00
1.327877999999999892e+00 2.570782661437988281e+00
1.332408000000000037e+00 2.570782661437988281e+00
1.336751999999999940e+00 2.570782661437988281e+00
1.341134999999999966e+00 2.570782661437988281e+00
1.345701999999999954e+00 2.565608024597167969e+00
1.354877000000000109e+00 2.565608024597167969e+00
1.359860000000000069e+00 2.565608024597167969e+00
1.364475000000000104e+00 2.565608024597167969e+00
1.369021000000000043e+00 2.565608024597167969e+00
1.373423000000000060e+00 2.570782661437988281e+00
1.377785999999999955e+00 2.570782661437988281e+00
1.382236999999999938e+00 2.570782661437988281e+00
1.386567000000000105e+00 2.565608024597167969e+00
1.391072000000000086e+00 2.565608024597167969e+00
1.395169000000000104e+00 2.570782661437988281e+00
1.399065000000000003e+00 2.575957298278808594e+00
1.402458999999999900e+00 2.575957298278808594e+00
1.406244000000000050e+00 2.575957298278808594e+00
1.410058999999999951e+00 2.575957298278808594e+00
1.413910999999999918e+00 2.570782661437988281e+00
1.417709000000000108e+00 2.570782661437988281e+00
1.421570999999999918e+00 2.570782661437988281e+00
1.425383000000000067e+00 2.570782661437988281e+00
1.429219999999999935e+00 2.570782661437988281e+00
1.432984000000000036e+00 2.570782661437988281e+00
1.436722000000000055e+00 2.570782661437988281e+00
1.440531999999999924e+00 2.570782661437988281e+00
1.444282999999999983e+00 2.570782661437988281e+00
1.448029999999999928e+00 2.565608024597167969e+00
1.451853000000000060e+00 2.565608024597167969e+00
1.455605999999999955e+00 2.570782661437988281e+00
1.459365000000000023e+00 2.570782661437988281e+00
1.463117000000000001e+00 2.570782661437988281e+00
1.470415999999999945e+00 2.565608024597167969e+00
1.474494999999999889e+00 2.570782661437988281e+00
1.478239000000000081e+00 2.570782661437988281e+00
1.482034999999999991e+00 2.570782661437988281e+00
1.485792999999999919e+00 2.570782661437988281e+00
1.489562000000000053e+00 2.570782661437988281e+00
1.493332000000000104e+00 2.570782661437988281e+00
1.497081000000000106e+00 2.575957298278808594e+00
1.500911000000000106e+00 2.570782661437988281e+00
1.505001999999999951e+00 2.570782661437988281e+00
1.508823000000000025e+00 2.570782661437988281e+00
1.512582000000000093e+00 2.570782661437988281e+00
1.516383000000000036e+00 2.570782661437988281e+00
1.520162999999999931e+00 2.575957298278808594e+00
1.523946000000000023e+00 2.570782661437988281e+00
1.527714999999999934e+00 2.575957298278808594e+00
1.531527000000000083e+00 2.575957298278808594e+00
1.535319000000000100e+00 2.570782661437988281e+00
1.539158999999999944e+00 2.570782661437988281e+00
1.542945000000000011e+00 2.575957298278808594e+00
1.546731999999999996e+00 2.575957298278808594e+00
1.550602999999999954e+00 2.570782661437988281e+00
1.554383999999999988e+00 2.570782661437988281e+00
1.558178000000000063e+00 2.570782661437988281e+00
1.562016999999999989e+00 2.570782661437988281e+00
1.565814000000000039e+00 2.570782661437988281e+00
1.569625000000000048e+00 2.565608024597167969e+00
1.573430000000000106e+00 2.570782661437988281e+00
1.577236000000000082e+00 2.570782661437988281e+00
1.585952000000000028e+00 2.565608024597167969e+00
1.591013999999999928e+00 2.565608024597167969e+00
1.594942000000000082e+00 2.570782661437988281e+00
1.598808999999999925e+00 2.570782661437988281e+00
1.602611000000000008e+00 2.575957298278808594e+00
1.606756000000000073e+00 2.575957298278808594e+00
1.609814999999999996e+00 2.570782661437988281e+00
1.613596999999999948e+00 2.575957298278808594e+00
1.617407000000000039e+00 2.575957298278808594e+00
1.621272999999999964e+00 2.575957298278808594e+00
1.625083000000000055e+00 2.575957298278808594e+00
1.628957999999999906e+00 2.575957298278808594e+00
1.632781000000000038e+00 2.575957298278808594e+00
1.636589000000000071e+00 2.575957298278808594e+00
1.640430999999999973e+00 2.581131935119628906e+00
1.644271000000000038e+00 2.575957298278808594e+00
1.648125000000000062e+00 2.570782661437988281e+00
1.651998000000000077e+00 2.570782661437988281e+00
1.655820999999999987e+00 2.570782661437988281e+00
1.659667999999999921e+00 2.570782661437988281e+00
1.663505999999999929e+00 2.570782661437988281e+00
1.667318999999999996e+00 2.565608024597167969e+00
1.671218000000000092e+00 2.565608024597167969e+00
1.675051000000000068e+00 2.565608024597167969e+00
1.678943000000000074e+00 2.565608024597167969e+00
1.682798999999999934e+00 2.565608024597167969e+00
1.686641000000000057e+00 2.565608024597167969e+00
1.690553999999999890e+00 2.565608024597167969e+00
1.694409000000000054e+00 2.570782661437988281e+00
1.701661000000000090e+00 2.570782661437988281e+00
1.706182000000000087e+00 2.575957298278808594e+00
1.710220000000000073e+00 2.575957298278808594e+00
1.714083999999999941e+00 2.575957298278808594e+00
1.717946999999999891e+00 2.575957298278808594e+00
1.721954999999999902e+00 2.575957298278808594e+00
1.725827000000000000e+00 2.575957298278808594e+00
1.730061999999999989e+00 2.575957298278808594e+00
1.733986999999999945e+00 2.581131935119628906e+00
1.737849999999999895e+00 2.581131935119628906e+00
1.741794999999999982e+00 2.575957298278808594e+00
1.745684999999999931e+00 2.575957298278808594e+00
1.749573000000000045e+00 2.565608024597167969e+00
1.752594999999999903e+00 2.565608024597167969e+00
1.756461000000000050e+00 2.565608024597167969e+00
1.760375000000000023e+00 2.570782661437988281e+00
1.764278999999999931e+00 2.565608024597167969e+00
1.768177000000000110e+00 2.565608024597167969e+00
1.772111999999999910e+00 2.565608024597167969e+00
1.776019000000000014e+00 2.565608024597167969e+00
1.779929000000000094e+00 2.570782661437988281e+00
1.783868999999999927e+00 2.565608024597167969e+00
1.787779000000000007e+00 2.565608024597167969e+00
1.791701999999999906e+00 2.570782661437988281e+00
1.795609000000000011e+00 2.570782661437988281e+00
1.799520999999999926e+00 2.575957298278808594e+00
1.803431000000000006e+00 2.575957298278808594e+00
1.807398000000000060e+00 2.575957298278808594e+00
1.814882000000000106e+00 2.575957298278808594e+00
1.818963000000000108e+00 2.575957298278808594e+00
1.822902999999999940e+00 2.575957298278808594e+00
1.826829000000000036e+00 2.581131935119628906e+00
1.830796000000000090e+00 2.581131935119628906e+00
1.834705000000000030e+00 2.575957298278808594e+00
1.838675000000000059e+00 2.575957298278808594e+00
1.842600999999999933e+00 2.575957298278808594e+00
1.846527000000000029e+00 2.570782661437988281e+00
1.849655999999999967e+00 2.570782661437988281e+00
1.853556999999999899e+00 2.565608024597167969e+00
1.857491999999999921e+00 2.570782661437988281e+00
1.861434000000000033e+00 2.565608024597167969e+00
1.865407000000000037e+00 2.570782661437988281e+00
1.869412999999999991e+00 2.570782661437988281e+00
1.873355000000000103e+00 2.565608024597167969e+00
1.877299999999999969e+00 2.570782661437988281e+00
1.881305000000000005e+00 2.570782661437988281e+00
1.885243999999999920e+00 2.570782661437988281e+00
1.889245999999999981e+00 2.570782661437988281e+00
1.893189000000000011e+00 2.570782661437988281e+00
1.897149999999999892e+00 2.575957298278808594e+00
1.901232000000000033e+00 2.575957298278808594e+00
1.905188000000000104e+00 2.575957298278808594e+00
1.908606999999999942e+00 2.575957298278808594e+00
1.912552999999999948e+00 2.581131935119628906e+00
1.916487999999999969e+00 2.575957298278808594e+00
1.920447000000000015e+00 2.570782661437988281e+00
1.924423999999999912e+00 2.570782661437988281e+00
1.932034000000000029e+00 2.570782661437988281e+00
1.936819000000000068e+00 2.575957298278808594e+00
1.940887000000000029e+00 2.570782661437988281e+00
1.944866999999999901e+00 2.570782661437988281e+00
1.948939999999999895e+00 2.565608024597167969e+00
1.952047000000000088e+00 2.565608024597167969e+00
1.956004999999999994e+00 2.565608024597167969e+00
1.960012000000000087e+00 2.570782661437988281e+00
1.964102000000000015e+00 2.575957298278808594e+00
1.968904999999999905e+00 2.570782661437988281e+00
1.972911999999999999e+00 2.570782661437988281e+00
1.976906000000000052e+00 2.565608024597167969e+00
1.980027999999999899e+00 2.570782661437988281e+00
1.984126000000000056e+00 2.570782661437988281e+00
1.988086000000000020e+00 2.570782661437988281e+00
1.992258000000000084e+00 2.570782661437988281e+00
1.996250000000000080e+00 2.575957298278808594e+00
2.000305000000000000e+00 2.575957298278808594e+00
2.004309000000000118e+00 2.575957298278808594e+00
2.008312999999999793e+00 2.575957298278808594e+00
2.012748000000000204e+00 2.570782661437988281e+00
2.015832000000000068e+00 2.575957298278808594e+00
2.019848999999999783e+00 2.570782661437988281e+00
2.023874999999999869e+00 2.570782661437988281e+00
2.027892000000000028e+00 2.570782661437988281e+00
2.031982999999999873e+00 2.575957298278808594e+00
2.036007000000000122e+00 2.570782661437988281e+00
2.040043999999999969e+00 2.575957298278808594e+00
2.047359999999999847e+00 2.575957298278808594e+00
2.051563999999999943e+00 2.570782661437988281e+00
2.054663000000000128e+00 2.570782661437988281e+00
2.058740999999999932e+00 2.570782661437988281e+00
2.062752000000000141e+00 2.570782661437988281e+00
2.066816000000000209e+00 2.570782661437988281e+00
2.070005999999999791e+00 2.570782661437988281e+00
2.074025999999999925e+00 2.570782661437988281e+00
2.078079999999999927e+00 2.570782661437988281e+00
2.085869999999999891e+00 2.570782661437988281e+00
2.093812999999999924e+00 2.565608024597167969e+00
2.098565999999999931e+00 2.570782661437988281e+00
2.105789000000000133e+00 2.575957298278808594e+00
2.113661000000000012e+00 2.575957298278808594e+00
2.118787999999999894e+00 2.575957298278808594e+00
2.123737999999999904e+00 2.575957298278808594e+00
2.128756999999999788e+00 2.575957298278808594e+00
2.133723999999999954e+00 2.575957298278808594e+00
2.138778999999999986e+00 2.575957298278808594e+00
2.143787999999999805e+00 2.570782661437988281e+00
2.148903999999999925e+00 2.570782661437988281e+00
2.154230999999999785e+00 2.565608024597167969e+00
2.164422000000000068e+00 2.570782661437988281e+00
2.169515000000000082e+00 2.570782661437988281e+00
2.174456000000000166e+00 2.570782661437988281e+00
2.179478000000000026e+00 2.570782661437988281e+00
2.184406000000000070e+00 2.565608024597167969e+00
2.189424999999999955e+00 2.565608024597167969e+00
2.194377999999999940e+00 2.565608024597167969e+00
2.199113000000000095e+00 2.570782661437988281e+00
2.204177000000000053e+00 2.575957298278808594e+00
2.208416999999999852e+00 2.575957298278808594e+00
2.212673999999999808e+00 2.575957298278808594e+00
2.216902000000000150e+00 2.575957298278808594e+00
2.220400999999999847e+00 2.575957298278808594e+00
2.224852999999999970e+00 2.575957298278808594e+00
2.228991000000000167e+00 2.581131935119628906e+00
2.233105000000000118e+00 2.575957298278808594e+00
2.237201999999999913e+00 2.575957298278808594e+00
2.241406000000000009e+00 2.575957298278808594e+00
2.245527000000000051e+00 2.575957298278808594e+00
2.248657999999999824e+00 2.570782661437988281e+00
2.252863000000000060e+00 2.570782661437988281e+00
2.256975999999999871e+00 2.565608024597167969e+00
2.260225000000000151e+00 2.570782661437988281e+00
2.264346999999999888e+00 2.565608024597167969e+00
2.268683999999999923e+00 2.570782661437988281e+00
2.276337999999999973e+00 2.565608024597167969e+00
2.280689999999999884e+00 2.570782661437988281e+00
2.284822000000000131e+00 2.565608024597167969e+00
2.288422999999999874e+00 2.570782661437988281e+00
2.292613999999999930e+00 2.565608024597167969e+00
2.296761000000000053e+00 2.575957298278808594e+00
2.301058999999999966e+00 2.581131935119628906e+00
2.304227000000000025e+00 2.581131935119628906e+00
2.308558000000000110e+00 2.575957298278808594e+00
2.312720999999999805e+00 2.581131935119628906e+00
2.317009999999999792e+00 2.575957298278808594e+00
2.321283000000000207e+00 2.581131935119628906e+00
2.324422999999999906e+00 2.575957298278808594e+00
2.328625999999999863e+00 2.575957298278808594e+00
2.332775999999999961e+00 2.581131935119628906e+00
2.336977000000000082e+00 2.575957298278808594e+00
2.340215999999999852e+00 2.570782661437988281e+00
2.344399999999999817e+00 2.570782661437988281e+00
2.348629999999999995e+00 2.570782661437988281e+00
2.352869000000000099e+00 2.565608024597167969e+00
2.356015000000000192e+00 2.565608024597167969e+00
2.360193999999999903e+00 2.565608024597167969e+00
2.364361999999999853e+00 2.570782661437988281e+00
2.368602999999999792e+00 2.565608024597167969e+00
2.372799000000000103e+00 2.570782661437988281e+00
2.376025999999999971e+00 2.570782661437988281e+00
2.380189000000000110e+00 2.570782661437988281e+00
2.384634999999999838e+00 2.570782661437988281e+00
2.392663000000000206e+00 2.575957298278808594e+00
2.396914000000000211e+00 2.581131935119628906e+00
2.401216999999999935e+00 2.575957298278808594e+00
2.404431999999999903e+00 2.575957298278808594e+00
2.408679999999999932e+00 2.575957298278808594e+00
2.412911999999999946e+00 2.581131935119628906e+00
2.417165999999999926e+00 2.581131935119628906e+00
2.421447000000000127e+00 2.575957298278808594e+00
2.425666999999999796e+00 2.575957298278808594e+00
2.428825999999999929e+00 2.575957298278808594e+00
2.433053999999999828e+00 2.575957298278808594e+00
2.437298000000000187e+00 2.570782661437988281e+00
2.441572999999999993e+00 2.570782661437988281e+00
2.445802000000000032e+00 2.570782661437988281e+00
2.450037000000000020e+00 2.570782661437988281e+00
2.454263000000000083e+00 2.565608024597167969e+00
2.457416999999999963e+00 2.570782661437988281e+00
2.461679000000000173e+00 2.565608024597167969e+00
2.465943999999999914e+00 2.570782661437988281e+00
2.470238000000000156e+00 2.570782661437988281e+00
2.474483000000000210e+00 2.570782661437988281e+00
2.478762999999999828e+00 2.570782661437988281e+00
2.483001999999999931e+00 2.570782661437988281e+00
2.487309000000000214e+00 2.570782661437988281e+00
2.491613000000000078e+00 2.570782661437988281e+00
2.495867000000000058e+00 2.575957298278808594e+00
2.500272999999999968e+00 2.575957298278808594e+00
2.507648999999999795e+00 2.581131935119628906e+00
2.512305000000000010e+00 2.575957298278808594e+00
2.515652000000000221e+00 2.581131935119628906e+00
2.520392999999999883e+00 2.575957298278808594e+00
2.524220000000000130e+00 2.575957298278808594e+00
2.528465999999999880e+00 2.575957298278808594e+00
2.532763000000000098e+00 2.570782661437988281e+00
2.537087999999999788e+00 2.570782661437988281e+00
2.541459000000000135e+00 2.575957298278808594e+00
2.544688999999999979e+00 2.570782661437988281e+00
2.549040000000000195e+00 2.570782661437988281e+00
2.553322000000000092e+00 2.570782661437988281e+00
2.557602999999999849e+00 2.570782661437988281e+00
2.561952999999999925e+00 2.570782661437988281e+00
2.566393000000000146e+00 2.575957298278808594e+00
2.570799000000000056e+00 2.570782661437988281e+00
2.574052000000000007e+00 2.570782661437988281e+00
2.578329999999999789e+00 2.570782661437988281e+00
2.582670999999999939e+00 2.570782661437988281e+00
2.587029999999999941e+00 2.570782661437988281e+00
2.591385999999999967e+00 2.565608024597167969e+00
2.595670000000000144e+00 2.570782661437988281e+00
2.599985000000000213e+00 2.575957298278808594e+00
2.604372999999999827e+00 2.575957298278808594e+00
2.608713999999999977e+00 2.575957298278808594e+00
2.613011999999999890e+00 2.575957298278808594e+00
2.616257000000000055e+00 2.575957298278808594e+00
2.623864000000000196e+00 2.575957298278808594e+00
2.628336000000000006e+00 2.575957298278808594e+00
2.631647000000000070e+00 2.581131935119628906e+00
2.635936000000000057e+00 2.575957298278808594e+00
2.640251000000000126e+00 2.581131935119628906e+00
2.644537000000000138e+00 2.581131935119628906e+00
2.648931000000000147e+00 2.570782661437988281e+00
2.653252999999999862e+00 2.570782661437988281e+00
2.657557999999999865e+00 2.570782661437988281e+00
2.660857000000000028e+00 2.575957298278808594e+00
2.665167999999999981e+00 2.570782661437988281e+00
2.669556000000000040e+00 2.570782661437988281e+00
2.673887999999999820e+00 2.570782661437988281e+00
2.678212999999999955e+00 2.570782661437988281e+00
2.682601000000000013e+00 2.570782661437988281e+00
2.685833999999999833e+00 2.570782661437988281e+00
2.690158999999999967e+00 2.565608024597167969e+00
2.694496000000000002e+00 2.570782661437988281e+00
2.698885000000000201e+00 2.575957298278808594e+00
2.703225999999999907e+00 2.575957298278808594e+00
2.707533000000000190e+00 2.575957298278808594e+00
2.711882999999999821e+00 2.570782661437988281e+00
2.716234000000000037e+00 2.575957298278808594e+00
2.721065999999999985e+00 2.575957298278808594e+00
2.725427999999999962e+00 2.575957298278808594e+00
2.728650000000000020e+00 2.581131935119628906e+00
2.733108999999999789e+00 2.581131935119628906e+00
2.740582999999999991e+00 2.581131935119628906e+00
2.745134999999999881e+00 2.575957298278808594e+00
2.749626000000000126e+00 2.575957298278808594e+00
2.754061999999999788e+00 2.575957298278808594e+00
2.758465999999999863e+00 2.570782661437988281e+00
2.762887999999999789e+00 2.570782661437988281e+00
2.767307999999999879e+00 2.565608024597167969e+00
2.771803999999999935e+00 2.570782661437988281e+00
2.776205000000000034e+00 2.565608024597167969e+00
2.779449000000000058e+00 2.570782661437988281e+00
2.783851999999999993e+00 2.570782661437988281e+00
2.788307999999999787e+00 2.570782661437988281e+00
2.792726000000000042e+00 2.565608024597167969e+00
2.797096999999999944e+00 2.575957298278808594e+00
2.800406999999999869e+00 2.575957298278808594e+00
2.804877999999999982e+00 2.581131935119628906e+00
2.809343000000000146e+00 2.575957298278808594e+00
2.813768000000000047e+00 2.581131935119628906e+00
2.818170999999999982e+00 2.575957298278808594e+00
2.823106000000000115e+00 2.575957298278808594e+00
2.826502000000000070e+00 2.581131935119628906e+00
2.831615000000000215e+00 2.581131935119628906e+00
2.836073999999999984e+00 2.581131935119628906e+00
2.840489999999999959e+00 2.575957298278808594e+00
2.844913000000000025e+00 2.570782661437988281e+00
2.849524999999999864e+00 2.570782661437988281e+00
2.857092999999999883e+00 2.570782661437988281e+00
2.861756000000000189e+00 2.565608024597167969e+00
2.866169999999999884e+00 2.565608024597167969e+00
2.869463000000000097e+00 2.570782661437988281e+00
2.873928999999999956e+00 2.570782661437988281e+00
2.878352000000000022e+00 2.565608024597167969e+00
2.882832000000000061e+00 2.565608024597167969e+00
2.887281999999999904e+00 2.570782661437988281e+00
2.891802999999999901e+00 2.570782661437988281e+00
2.896249000000000073e+00 2.575957298278808594e+00
2.900720999999999883e+00 2.581131935119628906e+00
2.905237000000000069e+00 2.581131935119628906e+00
2.909717999999999805e+00 2.581131935119628906e+00
2.913030000000000008e+00 2.581131935119628906e+00
2.917483999999999966e+00 2.581131935119628906e+00
2.920846000000000053e+00 2.581131935119628906e+00
2.925384999999999902e+00 2.575957298278808594e+00
2.929861999999999966e+00 2.575957298278808594e+00
2.934425000000000061e+00 2.575957298278808594e+00
2.938979999999999926e+00 2.575957298278808594e+00
2.943452999999999875e+00 2.575957298278808594e+00
2.947928999999999800e+00 2.570782661437988281e+00
2.952539999999999942e+00 2.570782661437988281e+00
2.957040000000000113e+00 2.570782661437988281e+00
2.961552000000000184e+00 2.570782661437988281e+00
2.964834999999999887e+00 2.570782661437988281e+00
2.969644000000000172e+00 2.570782661437988281e+00
2.977262000000000075e+00 2.570782661437988281e+00
2.982505999999999879e+00 2.575957298278808594e+00
2.986976999999999993e+00 2.570782661437988281e+00
2.991544999999999899e+00 2.570782661437988281e+00
2.996007000000000087e+00 2.575957298278808594e+00
3.000516000000000183e+00 2.581131935119628906e+00
3.005056999999999867e+00 2.581131935119628906e+00
3.009597999999999995e+00 2.575957298278808594e+00
3.014088000000000100e+00 2.575957298278808594e+00
3.018638999999999850e+00 2.575957298278808594e+00
3.023149000000000086e+00 2.575957298278808594e+00
3.027817000000000203e+00 2.575957298278808594e+00
3.031254999999999811e+00 2.575957298278808594e+00
3.035746000000000056e+00 2.575957298278808594e+00
3.039070999999999856e+00 2.575957298278808594e+00
3.043572000000000166e+00 2.575957298278808594e+00
3.048090000000000188e+00 2.570782661437988281e+00
3.052702000000000027e+00 2.570782661437988281e+00
3.057227999999999835e+00 2.575957298278808594e+00
3.061793999999999905e+00 2.575957298278808594e+00
3.066338000000000008e+00 2.570782661437988281e+00
3.070920999999999790e+00 2.570782661437988281e+00
3.075415000000000010e+00 2.570782661437988281e+00
3.079953999999999859e+00 2.570782661437988281e+00
3.088417999999999886e+00 2.575957298278808594e+00
3.097363999999999784e+00 2.575957298278808594e+00
3.107587999999999795e+00 2.570782661437988281e+00
3.114345999999999837e+00 2.570782661437988281e+00
3.119009000000000142e+00 2.575957298278808594e+00
3.123549000000000131e+00 2.575957298278808594e+00
3.128140999999999838e+00 2.575957298278808594e+00
3.132804000000000144e+00 2.575957298278808594e+00
3.137392999999999876e+00 2.581131935119628906e+00
3.141992000000000118e+00 2.575957298278808594e+00
3.146554000000000073e+00 2.575957298278808594e+00
3.151191999999999993e+00 2.575957298278808594e+00
3.155781999999999865e+00 2.575957298278808594e+00
3.160341999999999985e+00 2.570782661437988281e+00
3.165011999999999937e+00 2.570782661437988281e+00
3.169630000000000170e+00 2.570782661437988281e+00
3.174215999999999926e+00 2.570782661437988281e+00
3.178825999999999929e+00 2.565608024597167969e+00
3.183413999999999966e+00 2.570782661437988281e+00
3.187955999999999790e+00 2.570782661437988281e+00
3.192626000000000186e+00 2.570782661437988281e+00
3.197162000000000059e+00 2.575957298278808594e+00
3.201817999999999831e+00 2.575957298278808594e+00
3.205214999999999925e+00 2.575957298278808594e+00
3.209807000000000077e+00 2.575957298278808594e+00
3.217620999999999842e+00 2.575957298278808594e+00
3.222659000000000162e+00 2.581131935119628906e+00
3.226049000000000166e+00 2.581131935119628906e+00
3.230710000000000193e+00 2.581131935119628906e+00
3.235317000000000220e+00 2.575957298278808594e+00
3.239955000000000140e+00 2.581131935119628906e+00
3.244569999999999954e+00 2.581131935119628906e+00
3.249242000000000186e+00 2.575957298278808594e+00
3.253890999999999867e+00 2.575957298278808594e+00
3.258500000000000174e+00 2.570782661437988281e+00
3.263145000000000184e+00 2.570782661437988281e+00
3.267767999999999784e+00 2.570782661437988281e+00
3.272466000000000097e+00 2.570782661437988281e+00
3.275818999999999814e+00 2.565608024597167969e+00
3.280442999999999998e+00 2.570782661437988281e+00
3.285071999999999992e+00 2.570782661437988281e+00
3.289785000000000181e+00 2.570782661437988281e+00
3.294408999999999921e+00 2.575957298278808594e+00
3.297807999999999851e+00 2.575957298278808594e+00
3.301261999999999919e+00 2.581131935119628906e+00
3.305944000000000216e+00 2.581131935119628906e+00
3.310585000000000111e+00 2.581131935119628906e+00
3.315224000000000171e+00 2.581131935119628906e+00
3.319872999999999852e+00 2.581131935119628906e+00
3.324545000000000083e+00 2.575957298278808594e+00
3.328130999999999950e+00 2.581131935119628906e+00
3.338134000000000157e+00 2.581131935119628906e+00
3.342874000000000123e+00 2.575957298278808594e+00
3.346255999999999897e+00 2.570782661437988281e+00
3.350951999999999931e+00 2.570782661437988281e+00
3.355585000000000040e+00 2.570782661437988281e+00
3.360250000000000181e+00 2.570782661437988281e+00
3.364894000000000052e+00 2.570782661437988281e+00
3.369594999999999896e+00 2.570782661437988281e+00
3.374238000000000071e+00 2.570782661437988281e+00
3.377632000000000190e+00 2.570782661437988281e+00
3.382327000000000083e+00 2.570782661437988281e+00
3.386978000000000044e+00 2.570782661437988281e+00
3.390426000000000162e+00 2.570782661437988281e+00
3.395054000000000016e+00 2.570782661437988281e+00
3.399783999999999917e+00 2.581131935119628906e+00
3.404440000000000133e+00 2.575957298278808594e+00
3.409140999999999977e+00 2.581131935119628906e+00
3.413806999999999814e+00 2.586306571960449219e+00
3.418451999999999824e+00 2.581131935119628906e+00
3.423204000000000136e+00 2.581131935119628906e+00
3.427862000000000187e+00 2.575957298278808594e+00
3.432621000000000144e+00 2.575957298278808594e+00
3.436352999999999991e+00 2.575957298278808594e+00
3.441209999999999880e+00 2.575957298278808594e+00
3.457786000000000026e+00 2.575957298278808594e+00
3.463658999999999821e+00 2.570782661437988281e+00
3.467100999999999988e+00 2.570782661437988281e+00
3.471859999999999946e+00 2.570782661437988281e+00
3.476555999999999980e+00 2.575957298278808594e+00
3.480049000000000170e+00 2.570782661437988281e+00
3.484693000000000040e+00 2.575957298278808594e+00
3.489443000000000072e+00 2.570782661437988281e+00
3.492858000000000018e+00 2.575957298278808594e+00
3.497504000000000168e+00 2.581131935119628906e+00
3.502222999999999864e+00 2.581131935119628906e+00
3.506968000000000085e+00 2.581131935119628906e+00
3.511711000000000027e+00 2.581131935119628906e+00
3.516423000000000076e+00 2.575957298278808594e+00
3.521225999999999967e+00 2.575957298278808594e+00
3.524680000000000035e+00 2.575957298278808594e+00
3.529428999999999927e+00 2.575957298278808594e+00
3.534159999999999968e+00 2.575957298278808594e+00
3.539012000000000047e+00 2.575957298278808594e+00
3.542470999999999925e+00 2.575957298278808594e+00
3.547175000000000189e+00 2.570782661437988281e+00
3.550631999999999788e+00 2.570782661437988281e+00
3.554075000000000095e+00 2.570782661437988281e+00
3.558863000000000110e+00 2.570782661437988281e+00
3.563594999999999846e+00 2.570782661437988281e+00
3.567020999999999997e+00 2.570782661437988281e+00
3.575015000000000054e+00 2.570782661437988281e+00
3.579982000000000220e+00 2.575957298278808594e+00
3.584724000000000022e+00 2.575957298278808594e+00
3.589588000000000001e+00 2.570782661437988281e+00
3.594343999999999983e+00 2.575957298278808594e+00
3.599114999999999842e+00 2.575957298278808594e+00
3.603870000000000129e+00 2.575957298278808594e+00
3.608703999999999912e+00 2.575957298278808594e+00
3.613475000000000215e+00 2.575957298278808594e+00
3.618237000000000148e+00 2.575957298278808594e+00
3.623053000000000079e+00 2.575957298278808594e+00
3.627819000000000127e+00 2.575957298278808594e+00
3.632661999999999836e+00 2.575957298278808594e+00
3.637424999999999908e+00 2.575957298278808594e+00
3.642377000000000198e+00 2.575957298278808594e+00
3.647104999999999819e+00 2.575957298278808594e+00
3.651921999999999890e+00 2.575957298278808594e+00
3.656686000000000103e+00 2.570782661437988281e+00
3.661509000000000125e+00 2.575957298278808594e+00
3.666265999999999803e+00 2.575957298278808594e+00
3.671100000000000030e+00 2.575957298278808594e+00
3.675873999999999864e+00 2.570782661437988281e+00
3.680670000000000108e+00 2.575957298278808594e+00
3.688829000000000136e+00 2.575957298278808594e+00
3.693779000000000146e+00 2.570782661437988281e+00
3.697213000000000083e+00 2.570782661437988281e+00
3.702053999999999956e+00 2.575957298278808594e+00
3.706841999999999970e+00 2.575957298278808594e+00
3.711682999999999844e+00 2.575957298278808594e+00
3.716480999999999923e+00 2.570782661437988281e+00
3.721353000000000133e+00 2.575957298278808594e+00
3.726166000000000089e+00 2.581131935119628906e+00
3.731049000000000060e+00 2.581131935119628906e+00
3.735850999999999811e+00 2.581131935119628906e+00
3.740664999999999907e+00 2.581131935119628906e+00
3.745595999999999925e+00 2.575957298278808594e+00
3.748987000000000069e+00 2.575957298278808594e+00
3.752422999999999842e+00 2.575957298278808594e+00
3.757223000000000201e+00 2.575957298278808594e+00
3.762100999999999917e+00 2.575957298278808594e+00
3.766950000000000021e+00 2.570782661437988281e+00
3.771831000000000156e+00 2.570782661437988281e+00
3.776654999999999873e+00 2.570782661437988281e+00
3.781514000000000042e+00 2.570782661437988281e+00
3.786331000000000113e+00 2.570782661437988281e+00
3.791263999999999967e+00 2.570782661437988281e+00
3.796082000000000178e+00 2.575957298278808594e+00
3.804607999999999990e+00 2.575957298278808594e+00
3.809893999999999892e+00 2.581131935119628906e+00
3.813426999999999900e+00 2.581131935119628906e+00
3.818277999999999839e+00 2.581131935119628906e+00
3.821857000000000060e+00 2.575957298278808594e+00
3.826721000000000039e+00 2.581131935119628906e+00
3.831669999999999909e+00 2.581131935119628906e+00
3.836536999999999864e+00 2.581131935119628906e+00
3.841514999999999791e+00 2.575957298278808594e+00
3.846426999999999818e+00 2.575957298278808594e+00
3.851377999999999968e+00 2.570782661437988281e+00
3.856285000000000185e+00 2.565608024597167969e+00
3.861266999999999783e+00 2.570782661437988281e+00
3.866156999999999844e+00 2.570782661437988281e+00
3.871125000000000149e+00 2.570782661437988281e+00
3.876040000000000152e+00 2.565608024597167969e+00
3.879662000000000166e+00 2.575957298278808594e+00
3.884539000000000186e+00 2.570782661437988281e+00
3.888091000000000186e+00 2.570782661437988281e+00
3.893135000000000012e+00 2.570782661437988281e+00
3.896679999999999922e+00 2.581131935119628906e+00
3.901572999999999958e+00 2.581131935119628906e+00
3.906496000000000191e+00 2.575957298278808594e+00
3.911719999999999864e+00 2.581131935119628906e+00
3.919777999999999984e+00 2.581131935119628906e+00
3.924847999999999892e+00 2.575957298278808594e+00
3.929857999999999851e+00 2.581131935119628906e+00
3.933415000000000106e+00 2.581131935119628906e+00
3.938324000000000158e+00 2.581131935119628906e+00
3.943372000000000099e+00 2.575957298278808594e+00
3.948730999999999991e+00 2.570782661437988281e+00
3.953682999999999836e+00 2.570782661437988281e+00
3.957247000000000181e+00 2.565608024597167969e+00
3.960843000000000114e+00 2.570782661437988281e+00
3.965755999999999837e+00 2.570782661437988281e+00
3.970727999999999813e+00 2.570782661437988281e+00
3.975706000000000184e+00 2.570782661437988281e+00
3.980672999999999906e+00 2.570782661437988281e+00
3.984213000000000005e+00 2.575957298278808594e+00
3.987810000000000077e+00 2.575957298278808594e+00
3.992925000000000058e+00 2.570782661437988281e+00
3.997888999999999804e+00 2.581131935119628906e+00
4.002923000000000009e+00 2.581131935119628906e+00
4.007869000000000348e+00 2.575957298278808594e+00
4.012907000000000224e+00 2.581131935119628906e+00
4.017867999999999995e+00 2.581131935119628906e+00
4.022924999999999862e+00 2.575957298278808594e+00
4.027885999999999633e+00 2.575957298278808594e+00
4.036154999999999937e+00 2.575957298278808594e+00
4.041354000000000113e+00 2.570782661437988281e+00
4.046311000000000213e+00 2.570782661437988281e+00
4.052182000000000173e+00 2.570782661437988281e+00
4.057207000000000008e+00 2.570782661437988281e+00
4.062241000000000213e+00 2.570782661437988281e+00
4.067225999999999786e+00 2.570782661437988281e+00
4.072296999999999834e+00 2.570782661437988281e+00
4.075853000000000392e+00 2.570782661437988281e+00
4.080814000000000163e+00 2.575957298278808594e+00
4.085992000000000068e+00 2.575957298278808594e+00
4.095081000000000415e+00 2.575957298278808594e+00
4.105425000000000324e+00 2.575957298278808594e+00
4.113570000000000171e+00 2.575957298278808594e+00
4.118921000000000276e+00 2.575957298278808594e+00
4.124125000000000263e+00 2.575957298278808594e+00
4.129201000000000121e+00 2.575957298278808594e+00
4.134198999999999735e+00 2.575957298278808594e+00
4.139264999999999972e+00 2.575957298278808594e+00
4.144414000000000264e+00 2.575957298278808594e+00
4.152881999999999962e+00 2.570782661437988281e+00
4.158112000000000030e+00 2.570782661437988281e+00
4.163257999999999903e+00 2.575957298278808594e+00
4.168239999999999945e+00 2.575957298278808594e+00
4.173365999999999687e+00 2.575957298278808594e+00
4.178397999999999612e+00 2.570782661437988281e+00
4.183455999999999619e+00 2.570782661437988281e+00
4.188480000000000203e+00 2.570782661437988281e+00
4.193558000000000341e+00 2.570782661437988281e+00
4.198643999999999821e+00 2.575957298278808594e+00
4.202219000000000371e+00 2.575957298278808594e+00
4.205816999999999695e+00 2.575957298278808594e+00
4.209417000000000186e+00 2.575957298278808594e+00
4.213019000000000069e+00 2.581131935119628906e+00
4.218033000000000143e+00 2.581131935119628906e+00
4.223163999999999696e+00 2.575957298278808594e+00
4.228223999999999982e+00 2.575957298278808594e+00
4.233355000000000423e+00 2.581131935119628906e+00
4.238405000000000200e+00 2.581131935119628906e+00
4.243573999999999735e+00 2.581131935119628906e+00
4.248717000000000077e+00 2.570782661437988281e+00
4.253807000000000116e+00 2.575957298278808594e+00
4.257412000000000418e+00 2.575957298278808594e+00
4.265798000000000201e+00 2.575957298278808594e+00
4.271012999999999948e+00 2.570782661437988281e+00
4.276046000000000014e+00 2.565608024597167969e+00
4.281183999999999656e+00 2.570782661437988281e+00
4.286228000000000371e+00 2.570782661437988281e+00
4.291382999999999726e+00 2.565608024597167969e+00
4.296440999999999732e+00 2.570782661437988281e+00
4.301579000000000264e+00 2.575957298278808594e+00
4.306648000000000032e+00 2.575957298278808594e+00
4.311771000000000242e+00 2.581131935119628906e+00
4.316840000000000011e+00 2.581131935119628906e+00
4.321970999999999563e+00 2.581131935119628906e+00
4.327074999999999783e+00 2.581131935119628906e+00
4.332200000000000273e+00 2.581131935119628906e+00
4.337257000000000140e+00 2.586306571960449219e+00
4.342361999999999611e+00 2.581131935119628906e+00
4.347431000000000267e+00 2.575957298278808594e+00
4.352517999999999887e+00 2.570782661437988281e+00
4.357603000000000115e+00 2.565608024597167969e+00
4.363076000000000398e+00 2.570782661437988281e+00
4.368178000000000338e+00 2.570782661437988281e+00
4.373319999999999652e+00 2.570782661437988281e+00
4.378880999999999801e+00 2.570782661437988281e+00
4.387675999999999910e+00 2.570782661437988281e+00
4.392832000000000292e+00 2.570782661437988281e+00
4.397962999999999845e+00 2.581131935119628906e+00
4.403177000000000341e+00 2.581131935119628906e+00
4.408318000000000403e+00 2.575957298278808594e+00
4.413477999999999568e+00 2.581131935119628906e+00
4.418654000000000082e+00 2.581131935119628906e+00
4.426965000000000039e+00 2.575957298278808594e+00
4.432180999999999926e+00 2.581131935119628906e+00
4.435840999999999923e+00 2.581131935119628906e+00
4.439437999999999995e+00 2.575957298278808594e+00
4.444612000000000229e+00 2.575957298278808594e+00
4.449793999999999805e+00 2.570782661437988281e+00
4.454900000000000304e+00 2.570782661437988281e+00
4.460139999999999993e+00 2.565608024597167969e+00
4.465609999999999857e+00 2.570782661437988281e+00
4.470769999999999911e+00 2.570782661437988281e+00
4.475907000000000302e+00 2.570782661437988281e+00
4.481105000000000338e+00 2.575957298278808594e+00
4.486290000000000333e+00 2.575957298278808594e+00
4.491628000000000398e+00 2.570782661437988281e+00
4.500185000000000102e+00 2.575957298278808594e+00
4.505678999999999768e+00 2.581131935119628906e+00
4.510870999999999853e+00 2.581131935119628906e+00
4.516004999999999825e+00 2.575957298278808594e+00
4.521192000000000100e+00 2.586306571960449219e+00
4.526275000000000048e+00 2.575957298278808594e+00
4.531474000000000224e+00 2.575957298278808594e+00
4.536603000000000385e+00 2.581131935119628906e+00
4.541832000000000313e+00 2.575957298278808594e+00
4.546992999999999618e+00 2.570782661437988281e+00
4.552184999999999704e+00 2.570782661437988281e+00
4.555811000000000277e+00 2.565608024597167969e+00
4.561016999999999655e+00 2.565608024597167969e+00
4.564712000000000103e+00 2.570782661437988281e+00
4.569913999999999810e+00 2.575957298278808594e+00
4.575090999999999575e+00 2.575957298278808594e+00
4.580286000000000080e+00 2.575957298278808594e+00
4.585474999999999746e+00 2.570782661437988281e+00
4.590677999999999592e+00 2.575957298278808594e+00
4.595842000000000205e+00 2.581131935119628906e+00
4.601022999999999641e+00 2.581131935119628906e+00
4.604593000000000380e+00 2.575957298278808594e+00
4.610026999999999653e+00 2.581131935119628906e+00
4.618884000000000434e+00 2.575957298278808594e+00
4.624062999999999590e+00 2.575957298278808594e+00
4.629344999999999821e+00 2.575957298278808594e+00
4.633029999999999760e+00 2.575957298278808594e+00
4.638218000000000174e+00 2.575957298278808594e+00
4.643495999999999846e+00 2.575957298278808594e+00
4.648747000000000185e+00 2.570782661437988281e+00
4.653938000000000130e+00 2.570782661437988281e+00
4.657632999999999690e+00 2.575957298278808594e+00
4.662878000000000078e+00 2.570782661437988281e+00
4.668165000000000120e+00 2.570782661437988281e+00
4.673487999999999865e+00 2.575957298278808594e+00
4.678761999999999865e+00 2.575957298278808594e+00
4.683980000000000032e+00 2.570782661437988281e+00
4.689205000000000290e+00 2.575957298278808594e+00
4.694417999999999758e+00 2.570782661437988281e+00
4.699692999999999898e+00 2.575957298278808594e+00
4.704920999999999687e+00 2.575957298278808594e+00
4.710227999999999859e+00 2.575957298278808594e+00
4.715469999999999828e+00 2.575957298278808594e+00
4.720723999999999698e+00 2.575957298278808594e+00
4.729301000000000421e+00 2.575957298278808594e+00
4.734659999999999869e+00 2.581131935119628906e+00
4.739969999999999573e+00 2.581131935119628906e+00
4.743676999999999921e+00 2.575957298278808594e+00
4.748984000000000094e+00 2.575957298278808594e+00
4.754183000000000270e+00 2.575957298278808594e+00
4.757846999999999937e+00 2.570782661437988281e+00
4.763162999999999592e+00 2.570782661437988281e+00
4.766885000000000261e+00 2.575957298278808594e+00
4.772141999999999662e+00 2.575957298278808594e+00
4.777388000000000190e+00 2.570782661437988281e+00
4.782690999999999804e+00 2.565608024597167969e+00
4.787938999999999723e+00 2.570782661437988281e+00
4.791837000000000124e+00 2.570782661437988281e+00
4.797089999999999854e+00 2.575957298278808594e+00
4.802355999999999625e+00 2.575957298278808594e+00
4.806011999999999951e+00 2.575957298278808594e+00
4.811316999999999844e+00 2.575957298278808594e+00
4.816540999999999961e+00 2.581131935119628906e+00
4.821843999999999575e+00 2.586306571960449219e+00
4.827139999999999986e+00 2.581131935119628906e+00
4.832446000000000019e+00 2.581131935119628906e+00
4.837697999999999610e+00 2.575957298278808594e+00
4.846529000000000309e+00 2.575957298278808594e+00
4.852212999999999887e+00 2.575957298278808594e+00
4.857471999999999568e+00 2.565608024597167969e+00
4.862827000000000233e+00 2.570782661437988281e+00
4.868167999999999829e+00 2.570782661437988281e+00
4.873534000000000255e+00 2.570782661437988281e+00
4.878917000000000392e+00 2.570782661437988281e+00
4.882651000000000074e+00 2.570782661437988281e+00
4.887919000000000125e+00 2.570782661437988281e+00
4.893354000000000426e+00 2.570782661437988281e+00
4.898716000000000292e+00 2.575957298278808594e+00
4.902455999999999925e+00 2.586306571960449219e+00
4.907748999999999917e+00 2.581131935119628906e+00
4.913146000000000235e+00 2.581131935119628906e+00
4.918442999999999898e+00 2.581131935119628906e+00
4.922228999999999743e+00 2.581131935119628906e+00
4.927554999999999907e+00 2.581131935119628906e+00
4.932921000000000333e+00 2.581131935119628906e+00
4.938264000000000209e+00 2.581131935119628906e+00
4.943680999999999770e+00 2.581131935119628906e+00
4.947442999999999813e+00 2.570782661437988281e+00
4.952827000000000091e+00 2.570782661437988281e+00
4.961541000000000423e+00 2.570782661437988281e+00
4.967146999999999757e+00 2.570782661437988281e+00
4.972857999999999556e+00 2.570782661437988281e+00
4.978148000000000017e+00 2.570782661437988281e+00
4.983564000000000327e+00 2.575957298278808594e+00
4.988967999999999847e+00 2.575957298278808594e+00
4.994327000000000183e+00 2.575957298278808594e+00
4.999723000000000361e+00 2.581131935119628906e+00
5.005085000000000228e+00 2.581131935119628906e+00
5.010424999999999685e+00 2.581131935119628906e+00
5.015800999999999732e+00 2.581131935119628906e+00
5.021180000000000199e+00 2.581131935119628906e+00
5.026555000000000106e+00 2.575957298278808594e+00
5.031985999999999848e+00 2.575957298278808594e+00
5.037342999999999904e+00 2.581131935119628906e+00
5.042726000000000042e+00 2.581131935119628906e+00
5.048094999999999999e+00 2.570782661437988281e+00
5.053634999999999877e+00 2.575957298278808594e+00
5.059040999999999677e+00 2.570782661437988281e+00
5.064409999999999634e+00 2.565608024597167969e+00
5.070005000000000095e+00 2.570782661437988281e+00
5.078748000000000040e+00 2.575957298278808594e+00
5.084602000000000288e+00 2.575957298278808594e+00
5.088585000000000136e+00 2.575957298278808594e+00
5.093995999999999746e+00 2.570782661437988281e+00
5.102580999999999811e+00 2.581131935119628906e+00
5.113920000000000243e+00 2.575957298278808594e+00
5.124747000000000163e+00 2.575957298278808594e+00
5.130590999999999902e+00 2.575957298278808594e+00
5.135983000000000409e+00 2.575957298278808594e+00
5.141416000000000430e+00 2.581131935119628906e+00
5.146785999999999639e+00 2.575957298278808594e+00
5.152218999999999660e+00 2.575957298278808594e+00
5.157559000000000005e+00 2.570782661437988281e+00
5.162978999999999985e+00 2.575957298278808594e+00
5.168332999999999622e+00 2.575957298278808594e+00
5.173794000000000004e+00 2.575957298278808594e+00
5.179727999999999888e+00 2.575957298278808594e+00
5.185135999999999967e+00 2.575957298278808594e+00
5.193834999999999980e+00 2.575957298278808594e+00
5.199696000000000318e+00 2.575957298278808594e+00
5.205116000000000298e+00 2.575957298278808594e+00
5.210593000000000252e+00 2.575957298278808594e+00
5.215999000000000052e+00 2.581131935119628906e+00
5.221451000000000064e+00 2.575957298278808594e+00
5.226872000000000185e+00 2.570782661437988281e+00
5.232356000000000229e+00 2.575957298278808594e+00
5.237775000000000070e+00 2.581131935119628906e+00
5.243349000000000260e+00 2.581131935119628906e+00
5.248836999999999975e+00 2.575957298278808594e+00
5.254254999999999676e+00 2.575957298278808594e+00
5.259743000000000279e+00 2.575957298278808594e+00
5.265202000000000382e+00 2.575957298278808594e+00
5.270611999999999853e+00 2.570782661437988281e+00
5.276051999999999964e+00 2.570782661437988281e+00
5.281614000000000253e+00 2.570782661437988281e+00
5.287069999999999936e+00 2.570782661437988281e+00
5.292563000000000351e+00 2.570782661437988281e+00
5.297987000000000002e+00 2.575957298278808594e+00
5.303681000000000090e+00 2.575957298278808594e+00
5.312223999999999613e+00 2.581131935119628906e+00
5.318024000000000306e+00 2.575957298278808594e+00
5.323591999999999658e+00 2.581131935119628906e+00
5.329068000000000360e+00 2.581131935119628906e+00
5.334463999999999650e+00 2.581131935119628906e+00
5.339965000000000295e+00 2.586306571960449219e+00
5.345435000000000159e+00 2.575957298278808594e+00
5.350905000000000022e+00 2.570782661437988281e+00
5.356368999999999936e+00 2.575957298278808594e+00
5.361883999999999872e+00 2.570782661437988281e+00
5.367352000000000345e+00 2.570782661437988281e+00
5.372846000000000011e+00 2.570782661437988281e+00
5.378318000000000154e+00 2.570782661437988281e+00
5.384223999999999677e+00 2.570782661437988281e+00
5.389745999999999704e+00 2.570782661437988281e+00
5.395216999999999707e+00 2.570782661437988281e+00
5.400714999999999932e+00 2.575957298278808594e+00
5.406189000000000355e+00 2.581131935119628906e+00
5.410045000000000215e+00 2.581131935119628906e+00
5.415523000000000309e+00 2.586306571960449219e+00
5.420988000000000362e+00 2.581131935119628906e+00
5.429706000000000365e+00 2.581131935119628906e+00
5.435367000000000282e+00 2.581131935119628906e+00
5.440889999999999560e+00 2.581131935119628906e+00
5.446399000000000434e+00 2.575957298278808594e+00
5.451957000000000164e+00 2.570782661437988281e+00
5.457460000000000200e+00 2.570782661437988281e+00
5.463014000000000259e+00 2.570782661437988281e+00
5.468507999999999925e+00 2.570782661437988281e+00
5.474103999999999637e+00 2.570782661437988281e+00
5.479683999999999777e+00 2.570782661437988281e+00
5.485241000000000255e+00 2.570782661437988281e+00
5.490776999999999575e+00 2.570782661437988281e+00
5.494627999999999624e+00 2.581131935119628906e+00
5.500204000000000093e+00 2.581131935119628906e+00
5.505735999999999741e+00 2.581131935119628906e+00
5.511502000000000123e+00 2.581131935119628906e+00
5.517076999999999565e+00 2.581131935119628906e+00
5.522644999999999804e+00 2.586306571960449219e+00
5.528201000000000143e+00 2.581131935119628906e+00
5.533821999999999797e+00 2.575957298278808594e+00
5.539399999999999658e+00 2.575957298278808594e+00
5.548630000000000173e+00 2.570782661437988281e+00
5.554382999999999626e+00 2.570782661437988281e+00
5.559987999999999708e+00 2.570782661437988281e+00
5.565586999999999840e+00 2.570782661437988281e+00
5.571235999999999855e+00 2.575957298278808594e+00
5.576730000000000409e+00 2.575957298278808594e+00
5.580564999999999998e+00 2.575957298278808594e+00
5.586121000000000336e+00 2.575957298278808594e+00
5.590062999999999782e+00 2.575957298278808594e+00
5.595632000000000161e+00 2.581131935119628906e+00
5.601232000000000433e+00 2.581131935119628906e+00
5.606817999999999635e+00 2.581131935119628906e+00
5.612472999999999601e+00 2.581131935119628906e+00
5.618059999999999832e+00 2.575957298278808594e+00
5.623733999999999789e+00 2.570782661437988281e+00
5.629367000000000232e+00 2.575957298278808594e+00
5.634919000000000011e+00 2.581131935119628906e+00
5.640514999999999723e+00 2.575957298278808594e+00
5.646111999999999576e+00 2.575957298278808594e+00
5.651745000000000019e+00 2.570782661437988281e+00
5.657510000000000261e+00 2.570782661437988281e+00
5.666551000000000116e+00 2.570782661437988281e+00
5.673136000000000401e+00 2.575957298278808594e+00
5.678796000000000177e+00 2.575957298278808594e+00
5.682681999999999789e+00 2.575957298278808594e+00
5.688283000000000200e+00 2.575957298278808594e+00
5.693967999999999918e+00 2.575957298278808594e+00
5.699627999999999695e+00 2.575957298278808594e+00
5.705186999999999564e+00 2.575957298278808594e+00
5.710799999999999876e+00 2.575957298278808594e+00
5.716391999999999918e+00 2.575957298278808594e+00
5.722057999999999645e+00 2.581131935119628906e+00
5.727692000000000228e+00 2.575957298278808594e+00
5.733318999999999832e+00 2.575957298278808594e+00
5.738959999999999617e+00 2.581131935119628906e+00
5.744536000000000087e+00 2.581131935119628906e+00
5.750183999999999962e+00 2.575957298278808594e+00
5.755721999999999561e+00 2.575957298278808594e+00
5.761358000000000423e+00 2.581131935119628906e+00
5.765272999999999648e+00 2.570782661437988281e+00
5.770883000000000429e+00 2.570782661437988281e+00
5.776620000000000310e+00 2.575957298278808594e+00
5.788022999999999918e+00 2.570782661437988281e+00
5.793906999999999918e+00 2.570782661437988281e+00
5.799686999999999593e+00 2.575957298278808594e+00
5.805323999999999707e+00 2.575957298278808594e+00
5.810959999999999681e+00 2.581131935119628906e+00
5.816610999999999976e+00 2.575957298278808594e+00
5.822308999999999735e+00 2.575957298278808594e+00
5.827930000000000277e+00 2.581131935119628906e+00
5.833724000000000132e+00 2.581131935119628906e+00
5.839400999999999620e+00 2.581131935119628906e+00
5.845024000000000441e+00 2.581131935119628906e+00
5.850679999999999659e+00 2.575957298278808594e+00
5.856307000000000151e+00 2.575957298278808594e+00
5.862013000000000140e+00 2.575957298278808594e+00
5.867653999999999925e+00 2.570782661437988281e+00
5.873356000000000243e+00 2.570782661437988281e+00
5.879016000000000020e+00 2.570782661437988281e+00
5.884661999999999615e+00 2.565608024597167969e+00
5.890324999999999811e+00 2.570782661437988281e+00
5.899504000000000303e+00 2.575957298278808594e+00
5.905432000000000237e+00 2.575957298278808594e+00
5.911126000000000325e+00 2.581131935119628906e+00
5.916890999999999678e+00 2.581131935119628906e+00
5.920879000000000225e+00 2.586306571960449219e+00
5.926593000000000444e+00 2.586306571960449219e+00
5.932441999999999993e+00 2.586306571960449219e+00
5.938183000000000433e+00 2.586306571960449219e+00
5.944035999999999653e+00 2.581131935119628906e+00
5.949880000000000280e+00 2.570782661437988281e+00
5.955562999999999718e+00 2.570782661437988281e+00
5.961325000000000429e+00 2.575957298278808594e+00
5.967118000000000144e+00 2.570782661437988281e+00
5.972872999999999877e+00 2.570782661437988281e+00
5.976854000000000333e+00 2.570782661437988281e+00
5.982643000000000377e+00 2.570782661437988281e+00
5.988362999999999658e+00 2.570782661437988281e+00
5.994557999999999609e+00 2.575957298278808594e+00
6.000364000000000253e+00 2.581131935119628906e+00
6.006118999999999986e+00 2.581131935119628906e+00
6.012080000000000091e+00 2.581131935119628906e+00
6.020969000000000015e+00 2.581131935119628906e+00
6.026866000000000057e+00 2.581131935119628906e+00
6.032615999999999978e+00 2.575957298278808594e+00
6.038331000000000337e+00 2.575957298278808594e+00
6.044093000000000160e+00 2.575957298278808594e+00
6.049903999999999726e+00 2.570782661437988281e+00
6.055672000000000388e+00 2.575957298278808594e+00
6.061456999999999873e+00 2.570782661437988281e+00
6.067192999999999614e+00 2.570782661437988281e+00
6.071226000000000234e+00 2.565608024597167969e+00
6.076921999999999713e+00 2.570782661437988281e+00
6.082739000000000118e+00 2.575957298278808594e+00
6.086630000000000429e+00 2.575957298278808594e+00
6.092401999999999873e+00 2.570782661437988281e+00
6.102650999999999826e+00 2.586306571960449219e+00
6.113851000000000369e+00 2.586306571960449219e+00
6.122818999999999789e+00 2.575957298278808594e+00
6.129013999999999740e+00 2.581131935119628906e+00
6.137830000000000119e+00 2.575957298278808594e+00
6.144063000000000052e+00 2.575957298278808594e+00
6.149941000000000102e+00 2.570782661437988281e+00
6.155701999999999785e+00 2.570782661437988281e+00
6.161571000000000353e+00 2.575957298278808594e+00
6.167449000000000403e+00 2.575957298278808594e+00
6.173320000000000363e+00 2.575957298278808594e+00
6.179155999999999871e+00 2.575957298278808594e+00
6.184965000000000046e+00 2.575957298278808594e+00
6.190762999999999572e+00 2.570782661437988281e+00
6.196604999999999919e+00 2.581131935119628906e+00
6.202418999999999905e+00 2.581131935119628906e+00
6.208192999999999628e+00 2.575957298278808594e+00
6.214065999999999867e+00 2.581131935119628906e+00
6.218056999999999945e+00 2.575957298278808594e+00
6.223914999999999864e+00 2.581131935119628906e+00
6.229783000000000293e+00 2.581131935119628906e+00
6.235610999999999571e+00 2.575957298278808594e+00
6.241443000000000296e+00 2.575957298278808594e+00
6.250653999999999932e+00 2.575957298278808594e+00
6.256635000000000169e+00 2.570782661437988281e+00
6.260619000000000156e+00 2.575957298278808594e+00
6.266405999999999921e+00 2.575957298278808594e+00
6.270419999999999661e+00 2.575957298278808594e+00
6.276205000000000034e+00 2.575957298278808594e+00
6.280228000000000144e+00 2.575957298278808594e+00
6.286017000000000188e+00 2.570782661437988281e+00
6.290033000000000207e+00 2.565608024597167969e+00
6.295831999999999873e+00 2.575957298278808594e+00
6.302056000000000324e+00 2.575957298278808594e+00
6.306049999999999933e+00 2.575957298278808594e+00
6.311867000000000338e+00 2.581131935119628906e+00
6.317720999999999698e+00 2.581131935119628906e+00
6.323584999999999567e+00 2.581131935119628906e+00
6.329438999999999815e+00 2.581131935119628906e+00
6.333450000000000024e+00 2.581131935119628906e+00
6.339324999999999655e+00 2.586306571960449219e+00
6.345153999999999961e+00 2.581131935119628906e+00
6.351036999999999821e+00 2.575957298278808594e+00
6.356835000000000235e+00 2.575957298278808594e+00
6.366128999999999927e+00 2.575957298278808594e+00
6.372184999999999988e+00 2.570782661437988281e+00
6.378009999999999735e+00 2.570782661437988281e+00
6.384011000000000102e+00 2.570782661437988281e+00
6.389899999999999913e+00 2.570782661437988281e+00
6.395735000000000170e+00 2.575957298278808594e+00
6.401715000000000266e+00 2.575957298278808594e+00
6.407543000000000433e+00 2.581131935119628906e+00
6.413448999999999955e+00 2.581131935119628906e+00
6.419318999999999775e+00 2.581131935119628906e+00
6.425189999999999735e+00 2.581131935119628906e+00
6.431047999999999654e+00 2.586306571960449219e+00
6.435030000000000250e+00 2.581131935119628906e+00
6.440868000000000038e+00 2.581131935119628906e+00
6.444840000000000124e+00 2.575957298278808594e+00
6.450694000000000372e+00 2.581131935119628906e+00
6.456535999999999831e+00 2.570782661437988281e+00
6.462435000000000151e+00 2.570782661437988281e+00
6.466453999999999702e+00 2.565608024597167969e+00
6.472334000000000032e+00 2.570782661437988281e+00
6.478331999999999979e+00 2.570782661437988281e+00
6.487334999999999852e+00 2.570782661437988281e+00
6.493629999999999569e+00 2.570782661437988281e+00
6.497640999999999778e+00 2.581131935119628906e+00
6.503629000000000104e+00 2.581131935119628906e+00
6.507640000000000313e+00 2.581131935119628906e+00
6.513576999999999728e+00 2.586306571960449219e+00
6.519546000000000063e+00 2.581131935119628906e+00
6.525427999999999784e+00 2.581131935119628906e+00
6.531342000000000425e+00 2.581131935119628906e+00
6.537237000000000187e+00 2.581131935119628906e+00
6.543187999999999782e+00 2.575957298278808594e+00
6.549239000000000033e+00 2.570782661437988281e+00
6.555108999999999853e+00 2.570782661437988281e+00
6.561023999999999745e+00 2.570782661437988281e+00
6.566971999999999809e+00 2.570782661437988281e+00
6.572974000000000316e+00 2.570782661437988281e+00
6.577060999999999602e+00 2.575957298278808594e+00
6.583078000000000429e+00 2.575957298278808594e+00
6.589076000000000377e+00 2.570782661437988281e+00
6.594999999999999751e+00 2.575957298278808594e+00
6.604186000000000334e+00 2.581131935119628906e+00
6.610356999999999594e+00 2.581131935119628906e+00
6.616316000000000308e+00 2.586306571960449219e+00
6.622311999999999976e+00 2.575957298278808594e+00
6.628226999999999869e+00 2.581131935119628906e+00
6.634240000000000137e+00 2.575957298278808594e+00
6.638240999999999836e+00 2.575957298278808594e+00
6.644224999999999604e+00 2.575957298278808594e+00
6.648208000000000339e+00 2.570782661437988281e+00
6.654226999999999670e+00 2.570782661437988281e+00
6.660196000000000005e+00 2.570782661437988281e+00
6.664220000000000255e+00 2.570782661437988281e+00
6.670228999999999964e+00 2.575957298278808594e+00
6.676199000000000439e+00 2.570782661437988281e+00
6.682228000000000279e+00 2.575957298278808594e+00
6.688183000000000433e+00 2.575957298278808594e+00
6.694198000000000093e+00 2.570782661437988281e+00
6.700162999999999869e+00 2.581131935119628906e+00
6.706157000000000146e+00 2.581131935119628906e+00
6.712188000000000265e+00 2.581131935119628906e+00
6.721816999999999709e+00 2.575957298278808594e+00
6.728101999999999805e+00 2.581131935119628906e+00
6.734174000000000326e+00 2.575957298278808594e+00
6.740158000000000094e+00 2.575957298278808594e+00
6.746128999999999820e+00 2.575957298278808594e+00
6.752213000000000243e+00 2.575957298278808594e+00
6.758187999999999640e+00 2.575957298278808594e+00
6.764229000000000269e+00 2.575957298278808594e+00
6.770335000000000214e+00 2.575957298278808594e+00
6.776267999999999958e+00 2.575957298278808594e+00
6.782379999999999853e+00 2.575957298278808594e+00
6.788363999999999621e+00 2.575957298278808594e+00
6.794402999999999970e+00 2.570782661437988281e+00
6.798389000000000237e+00 2.575957298278808594e+00
6.804460999999999871e+00 2.575957298278808594e+00
6.810454000000000008e+00 2.575957298278808594e+00
6.816659999999999719e+00 2.575957298278808594e+00
6.822727999999999682e+00 2.575957298278808594e+00
6.826817000000000135e+00 2.581131935119628906e+00
6.834219000000000044e+00 2.581131935119628906e+00
6.840525999999999662e+00 2.575957298278808594e+00
6.846523999999999610e+00 2.581131935119628906e+00
6.852632999999999974e+00 2.575957298278808594e+00
6.858712999999999838e+00 2.570782661437988281e+00
6.864696000000000353e+00 2.575957298278808594e+00
6.870760999999999896e+00 2.575957298278808594e+00
6.876773000000000025e+00 2.570782661437988281e+00
6.882884999999999920e+00 2.570782661437988281e+00
6.888968000000000202e+00 2.565608024597167969e+00
6.894997000000000043e+00 2.575957298278808594e+00
6.901093000000000366e+00 2.575957298278808594e+00
6.907110000000000305e+00 2.575957298278808594e+00
6.913172000000000317e+00 2.575957298278808594e+00
6.919569000000000081e+00 2.581131935119628906e+00
6.925572999999999979e+00 2.581131935119628906e+00
6.931680000000000064e+00 2.581131935119628906e+00
6.937698000000000143e+00 2.586306571960449219e+00
6.941873000000000182e+00 2.586306571960449219e+00
6.948049000000000142e+00 2.575957298278808594e+00
6.957886000000000237e+00 2.570782661437988281e+00
6.964090999999999809e+00 2.570782661437988281e+00
6.968232999999999677e+00 2.570782661437988281e+00
6.974344000000000321e+00 2.570782661437988281e+00
6.980428999999999995e+00 2.570782661437988281e+00
6.986537000000000219e+00 2.570782661437988281e+00
6.992647999999999975e+00 2.570782661437988281e+00
6.998761000000000010e+00 2.575957298278808594e+00
7.004785000000000039e+00 2.586306571960449219e+00
7.010856000000000421e+00 2.586306571960449219e+00
7.016977999999999938e+00 2.581131935119628906e+00
7.023119000000000334e+00 2.581131935119628906e+00
7.029198000000000057e+00 2.586306571960449219e+00
7.035273000000000110e+00 2.581131935119628906e+00
7.041335000000000122e+00 2.581131935119628906e+00
7.045428000000000246e+00 2.570782661437988281e+00
7.051529999999999632e+00 2.570782661437988281e+00
7.057609000000000243e+00 2.570782661437988281e+00
7.063877999999999879e+00 2.570782661437988281e+00
7.073379000000000083e+00 2.570782661437988281e+00
7.079989000000000310e+00 2.570782661437988281e+00
7.085252999999999801e+00 2.570782661437988281e+00
7.089457999999999593e+00 2.570782661437988281e+00
7.093676000000000315e+00 2.575957298278808594e+00
7.097891999999999868e+00 2.581131935119628906e+00
7.107346999999999859e+00 2.581131935119628906e+00
7.115607999999999933e+00 2.586306571960449219e+00
7.126797999999999966e+00 2.581131935119628906e+00
7.133029999999999760e+00 2.575957298278808594e+00
7.137241000000000390e+00 2.575957298278808594e+00
7.144944999999999879e+00 2.575957298278808594e+00
7.151106000000000407e+00 2.570782661437988281e+00
7.155250999999999806e+00 2.570782661437988281e+00
7.161340000000000039e+00 2.570782661437988281e+00
7.167483999999999966e+00 2.570782661437988281e+00
7.173620999999999803e+00 2.575957298278808594e+00
7.179821999999999704e+00 2.575957298278808594e+00
7.189427000000000234e+00 2.570782661437988281e+00
7.195908000000000193e+00 2.581131935119628906e+00
7.202168999999999599e+00 2.581131935119628906e+00
7.208315999999999946e+00 2.581131935119628906e+00
7.214522999999999797e+00 2.575957298278808594e+00
7.220671000000000284e+00 2.575957298278808594e+00
7.226905000000000356e+00 2.581131935119628906e+00
7.233347000000000193e+00 2.575957298278808594e+00
7.239568000000000225e+00 2.575957298278808594e+00
7.245713000000000292e+00 2.575957298278808594e+00
7.251928000000000374e+00 2.570782661437988281e+00
7.258087999999999873e+00 2.575957298278808594e+00
7.264386000000000010e+00 2.570782661437988281e+00
7.270597999999999672e+00 2.570782661437988281e+00
7.276730999999999838e+00 2.575957298278808594e+00
7.282928000000000068e+00 2.575957298278808594e+00
7.287010000000000431e+00 2.575957298278808594e+00
7.291217999999999755e+00 2.570782661437988281e+00
7.297401999999999944e+00 2.575957298278808594e+00
7.306969999999999743e+00 2.581131935119628906e+00
7.313620000000000232e+00 2.581131935119628906e+00
7.318808999999999898e+00 2.575957298278808594e+00
7.323171000000000319e+00 2.575957298278808594e+00
7.329615999999999687e+00 2.581131935119628906e+00
7.334300999999999959e+00 2.575957298278808594e+00
7.338985000000000092e+00 2.581131935119628906e+00
7.344180999999999848e+00 2.581131935119628906e+00
7.348600000000000243e+00 2.575957298278808594e+00
7.354810999999999765e+00 2.575957298278808594e+00
7.361018999999999757e+00 2.570782661437988281e+00
7.367181999999999675e+00 2.575957298278808594e+00
7.371410000000000018e+00 2.575957298278808594e+00
7.377570999999999657e+00 2.575957298278808594e+00
7.381821000000000410e+00 2.570782661437988281e+00
7.387983000000000189e+00 2.570782661437988281e+00
7.392233000000000054e+00 2.570782661437988281e+00
7.398393999999999693e+00 2.575957298278808594e+00
7.404639000000000415e+00 2.575957298278808594e+00
7.410813000000000095e+00 2.581131935119628906e+00
7.416995000000000005e+00 2.575957298278808594e+00
7.426444000000000045e+00 2.581131935119628906e+00
7.432728000000000002e+00 2.581131935119628906e+00
7.439104000000000383e+00 2.575957298278808594e+00
7.445287999999999684e+00 2.586306571960449219e+00
7.451476000000000433e+00 2.575957298278808594e+00
7.455683999999999756e+00 2.570782661437988281e+00
7.461915000000000298e+00 2.575957298278808594e+00
7.468098999999999599e+00 2.570782661437988281e+00
7.474395000000000344e+00 2.570782661437988281e+00
7.480597000000000385e+00 2.570782661437988281e+00
7.486782999999999966e+00 2.570782661437988281e+00
7.493051999999999602e+00 2.570782661437988281e+00
7.499303000000000274e+00 2.575957298278808594e+00
7.505487999999999715e+00 2.581131935119628906e+00
7.511752999999999680e+00 2.581131935119628906e+00
7.517948999999999771e+00 2.581131935119628906e+00
7.522168999999999883e+00 2.586306571960449219e+00
7.528481000000000201e+00 2.581131935119628906e+00
7.534723999999999755e+00 2.581131935119628906e+00
7.544561999999999991e+00 2.586306571960449219e+00
7.550937000000000232e+00 2.715671539306640625e+00
7.557170000000000165e+00 3.077892303466796875e+00
7.561424999999999841e+00 4.790682792663574219e+00
7.565640000000000143e+00 4.790682792663574219e+00
7.571941999999999950e+00 4.790682792663574219e+00
7.578161999999999843e+00 4.790682792663574219e+00
7.582411999999999708e+00 4.790682792663574219e+00
7.586628000000000149e+00 4.790682792663574219e+00
7.592952999999999619e+00 4.795857429504394531e+00
7.599250999999999756e+00 4.801032066345214844e+00
7.603417999999999566e+00 4.795857429504394531e+00
7.607625999999999777e+00 4.801032066345214844e+00
7.611839999999999939e+00 4.795857429504394531e+00
7.616052999999999962e+00 4.795857429504394531e+00
7.622336999999999918e+00 4.801032066345214844e+00
7.628631000000000384e+00 4.795857429504394531e+00
7.632821999999999996e+00 4.795857429504394531e+00
7.639095000000000191e+00 4.795857429504394531e+00
7.645472999999999963e+00 4.790682792663574219e+00
7.651760999999999591e+00 4.790682792663574219e+00
7.661191999999999780e+00 4.790682792663574219e+00
7.667743999999999893e+00 4.790682792663574219e+00
7.674152000000000307e+00 4.790682792663574219e+00
7.680486000000000146e+00 4.795857429504394531e+00
7.686776000000000053e+00 4.795857429504394531e+00
7.691016000000000297e+00 4.795857429504394531e+00
7.695240000000000080e+00 4.801032066345214844e+00
7.699436000000000391e+00 4.801032066345214844e+00
7.703659000000000034e+00 4.801032066345214844e+00
7.707867000000000246e+00 4.801032066345214844e+00
7.714264000000000010e+00 4.795857429504394531e+00
7.720598999999999990e+00 4.795857429504394531e+00
7.726882999999999946e+00 4.795857429504394531e+00
7.733227000000000295e+00 4.790682792663574219e+00
7.739613000000000298e+00 4.795857429504394531e+00
7.745953000000000088e+00 4.790682792663574219e+00
7.752301000000000109e+00 4.790682792663574219e+00
7.758653999999999940e+00 4.790682792663574219e+00
7.764950999999999937e+00 4.790682792663574219e+00
7.771309999999999718e+00 4.795857429504394531e+00
7.780712000000000295e+00 4.790682792663574219e+00
7.788059999999999761e+00 4.790682792663574219e+00
7.794414999999999871e+00 4.795857429504394531e+00
7.798629000000000033e+00 4.795857429504394531e+00
7.802851999999999677e+00 4.795857429504394531e+00
7.809179000000000315e+00 4.795857429504394531e+00
7.813418000000000418e+00 4.795857429504394531e+00
7.817622000000000071e+00 4.801032066345214844e+00
7.823921999999999599e+00 4.795857429504394531e+00
7.830273000000000039e+00 4.795857429504394531e+00
7.836549999999999905e+00 4.790682792663574219e+00
7.843910000000000160e+00 4.801032066345214844e+00
7.852319999999999744e+00 4.790682792663574219e+00
7.860585000000000377e+00 4.795857429504394531e+00
7.868827999999999712e+00 4.795857429504394531e+00
7.877040000000000042e+00 4.790682792663574219e+00
7.885309999999999597e+00 4.790682792663574219e+00
