3.609999999999999928e-04 2.777766227722167969e+00
3.840999999999999796e-03 2.777766227722167969e+00
7.295000000000000269e-03 2.777766227722167969e+00
1.058300000000000039e-02 2.777766227722167969e+00
1.389100000000000057e-02 2.777766227722167969e+00
1.718899999999999942e-02 2.777766227722167969e+00
2.047799999999999968e-02 2.788115501403808594e+00
2.392899999999999888e-02 2.788115501403808594e+00
2.723000000000000073e-02 2.788115501403808594e+00
3.068600000000000147e-02 2.788115501403808594e+00
3.412899999999999961e-02 2.793290138244628906e+00
3.743300000000000100e-02 2.788115501403808594e+00
4.054800000000000071e-02 2.788115501403808594e+00
4.386400000000000021e-02 2.788115501403808594e+00
4.732299999999999701e-02 2.793290138244628906e+00
5.061399999999999927e-02 2.788115501403808594e+00
5.375200000000000117e-02 2.788115501403808594e+00
5.705500000000000155e-02 2.788115501403808594e+00
6.049899999999999722e-02 2.782940864562988281e+00
6.900499999999999690e-02 2.782940864562988281e+00
7.245500000000000551e-02 2.777766227722167969e+00
7.591000000000000525e-02 2.777766227722167969e+00
7.920900000000000163e-02 2.777766227722167969e+00
8.268899999999999861e-02 2.777766227722167969e+00
8.615499999999999547e-02 2.777766227722167969e+00
8.958699999999999997e-02 2.777766227722167969e+00
9.288699999999999735e-02 2.777766227722167969e+00
9.617900000000000060e-02 2.777766227722167969e+00
9.964000000000000634e-02 2.782940864562988281e+00
1.030829999999999941e-01 2.777766227722167969e+00
1.063719999999999943e-01 2.777766227722167969e+00
1.098289999999999961e-01 2.777766227722167969e+00
1.132729999999999987e-01 2.777766227722167969e+00
1.167310000000000014e-01 2.777766227722167969e+00
1.203329999999999955e-01 2.788115501403808594e+00
1.236310000000000048e-01 2.788115501403808594e+00
1.271130000000000038e-01 2.788115501403808594e+00
1.305479999999999974e-01 2.788115501403808594e+00
1.338340000000000085e-01 2.788115501403808594e+00
1.372909999999999964e-01 2.788115501403808594e+00
1.405800000000000105e-01 2.788115501403808594e+00
1.438899999999999901e-01 2.782940864562988281e+00
1.473440000000000027e-01 2.788115501403808594e+00
1.506280000000000119e-01 2.788115501403808594e+00
1.540759999999999907e-01 2.782940864562988281e+00
1.575350000000000084e-01 2.788115501403808594e+00
1.608360000000000067e-01 2.782940864562988281e+00
1.642780000000000074e-01 2.782940864562988281e+00
1.677500000000000102e-01 2.782940864562988281e+00
1.710299999999999876e-01 2.772591590881347656e+00
1.744809999999999972e-01 2.777766227722167969e+00
1.828940000000000010e-01 2.777766227722167969e+00
1.864879999999999871e-01 2.777766227722167969e+00
1.901019999999999932e-01 2.782940864562988281e+00
1.933840000000000003e-01 2.777766227722167969e+00
1.969710000000000072e-01 2.777766227722167969e+00
2.004529999999999923e-01 2.782940864562988281e+00
2.038889999999999869e-01 2.777766227722167969e+00
2.071969999999999923e-01 2.782940864562988281e+00
2.106329999999999869e-01 2.782940864562988281e+00
2.140839999999999965e-01 2.777766227722167969e+00
2.173920000000000019e-01 2.782940864562988281e+00
2.206760000000000110e-01 2.788115501403808594e+00
2.239669999999999994e-01 2.788115501403808594e+00
2.272760000000000058e-01 2.782940864562988281e+00
2.307200000000000084e-01 2.788115501403808594e+00
2.340109999999999968e-01 2.788115501403808594e+00
2.373300000000000132e-01 2.788115501403808594e+00
2.406099999999999905e-01 2.788115501403808594e+00
2.440589999999999982e-01 2.788115501403808594e+00
2.475209999999999910e-01 2.788115501403808594e+00
2.508099999999999774e-01 2.788115501403808594e+00
2.542650000000000188e-01 2.788115501403808594e+00
2.577220000000000066e-01 2.788115501403808594e+00
2.610109999999999930e-01 2.782940864562988281e+00
2.643050000000000122e-01 2.788115501403808594e+00
2.676129999999999898e-01 2.788115501403808594e+00
2.707479999999999887e-01 2.782940864562988281e+00
2.740799999999999903e-01 2.777766227722167969e+00
2.775389999999999802e-01 2.777766227722167969e+00
2.808350000000000013e-01 2.782940864562988281e+00
2.842779999999999752e-01 2.782940864562988281e+00
2.875759999999999983e-01 2.777766227722167969e+00
2.910030000000000117e-01 2.777766227722167969e+00
2.989180000000000170e-01 2.782940864562988281e+00
3.023649999999999949e-01 2.777766227722167969e+00
3.056670000000000220e-01 2.782940864562988281e+00
3.091220000000000079e-01 2.777766227722167969e+00
3.124140000000000250e-01 2.772591590881347656e+00
3.157190000000000274e-01 2.777766227722167969e+00
3.190140000000000198e-01 2.777766227722167969e+00
3.221550000000000247e-01 2.788115501403808594e+00
3.254529999999999923e-01 2.788115501403808594e+00
3.289119999999999822e-01 2.788115501403808594e+00
3.322010000000000240e-01 2.788115501403808594e+00
3.354989999999999917e-01 2.788115501403808594e+00
3.387879999999999781e-01 2.782940864562988281e+00
3.420949999999999824e-01 2.788115501403808594e+00
3.453860000000000263e-01 2.782940864562988281e+00
3.486949999999999772e-01 2.788115501403808594e+00
3.521380000000000066e-01 2.788115501403808594e+00
3.554370000000000029e-01 2.788115501403808594e+00
3.588899999999999868e-01 2.788115501403808594e+00
3.621900000000000119e-01 2.788115501403808594e+00
3.654769999999999963e-01 2.788115501403808594e+00
3.688069999999999959e-01 2.788115501403808594e+00
3.721099999999999963e-01 2.782940864562988281e+00
3.754000000000000115e-01 2.782940864562988281e+00
3.786990000000000078e-01 2.777766227722167969e+00
3.819969999999999755e-01 2.782940864562988281e+00
3.852979999999999738e-01 2.782940864562988281e+00
3.885910000000000197e-01 2.782940864562988281e+00
3.918929999999999914e-01 2.777766227722167969e+00
3.953309999999999880e-01 2.777766227722167969e+00
3.986350000000000171e-01 2.777766227722167969e+00
4.020819999999999950e-01 2.777766227722167969e+00
4.053740000000000121e-01 2.777766227722167969e+00
4.138820000000000277e-01 2.777766227722167969e+00
4.171739999999999893e-01 2.777766227722167969e+00
4.204660000000000064e-01 2.782940864562988281e+00
4.239220000000000210e-01 2.788115501403808594e+00
4.272449999999999859e-01 2.782940864562988281e+00
4.306699999999999973e-01 2.788115501403808594e+00
4.341209999999999791e-01 2.788115501403808594e+00
4.374190000000000023e-01 2.788115501403808594e+00
4.408670000000000089e-01 2.793290138244628906e+00
4.443219999999999947e-01 2.788115501403808594e+00
4.476260000000000239e-01 2.788115501403808594e+00
4.510660000000000225e-01 2.788115501403808594e+00
4.545199999999999796e-01 2.788115501403808594e+00
4.579799999999999982e-01 2.793290138244628906e+00
4.612760000000000193e-01 2.788115501403808594e+00
4.647229999999999972e-01 2.793290138244628906e+00
4.680650000000000088e-01 2.788115501403808594e+00
4.715170000000000194e-01 2.782940864562988281e+00
4.748060000000000058e-01 2.782940864562988281e+00
4.781030000000000002e-01 2.777766227722167969e+00
4.813999999999999946e-01 2.777766227722167969e+00
4.847009999999999930e-01 2.782940864562988281e+00
4.881679999999999908e-01 2.777766227722167969e+00
4.914510000000000267e-01 2.777766227722167969e+00
4.947250000000000258e-01 2.777766227722167969e+00
4.980350000000000055e-01 2.777766227722167969e+00
5.014939999999999953e-01 2.777766227722167969e+00
5.047810000000000352e-01 2.777766227722167969e+00
5.080810000000000048e-01 2.777766227722167969e+00
5.113750000000000240e-01 2.777766227722167969e+00
5.146720000000000184e-01 2.777766227722167969e+00
5.181289999999999507e-01 2.788115501403808594e+00
5.214309999999999778e-01 2.788115501403808594e+00
5.297770000000000534e-01 2.788115501403808594e+00
5.330709999999999615e-01 2.788115501403808594e+00
5.365220000000000544e-01 2.788115501403808594e+00
5.401380000000000070e-01 2.793290138244628906e+00
5.434290000000000509e-01 2.788115501403808594e+00
5.468800000000000328e-01 2.793290138244628906e+00
5.501690000000000191e-01 2.793290138244628906e+00
5.534670000000000423e-01 2.793290138244628906e+00
5.569199999999999706e-01 2.788115501403808594e+00
5.605809999999999960e-01 2.788115501403808594e+00
5.638710000000000111e-01 2.788115501403808594e+00
5.673200000000000465e-01 2.788115501403808594e+00
5.706120000000000081e-01 2.782940864562988281e+00
5.739140000000000352e-01 2.782940864562988281e+00
5.772180000000000089e-01 2.777766227722167969e+00
5.806609999999999827e-01 2.782940864562988281e+00
5.841089999999999893e-01 2.782940864562988281e+00
5.874279999999999502e-01 2.777766227722167969e+00
5.908639999999999448e-01 2.777766227722167969e+00
5.941380000000000550e-01 2.777766227722167969e+00
5.974570000000000158e-01 2.777766227722167969e+00
6.009029999999999649e-01 2.782940864562988281e+00
6.042020000000000168e-01 2.782940864562988281e+00
6.075089999999999657e-01 2.782940864562988281e+00
6.107930000000000303e-01 2.777766227722167969e+00
6.140930000000000000e-01 2.782940864562988281e+00
6.173929999999999696e-01 2.788115501403808594e+00
6.206850000000000422e-01 2.788115501403808594e+00
6.276890000000000525e-01 2.793290138244628906e+00
6.312600000000000433e-01 2.793290138244628906e+00
6.348970000000000447e-01 2.793290138244628906e+00
6.438289999999999846e-01 2.788115501403808594e+00
6.472799999999999665e-01 2.788115501403808594e+00
6.507279999999999731e-01 2.788115501403808594e+00
6.540230000000000210e-01 2.788115501403808594e+00
6.575140000000000429e-01 2.788115501403808594e+00
6.608089999999999797e-01 2.788115501403808594e+00
6.642550000000000399e-01 2.788115501403808594e+00
6.677140000000000297e-01 2.782940864562988281e+00
6.710099999999999953e-01 2.782940864562988281e+00
6.741430000000000478e-01 2.782940864562988281e+00
6.774480000000000501e-01 2.777766227722167969e+00
6.808999999999999497e-01 2.777766227722167969e+00
6.841930000000000511e-01 2.782940864562988281e+00
6.874940000000000495e-01 2.782940864562988281e+00
6.907809999999999784e-01 2.788115501403808594e+00
6.942249999999999810e-01 2.782940864562988281e+00
6.976849999999999996e-01 2.782940864562988281e+00
7.009859999999999980e-01 2.782940864562988281e+00
7.042709999999999804e-01 2.782940864562988281e+00
7.077250000000000485e-01 2.788115501403808594e+00
7.110199999999999854e-01 2.782940864562988281e+00
7.144760000000000000e-01 2.782940864562988281e+00
7.179280000000000106e-01 2.788115501403808594e+00
7.212159999999999682e-01 2.788115501403808594e+00
7.246709999999999541e-01 2.788115501403808594e+00
7.281199999999999894e-01 2.782940864562988281e+00
7.314180000000000126e-01 2.788115501403808594e+00
7.348689999999999944e-01 2.788115501403808594e+00
7.383330000000000171e-01 2.788115501403808594e+00
7.416289999999999827e-01 2.788115501403808594e+00
7.451269999999999838e-01 2.788115501403808594e+00
7.534619999999999651e-01 2.788115501403808594e+00
7.569139999999999757e-01 2.788115501403808594e+00
7.605169999999999986e-01 2.788115501403808594e+00
7.638150000000000217e-01 2.788115501403808594e+00
7.731829999999999536e-01 2.782940864562988281e+00
7.850589999999999513e-01 2.782940864562988281e+00
8.039060000000000095e-01 2.782940864562988281e+00
8.174860000000000460e-01 2.782940864562988281e+00
8.253859999999999530e-01 2.788115501403808594e+00
8.292150000000000354e-01 2.788115501403808594e+00
8.327369999999999495e-01 2.788115501403808594e+00
8.363350000000000506e-01 2.788115501403808594e+00
8.399280000000000079e-01 2.788115501403808594e+00
8.435510000000000508e-01 2.788115501403808594e+00
8.471929999999999739e-01 2.788115501403808594e+00
8.507860000000000422e-01 2.793290138244628906e+00
8.543859999999999788e-01 2.793290138244628906e+00
8.650240000000000151e-01 2.793290138244628906e+00
8.686279999999999557e-01 2.788115501403808594e+00
8.720679999999999543e-01 2.788115501403808594e+00
8.755180000000000184e-01 2.788115501403808594e+00
8.789719999999999756e-01 2.782940864562988281e+00
8.825720000000000232e-01 2.788115501403808594e+00
8.861729999999999885e-01 2.782940864562988281e+00
8.897859999999999658e-01 2.782940864562988281e+00
8.933849999999999847e-01 2.782940864562988281e+00
8.970949999999999758e-01 2.782940864562988281e+00
9.007629999999999804e-01 2.782940864562988281e+00
9.044980000000000242e-01 2.782940864562988281e+00
9.081090000000000551e-01 2.782940864562988281e+00
9.117250000000000076e-01 2.777766227722167969e+00
9.153189999999999937e-01 2.782940864562988281e+00
9.189270000000000493e-01 2.788115501403808594e+00
9.225280000000000147e-01 2.788115501403808594e+00
9.261270000000000335e-01 2.788115501403808594e+00
9.297320000000000029e-01 2.788115501403808594e+00
9.333780000000000410e-01 2.793290138244628906e+00
9.366029999999999633e-01 2.788115501403808594e+00
9.400500000000000522e-01 2.793290138244628906e+00
9.433799999999999963e-01 2.793290138244628906e+00
9.468330000000000357e-01 2.793290138244628906e+00
9.502829999999999888e-01 2.793290138244628906e+00
9.535789999999999544e-01 2.793290138244628906e+00
9.568729999999999736e-01 2.793290138244628906e+00
9.603279999999999594e-01 2.793290138244628906e+00
9.636280000000000401e-01 2.793290138244628906e+00
9.670779999999999932e-01 2.793290138244628906e+00
9.754439999999999777e-01 2.782940864562988281e+00
9.788829999999999476e-01 2.782940864562988281e+00
9.821910000000000363e-01 2.782940864562988281e+00
9.854760000000000186e-01 2.782940864562988281e+00
9.887700000000000378e-01 2.782940864562988281e+00
9.920670000000000321e-01 2.782940864562988281e+00
9.955190000000000428e-01 2.782940864562988281e+00
9.988150000000000084e-01 2.782940864562988281e+00
1.003184999999999993e+00 2.782940864562988281e+00
1.007387000000000032e+00 2.782940864562988281e+00
1.011422999999999961e+00 2.782940864562988281e+00
1.015457000000000054e+00 2.782940864562988281e+00
1.019565999999999972e+00 2.788115501403808594e+00
1.023595999999999950e+00 2.793290138244628906e+00
1.027701999999999893e+00 2.793290138244628906e+00
1.031768000000000018e+00 2.793290138244628906e+00
1.035792000000000046e+00 2.793290138244628906e+00
1.039954000000000045e+00 2.793290138244628906e+00
1.043978999999999990e+00 2.793290138244628906e+00
1.048038999999999943e+00 2.793290138244628906e+00
1.052064000000000110e+00 2.793290138244628906e+00
1.056097000000000063e+00 2.793290138244628906e+00
1.060191000000000106e+00 2.793290138244628906e+00
1.064335999999999949e+00 2.793290138244628906e+00
1.068380000000000107e+00 2.793290138244628906e+00
1.072438999999999920e+00 2.782940864562988281e+00
1.076489000000000029e+00 2.782940864562988281e+00
1.080905999999999922e+00 2.782940864562988281e+00
1.090478999999999976e+00 2.782940864562988281e+00
1.094896000000000091e+00 2.782940864562988281e+00
1.099121999999999932e+00 2.782940864562988281e+00
1.103147000000000100e+00 2.782940864562988281e+00
1.107274000000000092e+00 2.782940864562988281e+00
1.111345000000000027e+00 2.782940864562988281e+00
1.115386999999999906e+00 2.788115501403808594e+00
1.119502999999999915e+00 2.793290138244628906e+00
1.123532999999999893e+00 2.793290138244628906e+00
1.127631999999999968e+00 2.793290138244628906e+00
1.131682999999999995e+00 2.793290138244628906e+00
1.135709000000000080e+00 2.793290138244628906e+00
1.139826000000000006e+00 2.793290138244628906e+00
1.144651000000000085e+00 2.793290138244628906e+00
1.148717999999999906e+00 2.793290138244628906e+00
1.152768999999999933e+00 2.788115501403808594e+00
1.156859999999999999e+00 2.793290138244628906e+00
1.160954000000000041e+00 2.788115501403808594e+00
1.165008000000000044e+00 2.793290138244628906e+00
1.169164000000000092e+00 2.793290138244628906e+00
1.173238000000000003e+00 2.788115501403808594e+00
1.177389999999999937e+00 2.782940864562988281e+00
1.181454000000000004e+00 2.782940864562988281e+00
1.185550000000000104e+00 2.782940864562988281e+00
1.189715000000000078e+00 2.788115501403808594e+00
1.193778999999999924e+00 2.788115501403808594e+00
1.198020000000000085e+00 2.788115501403808594e+00
1.207510000000000083e+00 2.788115501403808594e+00
1.211934000000000067e+00 2.788115501403808594e+00
1.216055000000000108e+00 2.788115501403808594e+00
1.220218999999999943e+00 2.793290138244628906e+00
1.224310000000000009e+00 2.793290138244628906e+00
1.228488000000000024e+00 2.793290138244628906e+00
1.232660000000000089e+00 2.793290138244628906e+00
1.236844000000000054e+00 2.793290138244628906e+00
1.241015999999999897e+00 2.793290138244628906e+00
1.245136999999999938e+00 2.793290138244628906e+00
1.249354999999999993e+00 2.793290138244628906e+00
1.253481999999999985e+00 2.793290138244628906e+00
1.257668000000000008e+00 2.793290138244628906e+00
1.261787999999999910e+00 2.793290138244628906e+00
1.265916000000000041e+00 2.793290138244628906e+00
1.270130999999999899e+00 2.788115501403808594e+00
1.274280999999999997e+00 2.788115501403808594e+00
1.278461000000000070e+00 2.782940864562988281e+00
1.282618999999999954e+00 2.788115501403808594e+00
1.286801000000000084e+00 2.788115501403808594e+00
1.291149000000000102e+00 2.788115501403808594e+00
1.295323999999999920e+00 2.788115501403808594e+00
1.299574000000000007e+00 2.788115501403808594e+00
1.303744999999999932e+00 2.788115501403808594e+00
1.308073999999999959e+00 2.788115501403808594e+00
1.312526999999999999e+00 2.788115501403808594e+00
1.316750000000000087e+00 2.788115501403808594e+00
1.325890000000000013e+00 2.793290138244628906e+00
1.330241000000000007e+00 2.793290138244628906e+00
1.334508000000000028e+00 2.793290138244628906e+00
1.338727999999999918e+00 2.793290138244628906e+00
1.342921000000000031e+00 2.793290138244628906e+00
1.347175999999999929e+00 2.793290138244628906e+00
1.351393000000000066e+00 2.793290138244628906e+00
1.355591999999999908e+00 2.793290138244628906e+00
1.359868999999999994e+00 2.793290138244628906e+00
1.364066999999999918e+00 2.798464775085449219e+00
1.368295999999999957e+00 2.793290138244628906e+00
1.372508000000000061e+00 2.788115501403808594e+00
1.375742999999999938e+00 2.793290138244628906e+00
1.379196000000000089e+00 2.788115501403808594e+00
1.383466000000000085e+00 2.788115501403808594e+00
1.387769999999999948e+00 2.788115501403808594e+00
1.392007999999999912e+00 2.788115501403808594e+00
1.396261999999999892e+00 2.788115501403808594e+00
1.400611999999999968e+00 2.788115501403808594e+00
1.404835999999999974e+00 2.782940864562988281e+00
1.409143999999999952e+00 2.788115501403808594e+00
1.413937999999999917e+00 2.788115501403808594e+00
1.418355000000000032e+00 2.788115501403808594e+00
1.422755999999999910e+00 2.793290138244628906e+00
1.427348999999999979e+00 2.793290138244628906e+00
1.431917000000000106e+00 2.793290138244628906e+00
1.436350999999999933e+00 2.793290138244628906e+00
1.446285999999999961e+00 2.793290138244628906e+00
1.451151999999999997e+00 2.793290138244628906e+00
1.455503999999999909e+00 2.793290138244628906e+00
1.459945000000000048e+00 2.798464775085449219e+00
1.464293999999999984e+00 2.798464775085449219e+00
1.468677000000000010e+00 2.793290138244628906e+00
1.472998000000000030e+00 2.793290138244628906e+00
1.477433999999999914e+00 2.788115501403808594e+00
1.481789000000000023e+00 2.788115501403808594e+00
1.486147000000000107e+00 2.788115501403808594e+00
1.490553000000000017e+00 2.788115501403808594e+00
1.494903000000000093e+00 2.782940864562988281e+00
1.499349999999999961e+00 2.788115501403808594e+00
1.503713999999999995e+00 2.782940864562988281e+00
1.508143000000000011e+00 2.782940864562988281e+00
1.512512000000000079e+00 2.782940864562988281e+00
1.517277999999999905e+00 2.788115501403808594e+00
1.521670999999999996e+00 2.788115501403808594e+00
1.526054999999999939e+00 2.793290138244628906e+00
1.530475000000000030e+00 2.793290138244628906e+00
1.534863000000000088e+00 2.798464775085449219e+00
1.539317999999999964e+00 2.798464775085449219e+00
1.543708999999999998e+00 2.798464775085449219e+00
1.548170000000000046e+00 2.798464775085449219e+00
1.552818999999999949e+00 2.793290138244628906e+00
1.566130999999999940e+00 2.793290138244628906e+00
1.570813000000000015e+00 2.788115501403808594e+00
1.575371999999999995e+00 2.788115501403808594e+00
1.579855999999999927e+00 2.782940864562988281e+00
1.584216000000000069e+00 2.782940864562988281e+00
1.588595999999999897e+00 2.788115501403808594e+00
1.592953999999999981e+00 2.782940864562988281e+00
1.597421999999999898e+00 2.788115501403808594e+00
1.601782999999999957e+00 2.782940864562988281e+00
1.606146999999999991e+00 2.788115501403808594e+00
1.610570000000000057e+00 2.788115501403808594e+00
1.614937999999999985e+00 2.788115501403808594e+00
1.619809999999999972e+00 2.793290138244628906e+00
1.624214000000000047e+00 2.793290138244628906e+00
1.628638000000000030e+00 2.793290138244628906e+00
1.633043999999999940e+00 2.793290138244628906e+00
1.637526999999999955e+00 2.798464775085449219e+00
1.641949000000000103e+00 2.798464775085449219e+00
1.646346000000000087e+00 2.793290138244628906e+00
1.650849999999999929e+00 2.798464775085449219e+00
1.655254999999999921e+00 2.793290138244628906e+00
1.659748000000000001e+00 2.793290138244628906e+00
1.664158999999999944e+00 2.793290138244628906e+00
1.668589000000000100e+00 2.793290138244628906e+00
1.673037000000000107e+00 2.788115501403808594e+00
1.682817000000000007e+00 2.782940864562988281e+00
1.687532000000000032e+00 2.782940864562988281e+00
1.691977999999999982e+00 2.788115501403808594e+00
1.696407999999999916e+00 2.788115501403808594e+00
1.700947999999999904e+00 2.793290138244628906e+00
1.705383000000000093e+00 2.793290138244628906e+00
1.709910000000000041e+00 2.793290138244628906e+00
1.714358999999999966e+00 2.788115501403808594e+00
1.718963000000000019e+00 2.793290138244628906e+00
1.723541999999999907e+00 2.793290138244628906e+00
1.728097999999999912e+00 2.793290138244628906e+00
1.732561000000000018e+00 2.798464775085449219e+00
1.736882000000000037e+00 2.793290138244628906e+00
1.740680000000000005e+00 2.793290138244628906e+00
1.743675000000000086e+00 2.793290138244628906e+00
1.747444999999999915e+00 2.793290138244628906e+00
1.751238999999999990e+00 2.793290138244628906e+00
1.755036000000000040e+00 2.793290138244628906e+00
1.758861000000000008e+00 2.793290138244628906e+00
1.762664000000000009e+00 2.793290138244628906e+00
1.766483000000000025e+00 2.793290138244628906e+00
1.772351999999999927e+00 2.788115501403808594e+00
1.779301000000000021e+00 2.788115501403808594e+00
1.789436999999999944e+00 2.793290138244628906e+00
1.804184999999999928e+00 2.793290138244628906e+00
1.812572999999999990e+00 2.788115501403808594e+00
1.825431000000000026e+00 2.793290138244628906e+00
1.833625999999999978e+00 2.793290138244628906e+00
1.839909999999999934e+00 2.793290138244628906e+00
1.843750000000000000e+00 2.793290138244628906e+00
1.847699999999999898e+00 2.793290138244628906e+00
1.851536000000000071e+00 2.793290138244628906e+00
1.855377000000000054e+00 2.793290138244628906e+00
1.859310999999999936e+00 2.793290138244628906e+00
1.863145999999999969e+00 2.793290138244628906e+00
1.867040999999999951e+00 2.798464775085449219e+00
1.870862000000000025e+00 2.793290138244628906e+00
1.874738000000000016e+00 2.793290138244628906e+00
1.878611999999999949e+00 2.793290138244628906e+00
1.882452999999999932e+00 2.793290138244628906e+00
1.886292999999999997e+00 2.793290138244628906e+00
1.890150999999999915e+00 2.788115501403808594e+00
1.894015999999999922e+00 2.793290138244628906e+00
1.897901999999999978e+00 2.793290138244628906e+00
1.901748999999999912e+00 2.793290138244628906e+00
1.905599999999999961e+00 2.788115501403808594e+00
1.908693999999999891e+00 2.788115501403808594e+00
1.912484999999999991e+00 2.788115501403808594e+00
1.916347000000000023e+00 2.793290138244628906e+00
1.920279000000000069e+00 2.793290138244628906e+00
1.923262000000000027e+00 2.798464775085449219e+00
1.927111000000000018e+00 2.793290138244628906e+00
1.931044999999999900e+00 2.793290138244628906e+00
1.934071000000000096e+00 2.793290138244628906e+00
1.937870999999999899e+00 2.793290138244628906e+00
1.941802999999999946e+00 2.798464775085449219e+00
1.949027999999999983e+00 2.798464775085449219e+00
1.953149000000000024e+00 2.793290138244628906e+00
1.957081999999999988e+00 2.798464775085449219e+00
1.960153000000000034e+00 2.798464775085449219e+00
1.963961999999999986e+00 2.798464775085449219e+00
1.967875000000000041e+00 2.798464775085449219e+00
1.971754999999999924e+00 2.793290138244628906e+00
1.975657999999999914e+00 2.788115501403808594e+00
1.979624999999999968e+00 2.793290138244628906e+00
1.982679999999999998e+00 2.793290138244628906e+00
1.986491000000000007e+00 2.793290138244628906e+00
1.990426999999999946e+00 2.788115501403808594e+00
1.994334000000000051e+00 2.782940864562988281e+00
1.998269000000000073e+00 2.788115501403808594e+00
2.001336999999999922e+00 2.788115501403808594e+00
2.005154999999999799e+00 2.788115501403808594e+00
2.009133999999999975e+00 2.788115501403808594e+00
2.013077000000000005e+00 2.782940864562988281e+00
2.017062000000000133e+00 2.788115501403808594e+00
2.020128999999999841e+00 2.793290138244628906e+00
2.023966999999999850e+00 2.793290138244628906e+00
2.027915000000000134e+00 2.793290138244628906e+00
2.031892000000000031e+00 2.798464775085449219e+00
2.035842000000000152e+00 2.798464775085449219e+00
2.039839999999999876e+00 2.798464775085449219e+00
2.043782000000000210e+00 2.793290138244628906e+00
2.047766000000000197e+00 2.798464775085449219e+00
2.051718999999999848e+00 2.798464775085449219e+00
2.059118999999999922e+00 2.798464775085449219e+00
2.063302000000000191e+00 2.798464775085449219e+00
2.067321999999999882e+00 2.798464775085449219e+00
2.071286999999999878e+00 2.793290138244628906e+00
2.075254999999999850e+00 2.788115501403808594e+00
2.079282000000000075e+00 2.788115501403808594e+00
2.083257999999999832e+00 2.788115501403808594e+00
2.086349999999999927e+00 2.788115501403808594e+00
2.090357000000000021e+00 2.788115501403808594e+00
2.094320999999999877e+00 2.788115501403808594e+00
2.098306000000000004e+00 2.793290138244628906e+00
2.102380000000000138e+00 2.788115501403808594e+00
2.105474000000000068e+00 2.788115501403808594e+00
2.109449000000000130e+00 2.788115501403808594e+00
2.113429000000000002e+00 2.788115501403808594e+00
2.117475999999999914e+00 2.793290138244628906e+00
2.121455000000000091e+00 2.798464775085449219e+00
2.125430999999999848e+00 2.798464775085449219e+00
2.129471000000000114e+00 2.798464775085449219e+00
2.133658000000000055e+00 2.798464775085449219e+00
2.137710000000000221e+00 2.798464775085449219e+00
2.142260999999999971e+00 2.798464775085449219e+00
2.146262000000000114e+00 2.793290138244628906e+00
2.150247999999999937e+00 2.798464775085449219e+00
2.154239000000000015e+00 2.798464775085449219e+00
2.158244999999999969e+00 2.793290138244628906e+00
2.162259999999999849e+00 2.793290138244628906e+00
2.166290000000000049e+00 2.793290138244628906e+00
2.173632000000000009e+00 2.793290138244628906e+00
2.177945999999999938e+00 2.788115501403808594e+00
2.181951000000000196e+00 2.788115501403808594e+00
2.185957000000000150e+00 2.788115501403808594e+00
2.189074000000000186e+00 2.793290138244628906e+00
2.192997000000000085e+00 2.788115501403808594e+00
2.196128999999999998e+00 2.788115501403808594e+00
2.200146999999999853e+00 2.793290138244628906e+00
2.204175000000000217e+00 2.793290138244628906e+00
2.208239999999999981e+00 2.793290138244628906e+00
2.212260999999999811e+00 2.793290138244628906e+00
2.216286000000000200e+00 2.793290138244628906e+00
2.220289000000000179e+00 2.798464775085449219e+00
2.224329000000000001e+00 2.798464775085449219e+00
2.228366999999999987e+00 2.798464775085449219e+00
2.231485000000000163e+00 2.798464775085449219e+00
2.235510999999999804e+00 2.803639411926269531e+00
2.238691000000000209e+00 2.798464775085449219e+00
2.241671000000000191e+00 2.793290138244628906e+00
2.244658999999999960e+00 2.793290138244628906e+00
2.248625000000000096e+00 2.798464775085449219e+00
2.252667000000000197e+00 2.798464775085449219e+00
2.256698999999999788e+00 2.793290138244628906e+00
2.260752999999999791e+00 2.793290138244628906e+00
2.263898000000000188e+00 2.793290138244628906e+00
2.267923999999999829e+00 2.798464775085449219e+00
2.271983999999999781e+00 2.788115501403808594e+00
2.276044000000000178e+00 2.788115501403808594e+00
2.280139000000000138e+00 2.788115501403808594e+00
2.284245999999999999e+00 2.793290138244628906e+00
2.291599999999999859e+00 2.793290138244628906e+00
2.295924999999999994e+00 2.793290138244628906e+00
2.300092999999999943e+00 2.793290138244628906e+00
2.304187999999999903e+00 2.793290138244628906e+00
2.307325000000000070e+00 2.793290138244628906e+00
2.311329000000000189e+00 2.793290138244628906e+00
2.315442000000000000e+00 2.793290138244628906e+00
2.319615000000000204e+00 2.793290138244628906e+00
2.323722000000000065e+00 2.793290138244628906e+00
2.326869999999999994e+00 2.793290138244628906e+00
2.330957999999999863e+00 2.793290138244628906e+00
2.334081999999999990e+00 2.793290138244628906e+00
2.338179999999999925e+00 2.798464775085449219e+00
2.342302000000000106e+00 2.793290138244628906e+00
2.346423000000000147e+00 2.793290138244628906e+00
2.350589999999999957e+00 2.793290138244628906e+00
2.354734999999999800e+00 2.793290138244628906e+00
2.358880999999999784e+00 2.793290138244628906e+00
2.363001000000000129e+00 2.798464775085449219e+00
2.367182000000000119e+00 2.798464775085449219e+00
2.370337000000000138e+00 2.793290138244628906e+00
2.374384000000000050e+00 2.793290138244628906e+00
2.378519999999999968e+00 2.793290138244628906e+00
2.382632000000000083e+00 2.793290138244628906e+00
2.386762000000000050e+00 2.793290138244628906e+00
2.389923000000000020e+00 2.793290138244628906e+00
2.393965000000000121e+00 2.793290138244628906e+00
2.397145000000000081e+00 2.793290138244628906e+00
2.401193000000000133e+00 2.793290138244628906e+00
2.408913000000000082e+00 2.788115501403808594e+00
2.413262000000000018e+00 2.788115501403808594e+00
2.417478000000000016e+00 2.788115501403808594e+00
2.421619999999999884e+00 2.793290138244628906e+00
2.425768000000000146e+00 2.793290138244628906e+00
2.429971000000000103e+00 2.793290138244628906e+00
2.434114999999999807e+00 2.793290138244628906e+00
2.437526000000000082e+00 2.793290138244628906e+00
2.441641000000000172e+00 2.793290138244628906e+00
2.446746000000000087e+00 2.793290138244628906e+00
2.451869999999999994e+00 2.798464775085449219e+00
2.456853999999999871e+00 2.798464775085449219e+00
2.461923999999999779e+00 2.798464775085449219e+00
2.466918999999999862e+00 2.798464775085449219e+00
2.471976999999999869e+00 2.793290138244628906e+00
2.477037000000000155e+00 2.793290138244628906e+00
2.482048999999999950e+00 2.793290138244628906e+00
2.487175000000000136e+00 2.793290138244628906e+00
2.492205999999999921e+00 2.793290138244628906e+00
2.497304999999999886e+00 2.788115501403808594e+00
2.502345000000000041e+00 2.788115501403808594e+00
2.507435000000000080e+00 2.788115501403808594e+00
2.512464000000000031e+00 2.788115501403808594e+00
2.522806000000000104e+00 2.788115501403808594e+00
2.528135999999999939e+00 2.793290138244628906e+00
2.533192000000000110e+00 2.798464775085449219e+00
2.538440000000000030e+00 2.798464775085449219e+00
2.543323000000000000e+00 2.798464775085449219e+00
2.547591999999999857e+00 2.798464775085449219e+00
2.551798999999999928e+00 2.798464775085449219e+00
2.555997000000000074e+00 2.798464775085449219e+00
2.560210999999999792e+00 2.798464775085449219e+00
2.564421999999999979e+00 2.793290138244628906e+00
2.568665999999999894e+00 2.793290138244628906e+00
2.572888999999999982e+00 2.793290138244628906e+00
2.577163999999999788e+00 2.788115501403808594e+00
2.581383000000000205e+00 2.793290138244628906e+00
2.585589000000000137e+00 2.793290138244628906e+00
2.589907000000000181e+00 2.788115501403808594e+00
2.594132000000000104e+00 2.788115501403808594e+00
2.598365999999999953e+00 2.793290138244628906e+00
2.602580999999999811e+00 2.793290138244628906e+00
2.606805000000000039e+00 2.793290138244628906e+00
2.611025999999999847e+00 2.788115501403808594e+00
2.615253000000000050e+00 2.793290138244628906e+00
2.618479999999999919e+00 2.793290138244628906e+00
2.622631000000000157e+00 2.798464775085449219e+00
2.626866000000000145e+00 2.798464775085449219e+00
2.630056999999999867e+00 2.798464775085449219e+00
2.637896000000000019e+00 2.798464775085449219e+00
2.642530999999999963e+00 2.798464775085449219e+00
2.646784999999999943e+00 2.798464775085449219e+00
2.651048999999999989e+00 2.798464775085449219e+00
2.655304000000000109e+00 2.798464775085449219e+00
2.659602000000000022e+00 2.798464775085449219e+00
2.663851999999999887e+00 2.793290138244628906e+00
2.668124999999999858e+00 2.793290138244628906e+00
2.672393000000000018e+00 2.793290138244628906e+00
2.676657000000000064e+00 2.793290138244628906e+00
2.680950999999999862e+00 2.788115501403808594e+00
2.685223999999999833e+00 2.793290138244628906e+00
2.689557999999999893e+00 2.788115501403808594e+00
2.693830000000000169e+00 2.788115501403808594e+00
2.698128000000000082e+00 2.788115501403808594e+00
2.702408999999999839e+00 2.793290138244628906e+00
2.706678000000000139e+00 2.793290138244628906e+00
2.710974000000000217e+00 2.788115501403808594e+00
2.715250000000000163e+00 2.793290138244628906e+00
2.719596999999999820e+00 2.793290138244628906e+00
2.723888999999999783e+00 2.798464775085449219e+00
2.728197000000000205e+00 2.793290138244628906e+00
2.732489000000000168e+00 2.798464775085449219e+00
2.735717000000000176e+00 2.798464775085449219e+00
2.739984999999999893e+00 2.798464775085449219e+00
2.747837000000000085e+00 2.798464775085449219e+00
2.752371999999999819e+00 2.793290138244628906e+00
2.756677999999999962e+00 2.793290138244628906e+00
2.760997000000000146e+00 2.793290138244628906e+00
2.765299999999999869e+00 2.793290138244628906e+00
2.769695000000000018e+00 2.793290138244628906e+00
2.776243000000000016e+00 2.788115501403808594e+00
2.788908000000000165e+00 2.793290138244628906e+00
2.805649999999999977e+00 2.793290138244628906e+00
2.817324000000000161e+00 2.793290138244628906e+00
2.824232999999999993e+00 2.798464775085449219e+00
2.839069999999999983e+00 2.798464775085449219e+00
2.843900000000000095e+00 2.793290138244628906e+00
2.848260999999999932e+00 2.798464775085449219e+00
2.851487999999999801e+00 2.798464775085449219e+00
2.855736999999999970e+00 2.798464775085449219e+00
2.863459000000000199e+00 2.798464775085449219e+00
2.868110000000000159e+00 2.793290138244628906e+00
2.872453000000000145e+00 2.793290138244628906e+00
2.876802000000000081e+00 2.788115501403808594e+00
2.881248999999999949e+00 2.793290138244628906e+00
2.885618000000000016e+00 2.793290138244628906e+00
2.890080000000000204e+00 2.793290138244628906e+00
2.894441000000000042e+00 2.793290138244628906e+00
2.898843999999999976e+00 2.793290138244628906e+00
2.903201000000000143e+00 2.793290138244628906e+00
2.907636000000000109e+00 2.793290138244628906e+00
2.910909000000000191e+00 2.793290138244628906e+00
2.915195999999999898e+00 2.788115501403808594e+00
2.919671000000000127e+00 2.793290138244628906e+00
2.924043000000000170e+00 2.793290138244628906e+00
2.928446999999999800e+00 2.793290138244628906e+00
2.931678999999999924e+00 2.793290138244628906e+00
2.936001999999999779e+00 2.798464775085449219e+00
2.940401000000000042e+00 2.798464775085449219e+00
2.944821000000000133e+00 2.793290138244628906e+00
2.949301999999999868e+00 2.798464775085449219e+00
2.953682999999999836e+00 2.798464775085449219e+00
2.958114000000000132e+00 2.798464775085449219e+00
2.962509999999999977e+00 2.798464775085449219e+00
2.966905000000000125e+00 2.798464775085449219e+00
2.971305000000000085e+00 2.793290138244628906e+00
2.979090999999999934e+00 2.793290138244628906e+00
2.983727000000000018e+00 2.793290138244628906e+00
2.988134000000000068e+00 2.793290138244628906e+00
2.992544999999999789e+00 2.793290138244628906e+00
2.996947000000000028e+00 2.793290138244628906e+00
3.001354000000000077e+00 2.793290138244628906e+00
3.005745000000000111e+00 2.793290138244628906e+00
3.010219000000000200e+00 2.793290138244628906e+00
3.014746999999999844e+00 2.793290138244628906e+00
3.019331999999999905e+00 2.793290138244628906e+00
3.023756999999999806e+00 2.798464775085449219e+00
3.028185999999999822e+00 2.798464775085449219e+00
3.032589000000000201e+00 2.793290138244628906e+00
3.035893000000000175e+00 2.793290138244628906e+00
3.040378000000000025e+00 2.793290138244628906e+00
3.044827999999999868e+00 2.793290138244628906e+00
3.049322000000000088e+00 2.798464775085449219e+00
3.053761999999999865e+00 2.798464775085449219e+00
3.058202999999999783e+00 2.798464775085449219e+00
3.061526000000000192e+00 2.798464775085449219e+00
3.065860999999999947e+00 2.798464775085449219e+00
3.070364999999999789e+00 2.793290138244628906e+00
3.074784000000000184e+00 2.793290138244628906e+00
3.079299999999999926e+00 2.793290138244628906e+00
3.083746000000000098e+00 2.793290138244628906e+00
3.091566999999999954e+00 2.788115501403808594e+00
3.096251000000000086e+00 2.788115501403808594e+00
3.100715000000000110e+00 2.793290138244628906e+00
3.105159000000000002e+00 2.793290138244628906e+00
3.109668999999999794e+00 2.788115501403808594e+00
3.114129999999999843e+00 2.793290138244628906e+00
3.118606999999999907e+00 2.793290138244628906e+00
3.123066999999999815e+00 2.798464775085449219e+00
3.127597999999999878e+00 2.798464775085449219e+00
3.130897000000000041e+00 2.798464775085449219e+00
3.135288000000000075e+00 2.798464775085449219e+00
3.139825000000000088e+00 2.798464775085449219e+00
3.144432999999999812e+00 2.798464775085449219e+00
3.148978000000000055e+00 2.798464775085449219e+00
3.152308999999999806e+00 2.798464775085449219e+00
3.156693000000000193e+00 2.798464775085449219e+00
3.161207000000000100e+00 2.798464775085449219e+00
3.165678000000000214e+00 2.798464775085449219e+00
3.170212999999999948e+00 2.793290138244628906e+00
3.174688000000000176e+00 2.793290138244628906e+00
3.179187999999999903e+00 2.788115501403808594e+00
3.183672000000000057e+00 2.793290138244628906e+00
3.188155000000000072e+00 2.793290138244628906e+00
3.191482000000000152e+00 2.788115501403808594e+00
3.195879000000000136e+00 2.793290138244628906e+00
3.203856000000000037e+00 2.788115501403808594e+00
3.208629999999999871e+00 2.793290138244628906e+00
3.213137999999999828e+00 2.793290138244628906e+00
3.217700999999999922e+00 2.793290138244628906e+00
3.222192999999999863e+00 2.798464775085449219e+00
3.226698999999999984e+00 2.798464775085449219e+00
3.231221999999999817e+00 2.803639411926269531e+00
3.235736999999999863e+00 2.798464775085449219e+00
3.240305999999999909e+00 2.798464775085449219e+00
3.244816999999999840e+00 2.798464775085449219e+00
3.250113999999999947e+00 2.798464775085449219e+00
3.255628000000000188e+00 2.798464775085449219e+00
3.261210000000000164e+00 2.798464775085449219e+00
3.266750000000000043e+00 2.798464775085449219e+00
3.272370000000000001e+00 2.788115501403808594e+00
3.278030000000000221e+00 2.788115501403808594e+00
3.283637999999999835e+00 2.793290138244628906e+00
3.289177000000000017e+00 2.793290138244628906e+00
3.294696000000000069e+00 2.793290138244628906e+00
3.300289999999999946e+00 2.793290138244628906e+00
3.305816999999999783e+00 2.793290138244628906e+00
3.316800999999999888e+00 2.793290138244628906e+00
3.322646000000000210e+00 2.798464775085449219e+00
3.328275000000000095e+00 2.793290138244628906e+00
3.333841000000000054e+00 2.798464775085449219e+00
3.339404000000000039e+00 2.793290138244628906e+00
3.344958000000000098e+00 2.798464775085449219e+00
3.350296000000000163e+00 2.798464775085449219e+00
3.354848000000000052e+00 2.793290138244628906e+00
3.359500999999999848e+00 2.798464775085449219e+00
3.364053000000000182e+00 2.793290138244628906e+00
3.368628999999999873e+00 2.793290138244628906e+00
3.373183000000000042e+00 2.793290138244628906e+00
3.377803999999999807e+00 2.793290138244628906e+00
3.382366999999999901e+00 2.793290138244628906e+00
3.386922000000000210e+00 2.793290138244628906e+00
3.391488999999999976e+00 2.793290138244628906e+00
3.394867000000000079e+00 2.793290138244628906e+00
3.399420000000000108e+00 2.793290138244628906e+00
3.403989999999999849e+00 2.793290138244628906e+00
3.408574999999999910e+00 2.793290138244628906e+00
3.413151000000000046e+00 2.793290138244628906e+00
3.417783000000000015e+00 2.793290138244628906e+00
3.422435999999999812e+00 2.798464775085449219e+00
3.430419000000000107e+00 2.798464775085449219e+00
3.435230999999999923e+00 2.798464775085449219e+00
3.438668999999999976e+00 2.798464775085449219e+00
3.443223000000000145e+00 2.798464775085449219e+00
3.447909000000000113e+00 2.798464775085449219e+00
3.452770999999999813e+00 2.798464775085449219e+00
3.457443000000000044e+00 2.798464775085449219e+00
3.462050000000000072e+00 2.798464775085449219e+00
3.466645000000000199e+00 2.798464775085449219e+00
3.471280000000000143e+00 2.793290138244628906e+00
3.474692999999999810e+00 2.793290138244628906e+00
3.479235000000000078e+00 2.793290138244628906e+00
3.482660999999999785e+00 2.793290138244628906e+00
3.487261000000000166e+00 2.793290138244628906e+00
3.491893999999999831e+00 2.793290138244628906e+00
3.495306999999999942e+00 2.793290138244628906e+00
3.499912000000000134e+00 2.793290138244628906e+00
3.503282000000000007e+00 2.793290138244628906e+00
3.507877000000000134e+00 2.793290138244628906e+00
3.512503999999999849e+00 2.788115501403808594e+00
3.515931000000000139e+00 2.793290138244628906e+00
3.519260000000000055e+00 2.793290138244628906e+00
3.523823000000000150e+00 2.798464775085449219e+00
3.528461000000000070e+00 2.793290138244628906e+00
3.533091000000000204e+00 2.798464775085449219e+00
3.537818999999999825e+00 2.793290138244628906e+00
3.545637000000000150e+00 2.798464775085449219e+00
3.550558000000000103e+00 2.798464775085449219e+00
3.555426999999999893e+00 2.798464775085449219e+00
3.560132999999999992e+00 2.798464775085449219e+00
3.564766000000000101e+00 2.803639411926269531e+00
3.569487000000000076e+00 2.798464775085449219e+00
3.574129000000000111e+00 2.793290138244628906e+00
3.578797999999999924e+00 2.793290138244628906e+00
3.583450000000000024e+00 2.793290138244628906e+00
3.586876000000000175e+00 2.793290138244628906e+00
3.591498000000000079e+00 2.793290138244628906e+00
3.596156000000000130e+00 2.788115501403808594e+00
3.600813000000000041e+00 2.793290138244628906e+00
3.605465000000000142e+00 2.793290138244628906e+00
3.610193999999999903e+00 2.793290138244628906e+00
3.614856000000000069e+00 2.788115501403808594e+00
3.619610000000000216e+00 2.793290138244628906e+00
3.624280999999999864e+00 2.798464775085449219e+00
3.628947999999999841e+00 2.798464775085449219e+00
3.633608999999999867e+00 2.798464775085449219e+00
3.638285000000000213e+00 2.798464775085449219e+00
3.642975999999999992e+00 2.798464775085449219e+00
3.647708999999999868e+00 2.798464775085449219e+00
3.652379999999999960e+00 2.798464775085449219e+00
3.660733000000000015e+00 2.798464775085449219e+00
3.665671999999999819e+00 2.798464775085449219e+00
3.670408999999999811e+00 2.793290138244628906e+00
3.675088000000000132e+00 2.793290138244628906e+00
3.679847999999999786e+00 2.793290138244628906e+00
3.684536000000000033e+00 2.793290138244628906e+00
3.689223999999999837e+00 2.788115501403808594e+00
3.693909000000000109e+00 2.788115501403808594e+00
3.698625999999999969e+00 2.788115501403808594e+00
3.703313000000000077e+00 2.788115501403808594e+00
3.708069000000000059e+00 2.793290138244628906e+00
3.712782999999999944e+00 2.793290138244628906e+00
3.717548999999999992e+00 2.798464775085449219e+00
3.722261000000000042e+00 2.793290138244628906e+00
3.726955999999999936e+00 2.798464775085449219e+00
3.731672999999999796e+00 2.798464775085449219e+00
3.735107999999999873e+00 2.798464775085449219e+00
3.738399999999999945e+00 2.803639411926269531e+00
3.743057999999999996e+00 2.798464775085449219e+00
3.746529000000000220e+00 2.803639411926269531e+00
3.751256000000000146e+00 2.798464775085449219e+00
3.756016999999999939e+00 2.798464775085449219e+00
3.761242999999999892e+00 2.798464775085449219e+00
3.765991000000000088e+00 2.798464775085449219e+00
3.774855000000000071e+00 2.793290138244628906e+00
3.782227999999999923e+00 2.788115501403808594e+00
3.794976000000000127e+00 2.793290138244628906e+00
3.801884999999999959e+00 2.793290138244628906e+00
3.810074000000000183e+00 2.793290138244628906e+00
3.821947000000000205e+00 2.798464775085449219e+00
3.829058999999999990e+00 2.798464775085449219e+00
3.843672000000000200e+00 2.798464775085449219e+00
3.848729000000000067e+00 2.793290138244628906e+00
3.853507000000000016e+00 2.798464775085449219e+00
3.858376999999999946e+00 2.798464775085449219e+00
3.862108999999999792e+00 2.798464775085449219e+00
3.866804000000000130e+00 2.798464775085449219e+00
3.871617000000000086e+00 2.793290138244628906e+00
3.875071000000000154e+00 2.793290138244628906e+00
3.879865000000000119e+00 2.793290138244628906e+00
3.887989000000000139e+00 2.793290138244628906e+00
3.891706999999999805e+00 2.793290138244628906e+00
3.896412999999999904e+00 2.793290138244628906e+00
3.901339999999999808e+00 2.793290138244628906e+00
3.906102000000000185e+00 2.793290138244628906e+00
3.910906999999999911e+00 2.793290138244628906e+00
3.915699000000000041e+00 2.793290138244628906e+00
3.920551999999999815e+00 2.798464775085449219e+00
3.925339999999999829e+00 2.798464775085449219e+00
3.930194000000000187e+00 2.798464775085449219e+00
3.934982000000000202e+00 2.793290138244628906e+00
3.939865999999999868e+00 2.793290138244628906e+00
3.944653000000000187e+00 2.798464775085449219e+00
3.949526000000000092e+00 2.798464775085449219e+00
3.954324999999999868e+00 2.793290138244628906e+00
3.959134999999999849e+00 2.798464775085449219e+00
3.963963000000000125e+00 2.798464775085449219e+00
3.968792000000000098e+00 2.798464775085449219e+00
3.972296000000000049e+00 2.798464775085449219e+00
3.977066999999999908e+00 2.798464775085449219e+00
3.981883999999999979e+00 2.793290138244628906e+00
3.986690999999999985e+00 2.793290138244628906e+00
3.991506000000000220e+00 2.793290138244628906e+00
3.999734999999999818e+00 2.793290138244628906e+00
4.004805000000000170e+00 2.793290138244628906e+00
4.009731000000000378e+00 2.788115501403808594e+00
4.014560999999999602e+00 2.788115501403808594e+00
4.019477000000000189e+00 2.793290138244628906e+00
4.024314999999999642e+00 2.798464775085449219e+00
4.029164999999999885e+00 2.793290138244628906e+00
4.034010999999999569e+00 2.798464775085449219e+00
4.038884999999999614e+00 2.798464775085449219e+00
4.043734999999999857e+00 2.798464775085449219e+00
4.048600000000000421e+00 2.798464775085449219e+00
4.053490000000000038e+00 2.798464775085449219e+00
4.058366999999999614e+00 2.798464775085449219e+00
4.063444999999999752e+00 2.798464775085449219e+00
4.068567999999999962e+00 2.798464775085449219e+00
4.072136999999999674e+00 2.793290138244628906e+00
4.076933999999999614e+00 2.793290138244628906e+00
4.081820999999999700e+00 2.793290138244628906e+00
4.086674999999999613e+00 2.793290138244628906e+00
4.091569999999999929e+00 2.793290138244628906e+00
4.095088999999999757e+00 2.788115501403808594e+00
4.099944999999999951e+00 2.793290138244628906e+00
4.104835999999999707e+00 2.793290138244628906e+00
4.109869999999999912e+00 2.793290138244628906e+00
4.118192999999999770e+00 2.793290138244628906e+00
4.123343000000000202e+00 2.793290138244628906e+00
4.128298000000000023e+00 2.798464775085449219e+00
4.133181999999999690e+00 2.798464775085449219e+00
4.138139999999999930e+00 2.803639411926269531e+00
4.143057999999999907e+00 2.798464775085449219e+00
4.148009000000000057e+00 2.798464775085449219e+00
4.152893999999999863e+00 2.803639411926269531e+00
4.157854000000000383e+00 2.798464775085449219e+00
4.162764000000000131e+00 2.798464775085449219e+00
4.167873000000000161e+00 2.803639411926269531e+00
4.172780000000000378e+00 2.793290138244628906e+00
4.176326000000000427e+00 2.793290138244628906e+00
4.181251999999999747e+00 2.793290138244628906e+00
4.186161000000000243e+00 2.793290138244628906e+00
4.191122000000000014e+00 2.793290138244628906e+00
4.196022000000000141e+00 2.788115501403808594e+00
4.200934000000000168e+00 2.793290138244628906e+00
4.205840000000000245e+00 2.793290138244628906e+00
4.210827000000000098e+00 2.793290138244628906e+00
4.215773999999999688e+00 2.793290138244628906e+00
4.220747000000000249e+00 2.798464775085449219e+00
4.225840999999999958e+00 2.798464775085449219e+00
4.236214999999999620e+00 2.798464775085449219e+00
4.241232000000000113e+00 2.798464775085449219e+00
4.246148999999999951e+00 2.798464775085449219e+00
4.251083000000000389e+00 2.798464775085449219e+00
4.256014999999999660e+00 2.798464775085449219e+00
4.260945000000000427e+00 2.798464775085449219e+00
4.265919000000000239e+00 2.798464775085449219e+00
4.270926000000000222e+00 2.793290138244628906e+00
4.275858999999999632e+00 2.793290138244628906e+00
4.279504000000000197e+00 2.788115501403808594e+00
4.284377000000000102e+00 2.793290138244628906e+00
4.289349999999999774e+00 2.788115501403808594e+00
4.294281999999999933e+00 2.793290138244628906e+00
4.299250999999999934e+00 2.793290138244628906e+00
4.304200999999999944e+00 2.793290138244628906e+00
4.309161999999999715e+00 2.793290138244628906e+00
4.314130999999999716e+00 2.793290138244628906e+00
4.319106999999999807e+00 2.793290138244628906e+00
4.322686000000000028e+00 2.798464775085449219e+00
4.327663000000000260e+00 2.798464775085449219e+00
4.332626000000000310e+00 2.798464775085449219e+00
4.337657000000000096e+00 2.798464775085449219e+00
4.342642999999999809e+00 2.798464775085449219e+00
4.350906000000000162e+00 2.793290138244628906e+00
4.356137999999999622e+00 2.798464775085449219e+00
4.361130000000000173e+00 2.793290138244628906e+00
4.364692999999999934e+00 2.798464775085449219e+00
4.368280000000000385e+00 2.793290138244628906e+00
4.373192000000000412e+00 2.793290138244628906e+00
4.378245999999999860e+00 2.793290138244628906e+00
4.383234999999999992e+00 2.793290138244628906e+00
4.388302999999999621e+00 2.793290138244628906e+00
4.393269000000000091e+00 2.793290138244628906e+00
4.398374999999999702e+00 2.793290138244628906e+00
4.403372000000000064e+00 2.793290138244628906e+00
4.408415999999999890e+00 2.793290138244628906e+00
4.413420999999999594e+00 2.793290138244628906e+00
4.418451000000000128e+00 2.798464775085449219e+00
4.423467999999999734e+00 2.798464775085449219e+00
4.428481999999999807e+00 2.793290138244628906e+00
4.433488999999999791e+00 2.798464775085449219e+00
4.438508999999999816e+00 2.798464775085449219e+00
4.442127000000000159e+00 2.793290138244628906e+00
4.447110999999999592e+00 2.798464775085449219e+00
4.450698000000000043e+00 2.798464775085449219e+00
4.455686000000000035e+00 2.798464775085449219e+00
4.460808000000000106e+00 2.798464775085449219e+00
4.467889999999999695e+00 2.798464775085449219e+00
4.473285999999999873e+00 2.798464775085449219e+00
4.476865000000000094e+00 2.793290138244628906e+00
4.481957000000000413e+00 2.793290138244628906e+00
4.487025000000000041e+00 2.793290138244628906e+00
4.492040000000000255e+00 2.793290138244628906e+00
4.497145999999999866e+00 2.793290138244628906e+00
4.502189000000000441e+00 2.793290138244628906e+00
4.507282000000000011e+00 2.793290138244628906e+00
4.512330000000000396e+00 2.793290138244628906e+00
4.517409999999999926e+00 2.793290138244628906e+00
4.522483000000000253e+00 2.798464775085449219e+00
4.526068999999999676e+00 2.793290138244628906e+00
4.529670999999999559e+00 2.798464775085449219e+00
4.534644000000000119e+00 2.798464775085449219e+00
4.539769999999999861e+00 2.798464775085449219e+00
4.544821999999999917e+00 2.793290138244628906e+00
4.548525999999999847e+00 2.798464775085449219e+00
4.553497000000000128e+00 2.798464775085449219e+00
4.558588000000000306e+00 2.798464775085449219e+00
4.563636999999999944e+00 2.803639411926269531e+00
4.568730999999999653e+00 2.798464775085449219e+00
4.573928999999999689e+00 2.793290138244628906e+00
4.579039999999999999e+00 2.793290138244628906e+00
4.587576999999999572e+00 2.793290138244628906e+00
4.591480999999999923e+00 2.793290138244628906e+00
4.595079000000000136e+00 2.793290138244628906e+00
4.598679999999999879e+00 2.793290138244628906e+00
4.603691999999999673e+00 2.793290138244628906e+00
4.608813999999999744e+00 2.793290138244628906e+00
4.613902000000000392e+00 2.788115501403808594e+00
4.619011000000000422e+00 2.793290138244628906e+00
4.624096999999999902e+00 2.798464775085449219e+00
4.627655999999999992e+00 2.798464775085449219e+00
4.632655999999999885e+00 2.793290138244628906e+00
4.637842000000000020e+00 2.798464775085449219e+00
4.643022000000000205e+00 2.798464775085449219e+00
4.648185999999999929e+00 2.798464775085449219e+00
4.653291000000000288e+00 2.798464775085449219e+00
4.658495000000000275e+00 2.798464775085449219e+00
4.663610000000000255e+00 2.798464775085449219e+00
4.668718000000000146e+00 2.803639411926269531e+00
4.674037000000000219e+00 2.798464775085449219e+00
4.679172000000000331e+00 2.788115501403808594e+00
4.684275999999999662e+00 2.793290138244628906e+00
4.687941999999999609e+00 2.793290138244628906e+00
4.693032999999999788e+00 2.793290138244628906e+00
4.703719999999999679e+00 2.793290138244628906e+00
4.709190999999999683e+00 2.793290138244628906e+00
4.714329000000000214e+00 2.793290138244628906e+00
4.719471000000000416e+00 2.793290138244628906e+00
4.724587999999999788e+00 2.803639411926269531e+00
4.728322000000000358e+00 2.798464775085449219e+00
4.733361999999999625e+00 2.798464775085449219e+00
4.738484999999999836e+00 2.798464775085449219e+00
4.743606999999999907e+00 2.803639411926269531e+00
4.748757999999999591e+00 2.798464775085449219e+00
4.753884000000000221e+00 2.798464775085449219e+00
4.759089999999999598e+00 2.798464775085449219e+00
4.764215000000000089e+00 2.793290138244628906e+00
4.769356000000000151e+00 2.793290138244628906e+00
4.776693999999999996e+00 2.793290138244628906e+00
4.784984999999999822e+00 2.793290138244628906e+00
4.796223999999999599e+00 2.788115501403808594e+00
4.803742999999999874e+00 2.793290138244628906e+00
4.817408000000000357e+00 2.798464775085449219e+00
4.822561999999999571e+00 2.798464775085449219e+00
4.829920000000000435e+00 2.798464775085449219e+00
4.842601000000000155e+00 2.798464775085449219e+00
4.854267000000000110e+00 2.793290138244628906e+00
4.859499999999999709e+00 2.798464775085449219e+00
4.864664999999999573e+00 2.798464775085449219e+00
4.869938000000000322e+00 2.793290138244628906e+00
4.875153000000000070e+00 2.793290138244628906e+00
4.880443999999999782e+00 2.788115501403808594e+00
4.885620000000000296e+00 2.793290138244628906e+00
4.890934999999999810e+00 2.793290138244628906e+00
4.896106999999999765e+00 2.793290138244628906e+00
4.901320000000000121e+00 2.793290138244628906e+00
4.906506000000000256e+00 2.793290138244628906e+00
4.910300000000000331e+00 2.793290138244628906e+00
4.913893999999999984e+00 2.793290138244628906e+00
4.917506999999999628e+00 2.793290138244628906e+00
4.921101000000000170e+00 2.798464775085449219e+00
4.926260000000000083e+00 2.798464775085449219e+00
4.931451000000000029e+00 2.798464775085449219e+00
4.936644000000000254e+00 2.798464775085449219e+00
4.941860000000000142e+00 2.798464775085449219e+00
4.947148999999999575e+00 2.798464775085449219e+00
4.952346999999999611e+00 2.798464775085449219e+00
4.957709999999999617e+00 2.798464775085449219e+00
4.966160000000000352e+00 2.793290138244628906e+00
4.971694000000000280e+00 2.793290138244628906e+00
4.977214000000000027e+00 2.793290138244628906e+00
4.982476000000000127e+00 2.793290138244628906e+00
4.987792999999999921e+00 2.793290138244628906e+00
4.993063000000000251e+00 2.798464775085449219e+00
4.998371999999999815e+00 2.793290138244628906e+00
5.003612000000000393e+00 2.793290138244628906e+00
5.008890000000000065e+00 2.793290138244628906e+00
5.014110999999999763e+00 2.793290138244628906e+00
5.019356000000000151e+00 2.793290138244628906e+00
5.024623000000000062e+00 2.798464775085449219e+00
5.029931999999999626e+00 2.798464775085449219e+00
5.035174999999999734e+00 2.798464775085449219e+00
5.040542000000000300e+00 2.793290138244628906e+00
5.045816000000000301e+00 2.798464775085449219e+00
5.051112999999999964e+00 2.798464775085449219e+00
5.056373999999999924e+00 2.798464775085449219e+00
5.061670999999999587e+00 2.798464775085449219e+00
5.066924000000000206e+00 2.803639411926269531e+00
5.072218999999999589e+00 2.793290138244628906e+00
5.081037000000000248e+00 2.793290138244628906e+00
5.086573999999999707e+00 2.793290138244628906e+00
5.091942000000000412e+00 2.798464775085449219e+00
5.097260000000000346e+00 2.793290138244628906e+00
5.102521999999999558e+00 2.793290138244628906e+00
5.107885999999999704e+00 2.788115501403808594e+00
5.113160999999999845e+00 2.788115501403808594e+00
5.118498999999999910e+00 2.793290138244628906e+00
5.123787000000000091e+00 2.798464775085449219e+00
5.127524000000000193e+00 2.798464775085449219e+00
5.132735000000000269e+00 2.798464775085449219e+00
5.138073999999999586e+00 2.798464775085449219e+00
5.143412999999999791e+00 2.798464775085449219e+00
5.148704999999999643e+00 2.798464775085449219e+00
5.153986999999999874e+00 2.798464775085449219e+00
5.159279999999999866e+00 2.798464775085449219e+00
5.164590999999999710e+00 2.803639411926269531e+00
5.169952999999999577e+00 2.798464775085449219e+00
5.175264999999999560e+00 2.793290138244628906e+00
5.180894000000000332e+00 2.793290138244628906e+00
5.186301000000000272e+00 2.793290138244628906e+00
5.196330999999999811e+00 2.793290138244628906e+00
5.201906000000000141e+00 2.793290138244628906e+00
5.207295000000000229e+00 2.793290138244628906e+00
5.212600000000000122e+00 2.793290138244628906e+00
5.217960999999999849e+00 2.793290138244628906e+00
5.223257000000000261e+00 2.798464775085449219e+00
5.228629999999999889e+00 2.798464775085449219e+00
5.233950000000000102e+00 2.803639411926269531e+00
5.239282000000000217e+00 2.798464775085449219e+00
5.244608999999999632e+00 2.798464775085449219e+00
5.250003999999999671e+00 2.798464775085449219e+00
5.255321999999999605e+00 2.798464775085449219e+00
5.259101000000000248e+00 2.798464775085449219e+00
5.264336000000000126e+00 2.798464775085449219e+00
5.269750000000000156e+00 2.793290138244628906e+00
5.275077999999999712e+00 2.793290138244628906e+00
5.278878999999999877e+00 2.793290138244628906e+00
5.284190999999999860e+00 2.788115501403808594e+00
5.289562000000000097e+00 2.793290138244628906e+00
5.294883999999999702e+00 2.793290138244628906e+00
5.300297999999999732e+00 2.788115501403808594e+00
5.305658000000000207e+00 2.793290138244628906e+00
5.314512999999999820e+00 2.793290138244628906e+00
5.320208000000000048e+00 2.793290138244628906e+00
5.325560000000000294e+00 2.798464775085449219e+00
5.331013999999999697e+00 2.803639411926269531e+00
5.336370999999999754e+00 2.803639411926269531e+00
5.341755000000000031e+00 2.803639411926269531e+00
5.347165000000000390e+00 2.798464775085449219e+00
5.352519000000000027e+00 2.798464775085449219e+00
5.356304999999999872e+00 2.798464775085449219e+00
5.360058000000000433e+00 2.798464775085449219e+00
5.365344999999999587e+00 2.798464775085449219e+00
5.370781000000000027e+00 2.793290138244628906e+00
5.376140999999999615e+00 2.793290138244628906e+00
5.381553000000000253e+00 2.793290138244628906e+00
5.385276000000000174e+00 2.793290138244628906e+00
5.390621999999999581e+00 2.793290138244628906e+00
5.396009000000000277e+00 2.793290138244628906e+00
5.401377000000000095e+00 2.793290138244628906e+00
5.406752000000000002e+00 2.793290138244628906e+00
5.412143000000000370e+00 2.793290138244628906e+00
5.415932999999999886e+00 2.798464775085449219e+00
5.419685999999999559e+00 2.798464775085449219e+00
5.428581999999999574e+00 2.798464775085449219e+00
5.434258999999999951e+00 2.798464775085449219e+00
5.439765000000000406e+00 2.798464775085449219e+00
5.445157000000000025e+00 2.798464775085449219e+00
5.450628000000000029e+00 2.798464775085449219e+00
5.456026999999999738e+00 2.798464775085449219e+00
5.461446999999999719e+00 2.793290138244628906e+00
5.467642999999999809e+00 2.798464775085449219e+00
5.474470000000000169e+00 2.793290138244628906e+00
5.481510000000000105e+00 2.793290138244628906e+00
5.488633000000000095e+00 2.793290138244628906e+00
5.495472999999999608e+00 2.793290138244628906e+00
5.502373999999999654e+00 2.793290138244628906e+00
5.509303000000000061e+00 2.793290138244628906e+00
5.516149000000000413e+00 2.793290138244628906e+00
5.523149000000000086e+00 2.793290138244628906e+00
5.529996999999999829e+00 2.793290138244628906e+00
5.536851999999999663e+00 2.798464775085449219e+00
5.549090999999999774e+00 2.798464775085449219e+00
5.556201999999999863e+00 2.793290138244628906e+00
5.563226000000000226e+00 2.798464775085449219e+00
5.569439000000000028e+00 2.798464775085449219e+00
5.574953999999999965e+00 2.793290138244628906e+00
5.580587000000000408e+00 2.793290138244628906e+00
5.586095000000000255e+00 2.798464775085449219e+00
5.589884999999999771e+00 2.793290138244628906e+00
5.595289000000000179e+00 2.793290138244628906e+00
5.600842000000000098e+00 2.793290138244628906e+00
5.604673000000000016e+00 2.793290138244628906e+00
5.610151000000000110e+00 2.788115501403808594e+00
5.615664999999999907e+00 2.793290138244628906e+00
5.621203999999999645e+00 2.793290138244628906e+00
5.626659000000000077e+00 2.798464775085449219e+00
5.632128999999999941e+00 2.798464775085449219e+00
5.637665000000000148e+00 2.793290138244628906e+00
5.643125999999999642e+00 2.798464775085449219e+00
5.648692999999999742e+00 2.798464775085449219e+00
5.654232000000000369e+00 2.798464775085449219e+00
5.663064000000000320e+00 2.798464775085449219e+00
5.668811999999999962e+00 2.798464775085449219e+00
5.674281999999999826e+00 2.798464775085449219e+00
5.679838000000000164e+00 2.793290138244628906e+00
5.685469999999999580e+00 2.793290138244628906e+00
5.691004999999999647e+00 2.793290138244628906e+00
5.696480000000000210e+00 2.788115501403808594e+00
5.702014000000000138e+00 2.793290138244628906e+00
5.707588999999999579e+00 2.793290138244628906e+00
5.713078000000000323e+00 2.788115501403808594e+00
5.718653999999999904e+00 2.793290138244628906e+00
5.724158000000000079e+00 2.798464775085449219e+00
5.729650000000000354e+00 2.798464775085449219e+00
5.735128999999999699e+00 2.798464775085449219e+00
5.740681000000000367e+00 2.798464775085449219e+00
5.746214000000000155e+00 2.798464775085449219e+00
5.750077000000000105e+00 2.798464775085449219e+00
5.755494999999999806e+00 2.798464775085449219e+00
5.761123000000000438e+00 2.798464775085449219e+00
5.766621999999999915e+00 2.798464775085449219e+00
5.773820999999999870e+00 2.793290138244628906e+00
5.784257000000000204e+00 2.788115501403808594e+00
5.798840000000000217e+00 2.793290138244628906e+00
5.807498999999999967e+00 2.793290138244628906e+00
5.827712000000000003e+00 2.803639411926269531e+00
5.841478999999999644e+00 2.798464775085449219e+00
5.849559000000000175e+00 2.803639411926269531e+00
5.855320999999999998e+00 2.798464775085449219e+00
5.860980999999999774e+00 2.793290138244628906e+00
5.866503999999999941e+00 2.798464775085449219e+00
5.872117000000000253e+00 2.793290138244628906e+00
5.877712999999999965e+00 2.793290138244628906e+00
5.883271999999999835e+00 2.793290138244628906e+00
5.892184999999999562e+00 2.788115501403808594e+00
5.898023000000000238e+00 2.793290138244628906e+00
5.901877999999999957e+00 2.793290138244628906e+00
5.907440000000000246e+00 2.798464775085449219e+00
5.912997999999999976e+00 2.793290138244628906e+00
5.918630000000000280e+00 2.793290138244628906e+00
5.924193999999999960e+00 2.798464775085449219e+00
5.929848999999999926e+00 2.798464775085449219e+00
5.935398000000000174e+00 2.798464775085449219e+00
5.939255000000000173e+00 2.793290138244628906e+00
5.944751000000000118e+00 2.798464775085449219e+00
5.950375000000000192e+00 2.798464775085449219e+00
5.955931999999999782e+00 2.798464775085449219e+00
5.961566000000000365e+00 2.798464775085449219e+00
5.967189000000000298e+00 2.793290138244628906e+00
5.972766000000000020e+00 2.793290138244628906e+00
5.978379999999999583e+00 2.793290138244628906e+00
5.983965000000000423e+00 2.793290138244628906e+00
5.989544000000000423e+00 2.793290138244628906e+00
5.995194999999999830e+00 2.793290138244628906e+00
6.001028999999999947e+00 2.793290138244628906e+00
6.010366999999999571e+00 2.793290138244628906e+00
6.015950000000000131e+00 2.793290138244628906e+00
6.021557999999999744e+00 2.798464775085449219e+00
6.027209000000000039e+00 2.798464775085449219e+00
6.031087000000000309e+00 2.798464775085449219e+00
6.036617999999999817e+00 2.798464775085449219e+00
6.042226000000000319e+00 2.798464775085449219e+00
6.047892000000000046e+00 2.798464775085449219e+00
6.053473000000000326e+00 2.798464775085449219e+00
6.059073999999999849e+00 2.798464775085449219e+00
6.064657999999999660e+00 2.798464775085449219e+00
6.070331999999999617e+00 2.798464775085449219e+00
6.075935000000000308e+00 2.793290138244628906e+00
6.079889999999999795e+00 2.793290138244628906e+00
6.085430999999999813e+00 2.793290138244628906e+00
6.091082000000000107e+00 2.793290138244628906e+00
6.096688000000000329e+00 2.793290138244628906e+00
6.102354000000000056e+00 2.793290138244628906e+00
6.108011000000000301e+00 2.793290138244628906e+00
6.113634000000000235e+00 2.788115501403808594e+00
6.122616999999999976e+00 2.793290138244628906e+00
6.128544999999999909e+00 2.793290138244628906e+00
6.134166999999999703e+00 2.798464775085449219e+00
6.139861999999999931e+00 2.798464775085449219e+00
6.145482999999999585e+00 2.793290138244628906e+00
6.151193000000000133e+00 2.798464775085449219e+00
6.155100000000000016e+00 2.798464775085449219e+00
6.160726999999999620e+00 2.803639411926269531e+00
6.166362999999999595e+00 2.803639411926269531e+00
6.172056000000000431e+00 2.793290138244628906e+00
6.177763999999999811e+00 2.793290138244628906e+00
6.181688000000000294e+00 2.793290138244628906e+00
6.187326999999999799e+00 2.793290138244628906e+00
6.192975999999999814e+00 2.788115501403808594e+00
6.198675999999999853e+00 2.788115501403808594e+00
6.204343999999999859e+00 2.793290138244628906e+00
6.208319999999999617e+00 2.793290138244628906e+00
6.213890000000000136e+00 2.788115501403808594e+00
6.219541999999999682e+00 2.793290138244628906e+00
6.225178999999999796e+00 2.798464775085449219e+00
6.236348999999999698e+00 2.798464775085449219e+00
6.242398999999999809e+00 2.798464775085449219e+00
6.246328000000000102e+00 2.798464775085449219e+00
6.252024999999999721e+00 2.798464775085449219e+00
6.257751999999999981e+00 2.798464775085449219e+00
6.263436999999999699e+00 2.798464775085449219e+00
6.269199000000000410e+00 2.798464775085449219e+00
6.273073000000000121e+00 2.793290138244628906e+00
6.278766000000000069e+00 2.788115501403808594e+00
6.284476999999999869e+00 2.793290138244628906e+00
6.290231999999999601e+00 2.788115501403808594e+00
6.295919999999999739e+00 2.788115501403808594e+00
6.301655000000000229e+00 2.788115501403808594e+00
6.307507000000000197e+00 2.793290138244628906e+00
6.313207000000000235e+00 2.788115501403808594e+00
6.318904999999999994e+00 2.793290138244628906e+00
6.324620999999999604e+00 2.798464775085449219e+00
6.330407000000000117e+00 2.798464775085449219e+00
6.336104999999999876e+00 2.798464775085449219e+00
6.341823999999999906e+00 2.798464775085449219e+00
6.347668999999999784e+00 2.798464775085449219e+00
6.356590999999999880e+00 2.798464775085449219e+00
6.362453000000000358e+00 2.798464775085449219e+00
6.368256999999999834e+00 2.798464775085449219e+00
6.373985000000000234e+00 2.793290138244628906e+00
6.379728000000000065e+00 2.788115501403808594e+00
6.385462000000000415e+00 2.793290138244628906e+00
6.389484999999999637e+00 2.793290138244628906e+00
6.395159999999999734e+00 2.793290138244628906e+00
6.401036999999999644e+00 2.793290138244628906e+00
6.406812999999999647e+00 2.793290138244628906e+00
6.412573000000000079e+00 2.793290138244628906e+00
6.418396999999999686e+00 2.793290138244628906e+00
6.424148999999999887e+00 2.798464775085449219e+00
6.429980999999999725e+00 2.798464775085449219e+00
6.435750999999999777e+00 2.798464775085449219e+00
6.441557000000000421e+00 2.798464775085449219e+00
6.447407000000000110e+00 2.798464775085449219e+00
6.453164000000000122e+00 2.798464775085449219e+00
6.458923999999999666e+00 2.798464775085449219e+00
6.464681999999999817e+00 2.798464775085449219e+00
6.468821000000000154e+00 2.798464775085449219e+00
6.477752999999999872e+00 2.788115501403808594e+00
6.483804000000000123e+00 2.793290138244628906e+00
6.489569999999999617e+00 2.793290138244628906e+00
6.495315999999999867e+00 2.793290138244628906e+00
6.501130999999999993e+00 2.793290138244628906e+00
6.507055000000000256e+00 2.793290138244628906e+00
6.512760000000000105e+00 2.793290138244628906e+00
6.516710999999999920e+00 2.798464775085449219e+00
6.522498999999999825e+00 2.793290138244628906e+00
6.528321000000000041e+00 2.798464775085449219e+00
6.534099000000000323e+00 2.798464775085449219e+00
6.539945000000000341e+00 2.798464775085449219e+00
6.543919999999999959e+00 2.793290138244628906e+00
6.549659000000000120e+00 2.793290138244628906e+00
6.555437999999999654e+00 2.793290138244628906e+00
6.559466999999999715e+00 2.793290138244628906e+00
6.565166999999999753e+00 2.798464775085449219e+00
6.571007999999999960e+00 2.793290138244628906e+00
6.576782999999999824e+00 2.793290138244628906e+00
6.582568000000000197e+00 2.793290138244628906e+00
6.591777999999999693e+00 2.793290138244628906e+00
6.597893000000000008e+00 2.793290138244628906e+00
6.601875999999999856e+00 2.793290138244628906e+00
6.607708999999999833e+00 2.793290138244628906e+00
6.611674999999999969e+00 2.788115501403808594e+00
6.617475999999999914e+00 2.788115501403808594e+00
6.623275999999999719e+00 2.793290138244628906e+00
6.629095000000000404e+00 2.793290138244628906e+00
6.634902000000000299e+00 2.798464775085449219e+00
6.640797000000000061e+00 2.798464775085449219e+00
6.646588000000000385e+00 2.798464775085449219e+00
6.652434999999999654e+00 2.798464775085449219e+00
6.658305999999999614e+00 2.798464775085449219e+00
6.664118000000000208e+00 2.798464775085449219e+00
6.669990000000000308e+00 2.798464775085449219e+00
6.675805000000000433e+00 2.793290138244628906e+00
6.681682000000000343e+00 2.793290138244628906e+00
6.687547000000000352e+00 2.793290138244628906e+00
6.693379000000000190e+00 2.793290138244628906e+00
6.699203999999999937e+00 2.793290138244628906e+00
6.708505999999999858e+00 2.793290138244628906e+00
6.714593999999999951e+00 2.788115501403808594e+00
6.720498000000000083e+00 2.793290138244628906e+00
6.726350000000000051e+00 2.798464775085449219e+00
6.732199999999999740e+00 2.798464775085449219e+00
6.738101999999999592e+00 2.798464775085449219e+00
6.743942999999999799e+00 2.798464775085449219e+00
6.749788999999999817e+00 2.798464775085449219e+00
6.755632000000000303e+00 2.798464775085449219e+00
6.759703000000000017e+00 2.798464775085449219e+00
6.765500000000000291e+00 2.798464775085449219e+00
6.771404000000000423e+00 2.793290138244628906e+00
6.777363000000000248e+00 2.793290138244628906e+00
6.782937999999999690e+00 2.788115501403808594e+00
6.791807999999999623e+00 2.793290138244628906e+00
6.805735999999999564e+00 2.788115501403808594e+00
6.820504999999999818e+00 2.788115501403808594e+00
6.832931000000000310e+00 2.803639411926269531e+00
6.848878000000000021e+00 3.859255790710449219e+00
6.859391999999999712e+00 4.790682792663574219e+00
6.867568999999999591e+00 4.785508155822753906e+00
6.873447999999999780e+00 4.780333518981933594e+00
6.879344999999999821e+00 4.780333518981933594e+00
6.885229999999999961e+00 4.780333518981933594e+00
6.891188999999999787e+00 4.780333518981933594e+00
6.897142999999999802e+00 4.785508155822753906e+00
6.903016000000000041e+00 4.785508155822753906e+00
6.908947999999999645e+00 4.780333518981933594e+00
6.914810000000000123e+00 4.785508155822753906e+00
6.920878000000000085e+00 4.785508155822753906e+00
6.926763000000000225e+00 4.790682792663574219e+00
6.932694999999999830e+00 4.790682792663574219e+00
6.938654999999999795e+00 4.785508155822753906e+00
6.944545999999999886e+00 4.785508155822753906e+00
6.950514000000000081e+00 4.785508155822753906e+00
6.956389999999999851e+00 4.785508155822753906e+00
6.962341000000000335e+00 4.785508155822753906e+00
6.971612000000000364e+00 4.785508155822753906e+00
6.977847999999999828e+00 4.785508155822753906e+00
6.983817000000000164e+00 4.780333518981933594e+00
6.987893999999999828e+00 4.780333518981933594e+00
6.993780000000000108e+00 4.785508155822753906e+00
6.999747000000000163e+00 4.780333518981933594e+00
7.005702999999999570e+00 4.780333518981933594e+00
7.011694999999999567e+00 4.780333518981933594e+00
7.017710000000000115e+00 4.780333518981933594e+00
7.021918000000000326e+00 4.785508155822753906e+00
7.027865000000000251e+00 4.780333518981933594e+00
7.031880000000000130e+00 4.785508155822753906e+00
7.037829999999999586e+00 4.780333518981933594e+00
7.043822999999999723e+00 4.780333518981933594e+00
7.047896999999999856e+00 4.785508155822753906e+00
7.053814000000000028e+00 4.780333518981933594e+00
7.057902999999999594e+00 4.785508155822753906e+00
7.063798000000000243e+00 4.780333518981933594e+00
7.069772999999999641e+00 4.780333518981933594e+00
7.075758999999999688e+00 4.785508155822753906e+00
7.085141000000000133e+00 4.785508155822753906e+00
7.091420000000000279e+00 4.780333518981933594e+00
7.097449000000000119e+00 4.780333518981933594e+00
7.101515000000000022e+00 4.785508155822753906e+00
7.107484999999999609e+00 4.785508155822753906e+00
7.113438999999999623e+00 4.780333518981933594e+00
7.119430000000000369e+00 4.785508155822753906e+00
7.125421000000000227e+00 4.785508155822753906e+00
7.131460999999999828e+00 4.785508155822753906e+00
7.135544000000000331e+00 4.785508155822753906e+00
7.141541000000000139e+00 4.780333518981933594e+00
7.147566999999999560e+00 4.785508155822753906e+00
7.153552999999999606e+00 4.785508155822753906e+00
7.159594000000000236e+00 4.785508155822753906e+00
7.165587000000000373e+00 4.785508155822753906e+00
7.171607999999999983e+00 4.780333518981933594e+00
7.177632000000000012e+00 4.785508155822753906e+00
7.181716999999999906e+00 4.785508155822753906e+00
7.187694999999999723e+00 4.785508155822753906e+00
7.193697000000000230e+00 4.780333518981933594e+00
7.203110999999999819e+00 4.780333518981933594e+00
7.209398000000000195e+00 4.780333518981933594e+00
7.215404000000000373e+00 4.780333518981933594e+00
7.221481999999999957e+00 4.785508155822753906e+00
