1.170999999999999949e-03 2.560433387756347656e+00
4.309000000000000330e-03 2.565608024597167969e+00
7.483000000000000068e-03 2.560433387756347656e+00
1.077499999999999986e-02 2.555258750915527344e+00
1.392299999999999961e-02 2.555258750915527344e+00
2.102599999999999955e-02 2.555258750915527344e+00
3.116700000000000026e-02 2.555258750915527344e+00
3.591899999999999954e-02 2.555258750915527344e+00
4.226900000000000102e-02 2.560433387756347656e+00
4.557100000000000040e-02 2.560433387756347656e+00
4.872100000000000042e-02 2.560433387756347656e+00
5.192599999999999993e-02 2.560433387756347656e+00
5.498999999999999722e-02 2.565608024597167969e+00
5.830199999999999966e-02 2.565608024597167969e+00
6.143200000000000049e-02 2.565608024597167969e+00
6.458800000000000652e-02 2.565608024597167969e+00
6.773500000000000354e-02 2.565608024597167969e+00
7.086399999999999644e-02 2.565608024597167969e+00
7.385099999999999998e-02 2.565608024597167969e+00
7.687700000000000089e-02 2.565608024597167969e+00
8.018999999999999739e-02 2.565608024597167969e+00
8.332699999999999829e-02 2.560433387756347656e+00
8.646700000000000219e-02 2.560433387756347656e+00
8.977400000000000657e-02 2.565608024597167969e+00
9.291099999999999359e-02 2.560433387756347656e+00
9.604899999999999549e-02 2.565608024597167969e+00
9.996800000000000130e-02 2.560433387756347656e+00
1.031080000000000052e-01 2.565608024597167969e+00
1.062530000000000002e-01 2.565608024597167969e+00
1.092349999999999988e-01 2.560433387756347656e+00
1.123839999999999978e-01 2.555258750915527344e+00
1.155280000000000057e-01 2.555258750915527344e+00
1.186699999999999977e-01 2.560433387756347656e+00
1.219689999999999941e-01 2.560433387756347656e+00
1.251160000000000050e-01 2.560433387756347656e+00
1.282860000000000111e-01 2.560433387756347656e+00
1.315610000000000113e-01 2.560433387756347656e+00
1.347109999999999974e-01 2.560433387756347656e+00
1.378520000000000023e-01 2.560433387756347656e+00
1.408290000000000097e-01 2.560433387756347656e+00
1.439739999999999909e-01 2.560433387756347656e+00
1.471169999999999978e-01 2.560433387756347656e+00
1.533279999999999921e-01 2.560433387756347656e+00
1.564669999999999950e-01 2.560433387756347656e+00
1.597699999999999954e-01 2.565608024597167969e+00
1.629110000000000003e-01 2.565608024597167969e+00
1.660490000000000022e-01 2.565608024597167969e+00
1.690490000000000048e-01 2.565608024597167969e+00
1.723729999999999984e-01 2.565608024597167969e+00
1.755170000000000063e-01 2.565608024597167969e+00
1.786639999999999895e-01 2.565608024597167969e+00
1.819620000000000126e-01 2.565608024597167969e+00
1.851019999999999888e-01 2.565608024597167969e+00
1.882479999999999987e-01 2.565608024597167969e+00
1.913890000000000036e-01 2.565608024597167969e+00
1.954490000000000116e-01 2.560433387756347656e+00
1.987520000000000120e-01 2.565608024597167969e+00
2.018890000000000129e-01 2.565608024597167969e+00
2.050440000000000040e-01 2.565608024597167969e+00
2.081850000000000089e-01 2.565608024597167969e+00
2.113339999999999941e-01 2.560433387756347656e+00
2.144580000000000097e-01 2.560433387756347656e+00
2.177360000000000129e-01 2.560433387756347656e+00
2.208539999999999948e-01 2.565608024597167969e+00
2.241150000000000087e-01 2.560433387756347656e+00
2.273560000000000025e-01 2.560433387756347656e+00
2.307299999999999907e-01 2.560433387756347656e+00
2.338820000000000066e-01 2.560433387756347656e+00
2.371779999999999999e-01 2.565608024597167969e+00
2.404850000000000043e-01 2.560433387756347656e+00
2.437789999999999957e-01 2.555258750915527344e+00
2.469320000000000126e-01 2.555258750915527344e+00
2.500720000000000165e-01 2.555258750915527344e+00
2.533699999999999841e-01 2.555258750915527344e+00
2.565990000000000215e-01 2.555258750915527344e+00
2.636859999999999760e-01 2.565608024597167969e+00
2.668630000000000169e-01 2.565608024597167969e+00
2.701600000000000112e-01 2.565608024597167969e+00
2.733050000000000201e-01 2.565608024597167969e+00
2.764309999999999823e-01 2.565608024597167969e+00
2.797410000000000174e-01 2.565608024597167969e+00
2.828760000000000163e-01 2.565608024597167969e+00
2.861759999999999859e-01 2.565608024597167969e+00
2.893370000000000108e-01 2.565608024597167969e+00
2.924649999999999750e-01 2.565608024597167969e+00
2.957600000000000229e-01 2.565608024597167969e+00
2.990909999999999958e-01 2.565608024597167969e+00
3.023640000000000216e-01 2.565608024597167969e+00
3.054999999999999938e-01 2.565608024597167969e+00
3.086610000000000187e-01 2.565608024597167969e+00
3.119439999999999991e-01 2.565608024597167969e+00
3.150870000000000060e-01 2.560433387756347656e+00
3.183940000000000103e-01 2.560433387756347656e+00
3.215310000000000112e-01 2.565608024597167969e+00
3.246720000000000161e-01 2.560433387756347656e+00
3.279819999999999958e-01 2.560433387756347656e+00
3.311169999999999947e-01 2.555258750915527344e+00
3.342620000000000036e-01 2.555258750915527344e+00
3.375710000000000099e-01 2.555258750915527344e+00
3.407020000000000048e-01 2.555258750915527344e+00
3.438410000000000077e-01 2.555258750915527344e+00
3.468269999999999964e-01 2.555258750915527344e+00
3.501380000000000048e-01 2.555258750915527344e+00
3.532689999999999997e-01 2.555258750915527344e+00
3.565769999999999773e-01 2.560433387756347656e+00
3.598750000000000004e-01 2.565608024597167969e+00
3.630419999999999758e-01 2.565608024597167969e+00
3.663359999999999950e-01 2.560433387756347656e+00
3.695700000000000096e-01 2.565608024597167969e+00
3.753799999999999915e-01 2.565608024597167969e+00
3.786829999999999918e-01 2.565608024597167969e+00
3.819770000000000110e-01 2.565608024597167969e+00
3.851240000000000219e-01 2.565608024597167969e+00
3.882630000000000248e-01 2.565608024597167969e+00
3.915640000000000231e-01 2.565608024597167969e+00
3.947069999999999745e-01 2.565608024597167969e+00
3.978650000000000242e-01 2.565608024597167969e+00
4.011480000000000046e-01 2.565608024597167969e+00
4.042930000000000135e-01 2.570782661437988281e+00
4.074450000000000016e-01 2.565608024597167969e+00
4.107319999999999860e-01 2.565608024597167969e+00
4.138600000000000056e-01 2.560433387756347656e+00
4.171730000000000160e-01 2.555258750915527344e+00
4.204800000000000204e-01 2.555258750915527344e+00
4.237920000000000020e-01 2.555258750915527344e+00
4.269169999999999909e-01 2.555258750915527344e+00
4.302219999999999933e-01 2.555258750915527344e+00
4.333629999999999982e-01 2.555258750915527344e+00
4.365129999999999844e-01 2.555258750915527344e+00
4.396470000000000100e-01 2.555258750915527344e+00
4.429480000000000084e-01 2.555258750915527344e+00
4.460919999999999885e-01 2.555258750915527344e+00
4.493989999999999929e-01 2.555258750915527344e+00
4.525540000000000118e-01 2.555258750915527344e+00
4.556790000000000007e-01 2.560433387756347656e+00
4.588550000000000129e-01 2.565608024597167969e+00
4.621529999999999805e-01 2.565608024597167969e+00
4.652999999999999914e-01 2.565608024597167969e+00
4.686130000000000018e-01 2.565608024597167969e+00
4.717459999999999987e-01 2.565608024597167969e+00
4.748879999999999768e-01 2.565608024597167969e+00
4.781949999999999812e-01 2.565608024597167969e+00
4.813220000000000276e-01 2.570782661437988281e+00
4.875450000000000061e-01 2.565608024597167969e+00
4.906769999999999743e-01 2.565608024597167969e+00
4.939799999999999747e-01 2.565608024597167969e+00
4.971209999999999796e-01 2.565608024597167969e+00
5.002790000000000292e-01 2.565608024597167969e+00
5.035650000000000404e-01 2.565608024597167969e+00
5.067110000000000225e-01 2.560433387756347656e+00
5.101710000000000411e-01 2.555258750915527344e+00
5.133199999999999985e-01 2.555258750915527344e+00
5.164600000000000302e-01 2.555258750915527344e+00
5.197559999999999958e-01 2.555258750915527344e+00
5.228930000000000522e-01 2.555258750915527344e+00
5.260310000000000263e-01 2.555258750915527344e+00
5.292139999999999622e-01 2.555258750915527344e+00
5.323269999999999946e-01 2.550084114074707031e+00
5.354659999999999975e-01 2.555258750915527344e+00
5.387669999999999959e-01 2.555258750915527344e+00
5.419129999999999781e-01 2.560433387756347656e+00
5.450490000000000057e-01 2.560433387756347656e+00
5.481989999999999919e-01 2.555258750915527344e+00
5.513470000000000315e-01 2.560433387756347656e+00
5.545280000000000209e-01 2.560433387756347656e+00
5.576649999999999663e-01 2.560433387756347656e+00
5.609680000000000222e-01 2.565608024597167969e+00
5.641110000000000291e-01 2.565608024597167969e+00
5.673120000000000385e-01 2.565608024597167969e+00
5.705519999999999481e-01 2.565608024597167969e+00
5.736970000000000125e-01 2.565608024597167969e+00
5.768459999999999699e-01 2.565608024597167969e+00
5.801420000000000465e-01 2.565608024597167969e+00
5.832810000000000494e-01 2.565608024597167969e+00
5.865770000000000151e-01 2.565608024597167969e+00
5.898729999999999807e-01 2.565608024597167969e+00
5.955880000000000063e-01 2.565608024597167969e+00
5.989060000000000494e-01 2.560433387756347656e+00
6.020670000000000188e-01 2.565608024597167969e+00
6.053579999999999517e-01 2.565608024597167969e+00
6.085159999999999458e-01 2.560433387756347656e+00
6.116509999999999447e-01 2.560433387756347656e+00
6.146270000000000344e-01 2.555258750915527344e+00
6.176399999999999668e-01 2.555258750915527344e+00
6.207780000000000520e-01 2.555258750915527344e+00
6.239190000000000014e-01 2.560433387756347656e+00
6.270559999999999468e-01 2.560433387756347656e+00
6.303959999999999564e-01 2.560433387756347656e+00
6.335039999999999560e-01 2.560433387756347656e+00
6.366420000000000412e-01 2.560433387756347656e+00
6.399550000000000516e-01 2.560433387756347656e+00
6.430850000000000177e-01 2.560433387756347656e+00
6.462219999999999631e-01 2.555258750915527344e+00
6.494140000000000468e-01 2.560433387756347656e+00
6.525530000000000497e-01 2.560433387756347656e+00
6.557020000000000071e-01 2.560433387756347656e+00
6.590089999999999559e-01 2.565608024597167969e+00
6.621470000000000411e-01 2.565608024597167969e+00
6.652850000000000152e-01 2.565608024597167969e+00
6.685879999999999601e-01 2.565608024597167969e+00
6.717480000000000118e-01 2.565608024597167969e+00
6.748720000000000274e-01 2.565608024597167969e+00
6.781730000000000258e-01 2.565608024597167969e+00
6.813200000000000367e-01 2.565608024597167969e+00
6.844689999999999941e-01 2.560433387756347656e+00
6.877659999999999885e-01 2.565608024597167969e+00
6.909020000000000161e-01 2.565608024597167969e+00
6.940380000000000438e-01 2.565608024597167969e+00
6.970330000000000137e-01 2.560433387756347656e+00
7.003260000000000041e-01 2.565608024597167969e+00
7.034650000000000070e-01 2.565608024597167969e+00
7.096789999999999488e-01 2.560433387756347656e+00
7.128020000000000467e-01 2.560433387756347656e+00
7.160950000000000371e-01 2.560433387756347656e+00
7.192619999999999569e-01 2.560433387756347656e+00
7.225530000000000008e-01 2.560433387756347656e+00
7.256989999999999830e-01 2.560433387756347656e+00
7.288369999999999571e-01 2.560433387756347656e+00
7.321429999999999882e-01 2.560433387756347656e+00
7.353049999999999864e-01 2.565608024597167969e+00
7.385930000000000550e-01 2.560433387756347656e+00
7.418789999999999552e-01 2.560433387756347656e+00
7.450529999999999653e-01 2.560433387756347656e+00
7.482480000000000242e-01 2.560433387756347656e+00
7.514979999999999993e-01 2.555258750915527344e+00
7.547890000000000432e-01 2.560433387756347656e+00
7.579510000000000414e-01 2.560433387756347656e+00
7.610810000000000075e-01 2.560433387756347656e+00
7.643769999999999731e-01 2.560433387756347656e+00
7.675349999999999673e-01 2.565608024597167969e+00
7.706669999999999909e-01 2.565608024597167969e+00
7.739679999999999893e-01 2.565608024597167969e+00
7.771150000000000002e-01 2.565608024597167969e+00
7.802660000000000151e-01 2.565608024597167969e+00
7.835539999999999727e-01 2.565608024597167969e+00
7.866969999999999796e-01 2.565608024597167969e+00
7.898460000000000480e-01 2.565608024597167969e+00
7.929910000000000014e-01 2.565608024597167969e+00
7.961310000000000331e-01 2.565608024597167969e+00
7.992780000000000440e-01 2.565608024597167969e+00
8.025750000000000384e-01 2.565608024597167969e+00
8.057170000000000165e-01 2.565608024597167969e+00
8.088649999999999451e-01 2.565608024597167969e+00
8.121639999999999970e-01 2.560433387756347656e+00
8.154409999999999714e-01 2.560433387756347656e+00
8.218159999999999910e-01 2.560433387756347656e+00
8.251380000000000381e-01 2.560433387756347656e+00
8.282540000000000457e-01 2.560433387756347656e+00
8.315770000000000106e-01 2.560433387756347656e+00
8.346930000000000183e-01 2.555258750915527344e+00
8.378349999999999964e-01 2.560433387756347656e+00
8.408560000000000478e-01 2.555258750915527344e+00
8.438489999999999602e-01 2.560433387756347656e+00
8.468419999999999837e-01 2.555258750915527344e+00
8.501429999999999820e-01 2.555258750915527344e+00
8.532849999999999602e-01 2.555258750915527344e+00
8.565720000000000001e-01 2.560433387756347656e+00
8.598740000000000272e-01 2.560433387756347656e+00
8.631710000000000216e-01 2.565608024597167969e+00
8.663119999999999710e-01 2.560433387756347656e+00
8.694520000000000026e-01 2.565608024597167969e+00
8.724420000000000508e-01 2.565608024597167969e+00
8.754239999999999799e-01 2.565608024597167969e+00
8.785819999999999741e-01 2.565608024597167969e+00
8.817519999999999802e-01 2.565608024597167969e+00
8.848730000000000206e-01 2.565608024597167969e+00
8.881649999999999823e-01 2.565608024597167969e+00
8.913010000000000099e-01 2.565608024597167969e+00
8.944480000000000208e-01 2.565608024597167969e+00
8.974569999999999492e-01 2.565608024597167969e+00
9.007439999999999891e-01 2.565608024597167969e+00
9.038720000000000088e-01 2.565608024597167969e+00
9.071780000000000399e-01 2.565608024597167969e+00
9.103219999999999645e-01 2.560433387756347656e+00
9.134700000000000042e-01 2.560433387756347656e+00
9.164390000000000036e-01 2.560433387756347656e+00
9.197579999999999645e-01 2.560433387756347656e+00
9.229009999999999714e-01 2.560433387756347656e+00
9.260429999999999495e-01 2.555258750915527344e+00
9.321350000000000469e-01 2.555258750915527344e+00
9.352570000000000050e-01 2.555258750915527344e+00
9.385909999999999531e-01 2.555258750915527344e+00
9.417240000000000055e-01 2.555258750915527344e+00
9.448590000000000044e-01 2.555258750915527344e+00
9.478619999999999823e-01 2.555258750915527344e+00
9.511560000000000015e-01 2.560433387756347656e+00
9.543040000000000411e-01 2.555258750915527344e+00
9.574629999999999530e-01 2.560433387756347656e+00
9.607419999999999849e-01 2.565608024597167969e+00
9.638780000000000125e-01 2.570782661437988281e+00
9.671809999999999574e-01 2.565608024597167969e+00
9.703199999999999603e-01 2.565608024597167969e+00
9.734650000000000247e-01 2.565608024597167969e+00
9.767660000000000231e-01 2.565608024597167969e+00
9.800680000000000502e-01 2.565608024597167969e+00
9.833570000000000366e-01 2.565608024597167969e+00
9.864990000000000148e-01 2.565608024597167969e+00
9.896409999999999929e-01 2.565608024597167969e+00
9.926279999999999548e-01 2.565608024597167969e+00
9.957799999999999985e-01 2.565608024597167969e+00
9.989190000000000014e-01 2.565608024597167969e+00
1.002089000000000008e+00 2.565608024597167969e+00
1.006219999999999892e+00 2.565608024597167969e+00
1.009411999999999976e+00 2.560433387756347656e+00
1.013309999999999933e+00 2.555258750915527344e+00
1.017522999999999955e+00 2.555258750915527344e+00
1.024925000000000086e+00 2.555258750915527344e+00
1.032200999999999924e+00 2.555258750915527344e+00
1.041031999999999957e+00 2.555258750915527344e+00
1.050543000000000005e+00 2.560433387756347656e+00
1.055118000000000000e+00 2.560433387756347656e+00
1.059369999999999923e+00 2.565608024597167969e+00
1.063463999999999965e+00 2.565608024597167969e+00
1.067662000000000111e+00 2.565608024597167969e+00
1.071769999999999889e+00 2.565608024597167969e+00
1.075870000000000104e+00 2.565608024597167969e+00
1.080051000000000094e+00 2.565608024597167969e+00
1.084160000000000013e+00 2.565608024597167969e+00
1.088300000000000045e+00 2.565608024597167969e+00
1.092414999999999914e+00 2.560433387756347656e+00
1.096500000000000030e+00 2.565608024597167969e+00
1.100635000000000030e+00 2.560433387756347656e+00
1.104756999999999989e+00 2.565608024597167969e+00
1.108916000000000013e+00 2.555258750915527344e+00
1.113026000000000071e+00 2.555258750915527344e+00
1.117212000000000094e+00 2.555258750915527344e+00
1.121348000000000011e+00 2.555258750915527344e+00
1.125493999999999994e+00 2.555258750915527344e+00
1.129720999999999975e+00 2.555258750915527344e+00
1.133907999999999916e+00 2.560433387756347656e+00
1.138133999999999979e+00 2.560433387756347656e+00
1.142295000000000060e+00 2.560433387756347656e+00
1.146428000000000003e+00 2.560433387756347656e+00
1.150587999999999944e+00 2.560433387756347656e+00
1.154743000000000075e+00 2.560433387756347656e+00
1.162123999999999935e+00 2.565608024597167969e+00
1.166481000000000101e+00 2.565608024597167969e+00
1.170631999999999895e+00 2.565608024597167969e+00
1.174798000000000009e+00 2.565608024597167969e+00
1.179011000000000031e+00 2.565608024597167969e+00
1.183186000000000071e+00 2.560433387756347656e+00
1.187421999999999978e+00 2.565608024597167969e+00
1.191610999999999976e+00 2.565608024597167969e+00
1.195808999999999900e+00 2.565608024597167969e+00
1.200088999999999961e+00 2.560433387756347656e+00
1.204261999999999944e+00 2.565608024597167969e+00
1.208504000000000023e+00 2.560433387756347656e+00
1.212733000000000061e+00 2.560433387756347656e+00
1.217057000000000055e+00 2.555258750915527344e+00
1.221319999999999961e+00 2.565608024597167969e+00
1.225500999999999951e+00 2.560433387756347656e+00
1.229133999999999949e+00 2.560433387756347656e+00
1.233289000000000080e+00 2.560433387756347656e+00
1.237565000000000026e+00 2.560433387756347656e+00
1.241784999999999917e+00 2.560433387756347656e+00
1.246013000000000037e+00 2.560433387756347656e+00
1.250345999999999957e+00 2.560433387756347656e+00
1.254572999999999938e+00 2.560433387756347656e+00
1.258812999999999960e+00 2.560433387756347656e+00
1.263045999999999891e+00 2.565608024597167969e+00
1.267282999999999937e+00 2.565608024597167969e+00
1.271533999999999942e+00 2.565608024597167969e+00
1.279023000000000021e+00 2.565608024597167969e+00
1.283266999999999936e+00 2.565608024597167969e+00
1.287603999999999971e+00 2.560433387756347656e+00
1.291854000000000058e+00 2.565608024597167969e+00
1.296086999999999989e+00 2.565608024597167969e+00
1.300519999999999898e+00 2.565608024597167969e+00
1.304772000000000043e+00 2.570782661437988281e+00
1.309094999999999898e+00 2.560433387756347656e+00
1.313358000000000025e+00 2.560433387756347656e+00
1.317696999999999896e+00 2.560433387756347656e+00
1.321951000000000098e+00 2.560433387756347656e+00
1.326235000000000053e+00 2.560433387756347656e+00
1.330510000000000081e+00 2.560433387756347656e+00
1.334845999999999977e+00 2.560433387756347656e+00
1.339123000000000063e+00 2.555258750915527344e+00
1.343418999999999919e+00 2.555258750915527344e+00
1.347766999999999937e+00 2.555258750915527344e+00
1.352043000000000106e+00 2.555258750915527344e+00
1.356336999999999904e+00 2.560433387756347656e+00
1.360640999999999989e+00 2.560433387756347656e+00
1.364935000000000009e+00 2.565608024597167969e+00
1.369258000000000086e+00 2.565608024597167969e+00
1.373564999999999925e+00 2.560433387756347656e+00
1.377969999999999917e+00 2.565608024597167969e+00
1.382274000000000003e+00 2.565608024597167969e+00
1.386619999999999964e+00 2.565608024597167969e+00
1.398619999999999974e+00 2.565608024597167969e+00
1.404028000000000054e+00 2.565608024597167969e+00
1.408369999999999900e+00 2.565608024597167969e+00
1.412698999999999927e+00 2.560433387756347656e+00
1.417021000000000086e+00 2.560433387756347656e+00
1.421392999999999907e+00 2.560433387756347656e+00
1.425729999999999942e+00 2.555258750915527344e+00
1.430153999999999925e+00 2.555258750915527344e+00
1.434527000000000108e+00 2.555258750915527344e+00
1.437764999999999960e+00 2.555258750915527344e+00
1.441934999999999967e+00 2.555258750915527344e+00
1.446296000000000026e+00 2.555258750915527344e+00
1.450655000000000028e+00 2.555258750915527344e+00
1.455000000000000071e+00 2.555258750915527344e+00
1.459400000000000031e+00 2.555258750915527344e+00
1.463770999999999933e+00 2.565608024597167969e+00
1.468234999999999957e+00 2.565608024597167969e+00
1.472623999999999933e+00 2.565608024597167969e+00
1.476993000000000000e+00 2.565608024597167969e+00
1.481386000000000092e+00 2.565608024597167969e+00
1.485776999999999903e+00 2.565608024597167969e+00
1.490242000000000067e+00 2.565608024597167969e+00
1.494641000000000108e+00 2.565608024597167969e+00
1.499042999999999903e+00 2.565608024597167969e+00
1.503452999999999928e+00 2.565608024597167969e+00
1.507903999999999911e+00 2.560433387756347656e+00
1.515393999999999908e+00 2.555258750915527344e+00
1.520054999999999934e+00 2.555258750915527344e+00
1.524466000000000099e+00 2.555258750915527344e+00
1.528904999999999959e+00 2.555258750915527344e+00
1.533314999999999984e+00 2.555258750915527344e+00
1.537822999999999940e+00 2.555258750915527344e+00
1.542245000000000088e+00 2.555258750915527344e+00
1.546664999999999957e+00 2.555258750915527344e+00
1.551063999999999998e+00 2.555258750915527344e+00
1.555493999999999932e+00 2.555258750915527344e+00
1.559986000000000095e+00 2.565608024597167969e+00
1.564416000000000029e+00 2.565608024597167969e+00
1.568891999999999953e+00 2.565608024597167969e+00
1.573309999999999986e+00 2.565608024597167969e+00
1.577827000000000091e+00 2.565608024597167969e+00
1.582276999999999934e+00 2.565608024597167969e+00
1.586716000000000015e+00 2.565608024597167969e+00
1.591174000000000088e+00 2.560433387756347656e+00
1.595633999999999997e+00 2.560433387756347656e+00
1.600155999999999912e+00 2.565608024597167969e+00
1.604594999999999994e+00 2.565608024597167969e+00
1.609091000000000049e+00 2.555258750915527344e+00
1.613533000000000106e+00 2.555258750915527344e+00
1.618182000000000009e+00 2.555258750915527344e+00
1.622678000000000065e+00 2.555258750915527344e+00
1.630360999999999949e+00 2.555258750915527344e+00
1.635051000000000032e+00 2.560433387756347656e+00
1.639294000000000029e+00 2.560433387756347656e+00
1.643122999999999889e+00 2.560433387756347656e+00
1.646152999999999977e+00 2.560433387756347656e+00
1.649771000000000098e+00 2.560433387756347656e+00
1.652743000000000073e+00 2.565608024597167969e+00
1.656280999999999892e+00 2.560433387756347656e+00
1.660115000000000007e+00 2.565608024597167969e+00
1.663942000000000032e+00 2.565608024597167969e+00
1.667837000000000014e+00 2.565608024597167969e+00
1.671680000000000055e+00 2.565608024597167969e+00
1.675518000000000063e+00 2.565608024597167969e+00
1.679478999999999944e+00 2.565608024597167969e+00
1.683319999999999927e+00 2.560433387756347656e+00
1.687165999999999944e+00 2.565608024597167969e+00
1.690147000000000066e+00 2.565608024597167969e+00
1.693718000000000057e+00 2.565608024597167969e+00
1.696731999999999907e+00 2.565608024597167969e+00
1.700417999999999985e+00 2.565608024597167969e+00
1.704272000000000009e+00 2.560433387756347656e+00
1.708150999999999975e+00 2.560433387756347656e+00
1.711187999999999931e+00 2.555258750915527344e+00
1.714847999999999928e+00 2.560433387756347656e+00
1.718719000000000108e+00 2.560433387756347656e+00
1.722595000000000098e+00 2.560433387756347656e+00
1.726523999999999948e+00 2.560433387756347656e+00
1.730399999999999938e+00 2.560433387756347656e+00
1.734272999999999954e+00 2.555258750915527344e+00
1.738181999999999894e+00 2.560433387756347656e+00
1.743878999999999957e+00 2.560433387756347656e+00
1.747857999999999912e+00 2.555258750915527344e+00
1.751743999999999968e+00 2.560433387756347656e+00
1.754807000000000006e+00 2.565608024597167969e+00
1.758442000000000061e+00 2.565608024597167969e+00
1.762332999999999927e+00 2.565608024597167969e+00
1.766232999999999942e+00 2.560433387756347656e+00
1.770151000000000030e+00 2.565608024597167969e+00
1.773126999999999898e+00 2.565608024597167969e+00
1.776766000000000068e+00 2.565608024597167969e+00
1.780669999999999975e+00 2.565608024597167969e+00
1.784577000000000080e+00 2.565608024597167969e+00
1.788499999999999979e+00 2.565608024597167969e+00
1.792407000000000084e+00 2.565608024597167969e+00
1.796321999999999974e+00 2.565608024597167969e+00
1.800235999999999947e+00 2.565608024597167969e+00
1.804162000000000043e+00 2.565608024597167969e+00
1.808110000000000106e+00 2.565608024597167969e+00
1.812021000000000104e+00 2.560433387756347656e+00
1.815938999999999970e+00 2.560433387756347656e+00
1.819938000000000056e+00 2.560433387756347656e+00
1.823865000000000069e+00 2.560433387756347656e+00
1.827963999999999922e+00 2.565608024597167969e+00
1.831892999999999994e+00 2.560433387756347656e+00
1.834954999999999892e+00 2.560433387756347656e+00
1.838616999999999946e+00 2.560433387756347656e+00
1.842546000000000017e+00 2.560433387756347656e+00
1.846494000000000080e+00 2.555258750915527344e+00
1.849520999999999971e+00 2.555258750915527344e+00
1.853199000000000041e+00 2.555258750915527344e+00
1.859161000000000064e+00 2.560433387756347656e+00
1.863007000000000080e+00 2.565608024597167969e+00
1.866961000000000093e+00 2.560433387756347656e+00
1.870916999999999941e+00 2.565608024597167969e+00
1.874870999999999954e+00 2.565608024597167969e+00
1.878838999999999926e+00 2.560433387756347656e+00
1.882803000000000004e+00 2.565608024597167969e+00
1.886770000000000058e+00 2.570782661437988281e+00
1.890730000000000022e+00 2.565608024597167969e+00
1.894689999999999985e+00 2.565608024597167969e+00
1.898681000000000063e+00 2.565608024597167969e+00
1.901753000000000027e+00 2.565608024597167969e+00
1.905446999999999891e+00 2.565608024597167969e+00
1.909510999999999958e+00 2.565608024597167969e+00
1.913483999999999963e+00 2.560433387756347656e+00
1.917531000000000097e+00 2.560433387756347656e+00
1.921505000000000019e+00 2.560433387756347656e+00
1.925489999999999924e+00 2.560433387756347656e+00
1.929505000000000026e+00 2.555258750915527344e+00
1.933484999999999898e+00 2.555258750915527344e+00
1.937537999999999982e+00 2.555258750915527344e+00
1.941524000000000028e+00 2.555258750915527344e+00
1.945505000000000040e+00 2.550084114074707031e+00
1.949535000000000018e+00 2.555258750915527344e+00
1.953521000000000063e+00 2.555258750915527344e+00
1.957562999999999942e+00 2.555258750915527344e+00
1.961556999999999995e+00 2.560433387756347656e+00
1.965543000000000040e+00 2.565608024597167969e+00
1.971594000000000069e+00 2.565608024597167969e+00
1.975651999999999964e+00 2.565608024597167969e+00
1.979729999999999990e+00 2.565608024597167969e+00
1.983727000000000018e+00 2.565608024597167969e+00
1.987797000000000036e+00 2.565608024597167969e+00
1.991802999999999990e+00 2.565608024597167969e+00
1.995813999999999977e+00 2.565608024597167969e+00
1.999007999999999896e+00 2.565608024597167969e+00
2.002746000000000137e+00 2.565608024597167969e+00
2.006759999999999877e+00 2.565608024597167969e+00
2.010781000000000152e+00 2.560433387756347656e+00
2.014806000000000097e+00 2.555258750915527344e+00
2.018850000000000033e+00 2.555258750915527344e+00
2.022893999999999970e+00 2.555258750915527344e+00
2.029586000000000112e+00 2.555258750915527344e+00
2.038269000000000108e+00 2.555258750915527344e+00
2.042656000000000027e+00 2.555258750915527344e+00
2.048840999999999912e+00 2.555258750915527344e+00
2.052747999999999795e+00 2.560433387756347656e+00
2.056802999999999937e+00 2.560433387756347656e+00
2.059943000000000080e+00 2.565608024597167969e+00
2.063734000000000179e+00 2.565608024597167969e+00
2.067876000000000047e+00 2.565608024597167969e+00
2.071941999999999950e+00 2.565608024597167969e+00
2.075997000000000092e+00 2.565608024597167969e+00
2.080175000000000107e+00 2.565608024597167969e+00
2.086193999999999882e+00 2.565608024597167969e+00
2.090272999999999826e+00 2.565608024597167969e+00
2.094349999999999934e+00 2.565608024597167969e+00
2.098479000000000205e+00 2.560433387756347656e+00
2.102559999999999985e+00 2.565608024597167969e+00
2.106640000000000068e+00 2.565608024597167969e+00
2.110707000000000111e+00 2.560433387756347656e+00
2.114806999999999881e+00 2.555258750915527344e+00
2.118932000000000038e+00 2.555258750915527344e+00
2.123024000000000022e+00 2.555258750915527344e+00
2.126190999999999942e+00 2.555258750915527344e+00
2.130097999999999825e+00 2.555258750915527344e+00
2.134177000000000213e+00 2.560433387756347656e+00
2.138301999999999925e+00 2.565608024597167969e+00
2.142405000000000115e+00 2.560433387756347656e+00
2.146492999999999984e+00 2.560433387756347656e+00
2.150593999999999895e+00 2.560433387756347656e+00
2.154697999999999780e+00 2.560433387756347656e+00
2.158816999999999986e+00 2.565608024597167969e+00
2.162908999999999970e+00 2.565608024597167969e+00
2.167002999999999791e+00 2.565608024597167969e+00
2.171114000000000210e+00 2.570782661437988281e+00
2.175231999999999832e+00 2.565608024597167969e+00
2.179485999999999812e+00 2.565608024597167969e+00
2.183590000000000142e+00 2.560433387756347656e+00
2.187758000000000091e+00 2.565608024597167969e+00
2.191860999999999837e+00 2.565608024597167969e+00
2.198120999999999992e+00 2.565608024597167969e+00
2.202300000000000146e+00 2.565608024597167969e+00
2.206421999999999883e+00 2.565608024597167969e+00
2.210545999999999900e+00 2.560433387756347656e+00
2.214685999999999932e+00 2.555258750915527344e+00
2.218847999999999931e+00 2.555258750915527344e+00
2.222984999999999989e+00 2.560433387756347656e+00
2.227116999999999791e+00 2.560433387756347656e+00
2.231828999999999841e+00 2.565608024597167969e+00
2.234926999999999886e+00 2.560433387756347656e+00
2.238823000000000008e+00 2.560433387756347656e+00
2.241985000000000117e+00 2.560433387756347656e+00
2.245849999999999902e+00 2.560433387756347656e+00
2.250027999999999917e+00 2.560433387756347656e+00
2.254180999999999990e+00 2.560433387756347656e+00
2.258360000000000145e+00 2.565608024597167969e+00
2.262499000000000038e+00 2.565608024597167969e+00
2.266631999999999980e+00 2.560433387756347656e+00
2.269740999999999786e+00 2.560433387756347656e+00
2.273623999999999867e+00 2.565608024597167969e+00
2.277832000000000079e+00 2.565608024597167969e+00
2.282008999999999954e+00 2.560433387756347656e+00
2.286159000000000052e+00 2.560433387756347656e+00
2.290461000000000080e+00 2.565608024597167969e+00
2.294634999999999980e+00 2.565608024597167969e+00
2.298817999999999806e+00 2.565608024597167969e+00
2.302980999999999945e+00 2.565608024597167969e+00
2.309231000000000034e+00 2.560433387756347656e+00
2.313466000000000022e+00 2.560433387756347656e+00
2.317712999999999912e+00 2.555258750915527344e+00
2.321890999999999927e+00 2.560433387756347656e+00
2.326067999999999802e+00 2.560433387756347656e+00
2.329327000000000147e+00 2.560433387756347656e+00
2.333248999999999906e+00 2.560433387756347656e+00
2.337482000000000060e+00 2.560433387756347656e+00
2.341756999999999866e+00 2.560433387756347656e+00
2.346601000000000159e+00 2.555258750915527344e+00
2.351611000000000118e+00 2.555258750915527344e+00
2.356622000000000217e+00 2.555258750915527344e+00
2.361628000000000061e+00 2.565608024597167969e+00
2.366648999999999781e+00 2.560433387756347656e+00
2.371668000000000109e+00 2.560433387756347656e+00
2.376684000000000019e+00 2.560433387756347656e+00
2.381699999999999928e+00 2.560433387756347656e+00
2.386747999999999870e+00 2.565608024597167969e+00
2.391814999999999802e+00 2.565608024597167969e+00
2.396872999999999809e+00 2.565608024597167969e+00
2.401971000000000078e+00 2.565608024597167969e+00
2.407033999999999896e+00 2.565608024597167969e+00
2.412078000000000166e+00 2.560433387756347656e+00
2.420367000000000157e+00 2.560433387756347656e+00
2.425647999999999804e+00 2.560433387756347656e+00
2.430787000000000031e+00 2.560433387756347656e+00
2.435938999999999854e+00 2.555258750915527344e+00
2.441027000000000058e+00 2.555258750915527344e+00
2.445663000000000142e+00 2.555258750915527344e+00
2.449949999999999850e+00 2.555258750915527344e+00
2.453139999999999876e+00 2.555258750915527344e+00
2.457106000000000012e+00 2.555258750915527344e+00
2.460354999999999848e+00 2.560433387756347656e+00
2.464331000000000049e+00 2.560433387756347656e+00
2.468583000000000194e+00 2.565608024597167969e+00
2.472820000000000018e+00 2.565608024597167969e+00
2.477056999999999842e+00 2.565608024597167969e+00
2.481307000000000151e+00 2.565608024597167969e+00
2.485561999999999827e+00 2.565608024597167969e+00
2.489892000000000216e+00 2.565608024597167969e+00
2.494136999999999826e+00 2.565608024597167969e+00
2.497370999999999786e+00 2.565608024597167969e+00
2.501352999999999938e+00 2.565608024597167969e+00
2.504572000000000020e+00 2.565608024597167969e+00
2.508567000000000213e+00 2.565608024597167969e+00
2.511779999999999902e+00 2.560433387756347656e+00
2.514771000000000090e+00 2.555258750915527344e+00
2.518844000000000083e+00 2.555258750915527344e+00
2.523115999999999914e+00 2.555258750915527344e+00
2.526333999999999858e+00 2.550084114074707031e+00
2.532763999999999793e+00 2.555258750915527344e+00
2.537160000000000082e+00 2.555258750915527344e+00
2.541370000000000129e+00 2.555258750915527344e+00
2.545640000000000125e+00 2.555258750915527344e+00
2.548941999999999819e+00 2.555258750915527344e+00
2.551927000000000056e+00 2.555258750915527344e+00
2.555933000000000010e+00 2.560433387756347656e+00
2.560290999999999872e+00 2.560433387756347656e+00
2.563537999999999872e+00 2.565608024597167969e+00
2.566529000000000060e+00 2.565608024597167969e+00
2.570650000000000102e+00 2.565608024597167969e+00
2.574929000000000023e+00 2.565608024597167969e+00
2.579229000000000216e+00 2.565608024597167969e+00
2.583517000000000063e+00 2.565608024597167969e+00
2.587883000000000155e+00 2.565608024597167969e+00
2.592194999999999805e+00 2.565608024597167969e+00
2.596489000000000047e+00 2.565608024597167969e+00
2.600785000000000124e+00 2.565608024597167969e+00
2.605129999999999946e+00 2.565608024597167969e+00
2.609501999999999988e+00 2.560433387756347656e+00
2.612754999999999939e+00 2.555258750915527344e+00
2.615740999999999872e+00 2.555258750915527344e+00
2.619851999999999848e+00 2.555258750915527344e+00
2.624143999999999810e+00 2.555258750915527344e+00
2.628476000000000035e+00 2.555258750915527344e+00
2.632829999999999782e+00 2.550084114074707031e+00
2.637145999999999990e+00 2.555258750915527344e+00
2.641522999999999843e+00 2.560433387756347656e+00
2.647898999999999781e+00 2.560433387756347656e+00
2.652287999999999979e+00 2.560433387756347656e+00
2.656604000000000187e+00 2.560433387756347656e+00
2.660931999999999853e+00 2.565608024597167969e+00
2.664146000000000125e+00 2.565608024597167969e+00
2.668318999999999885e+00 2.565608024597167969e+00
2.672654999999999781e+00 2.565608024597167969e+00
2.676997000000000071e+00 2.565608024597167969e+00
2.681334999999999802e+00 2.565608024597167969e+00
2.685674000000000117e+00 2.565608024597167969e+00
2.690081000000000166e+00 2.560433387756347656e+00
2.693356999999999779e+00 2.565608024597167969e+00
2.696340999999999877e+00 2.565608024597167969e+00
2.700515999999999917e+00 2.560433387756347656e+00
2.704877000000000198e+00 2.565608024597167969e+00
2.709249999999999936e+00 2.560433387756347656e+00
2.713610000000000078e+00 2.550084114074707031e+00
2.718026000000000053e+00 2.550084114074707031e+00
2.722392000000000145e+00 2.555258750915527344e+00
2.726757000000000097e+00 2.560433387756347656e+00
2.731132000000000115e+00 2.555258750915527344e+00
2.735503000000000018e+00 2.555258750915527344e+00
2.739984999999999893e+00 2.560433387756347656e+00
2.744339000000000084e+00 2.560433387756347656e+00
2.748708999999999847e+00 2.555258750915527344e+00
2.751949999999999896e+00 2.560433387756347656e+00
2.758217999999999837e+00 2.560433387756347656e+00
2.762668000000000124e+00 2.565608024597167969e+00
2.767056999999999878e+00 2.565608024597167969e+00
2.770353000000000065e+00 2.565608024597167969e+00
2.774499000000000049e+00 2.565608024597167969e+00
2.778915000000000024e+00 2.565608024597167969e+00
2.783336999999999950e+00 2.565608024597167969e+00
2.787811000000000039e+00 2.560433387756347656e+00
2.792209000000000163e+00 2.560433387756347656e+00
2.796590999999999827e+00 2.565608024597167969e+00
2.800990999999999786e+00 2.560433387756347656e+00
2.805406000000000066e+00 2.565608024597167969e+00
2.808753999999999973e+00 2.560433387756347656e+00
2.812905000000000211e+00 2.560433387756347656e+00
2.817372999999999905e+00 2.560433387756347656e+00
2.821809000000000012e+00 2.560433387756347656e+00
2.826223999999999847e+00 2.560433387756347656e+00
2.829527000000000125e+00 2.560433387756347656e+00
2.832511999999999919e+00 2.560433387756347656e+00
2.836705999999999950e+00 2.560433387756347656e+00
2.841129000000000016e+00 2.560433387756347656e+00
2.845528999999999975e+00 2.560433387756347656e+00
2.850029000000000146e+00 2.560433387756347656e+00
2.854455999999999882e+00 2.555258750915527344e+00
2.858902000000000054e+00 2.560433387756347656e+00
2.863337000000000021e+00 2.565608024597167969e+00
2.867865000000000109e+00 2.565608024597167969e+00
2.874296999999999880e+00 2.560433387756347656e+00
2.878661000000000136e+00 2.560433387756347656e+00
2.881978999999999846e+00 2.565608024597167969e+00
2.886159999999999837e+00 2.565608024597167969e+00
2.890651000000000082e+00 2.565608024597167969e+00
2.895093000000000139e+00 2.565608024597167969e+00
2.899629000000000012e+00 2.565608024597167969e+00
2.904112000000000027e+00 2.565608024597167969e+00
2.908596999999999877e+00 2.565608024597167969e+00
2.913050000000000139e+00 2.560433387756347656e+00
2.916326999999999892e+00 2.560433387756347656e+00
2.920601000000000003e+00 2.560433387756347656e+00
2.925068000000000001e+00 2.560433387756347656e+00
2.929606000000000154e+00 2.560433387756347656e+00
2.934108999999999856e+00 2.560433387756347656e+00
2.938584000000000085e+00 2.555258750915527344e+00
2.943049999999999944e+00 2.555258750915527344e+00
2.946327999999999836e+00 2.555258750915527344e+00
2.950625000000000053e+00 2.555258750915527344e+00
2.955099000000000142e+00 2.555258750915527344e+00
2.959632000000000041e+00 2.555258750915527344e+00
2.964110999999999940e+00 2.560433387756347656e+00
2.968601000000000045e+00 2.565608024597167969e+00
2.971935000000000215e+00 2.560433387756347656e+00
2.976140000000000008e+00 2.565608024597167969e+00
2.980694999999999872e+00 2.565608024597167969e+00
2.987213999999999814e+00 2.565608024597167969e+00
2.991845999999999783e+00 2.565608024597167969e+00
2.995152000000000037e+00 2.565608024597167969e+00
2.999404000000000181e+00 2.565608024597167969e+00
3.003906999999999883e+00 2.565608024597167969e+00
3.008439000000000085e+00 2.565608024597167969e+00
3.012938999999999812e+00 2.560433387756347656e+00
3.017520000000000202e+00 2.560433387756347656e+00
3.022018000000000093e+00 2.555258750915527344e+00
3.026562000000000197e+00 2.555258750915527344e+00
3.036564999999999959e+00 2.555258750915527344e+00
3.045659000000000116e+00 2.555258750915527344e+00
3.052372000000000085e+00 2.555258750915527344e+00
3.056742999999999988e+00 2.555258750915527344e+00
3.061271000000000075e+00 2.565608024597167969e+00
3.065805000000000113e+00 2.565608024597167969e+00
3.070403999999999911e+00 2.565608024597167969e+00
3.073749999999999982e+00 2.565608024597167969e+00
3.078108999999999984e+00 2.565608024597167969e+00
3.082654999999999923e+00 2.565608024597167969e+00
3.087200999999999862e+00 2.565608024597167969e+00
3.091740999999999850e+00 2.565608024597167969e+00
3.098355000000000192e+00 2.565608024597167969e+00
3.103012999999999799e+00 2.565608024597167969e+00
3.106320999999999888e+00 2.560433387756347656e+00
3.110720000000000152e+00 2.555258750915527344e+00
3.115270000000000206e+00 2.555258750915527344e+00
3.119864999999999888e+00 2.555258750915527344e+00
3.124420000000000197e+00 2.555258750915527344e+00
3.128995999999999889e+00 2.555258750915527344e+00
3.133541000000000132e+00 2.555258750915527344e+00
3.136931000000000136e+00 2.560433387756347656e+00
3.141357000000000177e+00 2.555258750915527344e+00
3.145944000000000074e+00 2.555258750915527344e+00
3.151184999999999903e+00 2.555258750915527344e+00
3.156744000000000216e+00 2.560433387756347656e+00
3.162345000000000184e+00 2.565608024597167969e+00
3.167990000000000084e+00 2.565608024597167969e+00
3.173567999999999945e+00 2.565608024597167969e+00
3.179174000000000166e+00 2.565608024597167969e+00
3.184750000000000192e+00 2.565608024597167969e+00
3.190418000000000198e+00 2.565608024597167969e+00
3.196025000000000116e+00 2.560433387756347656e+00
3.201693999999999818e+00 2.565608024597167969e+00
3.207368000000000219e+00 2.565608024597167969e+00
3.218836000000000030e+00 2.555258750915527344e+00
3.224699999999999900e+00 2.555258750915527344e+00
3.231206999999999940e+00 2.560433387756347656e+00
3.236809000000000047e+00 2.560433387756347656e+00
3.242427999999999866e+00 2.560433387756347656e+00
3.248165000000000191e+00 2.560433387756347656e+00
3.252780000000000005e+00 2.560433387756347656e+00
3.257455000000000211e+00 2.560433387756347656e+00
3.262071999999999861e+00 2.570782661437988281e+00
3.266658000000000062e+00 2.565608024597167969e+00
3.271265000000000089e+00 2.565608024597167969e+00
3.275853999999999822e+00 2.565608024597167969e+00
3.279323999999999906e+00 2.560433387756347656e+00
3.283703000000000038e+00 2.560433387756347656e+00
3.288390999999999842e+00 2.565608024597167969e+00
3.293022000000000116e+00 2.565608024597167969e+00
3.297766000000000197e+00 2.560433387756347656e+00
3.301182999999999979e+00 2.560433387756347656e+00
3.304359999999999964e+00 2.565608024597167969e+00
3.308781999999999890e+00 2.560433387756347656e+00
3.312186000000000075e+00 2.560433387756347656e+00
3.315316999999999847e+00 2.560433387756347656e+00
3.319761999999999880e+00 2.560433387756347656e+00
3.323183000000000220e+00 2.560433387756347656e+00
3.328584999999999905e+00 2.560433387756347656e+00
3.333099999999999952e+00 2.555258750915527344e+00
3.337814999999999976e+00 2.560433387756347656e+00
3.342458999999999847e+00 2.560433387756347656e+00
3.347147000000000094e+00 2.560433387756347656e+00
3.351812999999999931e+00 2.560433387756347656e+00
3.356457999999999942e+00 2.555258750915527344e+00
3.361118999999999968e+00 2.565608024597167969e+00
3.365785999999999945e+00 2.560433387756347656e+00
3.370479000000000003e+00 2.565608024597167969e+00
3.375143000000000004e+00 2.560433387756347656e+00
3.379906000000000077e+00 2.565608024597167969e+00
3.383337000000000039e+00 2.565608024597167969e+00
3.387811000000000128e+00 2.565608024597167969e+00
3.392479999999999940e+00 2.560433387756347656e+00
3.397152000000000172e+00 2.565608024597167969e+00
3.401842999999999950e+00 2.565608024597167969e+00
3.406524000000000107e+00 2.565608024597167969e+00
3.411195000000000199e+00 2.565608024597167969e+00
3.415859000000000201e+00 2.560433387756347656e+00
3.420573000000000086e+00 2.565608024597167969e+00
3.425244000000000177e+00 2.560433387756347656e+00
3.429974000000000078e+00 2.560433387756347656e+00
3.434651999999999816e+00 2.560433387756347656e+00
3.441469000000000111e+00 2.555258750915527344e+00
3.446213000000000193e+00 2.555258750915527344e+00
3.450921999999999823e+00 2.555258750915527344e+00
3.455627999999999922e+00 2.555258750915527344e+00
3.460383000000000209e+00 2.560433387756347656e+00
3.465091000000000143e+00 2.565608024597167969e+00
3.469892999999999894e+00 2.565608024597167969e+00
3.474594000000000182e+00 2.565608024597167969e+00
3.479305000000000092e+00 2.560433387756347656e+00
3.484016000000000002e+00 2.565608024597167969e+00
3.488750000000000018e+00 2.570782661437988281e+00
3.493463000000000207e+00 2.565608024597167969e+00
3.498231999999999786e+00 2.565608024597167969e+00
3.502933000000000074e+00 2.565608024597167969e+00
3.507702999999999793e+00 2.565608024597167969e+00
3.512417000000000122e+00 2.560433387756347656e+00
3.517135999999999818e+00 2.560433387756347656e+00
3.521862000000000048e+00 2.560433387756347656e+00
3.526593000000000089e+00 2.555258750915527344e+00
3.531306999999999974e+00 2.555258750915527344e+00
3.534731999999999985e+00 2.555258750915527344e+00
3.539239999999999942e+00 2.555258750915527344e+00
3.543975000000000097e+00 2.555258750915527344e+00
3.548989999999999867e+00 2.555258750915527344e+00
3.555924999999999780e+00 2.555258750915527344e+00
3.560742999999999991e+00 2.560433387756347656e+00
3.565526999999999891e+00 2.565608024597167969e+00
3.570357000000000003e+00 2.565608024597167969e+00
3.575127999999999862e+00 2.565608024597167969e+00
3.579978999999999800e+00 2.565608024597167969e+00
3.584764999999999979e+00 2.565608024597167969e+00
3.589547000000000043e+00 2.565608024597167969e+00
3.594317999999999902e+00 2.565608024597167969e+00
3.599101000000000106e+00 2.565608024597167969e+00
3.603890999999999956e+00 2.565608024597167969e+00
3.607365000000000155e+00 2.560433387756347656e+00
3.611904000000000003e+00 2.555258750915527344e+00
3.615329000000000015e+00 2.555258750915527344e+00
3.619924999999999837e+00 2.555258750915527344e+00
3.624699000000000115e+00 2.555258750915527344e+00
3.629480000000000040e+00 2.555258750915527344e+00
3.632962000000000025e+00 2.555258750915527344e+00
3.637545999999999946e+00 2.555258750915527344e+00
3.642314999999999969e+00 2.555258750915527344e+00
3.647079999999999878e+00 2.555258750915527344e+00
3.651860999999999802e+00 2.560433387756347656e+00
3.656646999999999981e+00 2.560433387756347656e+00
3.663421000000000038e+00 2.565608024597167969e+00
3.668347999999999942e+00 2.565608024597167969e+00
3.673132999999999981e+00 2.565608024597167969e+00
3.678005999999999887e+00 2.565608024597167969e+00
3.682830000000000048e+00 2.565608024597167969e+00
3.687689999999999912e+00 2.565608024597167969e+00
3.692495000000000083e+00 2.565608024597167969e+00
3.695888000000000062e+00 2.560433387756347656e+00
3.700610000000000177e+00 2.565608024597167969e+00
3.705429000000000084e+00 2.565608024597167969e+00
3.710325999999999791e+00 2.560433387756347656e+00
3.715139999999999887e+00 2.555258750915527344e+00
3.720038000000000178e+00 2.560433387756347656e+00
3.724867000000000150e+00 2.555258750915527344e+00
3.729751999999999956e+00 2.555258750915527344e+00
3.734570000000000167e+00 2.560433387756347656e+00
3.739402000000000115e+00 2.560433387756347656e+00
3.744216999999999906e+00 2.560433387756347656e+00
3.749032999999999838e+00 2.555258750915527344e+00
3.753854000000000024e+00 2.560433387756347656e+00
3.758685999999999972e+00 2.560433387756347656e+00
3.763523000000000174e+00 2.565608024597167969e+00
3.768412999999999791e+00 2.565608024597167969e+00
3.774218999999999991e+00 2.565608024597167969e+00
3.778979000000000088e+00 2.560433387756347656e+00
3.783805999999999781e+00 2.565608024597167969e+00
3.788647999999999794e+00 2.565608024597167969e+00
3.792178999999999967e+00 2.565608024597167969e+00
3.796762999999999888e+00 2.565608024597167969e+00
3.801600999999999786e+00 2.565608024597167969e+00
3.806439000000000128e+00 2.560433387756347656e+00
3.811268999999999796e+00 2.560433387756347656e+00
3.816101999999999883e+00 2.555258750915527344e+00
3.821025999999999812e+00 2.560433387756347656e+00
3.825874000000000219e+00 2.565608024597167969e+00
3.830773000000000206e+00 2.560433387756347656e+00
3.835637000000000185e+00 2.565608024597167969e+00
3.840570000000000039e+00 2.560433387756347656e+00
3.845428000000000068e+00 2.565608024597167969e+00
3.850353999999999832e+00 2.565608024597167969e+00
3.855198999999999820e+00 2.560433387756347656e+00
3.858757999999999910e+00 2.565608024597167969e+00
3.863367999999999913e+00 2.560433387756347656e+00
3.868319000000000063e+00 2.560433387756347656e+00
3.873207999999999984e+00 2.565608024597167969e+00
3.878174000000000010e+00 2.565608024597167969e+00
3.885156999999999972e+00 2.565608024597167969e+00
3.890198999999999963e+00 2.565608024597167969e+00
3.893769999999999953e+00 2.560433387756347656e+00
3.898547000000000207e+00 2.560433387756347656e+00
3.903502000000000027e+00 2.565608024597167969e+00
3.908490000000000020e+00 2.565608024597167969e+00
3.913429999999999964e+00 2.565608024597167969e+00
3.918436999999999948e+00 2.560433387756347656e+00
3.923382999999999843e+00 2.560433387756347656e+00
3.928399999999999892e+00 2.560433387756347656e+00
3.931973000000000162e+00 2.560433387756347656e+00
3.936690000000000023e+00 2.560433387756347656e+00
3.941628000000000132e+00 2.560433387756347656e+00
3.946584000000000092e+00 2.555258750915527344e+00
3.951492000000000004e+00 2.555258750915527344e+00
3.956393999999999966e+00 2.555258750915527344e+00
3.961351000000000067e+00 2.560433387756347656e+00
3.966310000000000002e+00 2.565608024597167969e+00
3.971262999999999987e+00 2.565608024597167969e+00
3.976205999999999907e+00 2.565608024597167969e+00
3.981142000000000181e+00 2.565608024597167969e+00
3.986073000000000199e+00 2.565608024597167969e+00
3.991063000000000027e+00 2.565608024597167969e+00
3.998149000000000175e+00 2.565608024597167969e+00
4.003142999999999674e+00 2.565608024597167969e+00
4.008149000000000406e+00 2.565608024597167969e+00
4.013077000000000005e+00 2.560433387756347656e+00
4.018087999999999660e+00 2.560433387756347656e+00
4.023037999999999670e+00 2.560433387756347656e+00
4.030569999999999986e+00 2.555258750915527344e+00
4.036982000000000070e+00 2.555258750915527344e+00
4.047171999999999770e+00 2.555258750915527344e+00
4.054225999999999885e+00 2.555258750915527344e+00
4.059237000000000428e+00 2.560433387756347656e+00
4.064237999999999573e+00 2.560433387756347656e+00
4.069250000000000256e+00 2.565608024597167969e+00
4.074244000000000199e+00 2.565608024597167969e+00
4.079255999999999993e+00 2.565608024597167969e+00
4.084253000000000355e+00 2.565608024597167969e+00
4.089260999999999591e+00 2.565608024597167969e+00
4.094259000000000093e+00 2.565608024597167969e+00
4.099281000000000397e+00 2.565608024597167969e+00
4.104296999999999862e+00 2.565608024597167969e+00
4.111684999999999590e+00 2.560433387756347656e+00
4.116710000000000313e+00 2.555258750915527344e+00
4.121682999999999986e+00 2.560433387756347656e+00
4.126680000000000348e+00 2.555258750915527344e+00
4.131649999999999601e+00 2.555258750915527344e+00
4.136631000000000391e+00 2.560433387756347656e+00
4.140137000000000178e+00 2.555258750915527344e+00
4.144874999999999865e+00 2.560433387756347656e+00
4.149937000000000431e+00 2.555258750915527344e+00
4.154969999999999608e+00 2.560433387756347656e+00
4.160046999999999606e+00 2.565608024597167969e+00
4.165036999999999878e+00 2.565608024597167969e+00
4.170105000000000395e+00 2.565608024597167969e+00
4.175114999999999910e+00 2.565608024597167969e+00
4.178753999999999635e+00 2.565608024597167969e+00
4.183506000000000391e+00 2.570782661437988281e+00
4.188583999999999641e+00 2.570782661437988281e+00
4.193585999999999814e+00 2.565608024597167969e+00
4.198658000000000001e+00 2.565608024597167969e+00
4.203687000000000396e+00 2.565608024597167969e+00
4.208722999999999992e+00 2.560433387756347656e+00
4.213756000000000057e+00 2.555258750915527344e+00
4.218784999999999563e+00 2.555258750915527344e+00
4.225806000000000395e+00 2.555258750915527344e+00
4.231468999999999703e+00 2.555258750915527344e+00
4.236494000000000426e+00 2.560433387756347656e+00
4.241509999999999891e+00 2.560433387756347656e+00
4.246510999999999925e+00 2.560433387756347656e+00
4.251514000000000237e+00 2.565608024597167969e+00
4.256573999999999636e+00 2.565608024597167969e+00
4.261566000000000187e+00 2.570782661437988281e+00
4.266596999999999973e+00 2.565608024597167969e+00
4.271619000000000277e+00 2.565608024597167969e+00
4.276635999999999882e+00 2.565608024597167969e+00
4.281654999999999767e+00 2.565608024597167969e+00
4.286705999999999683e+00 2.565608024597167969e+00
4.291745999999999839e+00 2.560433387756347656e+00
4.295352000000000281e+00 2.565608024597167969e+00
4.298811999999999856e+00 2.565608024597167969e+00
4.303599000000000174e+00 2.565608024597167969e+00
4.308710999999999736e+00 2.560433387756347656e+00
4.313762999999999792e+00 2.555258750915527344e+00
4.317401000000000266e+00 2.560433387756347656e+00
4.322214999999999918e+00 2.560433387756347656e+00
4.327271999999999785e+00 2.560433387756347656e+00
4.332392999999999716e+00 2.560433387756347656e+00
4.339523999999999937e+00 2.560433387756347656e+00
4.344507000000000119e+00 2.560433387756347656e+00
4.349610000000000198e+00 2.560433387756347656e+00
4.354707000000000328e+00 2.560433387756347656e+00
4.358317999999999692e+00 2.565608024597167969e+00
4.363163000000000125e+00 2.565608024597167969e+00
4.368316000000000088e+00 2.565608024597167969e+00
4.373401000000000316e+00 2.565608024597167969e+00
4.378548999999999580e+00 2.565608024597167969e+00
4.382189000000000334e+00 2.565608024597167969e+00
4.387042000000000108e+00 2.565608024597167969e+00
4.392141999999999769e+00 2.565608024597167969e+00
4.395758999999999972e+00 2.565608024597167969e+00
4.400665000000000049e+00 2.565608024597167969e+00
4.405758999999999759e+00 2.565608024597167969e+00
4.410903000000000240e+00 2.565608024597167969e+00
4.416015999999999941e+00 2.560433387756347656e+00
4.421167999999999765e+00 2.560433387756347656e+00
4.426262000000000363e+00 2.560433387756347656e+00
4.431382000000000154e+00 2.560433387756347656e+00
4.436486000000000374e+00 2.565608024597167969e+00
4.440119000000000149e+00 2.565608024597167969e+00
4.444979000000000013e+00 2.560433387756347656e+00
4.452200999999999631e+00 2.560433387756347656e+00
4.457532999999999745e+00 2.555258750915527344e+00
4.462658000000000236e+00 2.565608024597167969e+00
4.467863999999999614e+00 2.565608024597167969e+00
4.473003000000000284e+00 2.565608024597167969e+00
4.478180000000000049e+00 2.565608024597167969e+00
4.483317000000000441e+00 2.565608024597167969e+00
4.486993000000000009e+00 2.565608024597167969e+00
4.491952999999999641e+00 2.565608024597167969e+00
4.497086999999999612e+00 2.565608024597167969e+00
4.502242999999999995e+00 2.565608024597167969e+00
4.507437000000000360e+00 2.570782661437988281e+00
4.512576000000000143e+00 2.565608024597167969e+00
4.517776999999999710e+00 2.560433387756347656e+00
4.522922999999999583e+00 2.560433387756347656e+00
4.526527999999999885e+00 2.560433387756347656e+00
4.531498000000000026e+00 2.560433387756347656e+00
4.536674999999999791e+00 2.560433387756347656e+00
4.541821999999999804e+00 2.555258750915527344e+00
4.546986000000000416e+00 2.555258750915527344e+00
4.552132000000000289e+00 2.560433387756347656e+00
4.557356999999999658e+00 2.560433387756347656e+00
4.564530000000000420e+00 2.565608024597167969e+00
4.569746999999999559e+00 2.565608024597167969e+00
4.574924000000000213e+00 2.570782661437988281e+00
4.580169999999999852e+00 2.565608024597167969e+00
4.585327999999999626e+00 2.570782661437988281e+00
4.590563999999999645e+00 2.570782661437988281e+00
4.595736999999999739e+00 2.570782661437988281e+00
4.600969000000000086e+00 2.570782661437988281e+00
4.606149000000000271e+00 2.565608024597167969e+00
4.611412999999999762e+00 2.565608024597167969e+00
4.616588000000000136e+00 2.560433387756347656e+00
4.621781000000000361e+00 2.560433387756347656e+00
4.626975999999999978e+00 2.560433387756347656e+00
4.632158000000000442e+00 2.555258750915527344e+00
4.637402999999999942e+00 2.560433387756347656e+00
4.642583000000000126e+00 2.555258750915527344e+00
4.647853999999999708e+00 2.555258750915527344e+00
4.653064999999999785e+00 2.560433387756347656e+00
4.658379000000000048e+00 2.565608024597167969e+00
4.663594999999999935e+00 2.565608024597167969e+00
4.668795000000000250e+00 2.565608024597167969e+00
4.676085999999999743e+00 2.570782661437988281e+00
4.681420000000000137e+00 2.565608024597167969e+00
4.686632000000000353e+00 2.565608024597167969e+00
4.691847000000000101e+00 2.565608024597167969e+00
4.697065000000000268e+00 2.565608024597167969e+00
4.702281000000000155e+00 2.565608024597167969e+00
4.705930000000000391e+00 2.565608024597167969e+00
4.710988000000000397e+00 2.560433387756347656e+00
4.716212999999999766e+00 2.555258750915527344e+00
4.719953000000000287e+00 2.560433387756347656e+00
4.725005999999999595e+00 2.560433387756347656e+00
4.730305999999999678e+00 2.555258750915527344e+00
4.735527000000000264e+00 2.555258750915527344e+00
4.740889000000000131e+00 2.560433387756347656e+00
4.746121999999999730e+00 2.565608024597167969e+00
4.751432000000000322e+00 2.560433387756347656e+00
4.755169999999999675e+00 2.560433387756347656e+00
4.760226000000000290e+00 2.565608024597167969e+00
4.763899999999999579e+00 2.565608024597167969e+00
4.767355000000000231e+00 2.565608024597167969e+00
4.772364999999999746e+00 2.565608024597167969e+00
4.777664999999999829e+00 2.570782661437988281e+00
4.781373999999999569e+00 2.565608024597167969e+00
4.786576000000000164e+00 2.565608024597167969e+00
4.794126000000000332e+00 2.565608024597167969e+00
4.799399000000000193e+00 2.565608024597167969e+00
4.803134000000000015e+00 2.565608024597167969e+00
4.808212000000000153e+00 2.565608024597167969e+00
4.813477999999999923e+00 2.560433387756347656e+00
4.818810000000000038e+00 2.560433387756347656e+00
4.824093999999999660e+00 2.555258750915527344e+00
4.829386000000000401e+00 2.560433387756347656e+00
4.834652000000000172e+00 2.560433387756347656e+00
4.839996000000000187e+00 2.560433387756347656e+00
4.845267999999999908e+00 2.565608024597167969e+00
4.850605999999999973e+00 2.560433387756347656e+00
4.854360999999999926e+00 2.565608024597167969e+00
4.859398999999999802e+00 2.565608024597167969e+00
4.864722999999999686e+00 2.565608024597167969e+00
4.870058000000000220e+00 2.565608024597167969e+00
4.873682999999999765e+00 2.565608024597167969e+00
4.877120999999999817e+00 2.565608024597167969e+00
4.882232000000000127e+00 2.565608024597167969e+00
4.887590999999999575e+00 2.565608024597167969e+00
4.892890000000000406e+00 2.565608024597167969e+00
4.898246999999999574e+00 2.565608024597167969e+00
4.905706000000000344e+00 2.565608024597167969e+00
4.910998000000000197e+00 2.560433387756347656e+00
4.914748000000000339e+00 2.560433387756347656e+00
4.919838999999999629e+00 2.565608024597167969e+00
4.923479999999999634e+00 2.565608024597167969e+00
4.928632999999999598e+00 2.565608024597167969e+00
4.932367000000000168e+00 2.560433387756347656e+00
4.937515000000000320e+00 2.560433387756347656e+00
4.942823999999999884e+00 2.560433387756347656e+00
4.946576999999999558e+00 2.565608024597167969e+00
4.950191000000000230e+00 2.560433387756347656e+00
4.955281000000000269e+00 2.560433387756347656e+00
4.960689000000000348e+00 2.565608024597167969e+00
4.966052999999999606e+00 2.565608024597167969e+00
4.971428000000000402e+00 2.565608024597167969e+00
4.976759999999999629e+00 2.565608024597167969e+00
4.982083000000000261e+00 2.565608024597167969e+00
4.987477000000000160e+00 2.565608024597167969e+00
4.992801000000000045e+00 2.565608024597167969e+00
4.996541999999999817e+00 2.565608024597167969e+00
5.000141000000000169e+00 2.570782661437988281e+00
5.005245999999999640e+00 2.570782661437988281e+00
5.010684999999999611e+00 2.565608024597167969e+00
5.018093000000000359e+00 2.565608024597167969e+00
5.023341000000000278e+00 2.565608024597167969e+00
5.031325999999999965e+00 2.560433387756347656e+00
5.038670999999999900e+00 2.560433387756347656e+00
5.054889000000000188e+00 2.560433387756347656e+00
5.060678000000000232e+00 2.560433387756347656e+00
5.066082999999999892e+00 2.565608024597167969e+00
5.071559999999999846e+00 2.565608024597167969e+00
5.075345000000000439e+00 2.565608024597167969e+00
5.078949999999999854e+00 2.565608024597167969e+00
5.084075000000000344e+00 2.565608024597167969e+00
5.089474000000000053e+00 2.565608024597167969e+00
5.094839000000000340e+00 2.570782661437988281e+00
5.100333000000000006e+00 2.570782661437988281e+00
5.105709000000000053e+00 2.565608024597167969e+00
5.111164999999999736e+00 2.565608024597167969e+00
5.116557000000000244e+00 2.560433387756347656e+00
5.120331000000000188e+00 2.555258750915527344e+00
5.125480999999999732e+00 2.560433387756347656e+00
5.132969000000000115e+00 2.555258750915527344e+00
5.138513999999999804e+00 2.560433387756347656e+00
5.143924000000000163e+00 2.560433387756347656e+00
5.149346999999999674e+00 2.560433387756347656e+00
5.154740999999999573e+00 2.560433387756347656e+00
5.160204000000000235e+00 2.565608024597167969e+00
5.165735999999999883e+00 2.565608024597167969e+00
5.171191000000000315e+00 2.570782661437988281e+00
5.174930999999999948e+00 2.565608024597167969e+00
5.178531999999999691e+00 2.570782661437988281e+00
5.183699999999999974e+00 2.570782661437988281e+00
5.189148999999999567e+00 2.570782661437988281e+00
5.194562999999999597e+00 2.565608024597167969e+00
5.200121000000000215e+00 2.570782661437988281e+00
5.205542999999999587e+00 2.565608024597167969e+00
5.211040999999999812e+00 2.560433387756347656e+00
5.216464000000000212e+00 2.555258750915527344e+00
5.221898000000000373e+00 2.560433387756347656e+00
5.227394999999999570e+00 2.560433387756347656e+00
5.231454000000000271e+00 2.555258750915527344e+00
5.236763999999999974e+00 2.560433387756347656e+00
5.242242000000000068e+00 2.560433387756347656e+00
5.249845999999999790e+00 2.560433387756347656e+00
5.255208999999999797e+00 2.565608024597167969e+00
5.260714000000000112e+00 2.565608024597167969e+00
5.266144999999999854e+00 2.570782661437988281e+00
5.271691999999999823e+00 2.570782661437988281e+00
5.277122999999999564e+00 2.570782661437988281e+00
5.282574999999999577e+00 2.565608024597167969e+00
5.288083000000000311e+00 2.565608024597167969e+00
5.293516999999999584e+00 2.565608024597167969e+00
5.299019999999999619e+00 2.565608024597167969e+00
5.304470000000000240e+00 2.565608024597167969e+00
5.309986999999999568e+00 2.560433387756347656e+00
5.315442000000000000e+00 2.560433387756347656e+00
5.320985000000000298e+00 2.560433387756347656e+00
5.326455000000000162e+00 2.555258750915527344e+00
5.331914000000000264e+00 2.560433387756347656e+00
5.337445999999999913e+00 2.560433387756347656e+00
5.342908999999999686e+00 2.560433387756347656e+00
5.348441000000000223e+00 2.565608024597167969e+00
5.353905000000000136e+00 2.565608024597167969e+00
5.359577999999999953e+00 2.565608024597167969e+00
5.367384999999999629e+00 2.570782661437988281e+00
5.372777000000000136e+00 2.565608024597167969e+00
5.378358999999999668e+00 2.565608024597167969e+00
5.383879000000000303e+00 2.565608024597167969e+00
5.389425000000000132e+00 2.565608024597167969e+00
5.394941000000000209e+00 2.565608024597167969e+00
5.400540000000000340e+00 2.565608024597167969e+00
5.406056999999999668e+00 2.565608024597167969e+00
5.411656999999999940e+00 2.565608024597167969e+00
5.417194000000000287e+00 2.565608024597167969e+00
5.422723999999999656e+00 2.560433387756347656e+00
5.426554000000000322e+00 2.565608024597167969e+00
5.431904000000000288e+00 2.560433387756347656e+00
5.435750999999999777e+00 2.560433387756347656e+00
5.441119999999999735e+00 2.560433387756347656e+00
5.444952999999999932e+00 2.560433387756347656e+00
5.450313999999999659e+00 2.560433387756347656e+00
5.454149000000000136e+00 2.560433387756347656e+00
5.457761999999999780e+00 2.565608024597167969e+00
5.461355000000000182e+00 2.560433387756347656e+00
5.464952000000000254e+00 2.565608024597167969e+00
5.470329000000000441e+00 2.565608024597167969e+00
5.477956999999999965e+00 2.565608024597167969e+00
5.483603999999999701e+00 2.565608024597167969e+00
5.489182999999999701e+00 2.565608024597167969e+00
5.494734000000000229e+00 2.565608024597167969e+00
5.500357000000000163e+00 2.565608024597167969e+00
5.505933999999999884e+00 2.565608024597167969e+00
5.511546000000000056e+00 2.565608024597167969e+00
5.517125000000000057e+00 2.560433387756347656e+00
5.522700999999999638e+00 2.560433387756347656e+00
5.526537000000000255e+00 2.560433387756347656e+00
5.531963000000000186e+00 2.560433387756347656e+00
5.537588000000000399e+00 2.565608024597167969e+00
5.543167000000000399e+00 2.555258750915527344e+00
5.548798999999999815e+00 2.555258750915527344e+00
5.554377999999999815e+00 2.560433387756347656e+00
5.560095999999999705e+00 2.560433387756347656e+00
5.565757999999999761e+00 2.565608024597167969e+00
5.571399000000000434e+00 2.565608024597167969e+00
5.577001000000000097e+00 2.565608024597167969e+00
5.582605000000000040e+00 2.565608024597167969e+00
5.588261000000000145e+00 2.570782661437988281e+00
5.595917000000000030e+00 2.565608024597167969e+00
5.601461999999999719e+00 2.565608024597167969e+00
5.607064000000000270e+00 2.565608024597167969e+00
5.612688000000000343e+00 2.565608024597167969e+00
5.616564999999999586e+00 2.565608024597167969e+00
5.621999999999999886e+00 2.565608024597167969e+00
5.627676000000000123e+00 2.555258750915527344e+00
5.633278999999999925e+00 2.560433387756347656e+00
5.638983999999999774e+00 2.560433387756347656e+00
5.644588999999999857e+00 2.560433387756347656e+00
5.650280000000000413e+00 2.555258750915527344e+00
5.655886999999999887e+00 2.555258750915527344e+00
5.661552000000000362e+00 2.565608024597167969e+00
5.667170999999999736e+00 2.565608024597167969e+00
5.672820999999999891e+00 2.570782661437988281e+00
5.676721999999999824e+00 2.565608024597167969e+00
5.682229999999999670e+00 2.570782661437988281e+00
5.687947999999999560e+00 2.570782661437988281e+00
5.693614000000000175e+00 2.565608024597167969e+00
5.699245999999999590e+00 2.565608024597167969e+00
5.703248000000000317e+00 2.565608024597167969e+00
5.710491000000000206e+00 2.565608024597167969e+00
5.716249999999999609e+00 2.560433387756347656e+00
5.720132000000000438e+00 2.555258750915527344e+00
5.725584999999999702e+00 2.560433387756347656e+00
5.731326000000000143e+00 2.555258750915527344e+00
5.737010999999999861e+00 2.560433387756347656e+00
5.742709999999999759e+00 2.555258750915527344e+00
5.748485999999999763e+00 2.560433387756347656e+00
5.754171999999999620e+00 2.560433387756347656e+00
5.759866999999999848e+00 2.565608024597167969e+00
5.765547999999999895e+00 2.565608024597167969e+00
5.771434000000000175e+00 2.565608024597167969e+00
5.777173000000000336e+00 2.565608024597167969e+00
5.782866000000000284e+00 2.565608024597167969e+00
5.788610000000000255e+00 2.570782661437988281e+00
5.792545999999999751e+00 2.565608024597167969e+00
5.798035999999999746e+00 2.565608024597167969e+00
5.803735999999999784e+00 2.565608024597167969e+00
5.809468999999999994e+00 2.560433387756347656e+00
5.815148999999999901e+00 2.555258750915527344e+00
5.820911999999999864e+00 2.560433387756347656e+00
5.828720999999999819e+00 2.560433387756347656e+00
5.834300999999999959e+00 2.560433387756347656e+00
5.840015000000000178e+00 2.560433387756347656e+00
5.845716000000000356e+00 2.560433387756347656e+00
5.851463999999999999e+00 2.565608024597167969e+00
5.857165000000000177e+00 2.565608024597167969e+00
5.862875999999999976e+00 2.570782661437988281e+00
5.868642000000000358e+00 2.570782661437988281e+00
5.872571999999999903e+00 2.570782661437988281e+00
5.878149999999999764e+00 2.565608024597167969e+00
5.883873999999999604e+00 2.565608024597167969e+00
5.889605999999999675e+00 2.565608024597167969e+00
5.895303000000000182e+00 2.565608024597167969e+00
5.901069999999999816e+00 2.565608024597167969e+00
5.906856999999999580e+00 2.565608024597167969e+00
5.912581999999999560e+00 2.560433387756347656e+00
5.918402000000000385e+00 2.560433387756347656e+00
5.922354999999999592e+00 2.565608024597167969e+00
5.927881000000000178e+00 2.565608024597167969e+00
5.933602999999999739e+00 2.560433387756347656e+00
5.939369000000000121e+00 2.560433387756347656e+00
5.947141000000000233e+00 2.560433387756347656e+00
5.952860000000000262e+00 2.565608024597167969e+00
5.958667000000000158e+00 2.565608024597167969e+00
5.964413000000000409e+00 2.565608024597167969e+00
5.970220999999999556e+00 2.565608024597167969e+00
5.975965000000000416e+00 2.565608024597167969e+00
5.979980000000000295e+00 2.565608024597167969e+00
5.985469000000000150e+00 2.565608024597167969e+00
5.991291000000000366e+00 2.565608024597167969e+00
5.997054000000000329e+00 2.565608024597167969e+00
6.002815000000000012e+00 2.565608024597167969e+00
6.006757999999999598e+00 2.565608024597167969e+00
6.012455000000000105e+00 2.560433387756347656e+00
6.018258000000000330e+00 2.565608024597167969e+00
6.024009999999999643e+00 2.565608024597167969e+00
6.029798999999999687e+00 2.560433387756347656e+00
6.038204000000000349e+00 2.565608024597167969e+00
6.049665000000000070e+00 2.560433387756347656e+00
6.059037000000000006e+00 2.555258750915527344e+00
6.069505000000000372e+00 2.565608024597167969e+00
6.075309999999999988e+00 2.565608024597167969e+00
6.081275999999999904e+00 2.565608024597167969e+00
6.087087000000000359e+00 2.565608024597167969e+00
6.092910999999999966e+00 2.565608024597167969e+00
6.098811000000000426e+00 2.565608024597167969e+00
6.104616000000000042e+00 2.565608024597167969e+00
6.110555999999999877e+00 2.565608024597167969e+00
6.116392000000000273e+00 2.560433387756347656e+00
6.120275000000000354e+00 2.560433387756347656e+00
6.125887999999999778e+00 2.560433387756347656e+00
6.129916999999999838e+00 2.555258750915527344e+00
6.135518000000000249e+00 2.560433387756347656e+00
6.141420000000000101e+00 2.560433387756347656e+00
6.147295999999999871e+00 2.555258750915527344e+00
6.153103999999999907e+00 2.560433387756347656e+00
6.158987999999999907e+00 2.560433387756347656e+00
6.164804000000000173e+00 2.565608024597167969e+00
6.170726000000000155e+00 2.565608024597167969e+00
6.178696999999999662e+00 2.570782661437988281e+00
6.184775000000000134e+00 2.570782661437988281e+00
6.190665000000000084e+00 2.565608024597167969e+00
6.196464999999999890e+00 2.565608024597167969e+00
6.202270999999999646e+00 2.570782661437988281e+00
6.208166000000000295e+00 2.565608024597167969e+00
6.214006000000000363e+00 2.555258750915527344e+00
6.219840999999999731e+00 2.560433387756347656e+00
6.225653999999999577e+00 2.555258750915527344e+00
6.231561000000000128e+00 2.560433387756347656e+00
6.235547999999999647e+00 2.560433387756347656e+00
6.241225000000000023e+00 2.560433387756347656e+00
6.247093999999999703e+00 2.555258750915527344e+00
6.252928999999999959e+00 2.560433387756347656e+00
6.258852000000000082e+00 2.565608024597167969e+00
6.264736000000000082e+00 2.570782661437988281e+00
6.270659000000000205e+00 2.565608024597167969e+00
6.276500999999999664e+00 2.570782661437988281e+00
6.282324000000000019e+00 2.565608024597167969e+00
6.290496000000000087e+00 2.565608024597167969e+00
6.296462000000000003e+00 2.565608024597167969e+00
6.302302000000000071e+00 2.565608024597167969e+00
6.308227999999999724e+00 2.565608024597167969e+00
6.314076000000000022e+00 2.555258750915527344e+00
6.319949000000000261e+00 2.560433387756347656e+00
6.325801000000000229e+00 2.555258750915527344e+00
6.329983999999999611e+00 2.555258750915527344e+00
6.335751000000000133e+00 2.560433387756347656e+00
6.341696999999999917e+00 2.565608024597167969e+00
6.347655999999999743e+00 2.560433387756347656e+00
6.353568000000000104e+00 2.565608024597167969e+00
6.359454999999999636e+00 2.565608024597167969e+00
6.365323000000000064e+00 2.565608024597167969e+00
6.371273999999999660e+00 2.565608024597167969e+00
6.377169999999999561e+00 2.570782661437988281e+00
6.383068999999999882e+00 2.565608024597167969e+00
6.389033999999999658e+00 2.565608024597167969e+00
6.394960000000000200e+00 2.565608024597167969e+00
6.400984000000000229e+00 2.565608024597167969e+00
6.409683000000000241e+00 2.560433387756347656e+00
6.417165999999999926e+00 2.560433387756347656e+00
6.423096000000000139e+00 2.560433387756347656e+00
6.429072999999999816e+00 2.560433387756347656e+00
6.435018999999999600e+00 2.565608024597167969e+00
6.441031999999999869e+00 2.565608024597167969e+00
6.446970000000000312e+00 2.560433387756347656e+00
6.452874000000000443e+00 2.560433387756347656e+00
6.458878999999999593e+00 2.565608024597167969e+00
6.464820999999999707e+00 2.565608024597167969e+00
6.468948000000000143e+00 2.565608024597167969e+00
6.474667000000000172e+00 2.565608024597167969e+00
6.478795999999999999e+00 2.565608024597167969e+00
6.484479000000000326e+00 2.565608024597167969e+00
6.490491999999999706e+00 2.565608024597167969e+00
6.496451999999999671e+00 2.565608024597167969e+00
6.502388999999999974e+00 2.565608024597167969e+00
6.508384999999999643e+00 2.565608024597167969e+00
6.514357999999999649e+00 2.565608024597167969e+00
6.522444000000000131e+00 2.560433387756347656e+00
6.528505000000000003e+00 2.565608024597167969e+00
6.534460000000000157e+00 2.565608024597167969e+00
6.538566999999999574e+00 2.560433387756347656e+00
6.544283000000000072e+00 2.565608024597167969e+00
6.550340000000000273e+00 2.560433387756347656e+00
6.556276000000000437e+00 2.560433387756347656e+00
6.562218999999999802e+00 2.565608024597167969e+00
6.568253999999999593e+00 2.565608024597167969e+00
6.574206000000000216e+00 2.565608024597167969e+00
6.580186000000000313e+00 2.565608024597167969e+00
6.586138000000000048e+00 2.565608024597167969e+00
6.592164999999999608e+00 2.565608024597167969e+00
6.598165999999999976e+00 2.565608024597167969e+00
6.604114000000000040e+00 2.565608024597167969e+00
6.608194000000000123e+00 2.565608024597167969e+00
6.613929999999999865e+00 2.565608024597167969e+00
6.619939999999999714e+00 2.565608024597167969e+00
6.626154999999999795e+00 2.560433387756347656e+00
6.632076999999999778e+00 2.560433387756347656e+00
6.640241999999999756e+00 2.555258750915527344e+00
6.646164999999999878e+00 2.555258750915527344e+00
6.652238999999999791e+00 2.555258750915527344e+00
6.658291000000000182e+00 2.560433387756347656e+00
6.664289000000000129e+00 2.565608024597167969e+00
6.670384000000000313e+00 2.565608024597167969e+00
6.676351000000000369e+00 2.570782661437988281e+00
6.682350999999999708e+00 2.565608024597167969e+00
6.688426999999999900e+00 2.570782661437988281e+00
6.694404999999999717e+00 2.565608024597167969e+00
6.700448999999999877e+00 2.565608024597167969e+00
6.706485999999999947e+00 2.565608024597167969e+00
6.710554000000000130e+00 2.565608024597167969e+00
6.716313999999999673e+00 2.560433387756347656e+00
6.722325999999999802e+00 2.560433387756347656e+00
6.728417000000000314e+00 2.560433387756347656e+00
6.734452000000000105e+00 2.560433387756347656e+00
6.740524999999999878e+00 2.555258750915527344e+00
6.746652000000000093e+00 2.555258750915527344e+00
6.754692999999999614e+00 2.560433387756347656e+00
6.760754000000000374e+00 2.565608024597167969e+00
6.766759999999999664e+00 2.565608024597167969e+00
6.772776999999999603e+00 2.565608024597167969e+00
6.778878999999999877e+00 2.565608024597167969e+00
6.784909999999999997e+00 2.570782661437988281e+00
6.791045000000000442e+00 2.565608024597167969e+00
6.797068000000000332e+00 2.565608024597167969e+00
6.803110000000000213e+00 2.565608024597167969e+00
6.809223000000000248e+00 2.565608024597167969e+00
6.815248999999999668e+00 2.555258750915527344e+00
6.821420999999999957e+00 2.560433387756347656e+00
6.827552999999999983e+00 2.555258750915527344e+00
6.833630000000000315e+00 2.555258750915527344e+00
6.839718999999999660e+00 2.560433387756347656e+00
6.845775999999999861e+00 2.560433387756347656e+00
6.851905999999999608e+00 2.565608024597167969e+00
6.858016000000000112e+00 2.565608024597167969e+00
6.866014999999999979e+00 2.565608024597167969e+00
6.872156999999999627e+00 2.565608024597167969e+00
6.878302999999999834e+00 2.570782661437988281e+00
6.884412000000000198e+00 2.565608024597167969e+00
6.890538000000000274e+00 2.565608024597167969e+00
6.896641999999999939e+00 2.565608024597167969e+00
6.902714999999999712e+00 2.565608024597167969e+00
6.908850000000000158e+00 2.560433387756347656e+00
6.912997999999999976e+00 2.555258750915527344e+00
6.918891999999999598e+00 2.560433387756347656e+00
6.925144000000000410e+00 2.565608024597167969e+00
6.931176999999999921e+00 2.560433387756347656e+00
6.937326999999999799e+00 2.565608024597167969e+00
6.943407999999999802e+00 2.560433387756347656e+00
6.949508999999999936e+00 2.560433387756347656e+00
6.955597000000000030e+00 2.560433387756347656e+00
6.961780000000000079e+00 2.565608024597167969e+00
6.967937000000000047e+00 2.565608024597167969e+00
6.974057000000000173e+00 2.565608024597167969e+00
6.982105999999999923e+00 2.565608024597167969e+00
6.988362999999999658e+00 2.565608024597167969e+00
6.994481999999999644e+00 2.565608024597167969e+00
7.000669000000000253e+00 2.565608024597167969e+00
7.006821000000000410e+00 2.565608024597167969e+00
7.010982000000000269e+00 2.560433387756347656e+00
7.016913999999999874e+00 2.565608024597167969e+00
7.023049999999999571e+00 2.560433387756347656e+00
7.027148000000000394e+00 2.565608024597167969e+00
7.033166999999999724e+00 2.560433387756347656e+00
7.041396999999999906e+00 2.560433387756347656e+00
7.049563000000000024e+00 2.560433387756347656e+00
7.058309999999999640e+00 2.565608024597167969e+00
7.069009000000000320e+00 2.565608024597167969e+00
7.075140000000000207e+00 2.565608024597167969e+00
7.081400000000000361e+00 2.565608024597167969e+00
7.085579000000000072e+00 2.565608024597167969e+00
7.089484999999999815e+00 2.565608024597167969e+00
7.097432999999999659e+00 2.565608024597167969e+00
7.103772000000000197e+00 2.565608024597167969e+00
7.109957999999999778e+00 2.565608024597167969e+00
7.116107000000000404e+00 2.560433387756347656e+00
7.120358000000000409e+00 2.560433387756347656e+00
7.126295999999999964e+00 2.565608024597167969e+00
7.132450000000000401e+00 2.560433387756347656e+00
7.138711999999999946e+00 2.560433387756347656e+00
7.144894999999999996e+00 2.560433387756347656e+00
7.151154000000000011e+00 2.560433387756347656e+00
7.155338000000000420e+00 2.555258750915527344e+00
7.161368999999999652e+00 2.565608024597167969e+00
7.167606000000000144e+00 2.565608024597167969e+00
7.173769000000000062e+00 2.565608024597167969e+00
7.179978000000000193e+00 2.565608024597167969e+00
7.186160000000000103e+00 2.565608024597167969e+00
7.192394000000000176e+00 2.570782661437988281e+00
7.198642000000000429e+00 2.565608024597167969e+00
7.204860000000000042e+00 2.565608024597167969e+00
7.215943000000000218e+00 2.560433387756347656e+00
7.222071999999999825e+00 2.560433387756347656e+00
7.228270000000000195e+00 2.560433387756347656e+00
7.232579999999999565e+00 2.555258750915527344e+00
7.238697000000000159e+00 2.555258750915527344e+00
7.244849999999999568e+00 2.560433387756347656e+00
7.251102999999999632e+00 2.555258750915527344e+00
7.257299999999999862e+00 2.555258750915527344e+00
7.263450999999999880e+00 2.565608024597167969e+00
7.269689999999999763e+00 2.565608024597167969e+00
7.275839999999999641e+00 2.565608024597167969e+00
7.282161999999999580e+00 2.565608024597167969e+00
7.288388000000000311e+00 2.565608024597167969e+00
7.292544000000000359e+00 2.565608024597167969e+00
7.298555000000000348e+00 2.565608024597167969e+00
7.304789000000000421e+00 2.565608024597167969e+00
7.311054999999999637e+00 2.560433387756347656e+00
7.317223000000000255e+00 2.555258750915527344e+00
7.323516999999999832e+00 2.555258750915527344e+00
7.331781000000000326e+00 2.555258750915527344e+00
7.337894999999999612e+00 2.555258750915527344e+00
7.344069000000000180e+00 2.560433387756347656e+00
7.350267999999999802e+00 2.560433387756347656e+00
7.356498000000000204e+00 2.560433387756347656e+00
7.362657999999999703e+00 2.565608024597167969e+00
7.368922000000000416e+00 2.570782661437988281e+00
7.375130000000000408e+00 2.565608024597167969e+00
7.379338999999999871e+00 2.565608024597167969e+00
7.385340000000000238e+00 2.570782661437988281e+00
7.389611999999999625e+00 2.565608024597167969e+00
7.395609000000000322e+00 2.565608024597167969e+00
7.401861000000000246e+00 2.565608024597167969e+00
7.408150000000000013e+00 2.565608024597167969e+00
7.414407999999999888e+00 2.555258750915527344e+00
7.420663000000000231e+00 2.560433387756347656e+00
7.426880999999999844e+00 2.555258750915527344e+00
7.433089999999999975e+00 2.560433387756347656e+00
7.439297999999999966e+00 2.560433387756347656e+00
7.447585000000000122e+00 2.560433387756347656e+00
7.453918999999999961e+00 2.565608024597167969e+00
7.460179000000000116e+00 2.565608024597167969e+00
7.466438000000000130e+00 2.570782661437988281e+00
7.472678000000000154e+00 2.565608024597167969e+00
7.478983000000000381e+00 2.565608024597167969e+00
7.485250999999999877e+00 2.565608024597167969e+00
7.491557000000000244e+00 2.565608024597167969e+00
7.495776000000000217e+00 2.565608024597167969e+00
7.501851000000000269e+00 2.565608024597167969e+00
7.508194999999999730e+00 2.565608024597167969e+00
7.514473999999999876e+00 2.560433387756347656e+00
7.518754999999999633e+00 2.565608024597167969e+00
7.524789000000000172e+00 2.565608024597167969e+00
7.531149000000000093e+00 2.560433387756347656e+00
7.537463999999999942e+00 2.565608024597167969e+00
7.543747999999999898e+00 2.565608024597167969e+00
7.550018999999999814e+00 2.560433387756347656e+00
7.556297999999999959e+00 2.560433387756347656e+00
7.564696999999999782e+00 2.565608024597167969e+00
7.571151000000000408e+00 2.565608024597167969e+00
7.577488999999999919e+00 2.565608024597167969e+00
7.583762000000000114e+00 2.565608024597167969e+00
7.590049999999999741e+00 2.565608024597167969e+00
7.596326000000000356e+00 2.565608024597167969e+00
7.600550000000000139e+00 2.565608024597167969e+00
7.606583999999999790e+00 2.565608024597167969e+00
7.612903000000000198e+00 2.560433387756347656e+00
7.619252000000000358e+00 2.565608024597167969e+00
7.625548000000000215e+00 2.560433387756347656e+00
7.631891000000000425e+00 2.560433387756347656e+00
7.638250000000000206e+00 2.560433387756347656e+00
7.644534000000000162e+00 2.560433387756347656e+00
7.650897999999999755e+00 2.555258750915527344e+00
7.657199000000000311e+00 2.560433387756347656e+00
7.663495000000000168e+00 2.560433387756347656e+00
7.669800000000000395e+00 2.565608024597167969e+00
7.678134000000000015e+00 2.565608024597167969e+00
7.684571000000000041e+00 2.570782661437988281e+00
7.690984000000000265e+00 2.570782661437988281e+00
7.697337000000000096e+00 2.617353439331054688e+00
7.701586999999999961e+00 2.767416954040527344e+00
7.707737999999999978e+00 3.802335739135742188e+00
7.714064999999999728e+00 4.785508155822753906e+00
7.720438999999999830e+00 4.790682792663574219e+00
7.726764000000000188e+00 4.790682792663574219e+00
7.733102999999999838e+00 4.790682792663574219e+00
7.739469999999999850e+00 4.785508155822753906e+00
7.745810999999999780e+00 4.785508155822753906e+00
7.752226000000000283e+00 4.785508155822753906e+00
7.758619000000000376e+00 4.790682792663574219e+00
7.764948000000000405e+00 4.795857429504394531e+00
7.771326000000000178e+00 4.795857429504394531e+00
7.777711000000000041e+00 4.795857429504394531e+00
7.784038999999999930e+00 4.795857429504394531e+00
7.792417000000000371e+00 4.795857429504394531e+00
7.798894999999999911e+00 4.795857429504394531e+00
7.805272000000000432e+00 4.795857429504394531e+00
7.811700000000000088e+00 4.785508155822753906e+00
7.818164000000000335e+00 4.790682792663574219e+00
7.824563999999999631e+00 4.785508155822753906e+00
7.831023000000000067e+00 4.790682792663574219e+00
7.837471999999999994e+00 4.790682792663574219e+00
7.843873999999999569e+00 4.790682792663574219e+00
7.850276000000000032e+00 4.790682792663574219e+00
7.856664999999999566e+00 4.795857429504394531e+00
7.863040999999999947e+00 4.795857429504394531e+00
7.869415000000000049e+00 4.795857429504394531e+00
7.875835999999999615e+00 4.795857429504394531e+00
7.882241999999999749e+00 4.801032066345214844e+00
7.888676000000000244e+00 4.801032066345214844e+00
7.895011000000000223e+00 4.790682792663574219e+00
7.901469999999999771e+00 4.790682792663574219e+00
7.909899000000000235e+00 4.790682792663574219e+00
7.916394000000000375e+00 4.785508155822753906e+00
7.922788999999999859e+00 4.790682792663574219e+00
7.929257999999999917e+00 4.790682792663574219e+00
7.935678000000000232e+00 4.790682792663574219e+00
7.942177000000000042e+00 4.790682792663574219e+00
7.948643999999999821e+00 4.790682792663574219e+00
7.955047999999999675e+00 4.790682792663574219e+00
7.961533000000000193e+00 4.795857429504394531e+00
7.968021000000000242e+00 4.795857429504394531e+00
7.974435999999999858e+00 4.795857429504394531e+00
7.980947999999999709e+00 4.790682792663574219e+00
7.987434999999999619e+00 4.795857429504394531e+00
7.993848999999999982e+00 4.795857429504394531e+00
8.000303999999999860e+00 4.790682792663574219e+00
8.006729999999999237e+00 4.795857429504394531e+00
8.013153000000000858e+00 4.790682792663574219e+00
8.019679999999999254e+00 4.790682792663574219e+00
8.028261000000000536e+00 4.790682792663574219e+00
8.034662000000000859e+00 4.790682792663574219e+00
8.041427999999999798e+00 4.790682792663574219e+00
8.052395999999999887e+00 4.790682792663574219e+00
8.064474000000000586e+00 4.795857429504394531e+00
8.071286999999999878e+00 4.790682792663574219e+00
8.077849999999999753e+00 4.795857429504394531e+00
8.084369000000000582e+00 4.795857429504394531e+00
