6.963999999999999704e-03 2.524210929870605469e+00
1.201200000000000011e-02 2.519036293029785156e+00
1.548399999999999950e-02 2.524210929870605469e+00
1.908899999999999833e-02 2.519036293029785156e+00
2.253300000000000095e-02 2.524210929870605469e+00
2.600099999999999981e-02 2.524210929870605469e+00
2.972899999999999848e-02 2.524210929870605469e+00
3.317500000000000310e-02 2.524210929870605469e+00
3.681500000000000050e-02 2.519036293029785156e+00
4.024400000000000199e-02 2.519036293029785156e+00
4.354299999999999837e-02 2.519036293029785156e+00
4.714100000000000235e-02 2.519036293029785156e+00
5.062900000000000039e-02 2.519036293029785156e+00
5.392099999999999671e-02 2.519036293029785156e+00
5.738300000000000345e-02 2.519036293029785156e+00
6.081700000000000300e-02 2.519036293029785156e+00
6.429700000000000693e-02 2.519036293029785156e+00
6.787799999999999390e-02 2.513861656188964844e+00
7.150499999999999912e-02 2.513861656188964844e+00
7.509399999999999409e-02 2.513861656188964844e+00
7.884800000000000142e-02 2.519036293029785156e+00
8.214200000000000668e-02 2.524210929870605469e+00
8.559400000000000341e-02 2.524210929870605469e+00
8.906000000000000028e-02 2.519036293029785156e+00
9.233800000000000341e-02 2.519036293029785156e+00
9.580199999999999827e-02 2.519036293029785156e+00
9.923999999999999488e-02 2.524210929870605469e+00
1.025309999999999971e-01 2.524210929870605469e+00
1.059979999999999950e-01 2.524210929870605469e+00
1.094310000000000005e-01 2.524210929870605469e+00
1.128839999999999982e-01 2.524210929870605469e+00
1.163209999999999938e-01 2.529385566711425781e+00
1.265580000000000038e-01 2.524210929870605469e+00
1.301219999999999877e-01 2.524210929870605469e+00
1.335929999999999895e-01 2.524210929870605469e+00
1.371759999999999924e-01 2.519036293029785156e+00
1.406270000000000020e-01 2.519036293029785156e+00
1.440780000000000116e-01 2.519036293029785156e+00
1.475629999999999997e-01 2.519036293029785156e+00
1.510140000000000093e-01 2.513861656188964844e+00
1.544750000000000012e-01 2.513861656188964844e+00
1.580739999999999923e-01 2.513861656188964844e+00
1.616829999999999934e-01 2.513861656188964844e+00
1.651410000000000100e-01 2.513861656188964844e+00
1.685959999999999959e-01 2.519036293029785156e+00
1.720279999999999865e-01 2.513861656188964844e+00
1.753260000000000096e-01 2.513861656188964844e+00
1.787950000000000095e-01 2.519036293029785156e+00
1.822390000000000121e-01 2.524210929870605469e+00
1.856849999999999890e-01 2.524210929870605469e+00
1.891210000000000113e-01 2.529385566711425781e+00
1.925759999999999972e-01 2.529385566711425781e+00
1.963050000000000073e-01 2.529385566711425781e+00
1.997819999999999874e-01 2.529385566711425781e+00
2.032380000000000020e-01 2.529385566711425781e+00
2.068409999999999971e-01 2.529385566711425781e+00
2.101339999999999875e-01 2.524210929870605469e+00
2.135809999999999931e-01 2.529385566711425781e+00
2.171849999999999892e-01 2.524210929870605469e+00
2.206559999999999910e-01 2.529385566711425781e+00
2.239299999999999902e-01 2.524210929870605469e+00
2.273959999999999870e-01 2.524210929870605469e+00
2.308290000000000064e-01 2.519036293029785156e+00
2.345389999999999975e-01 2.513861656188964844e+00
2.443249999999999866e-01 2.513861656188964844e+00
2.480890000000000040e-01 2.513861656188964844e+00
2.515569999999999751e-01 2.513861656188964844e+00
2.551729999999999832e-01 2.513861656188964844e+00
2.592380000000000240e-01 2.513861656188964844e+00
2.626829999999999998e-01 2.513861656188964844e+00
2.661439999999999917e-01 2.513861656188964844e+00
2.695779999999999843e-01 2.513861656188964844e+00
2.730279999999999929e-01 2.513861656188964844e+00
2.766700000000000270e-01 2.519036293029785156e+00
2.802310000000000079e-01 2.524210929870605469e+00
2.838319999999999732e-01 2.529385566711425781e+00
2.874340000000000228e-01 2.529385566711425781e+00
2.907330000000000192e-01 2.524210929870605469e+00
2.942529999999999868e-01 2.524210929870605469e+00
2.976409999999999889e-01 2.529385566711425781e+00
3.009310000000000040e-01 2.529385566711425781e+00
3.043850000000000167e-01 2.529385566711425781e+00
3.078350000000000253e-01 2.529385566711425781e+00
3.111260000000000137e-01 2.529385566711425781e+00
3.145760000000000223e-01 2.529385566711425781e+00
3.180299999999999794e-01 2.524210929870605469e+00
3.213289999999999758e-01 2.524210929870605469e+00
3.247889999999999944e-01 2.524210929870605469e+00
3.282349999999999990e-01 2.519036293029785156e+00
3.315270000000000161e-01 2.513861656188964844e+00
3.349809999999999732e-01 2.519036293029785156e+00
3.384619999999999851e-01 2.513861656188964844e+00
3.417589999999999795e-01 2.513861656188964844e+00
3.452210000000000001e-01 2.513861656188964844e+00
3.486679999999999779e-01 2.513861656188964844e+00
3.519559999999999911e-01 2.513861656188964844e+00
3.620769999999999822e-01 2.519036293029785156e+00
3.655930000000000013e-01 2.513861656188964844e+00
3.690499999999999892e-01 2.519036293029785156e+00
3.723409999999999775e-01 2.519036293029785156e+00
3.757980000000000209e-01 2.519036293029785156e+00
3.792460000000000275e-01 2.524210929870605469e+00
3.825419999999999932e-01 2.524210929870605469e+00
3.859940000000000038e-01 2.529385566711425781e+00
3.895600000000000174e-01 2.529385566711425781e+00
3.928800000000000070e-01 2.529385566711425781e+00
3.963530000000000109e-01 2.524210929870605469e+00
3.997979999999999867e-01 2.529385566711425781e+00
4.032479999999999953e-01 2.524210929870605469e+00
4.068599999999999994e-01 2.524210929870605469e+00
4.101509999999999878e-01 2.524210929870605469e+00
4.136009999999999964e-01 2.524210929870605469e+00
4.172210000000000085e-01 2.524210929870605469e+00
4.206610000000000071e-01 2.524210929870605469e+00
4.239600000000000035e-01 2.524210929870605469e+00
4.274080000000000101e-01 2.524210929870605469e+00
4.309029999999999805e-01 2.519036293029785156e+00
4.343520000000000159e-01 2.519036293029785156e+00
4.378000000000000225e-01 2.513861656188964844e+00
4.412510000000000043e-01 2.519036293029785156e+00
4.445540000000000047e-01 2.519036293029785156e+00
4.480009999999999826e-01 2.519036293029785156e+00
4.514509999999999912e-01 2.524210929870605469e+00
4.547499999999999876e-01 2.524210929870605469e+00
4.582019999999999982e-01 2.519036293029785156e+00
4.616589999999999860e-01 2.519036293029785156e+00
4.651060000000000194e-01 2.524210929870605469e+00
4.685559999999999725e-01 2.524210929870605469e+00
4.772429999999999728e-01 2.524210929870605469e+00
4.809689999999999799e-01 2.529385566711425781e+00
4.845740000000000047e-01 2.524210929870605469e+00
4.880280000000000173e-01 2.524210929870605469e+00
4.913500000000000090e-01 2.524210929870605469e+00
4.947630000000000083e-01 2.524210929870605469e+00
4.982139999999999902e-01 2.524210929870605469e+00
5.015079999999999538e-01 2.524210929870605469e+00
5.051360000000000294e-01 2.524210929870605469e+00
5.085659999999999625e-01 2.524210929870605469e+00
5.120540000000000092e-01 2.524210929870605469e+00
5.153130000000000210e-01 2.524210929870605469e+00
5.187619999999999454e-01 2.524210929870605469e+00
5.222109999999999808e-01 2.529385566711425781e+00
5.256659999999999666e-01 2.524210929870605469e+00
5.291460000000000052e-01 2.524210929870605469e+00
5.325959999999999583e-01 2.524210929870605469e+00
5.360500000000000265e-01 2.524210929870605469e+00
5.393470000000000208e-01 2.519036293029785156e+00
5.427939999999999987e-01 2.524210929870605469e+00
5.462569999999999926e-01 2.519036293029785156e+00
5.498549999999999827e-01 2.524210929870605469e+00
5.531540000000000346e-01 2.524210929870605469e+00
5.566020000000000412e-01 2.524210929870605469e+00
5.600570000000000270e-01 2.519036293029785156e+00
5.633590000000000542e-01 2.519036293029785156e+00
5.668060000000000320e-01 2.524210929870605469e+00
5.702570000000000139e-01 2.519036293029785156e+00
5.735540000000000083e-01 2.519036293029785156e+00
5.770039999999999614e-01 2.519036293029785156e+00
5.804620000000000335e-01 2.524210929870605469e+00
5.837539999999999951e-01 2.524210929870605469e+00
5.872079999999999522e-01 2.524210929870605469e+00
5.959520000000000373e-01 2.529385566711425781e+00
5.996500000000000163e-01 2.524210929870605469e+00
6.032189999999999497e-01 2.529385566711425781e+00
6.068310000000000093e-01 2.524210929870605469e+00
6.101250000000000284e-01 2.529385566711425781e+00
6.135810000000000430e-01 2.529385566711425781e+00
6.171759999999999469e-01 2.529385566711425781e+00
6.206350000000000477e-01 2.529385566711425781e+00
6.239259999999999806e-01 2.534560203552246094e+00
6.274140000000000272e-01 2.529385566711425781e+00
6.307110000000000216e-01 2.529385566711425781e+00
6.342210000000000347e-01 2.529385566711425781e+00
6.376089999999999813e-01 2.519036293029785156e+00
6.410690000000000000e-01 2.524210929870605469e+00
6.446760000000000268e-01 2.524210929870605469e+00
6.481200000000000294e-01 2.524210929870605469e+00
6.515630000000000033e-01 2.524210929870605469e+00
6.550120000000000386e-01 2.519036293029785156e+00
6.584689999999999710e-01 2.519036293029785156e+00
6.617610000000000436e-01 2.513861656188964844e+00
6.652099999999999680e-01 2.519036293029785156e+00
6.685039999999999871e-01 2.519036293029785156e+00
6.719540000000000513e-01 2.519036293029785156e+00
6.754029999999999756e-01 2.519036293029785156e+00
6.788629999999999942e-01 2.524210929870605469e+00
6.821509999999999518e-01 2.529385566711425781e+00
6.856090000000000240e-01 2.529385566711425781e+00
6.892160000000000508e-01 2.529385566711425781e+00
6.926689999999999792e-01 2.529385566711425781e+00
6.959640000000000271e-01 2.529385566711425781e+00
6.994320000000000537e-01 2.529385566711425781e+00
7.027060000000000528e-01 2.529385566711425781e+00
7.061629999999999852e-01 2.529385566711425781e+00
7.153749999999999831e-01 2.529385566711425781e+00
7.191980000000000040e-01 2.529385566711425781e+00
7.228350000000000053e-01 2.529385566711425781e+00
7.261319999999999997e-01 2.529385566711425781e+00
7.295800000000000063e-01 2.524210929870605469e+00
7.331860000000000044e-01 2.524210929870605469e+00
7.367839999999999945e-01 2.519036293029785156e+00
7.402389999999999803e-01 2.519036293029785156e+00
7.435359999999999747e-01 2.519036293029785156e+00
7.471360000000000223e-01 2.519036293029785156e+00
7.505950000000000122e-01 2.519036293029785156e+00
7.540400000000000436e-01 2.519036293029785156e+00
7.576359999999999761e-01 2.519036293029785156e+00
7.609909999999999730e-01 2.519036293029785156e+00
7.643889999999999851e-01 2.524210929870605469e+00
7.678399999999999670e-01 2.524210929870605469e+00
7.711310000000000109e-01 2.519036293029785156e+00
7.745889999999999720e-01 2.524210929870605469e+00
7.780439999999999579e-01 2.524210929870605469e+00
7.813419999999999810e-01 2.529385566711425781e+00
7.847960000000000491e-01 2.534560203552246094e+00
7.882550000000000390e-01 2.529385566711425781e+00
7.918460000000000498e-01 2.529385566711425781e+00
7.951449999999999907e-01 2.529385566711425781e+00
7.985919999999999686e-01 2.534560203552246094e+00
8.018750000000000044e-01 2.534560203552246094e+00
8.053339999999999943e-01 2.529385566711425781e+00
8.087809999999999722e-01 2.534560203552246094e+00
8.122439999999999660e-01 2.529385566711425781e+00
8.155909999999999549e-01 2.534560203552246094e+00
8.191730000000000400e-01 2.534560203552246094e+00
8.226179999999999604e-01 2.529385566711425781e+00
8.259100000000000330e-01 2.529385566711425781e+00
8.367639999999999523e-01 2.519036293029785156e+00
8.403209999999999846e-01 2.524210929870605469e+00
8.437670000000000448e-01 2.519036293029785156e+00
8.473810000000000509e-01 2.519036293029785156e+00
8.508240000000000247e-01 2.524210929870605469e+00
8.544399999999999773e-01 2.519036293029785156e+00
8.577190000000000092e-01 2.519036293029785156e+00
8.611680000000000446e-01 2.519036293029785156e+00
8.646310000000000384e-01 2.524210929870605469e+00
8.679160000000000208e-01 2.529385566711425781e+00
8.713619999999999699e-01 2.529385566711425781e+00
8.748249999999999638e-01 2.529385566711425781e+00
8.781130000000000324e-01 2.529385566711425781e+00
8.815560000000000063e-01 2.534560203552246094e+00
8.851170000000000426e-01 2.529385566711425781e+00
8.885509999999999797e-01 2.534560203552246094e+00
8.920069999999999943e-01 2.534560203552246094e+00
8.954590000000000050e-01 2.529385566711425781e+00
8.987579999999999458e-01 2.534560203552246094e+00
9.021980000000000555e-01 2.534560203552246094e+00
9.055090000000000083e-01 2.534560203552246094e+00
9.089589999999999614e-01 2.529385566711425781e+00
9.221249999999999725e-01 2.529385566711425781e+00
9.297290000000000276e-01 2.524210929870605469e+00
9.331909999999999927e-01 2.524210929870605469e+00
9.367910000000000403e-01 2.519036293029785156e+00
9.402390000000000470e-01 2.524210929870605469e+00
9.535989999999999744e-01 2.524210929870605469e+00
9.570729999999999515e-01 2.524210929870605469e+00
9.605339999999999989e-01 2.524210929870605469e+00
9.639820000000000055e-01 2.529385566711425781e+00
9.672849999999999504e-01 2.529385566711425781e+00
9.707289999999999530e-01 2.524210929870605469e+00
9.742429999999999701e-01 2.529385566711425781e+00
9.777869999999999617e-01 2.524210929870605469e+00
9.812570000000000459e-01 2.529385566711425781e+00
9.845329999999999915e-01 2.534560203552246094e+00
9.879750000000000476e-01 2.534560203552246094e+00
9.914239999999999720e-01 2.529385566711425781e+00
9.947279999999999456e-01 2.529385566711425781e+00
9.981710000000000305e-01 2.529385566711425781e+00
1.001614999999999922e+00 2.534560203552246094e+00
1.006524999999999892e+00 2.529385566711425781e+00
1.010610000000000008e+00 2.529385566711425781e+00
1.014717000000000091e+00 2.529385566711425781e+00
1.018777999999999961e+00 2.529385566711425781e+00
1.022833000000000103e+00 2.529385566711425781e+00
1.026950999999999947e+00 2.529385566711425781e+00
1.031002999999999892e+00 2.529385566711425781e+00
1.035109999999999975e+00 2.524210929870605469e+00
1.039147000000000043e+00 2.529385566711425781e+00
1.043190000000000062e+00 2.524210929870605469e+00
1.047306000000000070e+00 2.529385566711425781e+00
1.051369999999999916e+00 2.524210929870605469e+00
1.061315000000000008e+00 2.529385566711425781e+00
1.066823999999999995e+00 2.524210929870605469e+00
1.070943999999999896e+00 2.524210929870605469e+00
1.075058999999999987e+00 2.524210929870605469e+00
1.079102999999999923e+00 2.524210929870605469e+00
1.083180000000000032e+00 2.529385566711425781e+00
1.087412999999999963e+00 2.529385566711425781e+00
1.091496000000000022e+00 2.529385566711425781e+00
1.095612999999999948e+00 2.529385566711425781e+00
1.100408000000000053e+00 2.529385566711425781e+00
1.105012000000000105e+00 2.529385566711425781e+00
1.109121000000000024e+00 2.529385566711425781e+00
1.113208999999999893e+00 2.534560203552246094e+00
1.117536000000000085e+00 2.534560203552246094e+00
1.121669000000000027e+00 2.534560203552246094e+00
1.125810999999999895e+00 2.534560203552246094e+00
1.129925000000000068e+00 2.529385566711425781e+00
1.134009000000000045e+00 2.529385566711425781e+00
1.138209999999999944e+00 2.524210929870605469e+00
1.142355000000000009e+00 2.529385566711425781e+00
1.146544999999999925e+00 2.524210929870605469e+00
1.150662000000000074e+00 2.529385566711425781e+00
1.154865999999999948e+00 2.524210929870605469e+00
1.159005000000000063e+00 2.524210929870605469e+00
1.163127000000000022e+00 2.519036293029785156e+00
1.167345999999999995e+00 2.519036293029785156e+00
1.171527999999999903e+00 2.524210929870605469e+00
1.181742999999999988e+00 2.529385566711425781e+00
1.187292000000000014e+00 2.529385566711425781e+00
1.191502000000000061e+00 2.529385566711425781e+00
1.195678000000000019e+00 2.534560203552246094e+00
1.199813999999999936e+00 2.534560203552246094e+00
1.204080999999999957e+00 2.534560203552246094e+00
1.208331000000000044e+00 2.534560203552246094e+00
1.212477000000000027e+00 2.534560203552246094e+00
1.216771999999999965e+00 2.534560203552246094e+00
1.221022999999999969e+00 2.534560203552246094e+00
1.225219000000000058e+00 2.534560203552246094e+00
1.229395000000000016e+00 2.529385566711425781e+00
1.233578000000000063e+00 2.529385566711425781e+00
1.237978000000000023e+00 2.529385566711425781e+00
1.242118000000000055e+00 2.524210929870605469e+00
1.246550999999999965e+00 2.524210929870605469e+00
1.250742000000000020e+00 2.524210929870605469e+00
1.255073000000000105e+00 2.524210929870605469e+00
1.259285999999999905e+00 2.524210929870605469e+00
1.263473000000000068e+00 2.524210929870605469e+00
1.267797000000000063e+00 2.524210929870605469e+00
1.272013999999999978e+00 2.524210929870605469e+00
1.276316000000000006e+00 2.524210929870605469e+00
1.280559999999999921e+00 2.529385566711425781e+00
1.284831999999999974e+00 2.534560203552246094e+00
1.289053000000000004e+00 2.534560203552246094e+00
1.293288999999999911e+00 2.534560203552246094e+00
1.303628000000000009e+00 2.534560203552246094e+00
1.310600999999999905e+00 2.534560203552246094e+00
1.315048999999999912e+00 2.534560203552246094e+00
1.319328000000000056e+00 2.534560203552246094e+00
1.323598999999999970e+00 2.534560203552246094e+00
1.327949000000000046e+00 2.529385566711425781e+00
1.332211999999999952e+00 2.524210929870605469e+00
1.336594000000000060e+00 2.524210929870605469e+00
1.340873999999999899e+00 2.524210929870605469e+00
1.345185999999999993e+00 2.529385566711425781e+00
1.349448999999999899e+00 2.524210929870605469e+00
1.353709999999999969e+00 2.524210929870605469e+00
1.358119000000000076e+00 2.524210929870605469e+00
1.362390999999999908e+00 2.524210929870605469e+00
1.366751000000000049e+00 2.524210929870605469e+00
1.371029999999999971e+00 2.529385566711425781e+00
1.375345999999999957e+00 2.529385566711425781e+00
1.379650000000000043e+00 2.529385566711425781e+00
1.383985999999999938e+00 2.534560203552246094e+00
1.388476999999999961e+00 2.534560203552246094e+00
1.392763999999999891e+00 2.534560203552246094e+00
1.397192999999999907e+00 2.534560203552246094e+00
1.401499999999999968e+00 2.539734840393066406e+00
1.405834000000000028e+00 2.534560203552246094e+00
1.410339999999999927e+00 2.534560203552246094e+00
1.414803000000000033e+00 2.534560203552246094e+00
1.418493000000000004e+00 2.534560203552246094e+00
1.430811999999999973e+00 2.524210929870605469e+00
1.435677000000000092e+00 2.524210929870605469e+00
1.440028000000000086e+00 2.524210929870605469e+00
1.444438000000000111e+00 2.524210929870605469e+00
1.448755999999999933e+00 2.524210929870605469e+00
1.453097000000000083e+00 2.529385566711425781e+00
1.457562000000000024e+00 2.529385566711425781e+00
1.461937999999999960e+00 2.529385566711425781e+00
1.466355000000000075e+00 2.529385566711425781e+00
1.470698000000000061e+00 2.524210929870605469e+00
1.475170000000000092e+00 2.524210929870605469e+00
1.479546000000000028e+00 2.529385566711425781e+00
1.483948000000000045e+00 2.534560203552246094e+00
1.488429999999999920e+00 2.534560203552246094e+00
1.492750999999999939e+00 2.534560203552246094e+00
1.497239999999999904e+00 2.529385566711425781e+00
1.501600999999999964e+00 2.534560203552246094e+00
1.506043000000000021e+00 2.529385566711425781e+00
1.510464999999999947e+00 2.534560203552246094e+00
1.515012000000000025e+00 2.529385566711425781e+00
1.519449000000000050e+00 2.534560203552246094e+00
1.523832000000000075e+00 2.534560203552246094e+00
1.528334000000000081e+00 2.529385566711425781e+00
1.532696999999999976e+00 2.524210929870605469e+00
1.537163999999999975e+00 2.529385566711425781e+00
1.549072999999999922e+00 2.529385566711425781e+00
1.554683000000000037e+00 2.529385566711425781e+00
1.559155000000000069e+00 2.529385566711425781e+00
1.563552000000000053e+00 2.529385566711425781e+00
1.568087999999999926e+00 2.529385566711425781e+00
1.572607000000000088e+00 2.529385566711425781e+00
1.577147999999999994e+00 2.529385566711425781e+00
1.581555000000000044e+00 2.529385566711425781e+00
1.585990000000000011e+00 2.529385566711425781e+00
1.590419000000000027e+00 2.529385566711425781e+00
1.594940000000000024e+00 2.529385566711425781e+00
1.599420999999999982e+00 2.534560203552246094e+00
1.603866999999999932e+00 2.534560203552246094e+00
1.608375000000000110e+00 2.529385566711425781e+00
1.613013000000000030e+00 2.529385566711425781e+00
1.617523999999999962e+00 2.529385566711425781e+00
1.621971000000000052e+00 2.534560203552246094e+00
1.626476000000000033e+00 2.534560203552246094e+00
1.630913999999999975e+00 2.529385566711425781e+00
1.635385000000000089e+00 2.529385566711425781e+00
1.638864000000000098e+00 2.529385566711425781e+00
1.643337000000000048e+00 2.529385566711425781e+00
1.647866000000000053e+00 2.529385566711425781e+00
1.652338000000000084e+00 2.529385566711425781e+00
1.656935999999999964e+00 2.529385566711425781e+00
1.670795999999999948e+00 2.524210929870605469e+00
1.677070999999999978e+00 2.529385566711425781e+00
1.681672000000000056e+00 2.534560203552246094e+00
1.686199000000000003e+00 2.529385566711425781e+00
1.690706999999999960e+00 2.529385566711425781e+00
1.695268999999999915e+00 2.529385566711425781e+00
1.699783000000000044e+00 2.529385566711425781e+00
1.704395000000000104e+00 2.534560203552246094e+00
1.708933000000000035e+00 2.534560203552246094e+00
1.713492000000000015e+00 2.534560203552246094e+00
1.718177999999999983e+00 2.539734840393066406e+00
1.722746000000000111e+00 2.534560203552246094e+00
1.727386000000000088e+00 2.534560203552246094e+00
1.731923000000000101e+00 2.529385566711425781e+00
1.736534000000000022e+00 2.529385566711425781e+00
1.741060999999999970e+00 2.529385566711425781e+00
1.745603000000000016e+00 2.524210929870605469e+00
1.750131000000000103e+00 2.524210929870605469e+00
1.754755000000000065e+00 2.524210929870605469e+00
1.759422000000000041e+00 2.524210929870605469e+00
1.763975000000000071e+00 2.524210929870605469e+00
1.768593000000000082e+00 2.524210929870605469e+00
1.773234999999999895e+00 2.524210929870605469e+00
1.777873000000000037e+00 2.529385566711425781e+00
1.782437999999999967e+00 2.534560203552246094e+00
1.791932000000000080e+00 2.534560203552246094e+00
1.796008999999999967e+00 2.534560203552246094e+00
1.799840000000000106e+00 2.534560203552246094e+00
1.803670000000000107e+00 2.534560203552246094e+00
1.807622999999999980e+00 2.534560203552246094e+00
1.811455000000000037e+00 2.539734840393066406e+00
1.815463000000000049e+00 2.534560203552246094e+00
1.819285000000000041e+00 2.534560203552246094e+00
1.823250999999999955e+00 2.534560203552246094e+00
1.827161999999999953e+00 2.534560203552246094e+00
1.830200999999999967e+00 2.529385566711425781e+00
1.834036999999999917e+00 2.524210929870605469e+00
1.837960000000000038e+00 2.524210929870605469e+00
1.841809999999999947e+00 2.524210929870605469e+00
1.845773000000000108e+00 2.524210929870605469e+00
1.849628999999999968e+00 2.524210929870605469e+00
1.853467999999999893e+00 2.529385566711425781e+00
1.857440999999999898e+00 2.529385566711425781e+00
1.861289999999999889e+00 2.524210929870605469e+00
1.865145000000000053e+00 2.524210929870605469e+00
1.868992999999999904e+00 2.529385566711425781e+00
1.872988000000000097e+00 2.524210929870605469e+00
1.876956999999999987e+00 2.529385566711425781e+00
1.879985000000000017e+00 2.534560203552246094e+00
1.883882999999999974e+00 2.534560203552246094e+00
1.887839999999999963e+00 2.534560203552246094e+00
1.891707000000000027e+00 2.534560203552246094e+00
1.895599999999999952e+00 2.534560203552246094e+00
1.905680000000000041e+00 2.544909477233886719e+00
1.909680000000000044e+00 2.534560203552246094e+00
1.919099000000000110e+00 2.534560203552246094e+00
1.925683000000000034e+00 2.529385566711425781e+00
1.932846999999999982e+00 2.524210929870605469e+00
1.936989000000000072e+00 2.524210929870605469e+00
1.940952999999999928e+00 2.524210929870605469e+00
1.946584000000000092e+00 2.524210929870605469e+00
1.950669999999999904e+00 2.524210929870605469e+00
1.953810999999999964e+00 2.529385566711425781e+00
1.957888000000000073e+00 2.529385566711425781e+00
1.961796000000000095e+00 2.529385566711425781e+00
1.965718999999999994e+00 2.534560203552246094e+00
1.969634000000000107e+00 2.524210929870605469e+00
1.973602999999999996e+00 2.529385566711425781e+00
1.977705000000000046e+00 2.529385566711425781e+00
1.981611000000000011e+00 2.534560203552246094e+00
1.985537000000000107e+00 2.534560203552246094e+00
1.989454999999999973e+00 2.534560203552246094e+00
1.993365000000000054e+00 2.534560203552246094e+00
1.997359000000000107e+00 2.534560203552246094e+00
2.001271000000000022e+00 2.534560203552246094e+00
2.005222999999999978e+00 2.529385566711425781e+00
2.009148999999999852e+00 2.529385566711425781e+00
2.018098999999999865e+00 2.529385566711425781e+00
2.022244999999999848e+00 2.534560203552246094e+00
2.026334999999999997e+00 2.529385566711425781e+00
2.030273999999999912e+00 2.529385566711425781e+00
2.034251999999999949e+00 2.529385566711425781e+00
2.038193000000000144e+00 2.529385566711425781e+00
2.042130999999999919e+00 2.529385566711425781e+00
2.046206000000000191e+00 2.529385566711425781e+00
2.050149000000000221e+00 2.529385566711425781e+00
2.054092999999999947e+00 2.529385566711425781e+00
2.058062000000000058e+00 2.529385566711425781e+00
2.061995000000000022e+00 2.529385566711425781e+00
2.065958000000000183e+00 2.534560203552246094e+00
2.069906000000000024e+00 2.529385566711425781e+00
2.073958999999999886e+00 2.529385566711425781e+00
2.078037000000000134e+00 2.529385566711425781e+00
2.082000999999999991e+00 2.534560203552246094e+00
2.085971999999999937e+00 2.529385566711425781e+00
2.090021999999999824e+00 2.529385566711425781e+00
2.093980000000000175e+00 2.529385566711425781e+00
2.097996999999999890e+00 2.529385566711425781e+00
2.101954000000000100e+00 2.529385566711425781e+00
2.105941000000000063e+00 2.529385566711425781e+00
2.109042999999999779e+00 2.534560203552246094e+00
2.113046999999999898e+00 2.534560203552246094e+00
2.116249999999999964e+00 2.534560203552246094e+00
2.120242999999999878e+00 2.534560203552246094e+00
2.124497999999999998e+00 2.534560203552246094e+00
2.133518000000000026e+00 2.534560203552246094e+00
2.137830999999999815e+00 2.529385566711425781e+00
2.141824999999999868e+00 2.529385566711425781e+00
2.145814000000000110e+00 2.534560203552246094e+00
2.149815999999999949e+00 2.529385566711425781e+00
2.153793999999999986e+00 2.529385566711425781e+00
2.157872999999999930e+00 2.529385566711425781e+00
2.161856000000000222e+00 2.529385566711425781e+00
2.165865000000000151e+00 2.524210929870605469e+00
2.169862000000000180e+00 2.524210929870605469e+00
2.173970999999999876e+00 2.524210929870605469e+00
2.178020000000000067e+00 2.524210929870605469e+00
2.182028999999999996e+00 2.529385566711425781e+00
2.186034999999999950e+00 2.529385566711425781e+00
2.190040000000000209e+00 2.534560203552246094e+00
2.194045000000000023e+00 2.529385566711425781e+00
2.198096000000000050e+00 2.529385566711425781e+00
2.202097999999999889e+00 2.534560203552246094e+00
2.206202999999999914e+00 2.534560203552246094e+00
2.210215999999999958e+00 2.534560203552246094e+00
2.214312000000000058e+00 2.534560203552246094e+00
2.218341999999999814e+00 2.539734840393066406e+00
2.222389999999999866e+00 2.534560203552246094e+00
2.226525999999999783e+00 2.534560203552246094e+00
2.230550000000000033e+00 2.529385566711425781e+00
2.234633999999999787e+00 2.529385566711425781e+00
2.238691999999999904e+00 2.524210929870605469e+00
2.247919000000000000e+00 2.529385566711425781e+00
2.252194999999999947e+00 2.529385566711425781e+00
2.256386000000000003e+00 2.524210929870605469e+00
2.260432999999999915e+00 2.524210929870605469e+00
2.264536999999999800e+00 2.524210929870605469e+00
2.268581999999999876e+00 2.524210929870605469e+00
2.272644999999999804e+00 2.524210929870605469e+00
2.275860999999999912e+00 2.524210929870605469e+00
2.278998000000000079e+00 2.524210929870605469e+00
2.283036000000000065e+00 2.529385566711425781e+00
2.286204999999999821e+00 2.534560203552246094e+00
2.290271999999999863e+00 2.529385566711425781e+00
2.293409000000000031e+00 2.534560203552246094e+00
2.297588000000000186e+00 2.534560203552246094e+00
2.301648000000000138e+00 2.534560203552246094e+00
2.305734000000000172e+00 2.534560203552246094e+00
2.309797999999999796e+00 2.534560203552246094e+00
2.313870999999999789e+00 2.534560203552246094e+00
2.318026999999999838e+00 2.539734840393066406e+00
2.322109000000000201e+00 2.534560203552246094e+00
2.326293999999999862e+00 2.534560203552246094e+00
2.330384000000000011e+00 2.529385566711425781e+00
2.334591999999999778e+00 2.529385566711425781e+00
2.338684999999999903e+00 2.524210929870605469e+00
2.342773999999999912e+00 2.524210929870605469e+00
2.346909000000000134e+00 2.524210929870605469e+00
2.350032999999999817e+00 2.524210929870605469e+00
2.354175999999999824e+00 2.524210929870605469e+00
2.363307999999999964e+00 2.529385566711425781e+00
2.367722000000000104e+00 2.524210929870605469e+00
2.371853000000000211e+00 2.524210929870605469e+00
2.375996999999999915e+00 2.529385566711425781e+00
2.380101999999999940e+00 2.534560203552246094e+00
2.383239000000000107e+00 2.534560203552246094e+00
2.387424999999999908e+00 2.534560203552246094e+00
2.390601999999999894e+00 2.534560203552246094e+00
2.394836000000000187e+00 2.534560203552246094e+00
2.399002999999999997e+00 2.534560203552246094e+00
2.403141999999999889e+00 2.534560203552246094e+00
2.406409000000000020e+00 2.534560203552246094e+00
2.410522999999999971e+00 2.534560203552246094e+00
2.414740000000000109e+00 2.539734840393066406e+00
2.418858999999999870e+00 2.529385566711425781e+00
2.422038000000000135e+00 2.534560203552246094e+00
2.426289000000000140e+00 2.529385566711425781e+00
2.429396000000000111e+00 2.529385566711425781e+00
2.433524999999999938e+00 2.529385566711425781e+00
2.437765000000000182e+00 2.524210929870605469e+00
2.441009999999999902e+00 2.524210929870605469e+00
2.445161999999999836e+00 2.524210929870605469e+00
2.449377000000000137e+00 2.524210929870605469e+00
2.453526000000000096e+00 2.524210929870605469e+00
2.456805999999999823e+00 2.524210929870605469e+00
2.460958000000000201e+00 2.529385566711425781e+00
2.465106000000000019e+00 2.529385566711425781e+00
2.468233000000000121e+00 2.529385566711425781e+00
2.472395000000000120e+00 2.529385566711425781e+00
2.481606000000000201e+00 2.534560203552246094e+00
2.485984999999999889e+00 2.534560203552246094e+00
2.489246000000000070e+00 2.534560203552246094e+00
2.494450000000000056e+00 2.534560203552246094e+00
2.499563999999999897e+00 2.539734840393066406e+00
2.503283000000000147e+00 2.534560203552246094e+00
2.508427000000000184e+00 2.529385566711425781e+00
2.513507000000000158e+00 2.534560203552246094e+00
2.518782999999999994e+00 2.529385566711425781e+00
2.523896999999999835e+00 2.529385566711425781e+00
2.529104999999999936e+00 2.529385566711425781e+00
2.534305999999999948e+00 2.524210929870605469e+00
2.539414999999999978e+00 2.524210929870605469e+00
2.544583999999999957e+00 2.529385566711425781e+00
2.549681000000000086e+00 2.529385566711425781e+00
2.554842999999999975e+00 2.529385566711425781e+00
2.560083000000000109e+00 2.529385566711425781e+00
2.565274000000000054e+00 2.529385566711425781e+00
2.570406000000000191e+00 2.529385566711425781e+00
2.575594999999999857e+00 2.529385566711425781e+00
2.580738999999999894e+00 2.534560203552246094e+00
2.585891000000000162e+00 2.529385566711425781e+00
2.589697999999999833e+00 2.534560203552246094e+00
2.599212000000000078e+00 2.529385566711425781e+00
2.603648999999999880e+00 2.529385566711425781e+00
2.608016999999999808e+00 2.534560203552246094e+00
2.612245000000000150e+00 2.529385566711425781e+00
2.616554999999999964e+00 2.529385566711425781e+00
2.620791999999999788e+00 2.529385566711425781e+00
2.625106999999999857e+00 2.529385566711425781e+00
2.629404000000000075e+00 2.529385566711425781e+00
2.633656999999999915e+00 2.529385566711425781e+00
2.637996999999999925e+00 2.529385566711425781e+00
2.642313999999999830e+00 2.534560203552246094e+00
2.646698999999999913e+00 2.529385566711425781e+00
2.650955999999999868e+00 2.529385566711425781e+00
2.655215000000000103e+00 2.529385566711425781e+00
2.659534999999999982e+00 2.524210929870605469e+00
2.663778999999999897e+00 2.529385566711425781e+00
2.668108000000000146e+00 2.529385566711425781e+00
2.672362000000000126e+00 2.524210929870605469e+00
2.675605000000000011e+00 2.524210929870605469e+00
2.679857999999999851e+00 2.524210929870605469e+00
2.684161000000000019e+00 2.534560203552246094e+00
2.688450000000000006e+00 2.534560203552246094e+00
2.692827999999999999e+00 2.534560203552246094e+00
2.697166000000000174e+00 2.534560203552246094e+00
2.701430000000000220e+00 2.529385566711425781e+00
2.704660000000000064e+00 2.534560203552246094e+00
2.709061999999999859e+00 2.529385566711425781e+00
2.718185000000000073e+00 2.534560203552246094e+00
2.722987999999999964e+00 2.534560203552246094e+00
2.727475000000000094e+00 2.534560203552246094e+00
2.732114000000000154e+00 2.529385566711425781e+00
2.736431000000000058e+00 2.529385566711425781e+00
2.739882000000000151e+00 2.529385566711425781e+00
2.743333999999999939e+00 2.529385566711425781e+00
2.747751000000000055e+00 2.529385566711425781e+00
2.752040000000000042e+00 2.529385566711425781e+00
2.756391999999999953e+00 2.524210929870605469e+00
2.760679999999999801e+00 2.524210929870605469e+00
2.765042000000000222e+00 2.524210929870605469e+00
2.769353000000000176e+00 2.524210929870605469e+00
2.773646999999999974e+00 2.524210929870605469e+00
2.778035000000000032e+00 2.529385566711425781e+00
2.782331000000000110e+00 2.529385566711425781e+00
2.785654000000000075e+00 2.529385566711425781e+00
2.789915999999999840e+00 2.534560203552246094e+00
2.794261999999999802e+00 2.529385566711425781e+00
2.798556000000000044e+00 2.534560203552246094e+00
2.802862000000000187e+00 2.534560203552246094e+00
2.807199999999999918e+00 2.534560203552246094e+00
2.811507999999999896e+00 2.534560203552246094e+00
2.815831000000000195e+00 2.534560203552246094e+00
2.820145999999999820e+00 2.539734840393066406e+00
2.824508999999999936e+00 2.534560203552246094e+00
2.828089999999999993e+00 2.534560203552246094e+00
2.837431000000000036e+00 2.529385566711425781e+00
2.842458999999999847e+00 2.524210929870605469e+00
2.846907999999999994e+00 2.524210929870605469e+00
2.850223999999999869e+00 2.524210929870605469e+00
2.854652999999999885e+00 2.529385566711425781e+00
2.859036000000000133e+00 2.524210929870605469e+00
2.863401000000000085e+00 2.524210929870605469e+00
2.867869999999999919e+00 2.524210929870605469e+00
2.872241999999999962e+00 2.524210929870605469e+00
2.876761000000000124e+00 2.524210929870605469e+00
2.880031999999999925e+00 2.534560203552246094e+00
2.884463999999999917e+00 2.534560203552246094e+00
2.888847000000000165e+00 2.534560203552246094e+00
2.892214000000000063e+00 2.534560203552246094e+00
2.896681000000000061e+00 2.534560203552246094e+00
2.901066999999999840e+00 2.539734840393066406e+00
2.905451999999999924e+00 2.534560203552246094e+00
2.908857999999999944e+00 2.534560203552246094e+00
2.913270999999999944e+00 2.534560203552246094e+00
2.923230999999999913e+00 2.534560203552246094e+00
2.932659999999999823e+00 2.524210929870605469e+00
2.938524000000000136e+00 2.524210929870605469e+00
2.943249999999999922e+00 2.524210929870605469e+00
2.949701999999999824e+00 2.524210929870605469e+00
2.959808000000000217e+00 2.524210929870605469e+00
2.964255000000000084e+00 2.529385566711425781e+00
2.968652000000000069e+00 2.529385566711425781e+00
2.973031999999999897e+00 2.529385566711425781e+00
2.977538000000000018e+00 2.529385566711425781e+00
2.980841999999999992e+00 2.534560203552246094e+00
2.985284000000000049e+00 2.534560203552246094e+00
2.989682000000000173e+00 2.534560203552246094e+00
2.993028999999999940e+00 2.529385566711425781e+00
2.997507999999999839e+00 2.534560203552246094e+00
3.001904999999999824e+00 2.534560203552246094e+00
3.005214000000000052e+00 2.534560203552246094e+00
3.009802000000000088e+00 2.534560203552246094e+00
3.014555999999999791e+00 2.534560203552246094e+00
3.018972999999999907e+00 2.534560203552246094e+00
3.023394999999999833e+00 2.534560203552246094e+00
3.027935999999999961e+00 2.529385566711425781e+00
3.032350999999999797e+00 2.524210929870605469e+00
3.037080000000000002e+00 2.524210929870605469e+00
3.041507999999999878e+00 2.524210929870605469e+00
3.045958999999999861e+00 2.524210929870605469e+00
3.050460999999999867e+00 2.529385566711425781e+00
3.054968000000000128e+00 2.529385566711425781e+00
3.059412000000000020e+00 2.534560203552246094e+00
3.063864000000000143e+00 2.529385566711425781e+00
3.073355999999999977e+00 2.529385566711425781e+00
3.078126999999999835e+00 2.529385566711425781e+00
3.081437000000000204e+00 2.534560203552246094e+00
3.085922000000000054e+00 2.534560203552246094e+00
3.089247999999999994e+00 2.534560203552246094e+00
3.093739999999999934e+00 2.529385566711425781e+00
3.098300000000000054e+00 2.529385566711425781e+00
3.102755999999999847e+00 2.534560203552246094e+00
3.107289000000000190e+00 2.534560203552246094e+00
3.111753000000000213e+00 2.529385566711425781e+00
3.116255999999999915e+00 2.534560203552246094e+00
3.120730000000000004e+00 2.534560203552246094e+00
3.125288999999999984e+00 2.529385566711425781e+00
3.128613000000000088e+00 2.524210929870605469e+00
3.133090999999999848e+00 2.524210929870605469e+00
3.137863999999999987e+00 2.529385566711425781e+00
3.142358000000000207e+00 2.529385566711425781e+00
3.146892999999999940e+00 2.524210929870605469e+00
3.151387999999999856e+00 2.529385566711425781e+00
3.155895999999999813e+00 2.529385566711425781e+00
3.159206999999999876e+00 2.529385566711425781e+00
3.163739000000000079e+00 2.529385566711425781e+00
3.168339000000000016e+00 2.529385566711425781e+00
3.172839000000000187e+00 2.529385566711425781e+00
3.177458999999999811e+00 2.524210929870605469e+00
3.186906000000000017e+00 2.529385566711425781e+00
3.191584000000000199e+00 2.534560203552246094e+00
3.196105999999999892e+00 2.529385566711425781e+00
3.200613999999999848e+00 2.534560203552246094e+00
3.205191999999999819e+00 2.529385566711425781e+00
3.209722999999999882e+00 2.529385566711425781e+00
3.214309000000000083e+00 2.534560203552246094e+00
3.218827000000000105e+00 2.534560203552246094e+00
3.223355999999999888e+00 2.534560203552246094e+00
3.228040000000000020e+00 2.534560203552246094e+00
3.232571999999999779e+00 2.529385566711425781e+00
3.237220000000000208e+00 2.529385566711425781e+00
3.241759000000000057e+00 2.529385566711425781e+00
3.246299000000000046e+00 2.529385566711425781e+00
3.250833999999999779e+00 2.529385566711425781e+00
3.255380000000000162e+00 2.524210929870605469e+00
3.258815999999999935e+00 2.524210929870605469e+00
3.263361999999999874e+00 2.524210929870605469e+00
3.267977000000000132e+00 2.519036293029785156e+00
3.272534999999999972e+00 2.524210929870605469e+00
3.277270999999999823e+00 2.524210929870605469e+00
3.280661999999999967e+00 2.529385566711425781e+00
3.285279000000000060e+00 2.529385566711425781e+00
3.288631000000000082e+00 2.534560203552246094e+00
3.293188999999999922e+00 2.529385566711425781e+00
3.298829000000000011e+00 2.529385566711425781e+00
3.311125000000000096e+00 2.534560203552246094e+00
3.317096999999999962e+00 2.534560203552246094e+00
3.322731000000000101e+00 2.534560203552246094e+00
3.328447000000000155e+00 2.534560203552246094e+00
3.334169000000000160e+00 2.529385566711425781e+00
3.340094999999999814e+00 2.524210929870605469e+00
3.345858000000000221e+00 2.524210929870605469e+00
3.351531000000000038e+00 2.524210929870605469e+00
3.357273000000000174e+00 2.524210929870605469e+00
3.363064000000000053e+00 2.524210929870605469e+00
3.368811000000000000e+00 2.524210929870605469e+00
3.374550000000000161e+00 2.524210929870605469e+00
3.380263999999999935e+00 2.524210929870605469e+00
3.385985999999999940e+00 2.534560203552246094e+00
3.391668999999999823e+00 2.534560203552246094e+00
3.397511999999999865e+00 2.529385566711425781e+00
3.402111000000000107e+00 2.534560203552246094e+00
3.406753000000000142e+00 2.534560203552246094e+00
3.411337000000000064e+00 2.529385566711425781e+00
3.415957999999999828e+00 2.534560203552246094e+00
3.420536999999999939e+00 2.534560203552246094e+00
3.430102999999999902e+00 2.534560203552246094e+00
3.435000000000000053e+00 2.524210929870605469e+00
3.439642000000000088e+00 2.524210929870605469e+00
3.444329000000000196e+00 2.524210929870605469e+00
3.448955000000000215e+00 2.524210929870605469e+00
3.453586000000000045e+00 2.524210929870605469e+00
3.458337000000000216e+00 2.524210929870605469e+00
3.462972999999999857e+00 2.524210929870605469e+00
3.467656999999999989e+00 2.529385566711425781e+00
3.472294999999999909e+00 2.529385566711425781e+00
3.476996999999999893e+00 2.529385566711425781e+00
3.481618999999999797e+00 2.534560203552246094e+00
3.485234000000000165e+00 2.534560203552246094e+00
3.489867999999999970e+00 2.534560203552246094e+00
3.494568000000000119e+00 2.534560203552246094e+00
3.499223000000000194e+00 2.534560203552246094e+00
3.503861000000000114e+00 2.534560203552246094e+00
3.508566000000000074e+00 2.534560203552246094e+00
3.513196999999999903e+00 2.529385566711425781e+00
3.517955999999999861e+00 2.529385566711425781e+00
3.522597000000000200e+00 2.529385566711425781e+00
3.527321000000000151e+00 2.529385566711425781e+00
3.531975999999999782e+00 2.524210929870605469e+00
3.536715000000000053e+00 2.524210929870605469e+00
3.541828999999999894e+00 2.524210929870605469e+00
3.551731000000000193e+00 2.529385566711425781e+00
3.555474999999999941e+00 2.529385566711425781e+00
3.559070000000000178e+00 2.529385566711425781e+00
3.562676999999999872e+00 2.529385566711425781e+00
3.566272999999999804e+00 2.529385566711425781e+00
3.569884000000000057e+00 2.529385566711425781e+00
3.573479999999999990e+00 2.529385566711425781e+00
3.578348000000000084e+00 2.529385566711425781e+00
3.583041999999999838e+00 2.534560203552246094e+00
3.587794999999999845e+00 2.534560203552246094e+00
3.592474999999999863e+00 2.534560203552246094e+00
3.597306999999999810e+00 2.529385566711425781e+00
3.601999999999999869e+00 2.529385566711425781e+00
3.606748000000000065e+00 2.529385566711425781e+00
3.611422000000000132e+00 2.529385566711425781e+00
3.616124999999999812e+00 2.529385566711425781e+00
3.620820000000000149e+00 2.529385566711425781e+00
3.625510999999999928e+00 2.529385566711425781e+00
3.630196999999999896e+00 2.524210929870605469e+00
3.634956999999999994e+00 2.529385566711425781e+00
3.639660000000000117e+00 2.529385566711425781e+00
3.644435000000000091e+00 2.524210929870605469e+00
3.649197000000000024e+00 2.529385566711425781e+00
3.653896000000000033e+00 2.524210929870605469e+00
3.658787999999999929e+00 2.529385566711425781e+00
3.670498999999999956e+00 2.524210929870605469e+00
3.675549999999999873e+00 2.524210929870605469e+00
3.680295000000000094e+00 2.529385566711425781e+00
3.685026000000000135e+00 2.534560203552246094e+00
3.689725999999999839e+00 2.529385566711425781e+00
3.694532999999999845e+00 2.529385566711425781e+00
3.699279000000000206e+00 2.534560203552246094e+00
3.703986000000000001e+00 2.534560203552246094e+00
3.708759999999999835e+00 2.529385566711425781e+00
3.713557999999999915e+00 2.529385566711425781e+00
3.718440000000000190e+00 2.534560203552246094e+00
3.723154000000000075e+00 2.534560203552246094e+00
3.727948000000000039e+00 2.529385566711425781e+00
3.731435999999999975e+00 2.529385566711425781e+00
3.736172999999999966e+00 2.529385566711425781e+00
3.740901000000000032e+00 2.524210929870605469e+00
3.745686000000000071e+00 2.524210929870605469e+00
3.750410000000000021e+00 2.529385566711425781e+00
3.755187999999999970e+00 2.529385566711425781e+00
3.759914000000000200e+00 2.524210929870605469e+00
3.764698999999999796e+00 2.524210929870605469e+00
3.769461999999999868e+00 2.524210929870605469e+00
3.774249999999999883e+00 2.524210929870605469e+00
3.779058000000000028e+00 2.524210929870605469e+00
3.788637000000000032e+00 2.529385566711425781e+00
3.793892000000000042e+00 2.529385566711425781e+00
3.797629000000000143e+00 2.529385566711425781e+00
3.801215000000000011e+00 2.534560203552246094e+00
3.806220000000000159e+00 2.534560203552246094e+00
3.810722999999999860e+00 2.534560203552246094e+00
3.815755999999999926e+00 2.534560203552246094e+00
3.820387000000000199e+00 2.534560203552246094e+00
3.825480999999999909e+00 2.534560203552246094e+00
3.830045000000000144e+00 2.529385566711425781e+00
3.833635999999999822e+00 2.529385566711425781e+00
3.838610000000000078e+00 2.529385566711425781e+00
3.843396999999999952e+00 2.524210929870605469e+00
3.848390999999999895e+00 2.524210929870605469e+00
3.851872000000000185e+00 2.524210929870605469e+00
3.856724999999999959e+00 2.524210929870605469e+00
3.861489999999999867e+00 2.524210929870605469e+00
3.866255999999999915e+00 2.524210929870605469e+00
3.871036000000000143e+00 2.524210929870605469e+00
3.875824999999999854e+00 2.524210929870605469e+00
3.880720999999999865e+00 2.529385566711425781e+00
3.885498999999999814e+00 2.529385566711425781e+00
3.890284999999999993e+00 2.534560203552246094e+00
3.895129999999999981e+00 2.534560203552246094e+00
3.898775999999999797e+00 2.534560203552246094e+00
3.908427999999999791e+00 2.534560203552246094e+00
3.913975000000000204e+00 2.534560203552246094e+00
3.922762000000000082e+00 2.534560203552246094e+00
3.933285999999999838e+00 2.524210929870605469e+00
3.940900000000000070e+00 2.524210929870605469e+00
3.944465999999999806e+00 2.524210929870605469e+00
3.951213999999999782e+00 2.524210929870605469e+00
3.956148999999999916e+00 2.524210929870605469e+00
3.960999000000000159e+00 2.524210929870605469e+00
3.965869999999999784e+00 2.519036293029785156e+00
3.970715000000000217e+00 2.524210929870605469e+00
3.974272000000000027e+00 2.524210929870605469e+00
3.979122999999999966e+00 2.529385566711425781e+00
3.983972000000000069e+00 2.529385566711425781e+00
3.988935000000000120e+00 2.534560203552246094e+00
3.993783999999999779e+00 2.534560203552246094e+00
3.998775999999999886e+00 2.529385566711425781e+00
4.003641000000000005e+00 2.534560203552246094e+00
4.008645999999999709e+00 2.534560203552246094e+00
4.013510000000000133e+00 2.529385566711425781e+00
4.023545000000000371e+00 2.529385566711425781e+00
4.028775000000000439e+00 2.524210929870605469e+00
4.033648999999999596e+00 2.524210929870605469e+00
4.038649999999999629e+00 2.519036293029785156e+00
4.043509000000000242e+00 2.524210929870605469e+00
4.047217999999999982e+00 2.524210929870605469e+00
4.052258000000000138e+00 2.524210929870605469e+00
4.057225999999999999e+00 2.529385566711425781e+00
4.062115999999999616e+00 2.524210929870605469e+00
4.067065999999999626e+00 2.529385566711425781e+00
4.070625999999999856e+00 2.529385566711425781e+00
4.075510000000000410e+00 2.529385566711425781e+00
4.079062999999999661e+00 2.529385566711425781e+00
4.083923000000000414e+00 2.534560203552246094e+00
4.088905999999999707e+00 2.534560203552246094e+00
4.092471999999999888e+00 2.534560203552246094e+00
4.097438999999999609e+00 2.534560203552246094e+00
4.101073000000000413e+00 2.529385566711425781e+00
4.107277999999999984e+00 2.529385566711425781e+00
4.113420999999999772e+00 2.524210929870605469e+00
4.119691999999999688e+00 2.529385566711425781e+00
4.125925999999999760e+00 2.529385566711425781e+00
4.132190999999999725e+00 2.524210929870605469e+00
4.142319999999999780e+00 2.524210929870605469e+00
4.152190000000000047e+00 2.524210929870605469e+00
4.158478999999999814e+00 2.529385566711425781e+00
4.164760000000000240e+00 2.524210929870605469e+00
4.170969000000000371e+00 2.529385566711425781e+00
4.177248999999999768e+00 2.529385566711425781e+00
4.183449000000000417e+00 2.534560203552246094e+00
4.189811999999999870e+00 2.529385566711425781e+00
4.196114999999999817e+00 2.529385566711425781e+00
4.202397000000000382e+00 2.534560203552246094e+00
4.207633999999999652e+00 2.529385566711425781e+00
4.212602000000000402e+00 2.529385566711425781e+00
4.217611999999999917e+00 2.529385566711425781e+00
4.222563000000000066e+00 2.529385566711425781e+00
4.227564000000000100e+00 2.529385566711425781e+00
4.232491999999999699e+00 2.529385566711425781e+00
4.237572000000000116e+00 2.529385566711425781e+00
4.242537999999999698e+00 2.529385566711425781e+00
4.247544000000000430e+00 2.524210929870605469e+00
4.251247000000000220e+00 2.529385566711425781e+00
4.256229000000000262e+00 2.529385566711425781e+00
4.266164999999999985e+00 2.529385566711425781e+00
4.271360999999999741e+00 2.524210929870605469e+00
4.276341000000000392e+00 2.519036293029785156e+00
4.281361000000000416e+00 2.529385566711425781e+00
4.286349000000000409e+00 2.529385566711425781e+00
4.291306999999999761e+00 2.529385566711425781e+00
4.296312000000000353e+00 2.529385566711425781e+00
4.301287000000000305e+00 2.529385566711425781e+00
4.306275000000000297e+00 2.529385566711425781e+00
4.311245000000000438e+00 2.534560203552246094e+00
4.314879999999999605e+00 2.529385566711425781e+00
4.319854999999999556e+00 2.529385566711425781e+00
4.323443000000000147e+00 2.534560203552246094e+00
4.328529999999999767e+00 2.529385566711425781e+00
4.333499999999999908e+00 2.524210929870605469e+00
4.338617000000000168e+00 2.524210929870605469e+00
4.343602999999999881e+00 2.529385566711425781e+00
4.348761999999999794e+00 2.524210929870605469e+00
4.352597000000000271e+00 2.524210929870605469e+00
4.357668000000000319e+00 2.519036293029785156e+00
4.361191999999999958e+00 2.519036293029785156e+00
4.366187000000000040e+00 2.524210929870605469e+00
4.371180999999999983e+00 2.519036293029785156e+00
4.381079999999999863e+00 2.524210929870605469e+00
4.386337000000000153e+00 2.529385566711425781e+00
4.391308999999999685e+00 2.529385566711425781e+00
4.396325000000000038e+00 2.529385566711425781e+00
4.401321000000000261e+00 2.534560203552246094e+00
4.406348999999999627e+00 2.534560203552246094e+00
4.411354000000000219e+00 2.534560203552246094e+00
4.416385000000000005e+00 2.534560203552246094e+00
4.421380000000000088e+00 2.529385566711425781e+00
4.426415000000000433e+00 2.534560203552246094e+00
4.431428000000000367e+00 2.529385566711425781e+00
4.436448999999999643e+00 2.524210929870605469e+00
4.440076999999999607e+00 2.519036293029785156e+00
4.445147000000000403e+00 2.519036293029785156e+00
4.450169999999999959e+00 2.519036293029785156e+00
4.454168000000000127e+00 2.519036293029785156e+00
4.459234000000000364e+00 2.524210929870605469e+00
4.464362000000000386e+00 2.519036293029785156e+00
4.468014000000000152e+00 2.524210929870605469e+00
4.471608999999999945e+00 2.519036293029785156e+00
4.476707000000000214e+00 2.529385566711425781e+00
4.481799999999999784e+00 2.529385566711425781e+00
4.486938000000000315e+00 2.534560203552246094e+00
4.496999999999999886e+00 2.534560203552246094e+00
4.502279999999999838e+00 2.534560203552246094e+00
4.507422000000000040e+00 2.529385566711425781e+00
4.511090000000000266e+00 2.529385566711425781e+00
4.516237000000000279e+00 2.529385566711425781e+00
4.521334999999999660e+00 2.529385566711425781e+00
4.526444999999999830e+00 2.529385566711425781e+00
4.531543000000000099e+00 2.524210929870605469e+00
4.536725999999999814e+00 2.519036293029785156e+00
4.540409999999999613e+00 2.524210929870605469e+00
4.544007999999999825e+00 2.524210929870605469e+00
4.549208000000000141e+00 2.524210929870605469e+00
4.554454999999999920e+00 2.524210929870605469e+00
4.559859000000000329e+00 2.524210929870605469e+00
4.565057000000000365e+00 2.524210929870605469e+00
4.570143999999999984e+00 2.524210929870605469e+00
4.575320999999999749e+00 2.529385566711425781e+00
4.579041000000000139e+00 2.529385566711425781e+00
4.582633999999999652e+00 2.529385566711425781e+00
4.587780999999999665e+00 2.534560203552246094e+00
4.592882000000000353e+00 2.534560203552246094e+00
4.596667000000000058e+00 2.534560203552246094e+00
4.601797999999999611e+00 2.529385566711425781e+00
4.607009999999999827e+00 2.529385566711425781e+00
4.617017999999999844e+00 2.529385566711425781e+00
4.622391999999999612e+00 2.529385566711425781e+00
4.627551000000000414e+00 2.529385566711425781e+00
4.632667999999999786e+00 2.524210929870605469e+00
4.637823000000000029e+00 2.519036293029785156e+00
4.642909999999999648e+00 2.524210929870605469e+00
4.648113000000000383e+00 2.529385566711425781e+00
4.653224999999999945e+00 2.524210929870605469e+00
4.658408999999999800e+00 2.529385566711425781e+00
4.663676999999999850e+00 2.524210929870605469e+00
4.667426999999999992e+00 2.529385566711425781e+00
4.672514999999999752e+00 2.524210929870605469e+00
4.677692999999999657e+00 2.529385566711425781e+00
4.681455999999999840e+00 2.534560203552246094e+00
4.686530999999999558e+00 2.529385566711425781e+00
4.691620999999999597e+00 2.529385566711425781e+00
4.696850999999999665e+00 2.524210929870605469e+00
4.701983000000000246e+00 2.529385566711425781e+00
4.707163000000000430e+00 2.529385566711425781e+00
4.712324999999999875e+00 2.524210929870605469e+00
4.716018000000000043e+00 2.529385566711425781e+00
4.719617000000000395e+00 2.529385566711425781e+00
4.724793000000000021e+00 2.529385566711425781e+00
4.734767999999999866e+00 2.529385566711425781e+00
4.740192000000000405e+00 2.524210929870605469e+00
4.743864000000000303e+00 2.524210929870605469e+00
4.747615999999999836e+00 2.529385566711425781e+00
4.752830999999999584e+00 2.529385566711425781e+00
4.758042999999999800e+00 2.529385566711425781e+00
4.763250000000000206e+00 2.529385566711425781e+00
4.768498000000000125e+00 2.524210929870605469e+00
4.773634000000000377e+00 2.524210929870605469e+00
4.778882000000000296e+00 2.524210929870605469e+00
4.784048000000000300e+00 2.529385566711425781e+00
4.789242999999999917e+00 2.529385566711425781e+00
4.794462000000000224e+00 2.529385566711425781e+00
4.799668999999999741e+00 2.529385566711425781e+00
4.804889000000000188e+00 2.529385566711425781e+00
4.810036000000000200e+00 2.529385566711425781e+00
4.815296000000000021e+00 2.534560203552246094e+00
4.820459999999999745e+00 2.529385566711425781e+00
4.825630000000000308e+00 2.529385566711425781e+00
4.830798999999999843e+00 2.529385566711425781e+00
4.836013999999999591e+00 2.524210929870605469e+00
4.841199999999999726e+00 2.524210929870605469e+00
4.851225000000000342e+00 2.524210929870605469e+00
4.856708000000000247e+00 2.524210929870605469e+00
4.861870999999999832e+00 2.519036293029785156e+00
4.865821000000000396e+00 2.524210929870605469e+00
4.870994999999999742e+00 2.524210929870605469e+00
4.876209000000000238e+00 2.524210929870605469e+00
4.881393000000000093e+00 2.529385566711425781e+00
4.886582999999999899e+00 2.529385566711425781e+00
4.891776000000000124e+00 2.529385566711425781e+00
4.897083000000000297e+00 2.529385566711425781e+00
4.902299000000000184e+00 2.529385566711425781e+00
4.906095999999999790e+00 2.534560203552246094e+00
4.911544000000000132e+00 2.534560203552246094e+00
4.918275999999999648e+00 2.529385566711425781e+00
4.928829000000000349e+00 2.529385566711425781e+00
4.939954000000000178e+00 2.519036293029785156e+00
4.953448999999999991e+00 2.519036293029785156e+00
4.969909999999999606e+00 2.519036293029785156e+00
4.980855000000000032e+00 2.529385566711425781e+00
4.987883000000000067e+00 2.529385566711425781e+00
4.994629999999999903e+00 2.534560203552246094e+00
5.001338999999999757e+00 2.529385566711425781e+00
5.008103000000000193e+00 2.529385566711425781e+00
5.014078999999999731e+00 2.529385566711425781e+00
5.019395000000000273e+00 2.529385566711425781e+00
5.024694000000000216e+00 2.524210929870605469e+00
5.028413999999999717e+00 2.524210929870605469e+00
5.033684000000000047e+00 2.524210929870605469e+00
5.039118000000000208e+00 2.524210929870605469e+00
5.044438000000000422e+00 2.524210929870605469e+00
5.049725999999999715e+00 2.524210929870605469e+00
5.053490000000000038e+00 2.519036293029785156e+00
5.058857999999999855e+00 2.524210929870605469e+00
5.064237999999999573e+00 2.524210929870605469e+00
5.069507999999999903e+00 2.524210929870605469e+00
5.074881000000000419e+00 2.524210929870605469e+00
5.080188999999999844e+00 2.524210929870605469e+00
5.092160999999999937e+00 2.529385566711425781e+00
5.097851000000000354e+00 2.529385566711425781e+00
5.103075999999999723e+00 2.529385566711425781e+00
5.108376999999999946e+00 2.529385566711425781e+00
5.113624999999999865e+00 2.529385566711425781e+00
5.119035000000000224e+00 2.529385566711425781e+00
5.124316999999999567e+00 2.529385566711425781e+00
5.129559999999999675e+00 2.524210929870605469e+00
5.134903999999999691e+00 2.524210929870605469e+00
5.140145999999999660e+00 2.519036293029785156e+00
5.145462000000000202e+00 2.519036293029785156e+00
5.150741000000000014e+00 2.524210929870605469e+00
5.156005000000000393e+00 2.524210929870605469e+00
5.161255999999999844e+00 2.524210929870605469e+00
5.166572000000000386e+00 2.524210929870605469e+00
5.171890999999999572e+00 2.524210929870605469e+00
5.175836000000000325e+00 2.524210929870605469e+00
5.181085999999999636e+00 2.529385566711425781e+00
5.186378000000000377e+00 2.529385566711425781e+00
5.191633000000000386e+00 2.529385566711425781e+00
5.196947999999999901e+00 2.529385566711425781e+00
5.202233999999999803e+00 2.529385566711425781e+00
5.212689000000000128e+00 2.529385566711425781e+00
5.218691999999999886e+00 2.529385566711425781e+00
5.223983999999999739e+00 2.529385566711425781e+00
5.229382000000000197e+00 2.524210929870605469e+00
5.234773999999999816e+00 2.524210929870605469e+00
5.240104999999999791e+00 2.524210929870605469e+00
5.245471000000000217e+00 2.524210929870605469e+00
5.250810999999999673e+00 2.524210929870605469e+00
5.256179999999999630e+00 2.524210929870605469e+00
5.261515000000000164e+00 2.524210929870605469e+00
5.266920999999999964e+00 2.524210929870605469e+00
5.272249000000000407e+00 2.524210929870605469e+00
5.277684999999999960e+00 2.519036293029785156e+00
5.281422000000000061e+00 2.529385566711425781e+00
5.286818000000000239e+00 2.529385566711425781e+00
5.290619999999999656e+00 2.529385566711425781e+00
5.295994999999999564e+00 2.529385566711425781e+00
5.301357999999999571e+00 2.529385566711425781e+00
5.306719000000000186e+00 2.524210929870605469e+00
5.312081000000000053e+00 2.529385566711425781e+00
5.317510999999999655e+00 2.529385566711425781e+00
5.322866999999999571e+00 2.529385566711425781e+00
5.334380999999999595e+00 2.529385566711425781e+00
5.340194000000000329e+00 2.524210929870605469e+00
5.345696000000000225e+00 2.519036293029785156e+00
5.351105999999999696e+00 2.524210929870605469e+00
5.356522000000000006e+00 2.524210929870605469e+00
5.361914999999999765e+00 2.519036293029785156e+00
5.367389000000000188e+00 2.519036293029785156e+00
5.372757000000000005e+00 2.519036293029785156e+00
5.378262999999999572e+00 2.519036293029785156e+00
5.383690999999999782e+00 2.529385566711425781e+00
5.389236000000000359e+00 2.529385566711425781e+00
5.393036000000000385e+00 2.529385566711425781e+00
5.398507999999999640e+00 2.529385566711425781e+00
5.403936999999999991e+00 2.534560203552246094e+00
5.409387999999999863e+00 2.529385566711425781e+00
5.414857999999999727e+00 2.529385566711425781e+00
5.418586999999999598e+00 2.529385566711425781e+00
5.423979000000000106e+00 2.529385566711425781e+00
5.429432000000000258e+00 2.524210929870605469e+00
5.434934000000000154e+00 2.529385566711425781e+00
5.440345999999999904e+00 2.524210929870605469e+00
5.450857000000000063e+00 2.519036293029785156e+00
5.456527999999999601e+00 2.519036293029785156e+00
5.461896000000000306e+00 2.513861656188964844e+00
5.467399000000000342e+00 2.519036293029785156e+00
5.471236000000000210e+00 2.519036293029785156e+00
5.476638000000000339e+00 2.519036293029785156e+00
5.482103000000000392e+00 2.529385566711425781e+00
5.487566000000000166e+00 2.529385566711425781e+00
5.492971999999999966e+00 2.529385566711425781e+00
5.498461999999999961e+00 2.534560203552246094e+00
5.503866000000000369e+00 2.534560203552246094e+00
5.509345999999999854e+00 2.529385566711425781e+00
5.514865999999999602e+00 2.529385566711425781e+00
5.520304000000000322e+00 2.529385566711425781e+00
5.525725999999999694e+00 2.529385566711425781e+00
5.531140999999999863e+00 2.519036293029785156e+00
5.535028999999999755e+00 2.519036293029785156e+00
5.540465000000000195e+00 2.519036293029785156e+00
5.545905000000000307e+00 2.519036293029785156e+00
5.551385999999999932e+00 2.519036293029785156e+00
5.556913999999999909e+00 2.519036293029785156e+00
5.567243000000000386e+00 2.519036293029785156e+00
5.572962999999999667e+00 2.524210929870605469e+00
5.578477000000000352e+00 2.524210929870605469e+00
5.583961000000000396e+00 2.529385566711425781e+00
5.589521999999999657e+00 2.529385566711425781e+00
5.595043000000000433e+00 2.529385566711425781e+00
5.600499000000000116e+00 2.529385566711425781e+00
5.606001000000000012e+00 2.529385566711425781e+00
5.611475999999999686e+00 2.529385566711425781e+00
5.617035999999999696e+00 2.529385566711425781e+00
5.622511000000000259e+00 2.524210929870605469e+00
5.628038000000000096e+00 2.524210929870605469e+00
5.633521000000000001e+00 2.524210929870605469e+00
5.639118999999999993e+00 2.519036293029785156e+00
5.644650000000000389e+00 2.519036293029785156e+00
5.650180999999999898e+00 2.519036293029785156e+00
5.655706000000000344e+00 2.524210929870605469e+00
5.661152000000000406e+00 2.524210929870605469e+00
5.666675999999999824e+00 2.524210929870605469e+00
5.672147999999999968e+00 2.524210929870605469e+00
5.682567999999999842e+00 2.524210929870605469e+00
5.688691000000000386e+00 2.529385566711425781e+00
5.694206000000000323e+00 2.529385566711425781e+00
5.699722999999999651e+00 2.529385566711425781e+00
5.703624999999999723e+00 2.529385566711425781e+00
5.709188000000000152e+00 2.529385566711425781e+00
5.714780000000000193e+00 2.529385566711425781e+00
5.720322000000000351e+00 2.524210929870605469e+00
5.725835000000000008e+00 2.529385566711425781e+00
5.731328000000000422e+00 2.519036293029785156e+00
5.736944000000000266e+00 2.524210929870605469e+00
5.742448000000000441e+00 2.524210929870605469e+00
5.748002999999999751e+00 2.524210929870605469e+00
5.753562999999999761e+00 2.519036293029785156e+00
5.759216999999999587e+00 2.524210929870605469e+00
5.764788000000000245e+00 2.524210929870605469e+00
5.770337999999999745e+00 2.524210929870605469e+00
5.774232999999999727e+00 2.524210929870605469e+00
5.779723999999999862e+00 2.524210929870605469e+00
5.785338999999999565e+00 2.529385566711425781e+00
5.791028999999999982e+00 2.529385566711425781e+00
5.802762000000000420e+00 2.524210929870605469e+00
5.809390999999999750e+00 2.524210929870605469e+00
5.814967000000000219e+00 2.529385566711425781e+00
5.820540000000000269e+00 2.529385566711425781e+00
5.826105000000000089e+00 2.529385566711425781e+00
5.831668999999999770e+00 2.524210929870605469e+00
5.837322000000000344e+00 2.524210929870605469e+00
5.842875000000000263e+00 2.524210929870605469e+00
5.848440000000000083e+00 2.524210929870605469e+00
5.854016999999999804e+00 2.524210929870605469e+00
5.859645000000000437e+00 2.524210929870605469e+00
5.865235000000000198e+00 2.519036293029785156e+00
5.870808000000000249e+00 2.519036293029785156e+00
5.874645000000000117e+00 2.519036293029785156e+00
5.880283999999999622e+00 2.524210929870605469e+00
5.885904000000000025e+00 2.524210929870605469e+00
5.891504000000000296e+00 2.524210929870605469e+00
5.897101000000000148e+00 2.529385566711425781e+00
5.902739000000000402e+00 2.529385566711425781e+00
5.908350000000000435e+00 2.529385566711425781e+00
5.914057999999999815e+00 2.529385566711425781e+00
5.924731000000000414e+00 2.529385566711425781e+00
5.939235000000000042e+00 2.524210929870605469e+00
5.947522000000000197e+00 2.519036293029785156e+00
5.954773999999999567e+00 2.519036293029785156e+00
5.960403000000000340e+00 2.519036293029785156e+00
5.968060000000000365e+00 2.519036293029785156e+00
5.973836999999999620e+00 2.513861656188964844e+00
5.979519999999999946e+00 2.519036293029785156e+00
5.985160999999999731e+00 2.524210929870605469e+00
5.989086000000000354e+00 2.529385566711425781e+00
5.994741999999999571e+00 2.529385566711425781e+00
6.000333000000000361e+00 2.529385566711425781e+00
6.005918999999999563e+00 2.529385566711425781e+00
6.011504000000000403e+00 2.529385566711425781e+00
6.017210000000000392e+00 2.529385566711425781e+00
6.022815999999999725e+00 2.529385566711425781e+00
6.028470000000000439e+00 2.524210929870605469e+00
6.039259999999999629e+00 2.519036293029785156e+00
6.045204000000000022e+00 2.519036293029785156e+00
6.050855000000000317e+00 2.519036293029785156e+00
6.056509000000000142e+00 2.513861656188964844e+00
6.062114000000000225e+00 2.519036293029785156e+00
6.067844000000000015e+00 2.519036293029785156e+00
6.073506000000000071e+00 2.524210929870605469e+00
6.079252000000000322e+00 2.524210929870605469e+00
6.084994000000000014e+00 2.529385566711425781e+00
6.090633999999999659e+00 2.529385566711425781e+00
6.096294000000000324e+00 2.529385566711425781e+00
6.101943999999999591e+00 2.529385566711425781e+00
6.107694000000000401e+00 2.529385566711425781e+00
6.113318999999999726e+00 2.524210929870605469e+00
6.119057999999999886e+00 2.524210929870605469e+00
6.124761000000000344e+00 2.524210929870605469e+00
6.130417999999999701e+00 2.519036293029785156e+00
6.136047999999999725e+00 2.513861656188964844e+00
6.141729999999999912e+00 2.519036293029785156e+00
6.147490000000000343e+00 2.519036293029785156e+00
6.158103999999999800e+00 2.513861656188964844e+00
6.163988999999999940e+00 2.524210929870605469e+00
6.168021000000000420e+00 2.524210929870605469e+00
6.173651999999999695e+00 2.524210929870605469e+00
6.177688999999999986e+00 2.524210929870605469e+00
6.183323999999999820e+00 2.529385566711425781e+00
6.189078000000000301e+00 2.529385566711425781e+00
6.194803000000000281e+00 2.529385566711425781e+00
6.200652999999999970e+00 2.529385566711425781e+00
6.206330000000000346e+00 2.529385566711425781e+00
6.211998000000000353e+00 2.524210929870605469e+00
6.217786000000000257e+00 2.529385566711425781e+00
6.223474999999999646e+00 2.524210929870605469e+00
6.229263999999999690e+00 2.524210929870605469e+00
6.235031000000000212e+00 2.519036293029785156e+00
6.240726999999999691e+00 2.519036293029785156e+00
6.244674999999999976e+00 2.524210929870605469e+00
6.250359000000000442e+00 2.524210929870605469e+00
6.256043000000000021e+00 2.524210929870605469e+00
6.261777000000000371e+00 2.524210929870605469e+00
6.267578999999999567e+00 2.524210929870605469e+00
6.278330000000000410e+00 2.524210929870605469e+00
6.284377000000000102e+00 2.524210929870605469e+00
6.290041999999999689e+00 2.524210929870605469e+00
6.295766000000000417e+00 2.524210929870605469e+00
6.301568999999999754e+00 2.524210929870605469e+00
6.307373000000000118e+00 2.524210929870605469e+00
6.313062999999999647e+00 2.524210929870605469e+00
6.318875000000000242e+00 2.529385566711425781e+00
6.324651000000000245e+00 2.529385566711425781e+00
6.330378999999999756e+00 2.524210929870605469e+00
6.336109000000000435e+00 2.524210929870605469e+00
6.341846999999999568e+00 2.524210929870605469e+00
6.347598999999999769e+00 2.524210929870605469e+00
6.353349999999999831e+00 2.524210929870605469e+00
6.359147000000000105e+00 2.519036293029785156e+00
6.364908999999999928e+00 2.519036293029785156e+00
6.370651999999999759e+00 2.513861656188964844e+00
6.376401999999999681e+00 2.513861656188964844e+00
6.382114999999999760e+00 2.519036293029785156e+00
6.387933000000000305e+00 2.524210929870605469e+00
6.398761999999999617e+00 2.524210929870605469e+00
6.404958999999999847e+00 2.524210929870605469e+00
6.410668000000000255e+00 2.529385566711425781e+00
6.416409999999999947e+00 2.529385566711425781e+00
6.422190999999999761e+00 2.529385566711425781e+00
6.427965999999999624e+00 2.529385566711425781e+00
6.433685999999999794e+00 2.524210929870605469e+00
6.439560000000000173e+00 2.519036293029785156e+00
6.445387000000000199e+00 2.519036293029785156e+00
6.451119000000000270e+00 2.519036293029785156e+00
6.456872999999999863e+00 2.519036293029785156e+00
6.462583999999999662e+00 2.513861656188964844e+00
6.466612999999999722e+00 2.519036293029785156e+00
6.472372000000000014e+00 2.513861656188964844e+00
6.476422999999999597e+00 2.513861656188964844e+00
6.482215000000000060e+00 2.524210929870605469e+00
6.488096999999999781e+00 2.529385566711425781e+00
6.491979999999999862e+00 2.529385566711425781e+00
6.497749999999999915e+00 2.529385566711425781e+00
6.503561999999999621e+00 2.529385566711425781e+00
6.507838999999999707e+00 2.529385566711425781e+00
6.518844999999999779e+00 2.524210929870605469e+00
6.524974000000000274e+00 2.529385566711425781e+00
6.530730000000000146e+00 2.524210929870605469e+00
6.536524000000000001e+00 2.513861656188964844e+00
6.542316999999999716e+00 2.513861656188964844e+00
6.548193000000000374e+00 2.519036293029785156e+00
6.553963000000000427e+00 2.519036293029785156e+00
6.559806000000000026e+00 2.513861656188964844e+00
6.565679000000000265e+00 2.513861656188964844e+00
6.571489999999999831e+00 2.513861656188964844e+00
6.577310999999999908e+00 2.519036293029785156e+00
6.583066999999999780e+00 2.524210929870605469e+00
6.588951999999999920e+00 2.529385566711425781e+00
6.594822999999999880e+00 2.529385566711425781e+00
6.598836000000000368e+00 2.529385566711425781e+00
6.604696999999999818e+00 2.529385566711425781e+00
6.610545000000000115e+00 2.529385566711425781e+00
6.616405999999999565e+00 2.529385566711425781e+00
6.620446000000000275e+00 2.524210929870605469e+00
6.626206999999999958e+00 2.524210929870605469e+00
6.637021999999999977e+00 2.513861656188964844e+00
6.643060000000000187e+00 2.519036293029785156e+00
6.648952000000000417e+00 2.513861656188964844e+00
6.654891000000000112e+00 2.513861656188964844e+00
6.660728999999999900e+00 2.519036293029785156e+00
6.666566999999999688e+00 2.519036293029785156e+00
6.672445999999999877e+00 2.519036293029785156e+00
6.678378000000000370e+00 2.524210929870605469e+00
6.684331000000000245e+00 2.529385566711425781e+00
6.690178000000000402e+00 2.529385566711425781e+00
6.696111000000000146e+00 2.524210929870605469e+00
6.701978999999999687e+00 2.524210929870605469e+00
6.707939999999999792e+00 2.524210929870605469e+00
6.713968000000000380e+00 2.524210929870605469e+00
6.719903000000000404e+00 2.524210929870605469e+00
6.725812999999999597e+00 2.524210929870605469e+00
6.729752999999999652e+00 2.519036293029785156e+00
6.735662999999999734e+00 2.519036293029785156e+00
6.741500000000000270e+00 2.513861656188964844e+00
6.752354999999999663e+00 2.519036293029785156e+00
6.758581000000000394e+00 2.519036293029785156e+00
6.762648000000000437e+00 2.519036293029785156e+00
6.768578999999999901e+00 2.524210929870605469e+00
6.774555000000000327e+00 2.524210929870605469e+00
6.780440999999999718e+00 2.524210929870605469e+00
6.786349000000000409e+00 2.529385566711425781e+00
6.792210999999999999e+00 2.524210929870605469e+00
6.798154000000000252e+00 2.524210929870605469e+00
6.804071999999999676e+00 2.524210929870605469e+00
6.809993000000000407e+00 2.524210929870605469e+00
6.815939000000000192e+00 2.519036293029785156e+00
6.821854000000000084e+00 2.524210929870605469e+00
6.827810999999999630e+00 2.524210929870605469e+00
6.833707999999999672e+00 2.524210929870605469e+00
6.839725999999999750e+00 2.519036293029785156e+00
6.845724999999999838e+00 2.519036293029785156e+00
6.851595999999999798e+00 2.519036293029785156e+00
6.857594999999999885e+00 2.519036293029785156e+00
6.870573000000000263e+00 2.513861656188964844e+00
6.876862000000000030e+00 2.513861656188964844e+00
6.882738999999999940e+00 2.524210929870605469e+00
6.886828999999999645e+00 2.524210929870605469e+00
6.892776999999999710e+00 2.524210929870605469e+00
6.898724999999999774e+00 2.524210929870605469e+00
6.904715999999999632e+00 2.524210929870605469e+00
6.910632999999999804e+00 2.524210929870605469e+00
6.916669999999999874e+00 2.529385566711425781e+00
6.922596000000000416e+00 2.529385566711425781e+00
6.933953999999999951e+00 2.524210929870605469e+00
6.945693999999999591e+00 2.519036293029785156e+00
6.952918000000000376e+00 2.519036293029785156e+00
6.960585000000000022e+00 2.513861656188964844e+00
6.966788000000000203e+00 2.519036293029785156e+00
6.972781000000000340e+00 2.513861656188964844e+00
6.978862000000000343e+00 2.513861656188964844e+00
6.989815000000000111e+00 2.524210929870605469e+00
6.996020999999999823e+00 2.524210929870605469e+00
7.001968999999999888e+00 2.524210929870605469e+00
7.007962000000000025e+00 2.524210929870605469e+00
7.012038999999999689e+00 2.529385566711425781e+00
7.018022000000000205e+00 2.529385566711425781e+00
7.024015000000000342e+00 2.524210929870605469e+00
7.029999000000000109e+00 2.524210929870605469e+00
7.035986000000000296e+00 2.519036293029785156e+00
7.041940999999999562e+00 2.513861656188964844e+00
7.047941999999999929e+00 2.513861656188964844e+00
7.053871000000000002e+00 2.513861656188964844e+00
7.059874999999999901e+00 2.513861656188964844e+00
7.065873999999999988e+00 2.513861656188964844e+00
7.071832999999999814e+00 2.513861656188964844e+00
7.077841000000000271e+00 2.513861656188964844e+00
7.083765999999999785e+00 2.524210929870605469e+00
7.089819999999999567e+00 2.529385566711425781e+00
7.095925000000000260e+00 2.524210929870605469e+00
7.106778000000000262e+00 2.529385566711425781e+00
7.113006000000000384e+00 2.524210929870605469e+00
7.119044999999999845e+00 2.529385566711425781e+00
7.125084000000000195e+00 2.524210929870605469e+00
7.131104999999999805e+00 2.513861656188964844e+00
7.137247000000000341e+00 2.513861656188964844e+00
7.143201999999999607e+00 2.513861656188964844e+00
7.149202999999999975e+00 2.513861656188964844e+00
7.155301999999999829e+00 2.508687019348144531e+00
7.159417999999999616e+00 2.513861656188964844e+00
7.165453000000000294e+00 2.519036293029785156e+00
7.171465999999999674e+00 2.513861656188964844e+00
7.177567999999999948e+00 2.519036293029785156e+00
7.183576999999999657e+00 2.524210929870605469e+00
7.189650999999999570e+00 2.524210929870605469e+00
7.195753999999999984e+00 2.524210929870605469e+00
7.201808999999999905e+00 2.529385566711425781e+00
7.207893000000000328e+00 2.524210929870605469e+00
7.213888999999999996e+00 2.524210929870605469e+00
7.225106000000000250e+00 2.524210929870605469e+00
7.231391999999999598e+00 2.513861656188964844e+00
7.237508000000000052e+00 2.519036293029785156e+00
7.243496000000000379e+00 2.513861656188964844e+00
7.249672000000000338e+00 2.519036293029785156e+00
7.255767999999999773e+00 2.519036293029785156e+00
7.261778999999999762e+00 2.513861656188964844e+00
7.267860999999999905e+00 2.519036293029785156e+00
7.273922999999999917e+00 2.519036293029785156e+00
7.279990999999999879e+00 2.519036293029785156e+00
7.286056999999999562e+00 2.524210929870605469e+00
7.292094999999999771e+00 2.524210929870605469e+00
7.298245999999999789e+00 2.524210929870605469e+00
7.304359999999999964e+00 2.519036293029785156e+00
7.310412999999999606e+00 2.519036293029785156e+00
7.316464999999999996e+00 2.524210929870605469e+00
7.322592000000000212e+00 2.524210929870605469e+00
7.328667000000000264e+00 2.519036293029785156e+00
7.332821000000000033e+00 2.519036293029785156e+00
7.343962999999999575e+00 2.519036293029785156e+00
7.350344999999999906e+00 2.519036293029785156e+00
7.356374999999999886e+00 2.519036293029785156e+00
7.362416999999999767e+00 2.513861656188964844e+00
7.368595000000000006e+00 2.519036293029785156e+00
7.374755000000000393e+00 2.513861656188964844e+00
7.380802000000000085e+00 2.519036293029785156e+00
7.386829999999999785e+00 2.519036293029785156e+00
7.392970000000000041e+00 2.519036293029785156e+00
7.399079000000000406e+00 2.524210929870605469e+00
7.405241000000000184e+00 2.519036293029785156e+00
7.411304999999999588e+00 2.519036293029785156e+00
7.417450999999999794e+00 2.524210929870605469e+00
7.423538999999999888e+00 2.524210929870605469e+00
7.429695999999999856e+00 2.519036293029785156e+00
7.435795999999999850e+00 2.519036293029785156e+00
7.441932000000000436e+00 2.519036293029785156e+00
7.448013999999999690e+00 2.519036293029785156e+00
7.458938999999999986e+00 2.513861656188964844e+00
7.465355999999999881e+00 2.513861656188964844e+00
7.471504999999999619e+00 2.508687019348144531e+00
7.477687000000000417e+00 2.508687019348144531e+00
7.483765000000000001e+00 2.519036293029785156e+00
7.489974000000000132e+00 2.519036293029785156e+00
7.496134999999999771e+00 2.524210929870605469e+00
7.502264000000000266e+00 2.524210929870605469e+00
7.508428999999999576e+00 2.524210929870605469e+00
7.514555999999999791e+00 2.524210929870605469e+00
7.520710000000000228e+00 2.524210929870605469e+00
7.527041999999999788e+00 2.529385566711425781e+00
7.533165000000000333e+00 2.612179756164550781e+00
7.539373000000000324e+00 3.735066413879394531e+00
7.545592000000000077e+00 4.790682792663574219e+00
7.551726999999999634e+00 4.785508155822753906e+00
7.557941999999999716e+00 4.790682792663574219e+00
7.564040000000000319e+00 4.790682792663574219e+00
7.575217999999999563e+00 4.790682792663574219e+00
7.581628000000000256e+00 4.790682792663574219e+00
7.585829999999999629e+00 4.795857429504394531e+00
7.591953000000000173e+00 4.801032066345214844e+00
7.598163999999999696e+00 4.795857429504394531e+00
7.604343000000000075e+00 4.795857429504394531e+00
7.610490000000000421e+00 4.795857429504394531e+00
7.616626000000000118e+00 4.795857429504394531e+00
7.622859000000000052e+00 4.795857429504394531e+00
7.629113000000000255e+00 4.785508155822753906e+00
7.635296999999999557e+00 4.790682792663574219e+00
7.641483000000000025e+00 4.790682792663574219e+00
7.647701999999999778e+00 4.790682792663574219e+00
7.653846999999999845e+00 4.790682792663574219e+00
7.660085999999999729e+00 4.785508155822753906e+00
7.666297000000000139e+00 4.790682792663574219e+00
7.672530000000000072e+00 4.790682792663574219e+00
7.676826000000000150e+00 4.795857429504394531e+00
7.682976000000000028e+00 4.795857429504394531e+00
7.693957000000000157e+00 4.795857429504394531e+00
7.700458000000000247e+00 4.801032066345214844e+00
7.706662999999999819e+00 4.795857429504394531e+00
7.710799999999999876e+00 4.795857429504394531e+00
7.716978000000000115e+00 4.790682792663574219e+00
7.723154000000000075e+00 4.795857429504394531e+00
7.729484000000000243e+00 4.790682792663574219e+00
7.735711000000000226e+00 4.790682792663574219e+00
7.742028999999999606e+00 4.790682792663574219e+00
7.748295999999999850e+00 4.790682792663574219e+00
7.754535999999999873e+00 4.790682792663574219e+00
7.760715000000000252e+00 4.790682792663574219e+00
7.766950999999999716e+00 4.790682792663574219e+00
7.773155000000000037e+00 4.790682792663574219e+00
7.779435000000000322e+00 4.795857429504394531e+00
7.783648999999999596e+00 4.790682792663574219e+00
7.789998999999999896e+00 4.795857429504394531e+00
7.794234000000000329e+00 4.790682792663574219e+00
7.798439000000000121e+00 4.790682792663574219e+00
7.802654000000000423e+00 4.790682792663574219e+00
7.813918000000000141e+00 4.790682792663574219e+00
7.820447999999999844e+00 4.795857429504394531e+00
7.826704000000000327e+00 4.790682792663574219e+00
7.833086999999999911e+00 4.790682792663574219e+00
7.839451999999999643e+00 4.790682792663574219e+00
7.845741000000000298e+00 4.790682792663574219e+00
7.851969000000000420e+00 4.790682792663574219e+00
7.858305999999999791e+00 4.790682792663574219e+00
7.864628999999999870e+00 4.790682792663574219e+00
7.868865999999999694e+00 4.790682792663574219e+00
7.875080999999999776e+00 4.790682792663574219e+00
7.881300999999999668e+00 4.790682792663574219e+00
