1.278999999999999972e-03 2.534560203552246094e+00
4.730999999999999962e-03 2.534560203552246094e+00
8.201999999999999222e-03 2.534560203552246094e+00
1.165399999999999943e-02 2.534560203552246094e+00
1.532299999999999982e-02 2.534560203552246094e+00
1.901500000000000065e-02 2.534560203552246094e+00
2.230899999999999897e-02 2.534560203552246094e+00
2.577799999999999883e-02 2.534560203552246094e+00
2.923100000000000004e-02 2.539734840393066406e+00
3.741200000000000081e-02 2.529385566711425781e+00
4.101699999999999791e-02 2.529385566711425781e+00
4.431000000000000216e-02 2.529385566711425781e+00
4.778299999999999909e-02 2.534560203552246094e+00
5.120700000000000252e-02 2.534560203552246094e+00
5.450300000000000283e-02 2.534560203552246094e+00
5.796699999999999769e-02 2.529385566711425781e+00
6.156099999999999767e-02 2.534560203552246094e+00
6.504799999999999471e-02 2.529385566711425781e+00
6.849299999999999833e-02 2.534560203552246094e+00
7.194499999999999507e-02 2.534560203552246094e+00
7.541399999999999493e-02 2.534560203552246094e+00
7.901700000000000390e-02 2.529385566711425781e+00
8.229400000000000603e-02 2.534560203552246094e+00
8.574400000000000077e-02 2.534560203552246094e+00
8.919799999999999951e-02 2.534560203552246094e+00
9.265500000000000125e-02 2.539734840393066406e+00
9.601500000000000312e-02 2.534560203552246094e+00
9.939299999999999524e-02 2.539734840393066406e+00
1.028400000000000009e-01 2.529385566711425781e+00
1.061829999999999996e-01 2.534560203552246094e+00
1.096059999999999951e-01 2.539734840393066406e+00
1.128989999999999994e-01 2.534560203552246094e+00
1.163529999999999981e-01 2.534560203552246094e+00
1.197919999999999957e-01 2.539734840393066406e+00
1.232499999999999984e-01 2.539734840393066406e+00
1.265479999999999938e-01 2.539734840393066406e+00
1.299970000000000014e-01 2.539734840393066406e+00
1.334730000000000083e-01 2.534560203552246094e+00
1.369130000000000069e-01 2.529385566711425781e+00
1.403639999999999888e-01 2.529385566711425781e+00
1.480259999999999909e-01 2.534560203552246094e+00
1.515759999999999885e-01 2.534560203552246094e+00
1.551589999999999914e-01 2.529385566711425781e+00
1.586450000000000082e-01 2.534560203552246094e+00
1.619369999999999976e-01 2.529385566711425781e+00
1.653880000000000072e-01 2.529385566711425781e+00
1.689930000000000043e-01 2.529385566711425781e+00
1.722760000000000125e-01 2.529385566711425781e+00
1.757259999999999933e-01 2.529385566711425781e+00
1.792279999999999984e-01 2.529385566711425781e+00
1.827820000000000000e-01 2.529385566711425781e+00
1.862389999999999879e-01 2.529385566711425781e+00
1.895340000000000080e-01 2.534560203552246094e+00
1.930000000000000049e-01 2.534560203552246094e+00
1.964370000000000005e-01 2.534560203552246094e+00
1.997279999999999889e-01 2.534560203552246094e+00
2.031769999999999965e-01 2.534560203552246094e+00
2.066489999999999994e-01 2.539734840393066406e+00
2.099239999999999995e-01 2.539734840393066406e+00
2.133760000000000101e-01 2.539734840393066406e+00
2.168289999999999940e-01 2.544909477233886719e+00
2.201629999999999976e-01 2.539734840393066406e+00
2.237159999999999982e-01 2.539734840393066406e+00
2.271660000000000068e-01 2.539734840393066406e+00
2.306380000000000097e-01 2.539734840393066406e+00
2.340730000000000033e-01 2.539734840393066406e+00
2.375369999999999981e-01 2.529385566711425781e+00
2.409830000000000028e-01 2.534560203552246094e+00
2.444199999999999984e-01 2.534560203552246094e+00
2.477350000000000108e-01 2.529385566711425781e+00
2.512079999999999869e-01 2.529385566711425781e+00
2.545000000000000040e-01 2.529385566711425781e+00
2.582099999999999951e-01 2.529385566711425781e+00
2.663209999999999744e-01 2.529385566711425781e+00
2.698980000000000268e-01 2.529385566711425781e+00
2.733670000000000266e-01 2.529385566711425781e+00
2.768050000000000233e-01 2.529385566711425781e+00
2.802609999999999824e-01 2.529385566711425781e+00
2.838609999999999745e-01 2.534560203552246094e+00
2.871569999999999956e-01 2.534560203552246094e+00
2.906090000000000062e-01 2.539734840393066406e+00
2.939260000000000206e-01 2.539734840393066406e+00
2.973540000000000072e-01 2.539734840393066406e+00
3.008020000000000138e-01 2.544909477233886719e+00
3.042579999999999729e-01 2.539734840393066406e+00
3.075700000000000101e-01 2.539734840393066406e+00
3.110080000000000067e-01 2.539734840393066406e+00
3.142969999999999930e-01 2.539734840393066406e+00
3.177420000000000244e-01 2.539734840393066406e+00
3.212039999999999895e-01 2.539734840393066406e+00
3.246700000000000141e-01 2.539734840393066406e+00
3.279440000000000133e-01 2.539734840393066406e+00
3.313989999999999991e-01 2.539734840393066406e+00
3.348539999999999850e-01 2.529385566711425781e+00
3.383220000000000116e-01 2.529385566711425781e+00
3.417620000000000102e-01 2.529385566711425781e+00
3.451969999999999761e-01 2.529385566711425781e+00
3.488479999999999914e-01 2.529385566711425781e+00
3.521349999999999758e-01 2.524210929870605469e+00
3.555880000000000152e-01 2.529385566711425781e+00
3.590400000000000258e-01 2.529385566711425781e+00
3.623419999999999974e-01 2.524210929870605469e+00
3.657920000000000060e-01 2.529385566711425781e+00
3.690820000000000212e-01 2.524210929870605469e+00
3.725109999999999810e-01 2.529385566711425781e+00
3.805640000000000134e-01 2.534560203552246094e+00
3.841840000000000255e-01 2.534560203552246094e+00
3.876350000000000073e-01 2.539734840393066406e+00
3.909299999999999997e-01 2.544909477233886719e+00
3.943760000000000043e-01 2.539734840393066406e+00
3.978329999999999922e-01 2.539734840393066406e+00
4.011480000000000046e-01 2.539734840393066406e+00
4.045770000000000199e-01 2.539734840393066406e+00
4.080309999999999770e-01 2.539734840393066406e+00
4.113269999999999982e-01 2.544909477233886719e+00
4.147759999999999780e-01 2.534560203552246094e+00
4.182420000000000027e-01 2.534560203552246094e+00
4.218700000000000228e-01 2.534560203552246094e+00
4.251249999999999751e-01 2.534560203552246094e+00
4.285820000000000185e-01 2.539734840393066406e+00
4.320330000000000004e-01 2.534560203552246094e+00
4.353259999999999907e-01 2.529385566711425781e+00
4.387769999999999726e-01 2.529385566711425781e+00
4.421229999999999882e-01 2.529385566711425781e+00
4.455720000000000236e-01 2.529385566711425781e+00
4.490060000000000162e-01 2.529385566711425781e+00
4.524839999999999973e-01 2.529385566711425781e+00
4.559529999999999972e-01 2.529385566711425781e+00
4.593550000000000133e-01 2.534560203552246094e+00
4.628010000000000179e-01 2.529385566711425781e+00
4.662209999999999965e-01 2.529385566711425781e+00
4.695619999999999794e-01 2.529385566711425781e+00
4.729809999999999848e-01 2.534560203552246094e+00
4.764840000000000186e-01 2.534560203552246094e+00
4.799010000000000220e-01 2.534560203552246094e+00
4.833720000000000239e-01 2.539734840393066406e+00
4.916889999999999872e-01 2.544909477233886719e+00
4.951659999999999950e-01 2.539734840393066406e+00
4.987519999999999731e-01 2.534560203552246094e+00
5.022229999999999750e-01 2.539734840393066406e+00
5.058219999999999938e-01 2.534560203552246094e+00
5.094889999999999697e-01 2.539734840393066406e+00
5.135720000000000285e-01 2.539734840393066406e+00
5.178479999999999750e-01 2.534560203552246094e+00
5.211430000000000229e-01 2.534560203552246094e+00
5.245950000000000335e-01 2.534560203552246094e+00
5.280500000000000194e-01 2.539734840393066406e+00
5.316570000000000462e-01 2.539734840393066406e+00
5.349669999999999703e-01 2.529385566711425781e+00
5.384609999999999674e-01 2.529385566711425781e+00
5.417370000000000241e-01 2.534560203552246094e+00
5.451909999999999812e-01 2.534560203552246094e+00
5.488140000000000240e-01 2.534560203552246094e+00
5.522519999999999651e-01 2.534560203552246094e+00
5.558570000000000455e-01 2.529385566711425781e+00
5.593069999999999986e-01 2.534560203552246094e+00
5.627529999999999477e-01 2.534560203552246094e+00
5.662310000000000398e-01 2.534560203552246094e+00
5.696630000000000305e-01 2.529385566711425781e+00
5.729560000000000208e-01 2.529385566711425781e+00
5.764369999999999772e-01 2.534560203552246094e+00
5.797010000000000218e-01 2.534560203552246094e+00
5.831739999999999702e-01 2.534560203552246094e+00
5.866069999999999895e-01 2.534560203552246094e+00
5.899149999999999672e-01 2.539734840393066406e+00
5.933469999999999578e-01 2.539734840393066406e+00
5.971610000000000529e-01 2.539734840393066406e+00
6.045260000000000078e-01 2.534560203552246094e+00
6.081760000000000499e-01 2.534560203552246094e+00
6.115890000000000493e-01 2.539734840393066406e+00
6.150250000000000439e-01 2.539734840393066406e+00
6.186530000000000085e-01 2.534560203552246094e+00
6.219440000000000524e-01 2.534560203552246094e+00
6.254129999999999967e-01 2.544909477233886719e+00
6.290010000000000323e-01 2.544909477233886719e+00
6.323360000000000092e-01 2.539734840393066406e+00
6.357899999999999663e-01 2.539734840393066406e+00
6.392430000000000057e-01 2.534560203552246094e+00
6.425330000000000208e-01 2.534560203552246094e+00
6.460320000000000507e-01 2.534560203552246094e+00
6.494400000000000173e-01 2.534560203552246094e+00
6.527349999999999541e-01 2.534560203552246094e+00
6.562099999999999600e-01 2.534560203552246094e+00
6.596379999999999466e-01 2.534560203552246094e+00
6.629359999999999697e-01 2.534560203552246094e+00
6.664029999999999676e-01 2.534560203552246094e+00
6.698370000000000157e-01 2.529385566711425781e+00
6.731089999999999574e-01 2.529385566711425781e+00
6.766090000000000160e-01 2.529385566711425781e+00
6.800380000000000313e-01 2.529385566711425781e+00
6.833479999999999555e-01 2.529385566711425781e+00
6.868020000000000236e-01 2.534560203552246094e+00
6.902319999999999567e-01 2.539734840393066406e+00
6.935240000000000293e-01 2.539734840393066406e+00
6.969760000000000399e-01 2.534560203552246094e+00
7.004270000000000218e-01 2.534560203552246094e+00
7.037200000000000122e-01 2.539734840393066406e+00
7.071880000000000388e-01 2.539734840393066406e+00
7.106230000000000047e-01 2.539734840393066406e+00
7.188080000000000025e-01 2.544909477233886719e+00
7.224270000000000413e-01 2.539734840393066406e+00
7.257249999999999535e-01 2.539734840393066406e+00
7.291739999999999888e-01 2.539734840393066406e+00
7.325249999999999817e-01 2.539734840393066406e+00
7.359949999999999548e-01 2.534560203552246094e+00
7.394079999999999542e-01 2.534560203552246094e+00
7.426989999999999981e-01 2.534560203552246094e+00
7.461520000000000374e-01 2.539734840393066406e+00
7.495960000000000401e-01 2.534560203552246094e+00
7.530740000000000212e-01 2.529385566711425781e+00
7.565389999999999615e-01 2.529385566711425781e+00
7.599500000000000144e-01 2.534560203552246094e+00
7.633999999999999675e-01 2.529385566711425781e+00
7.668669999999999654e-01 2.529385566711425781e+00
7.701449999999999685e-01 2.529385566711425781e+00
7.735710000000000086e-01 2.529385566711425781e+00
7.770650000000000057e-01 2.529385566711425781e+00
7.803430000000000089e-01 2.529385566711425781e+00
7.837979999999999947e-01 2.534560203552246094e+00
7.871150000000000091e-01 2.534560203552246094e+00
7.905410000000000492e-01 2.539734840393066406e+00
7.940129999999999688e-01 2.539734840393066406e+00
7.974449999999999594e-01 2.539734840393066406e+00
8.007570000000000521e-01 2.539734840393066406e+00
8.041890000000000427e-01 2.539734840393066406e+00
8.076619999999999910e-01 2.539734840393066406e+00
8.112510000000000554e-01 2.544909477233886719e+00
8.145470000000000210e-01 2.539734840393066406e+00
8.179980000000000029e-01 2.544909477233886719e+00
8.214550000000000463e-01 2.539734840393066406e+00
8.247659999999999991e-01 2.544909477233886719e+00
8.328219999999999512e-01 2.534560203552246094e+00
8.365890000000000271e-01 2.529385566711425781e+00
8.400419999999999554e-01 2.534560203552246094e+00
8.433370000000000033e-01 2.534560203552246094e+00
8.467879999999999852e-01 2.529385566711425781e+00
8.502380000000000493e-01 2.529385566711425781e+00
8.535340000000000149e-01 2.529385566711425781e+00
8.569820000000000215e-01 2.529385566711425781e+00
8.604559999999999986e-01 2.529385566711425781e+00
8.637299999999999978e-01 2.529385566711425781e+00
8.671799999999999509e-01 2.529385566711425781e+00
8.704659999999999620e-01 2.529385566711425781e+00
8.739010000000000389e-01 2.529385566711425781e+00
8.773710000000000120e-01 2.534560203552246094e+00
8.808240000000000514e-01 2.534560203552246094e+00
8.841339999999999755e-01 2.539734840393066406e+00
8.875699999999999701e-01 2.539734840393066406e+00
8.910390000000000255e-01 2.544909477233886719e+00
8.943170000000000286e-01 2.544909477233886719e+00
8.977469999999999617e-01 2.544909477233886719e+00
9.011850000000000138e-01 2.550084114074707031e+00
9.045969999999999844e-01 2.539734840393066406e+00
9.153459999999999930e-01 2.539734840393066406e+00
9.252099999999999769e-01 2.534560203552246094e+00
9.290770000000000417e-01 2.539734840393066406e+00
9.325350000000000028e-01 2.534560203552246094e+00
9.361720000000000041e-01 2.529385566711425781e+00
9.442080000000000473e-01 2.529385566711425781e+00
9.475099999999999634e-01 2.529385566711425781e+00
9.509619999999999740e-01 2.534560203552246094e+00
9.544190000000000174e-01 2.529385566711425781e+00
9.577069999999999750e-01 2.534560203552246094e+00
9.611809999999999521e-01 2.534560203552246094e+00
9.646099999999999675e-01 2.534560203552246094e+00
9.678989999999999538e-01 2.534560203552246094e+00
9.713509999999999645e-01 2.534560203552246094e+00
9.747860000000000413e-01 2.534560203552246094e+00
9.781029999999999447e-01 2.534560203552246094e+00
9.815469999999999473e-01 2.534560203552246094e+00
9.850010000000000154e-01 2.539734840393066406e+00
9.886040000000000383e-01 2.539734840393066406e+00
9.918979999999999464e-01 2.544909477233886719e+00
9.953490000000000393e-01 2.544909477233886719e+00
9.988200000000000411e-01 2.539734840393066406e+00
1.002931000000000017e+00 2.539734840393066406e+00
1.007042999999999910e+00 2.539734840393066406e+00
1.011085999999999929e+00 2.539734840393066406e+00
1.015155000000000030e+00 2.539734840393066406e+00
1.019325000000000037e+00 2.539734840393066406e+00
1.023366999999999916e+00 2.539734840393066406e+00
1.027420999999999918e+00 2.539734840393066406e+00
1.031517999999999935e+00 2.534560203552246094e+00
1.035587999999999953e+00 2.529385566711425781e+00
1.039735000000000076e+00 2.529385566711425781e+00
1.043808999999999987e+00 2.534560203552246094e+00
1.047847999999999891e+00 2.539734840393066406e+00
1.056538999999999895e+00 2.534560203552246094e+00
1.061020000000000074e+00 2.534560203552246094e+00
1.065134000000000025e+00 2.534560203552246094e+00
1.069325000000000081e+00 2.534560203552246094e+00
1.073571000000000053e+00 2.534560203552246094e+00
1.077895999999999965e+00 2.529385566711425781e+00
1.081995000000000040e+00 2.534560203552246094e+00
1.086141000000000023e+00 2.539734840393066406e+00
1.090254999999999974e+00 2.539734840393066406e+00
1.094335000000000058e+00 2.539734840393066406e+00
1.098548000000000080e+00 2.539734840393066406e+00
1.102657999999999916e+00 2.534560203552246094e+00
1.106856999999999980e+00 2.534560203552246094e+00
1.110975999999999964e+00 2.539734840393066406e+00
1.115097999999999923e+00 2.539734840393066406e+00
1.119297999999999904e+00 2.539734840393066406e+00
1.123407000000000044e+00 2.539734840393066406e+00
1.127526000000000028e+00 2.539734840393066406e+00
1.131652000000000102e+00 2.544909477233886719e+00
1.135783999999999905e+00 2.539734840393066406e+00
1.139982999999999969e+00 2.534560203552246094e+00
1.144144000000000050e+00 2.534560203552246094e+00
1.148373000000000088e+00 2.534560203552246094e+00
1.152506999999999948e+00 2.534560203552246094e+00
1.156695000000000029e+00 2.529385566711425781e+00
1.160862999999999978e+00 2.534560203552246094e+00
1.165132000000000057e+00 2.534560203552246094e+00
1.173836000000000102e+00 2.529385566711425781e+00
1.178535000000000110e+00 2.529385566711425781e+00
1.182698999999999945e+00 2.534560203552246094e+00
1.186911000000000049e+00 2.534560203552246094e+00
1.191082999999999892e+00 2.534560203552246094e+00
1.195264000000000104e+00 2.539734840393066406e+00
1.199562999999999935e+00 2.534560203552246094e+00
1.203764000000000056e+00 2.534560203552246094e+00
1.208051999999999904e+00 2.539734840393066406e+00
1.212231999999999976e+00 2.539734840393066406e+00
1.216517999999999988e+00 2.544909477233886719e+00
1.220704999999999929e+00 2.539734840393066406e+00
1.224896999999999903e+00 2.544909477233886719e+00
1.229193999999999898e+00 2.544909477233886719e+00
1.233381999999999978e+00 2.544909477233886719e+00
1.237568000000000001e+00 2.534560203552246094e+00
1.241770000000000040e+00 2.534560203552246094e+00
1.246035000000000004e+00 2.534560203552246094e+00
1.250220000000000109e+00 2.534560203552246094e+00
1.254439000000000082e+00 2.529385566711425781e+00
1.258788000000000018e+00 2.529385566711425781e+00
1.263026999999999900e+00 2.529385566711425781e+00
1.267249000000000070e+00 2.529385566711425781e+00
1.271484999999999976e+00 2.529385566711425781e+00
1.275721000000000105e+00 2.529385566711425781e+00
1.280210000000000070e+00 2.529385566711425781e+00
1.285109999999999975e+00 2.529385566711425781e+00
1.293047000000000057e+00 2.534560203552246094e+00
1.297481000000000106e+00 2.539734840393066406e+00
1.301711000000000062e+00 2.544909477233886719e+00
1.306030999999999942e+00 2.539734840393066406e+00
1.310289999999999955e+00 2.539734840393066406e+00
1.314594999999999958e+00 2.544909477233886719e+00
1.318920000000000092e+00 2.539734840393066406e+00
1.323166999999999982e+00 2.539734840393066406e+00
1.327439000000000036e+00 2.544909477233886719e+00
1.331733000000000056e+00 2.539734840393066406e+00
1.336079999999999934e+00 2.534560203552246094e+00
1.340335000000000054e+00 2.529385566711425781e+00
1.344613999999999976e+00 2.529385566711425781e+00
1.348962999999999912e+00 2.529385566711425781e+00
1.353247000000000089e+00 2.529385566711425781e+00
1.357561000000000018e+00 2.529385566711425781e+00
1.361850000000000005e+00 2.529385566711425781e+00
1.366201999999999916e+00 2.529385566711425781e+00
1.370498999999999912e+00 2.529385566711425781e+00
1.374802999999999997e+00 2.529385566711425781e+00
1.379370999999999903e+00 2.529385566711425781e+00
1.383837999999999901e+00 2.534560203552246094e+00
1.388225000000000042e+00 2.539734840393066406e+00
1.392535000000000078e+00 2.544909477233886719e+00
1.396948999999999996e+00 2.539734840393066406e+00
1.401696999999999971e+00 2.539734840393066406e+00
1.412107999999999919e+00 2.544909477233886719e+00
1.416600000000000081e+00 2.539734840393066406e+00
1.420935999999999977e+00 2.539734840393066406e+00
1.425275000000000070e+00 2.539734840393066406e+00
1.429729999999999945e+00 2.539734840393066406e+00
1.434093999999999980e+00 2.534560203552246094e+00
1.438588999999999896e+00 2.529385566711425781e+00
1.442954999999999988e+00 2.529385566711425781e+00
1.446280000000000010e+00 2.529385566711425781e+00
1.450666000000000011e+00 2.529385566711425781e+00
1.455030000000000046e+00 2.529385566711425781e+00
1.459464000000000095e+00 2.529385566711425781e+00
1.463815000000000088e+00 2.529385566711425781e+00
1.468221999999999916e+00 2.534560203552246094e+00
1.472609000000000057e+00 2.534560203552246094e+00
1.476992000000000083e+00 2.539734840393066406e+00
1.481384999999999952e+00 2.534560203552246094e+00
1.485934000000000088e+00 2.539734840393066406e+00
1.490350000000000064e+00 2.539734840393066406e+00
1.494709999999999983e+00 2.544909477233886719e+00
1.499193999999999916e+00 2.539734840393066406e+00
1.503582999999999892e+00 2.539734840393066406e+00
1.508013999999999966e+00 2.539734840393066406e+00
1.512413999999999925e+00 2.539734840393066406e+00
1.516812000000000049e+00 2.534560203552246094e+00
1.523438999999999988e+00 2.539734840393066406e+00
1.527231999999999923e+00 2.534560203552246094e+00
1.531039999999999957e+00 2.539734840393066406e+00
1.534750999999999976e+00 2.534560203552246094e+00
1.538529000000000035e+00 2.529385566711425781e+00
1.542243999999999948e+00 2.529385566711425781e+00
1.545990999999999893e+00 2.529385566711425781e+00
1.549708000000000085e+00 2.529385566711425781e+00
1.553428999999999949e+00 2.534560203552246094e+00
1.557166999999999968e+00 2.534560203552246094e+00
1.560875999999999930e+00 2.534560203552246094e+00
1.564599999999999991e+00 2.534560203552246094e+00
1.568386000000000058e+00 2.534560203552246094e+00
1.572108000000000061e+00 2.529385566711425781e+00
1.575833999999999957e+00 2.539734840393066406e+00
1.579593000000000025e+00 2.534560203552246094e+00
1.583320999999999978e+00 2.539734840393066406e+00
1.587242000000000042e+00 2.539734840393066406e+00
1.590985000000000094e+00 2.539734840393066406e+00
1.594724000000000030e+00 2.539734840393066406e+00
1.598530999999999924e+00 2.534560203552246094e+00
1.602281000000000066e+00 2.534560203552246094e+00
1.606089000000000100e+00 2.534560203552246094e+00
1.609853999999999896e+00 2.534560203552246094e+00
1.613596999999999948e+00 2.539734840393066406e+00
1.617358000000000073e+00 2.539734840393066406e+00
1.621105000000000018e+00 2.534560203552246094e+00
1.624880000000000102e+00 2.539734840393066406e+00
1.628657000000000021e+00 2.539734840393066406e+00
1.635544000000000109e+00 2.534560203552246094e+00
1.639685000000000059e+00 2.534560203552246094e+00
1.643507999999999969e+00 2.534560203552246094e+00
1.647310000000000052e+00 2.534560203552246094e+00
1.651089999999999947e+00 2.534560203552246094e+00
1.654854999999999965e+00 2.529385566711425781e+00
1.658641000000000032e+00 2.534560203552246094e+00
1.662417000000000034e+00 2.534560203552246094e+00
1.666253999999999902e+00 2.534560203552246094e+00
1.670025000000000093e+00 2.529385566711425781e+00
1.673807000000000045e+00 2.534560203552246094e+00
1.677624000000000004e+00 2.529385566711425781e+00
1.681421000000000054e+00 2.529385566711425781e+00
1.685211000000000015e+00 2.534560203552246094e+00
1.689205000000000068e+00 2.534560203552246094e+00
1.693003999999999953e+00 2.534560203552246094e+00
1.696824000000000110e+00 2.534560203552246094e+00
1.700625000000000053e+00 2.534560203552246094e+00
1.704420000000000046e+00 2.534560203552246094e+00
1.708285999999999971e+00 2.539734840393066406e+00
1.712104000000000070e+00 2.539734840393066406e+00
1.715959000000000012e+00 2.539734840393066406e+00
1.719754000000000005e+00 2.539734840393066406e+00
1.723578999999999972e+00 2.539734840393066406e+00
1.727411000000000030e+00 2.539734840393066406e+00
1.731233999999999940e+00 2.539734840393066406e+00
1.735052000000000039e+00 2.534560203552246094e+00
1.738933999999999980e+00 2.534560203552246094e+00
1.748628999999999989e+00 2.534560203552246094e+00
1.753509999999999902e+00 2.529385566711425781e+00
1.757379999999999942e+00 2.529385566711425781e+00
1.761201000000000016e+00 2.529385566711425781e+00
1.765034999999999910e+00 2.529385566711425781e+00
1.768917000000000073e+00 2.529385566711425781e+00
1.772753000000000023e+00 2.529385566711425781e+00
1.776645000000000030e+00 2.529385566711425781e+00
1.780478999999999923e+00 2.529385566711425781e+00
1.784316999999999931e+00 2.534560203552246094e+00
1.788351999999999942e+00 2.534560203552246094e+00
1.792354000000000003e+00 2.534560203552246094e+00
1.796272000000000091e+00 2.534560203552246094e+00
1.800146000000000024e+00 2.539734840393066406e+00
1.804002000000000105e+00 2.539734840393066406e+00
1.807940000000000103e+00 2.539734840393066406e+00
1.811803000000000052e+00 2.544909477233886719e+00
1.815666000000000002e+00 2.539734840393066406e+00
1.819566999999999934e+00 2.539734840393066406e+00
1.823433000000000082e+00 2.539734840393066406e+00
1.827326000000000006e+00 2.539734840393066406e+00
1.831301000000000068e+00 2.539734840393066406e+00
1.835167999999999910e+00 2.534560203552246094e+00
1.839110000000000023e+00 2.534560203552246094e+00
1.842980999999999980e+00 2.529385566711425781e+00
1.846885000000000110e+00 2.529385566711425781e+00
1.850775000000000059e+00 2.529385566711425781e+00
1.854657000000000000e+00 2.529385566711425781e+00
1.861674999999999969e+00 2.529385566711425781e+00
1.865652000000000088e+00 2.529385566711425781e+00
1.869637999999999911e+00 2.529385566711425781e+00
1.873534000000000033e+00 2.529385566711425781e+00
1.877453000000000038e+00 2.529385566711425781e+00
1.881347000000000103e+00 2.529385566711425781e+00
1.885251999999999928e+00 2.534560203552246094e+00
1.889235999999999915e+00 2.539734840393066406e+00
1.892425999999999942e+00 2.544909477233886719e+00
1.896384999999999987e+00 2.539734840393066406e+00
1.900301999999999936e+00 2.539734840393066406e+00
1.904207999999999901e+00 2.539734840393066406e+00
1.913567000000000018e+00 2.544909477233886719e+00
1.922341000000000077e+00 2.539734840393066406e+00
1.927799999999999958e+00 2.539734840393066406e+00
1.935211000000000015e+00 2.534560203552246094e+00
1.939246000000000025e+00 2.529385566711425781e+00
1.943187999999999915e+00 2.529385566711425781e+00
1.947157000000000027e+00 2.529385566711425781e+00
1.951114999999999933e+00 2.529385566711425781e+00
1.955059000000000102e+00 2.529385566711425781e+00
1.959065000000000056e+00 2.529385566711425781e+00
1.963022000000000045e+00 2.529385566711425781e+00
1.967025999999999941e+00 2.529385566711425781e+00
1.973843000000000014e+00 2.529385566711425781e+00
1.978207999999999966e+00 2.534560203552246094e+00
1.982169999999999987e+00 2.534560203552246094e+00
1.986193000000000097e+00 2.539734840393066406e+00
1.990156999999999954e+00 2.539734840393066406e+00
1.994154999999999900e+00 2.539734840393066406e+00
1.998210999999999959e+00 2.539734840393066406e+00
2.002174999999999816e+00 2.539734840393066406e+00
2.006203000000000181e+00 2.539734840393066406e+00
2.010175999999999963e+00 2.539734840393066406e+00
2.014142000000000099e+00 2.534560203552246094e+00
2.018183000000000060e+00 2.534560203552246094e+00
2.022151000000000032e+00 2.534560203552246094e+00
2.026187999999999878e+00 2.539734840393066406e+00
2.030167000000000055e+00 2.534560203552246094e+00
2.034133000000000191e+00 2.529385566711425781e+00
2.038282999999999845e+00 2.529385566711425781e+00
2.042269999999999808e+00 2.529385566711425781e+00
2.046310000000000073e+00 2.529385566711425781e+00
2.050304999999999822e+00 2.529385566711425781e+00
2.053402000000000172e+00 2.529385566711425781e+00
2.057395000000000085e+00 2.529385566711425781e+00
2.061382000000000048e+00 2.529385566711425781e+00
2.065380999999999911e+00 2.534560203552246094e+00
2.069465999999999806e+00 2.529385566711425781e+00
2.073456999999999883e+00 2.534560203552246094e+00
2.077488999999999919e+00 2.534560203552246094e+00
2.081490000000000062e+00 2.529385566711425781e+00
2.088405999999999985e+00 2.539734840393066406e+00
2.092633000000000187e+00 2.534560203552246094e+00
2.096851000000000020e+00 2.539734840393066406e+00
2.100859999999999950e+00 2.539734840393066406e+00
2.104884000000000199e+00 2.534560203552246094e+00
2.108940000000000037e+00 2.534560203552246094e+00
2.112960000000000171e+00 2.534560203552246094e+00
2.116989999999999927e+00 2.534560203552246094e+00
2.121014999999999873e+00 2.534560203552246094e+00
2.125045000000000073e+00 2.534560203552246094e+00
2.129135999999999918e+00 2.534560203552246094e+00
2.133173000000000208e+00 2.529385566711425781e+00
2.137211999999999890e+00 2.529385566711425781e+00
2.141265999999999892e+00 2.534560203552246094e+00
2.145315999999999779e+00 2.534560203552246094e+00
2.149477000000000082e+00 2.534560203552246094e+00
2.153560000000000141e+00 2.529385566711425781e+00
2.157614000000000143e+00 2.529385566711425781e+00
2.161658000000000079e+00 2.529385566711425781e+00
2.165716999999999892e+00 2.534560203552246094e+00
2.169875000000000220e+00 2.534560203552246094e+00
2.173928000000000083e+00 2.534560203552246094e+00
2.178084000000000131e+00 2.534560203552246094e+00
2.182154999999999845e+00 2.529385566711425781e+00
2.186284999999999812e+00 2.529385566711425781e+00
2.190352999999999994e+00 2.534560203552246094e+00
2.194436000000000053e+00 2.534560203552246094e+00
2.198710000000000164e+00 2.534560203552246094e+00
2.205595000000000194e+00 2.534560203552246094e+00
2.210084999999999855e+00 2.534560203552246094e+00
2.213210999999999817e+00 2.534560203552246094e+00
2.217293999999999876e+00 2.534560203552246094e+00
2.221394000000000091e+00 2.534560203552246094e+00
2.226539999999999964e+00 2.539734840393066406e+00
2.231486999999999998e+00 2.539734840393066406e+00
2.236512999999999973e+00 2.534560203552246094e+00
2.241474000000000188e+00 2.529385566711425781e+00
2.246537000000000006e+00 2.529385566711425781e+00
2.251492999999999967e+00 2.529385566711425781e+00
2.256527000000000172e+00 2.529385566711425781e+00
2.261516999999999999e+00 2.534560203552246094e+00
2.266544000000000114e+00 2.529385566711425781e+00
2.271529999999999827e+00 2.529385566711425781e+00
2.276590000000000114e+00 2.529385566711425781e+00
2.281560999999999950e+00 2.529385566711425781e+00
2.286611000000000171e+00 2.534560203552246094e+00
2.291707000000000161e+00 2.534560203552246094e+00
2.296762000000000192e+00 2.534560203552246094e+00
2.301880000000000148e+00 2.529385566711425781e+00
2.306926999999999950e+00 2.534560203552246094e+00
2.311923999999999868e+00 2.539734840393066406e+00
2.321813000000000127e+00 2.534560203552246094e+00
2.326363000000000181e+00 2.539734840393066406e+00
2.330506999999999884e+00 2.534560203552246094e+00
2.334658999999999818e+00 2.534560203552246094e+00
2.338856999999999964e+00 2.529385566711425781e+00
2.342030999999999974e+00 2.534560203552246094e+00
2.346225000000000005e+00 2.529385566711425781e+00
2.349391999999999925e+00 2.529385566711425781e+00
2.353543999999999858e+00 2.524210929870605469e+00
2.357704000000000022e+00 2.524210929870605469e+00
2.361871999999999971e+00 2.529385566711425781e+00
2.365064999999999973e+00 2.524210929870605469e+00
2.369283999999999946e+00 2.524210929870605469e+00
2.373438999999999854e+00 2.524210929870605469e+00
2.377615000000000034e+00 2.529385566711425781e+00
2.381781000000000148e+00 2.529385566711425781e+00
2.386055999999999955e+00 2.529385566711425781e+00
2.390251999999999821e+00 2.534560203552246094e+00
2.394429999999999836e+00 2.539734840393066406e+00
2.398662999999999990e+00 2.539734840393066406e+00
2.402867000000000086e+00 2.539734840393066406e+00
2.406010000000000204e+00 2.534560203552246094e+00
2.410165000000000113e+00 2.539734840393066406e+00
2.414336000000000038e+00 2.534560203552246094e+00
2.418581000000000092e+00 2.539734840393066406e+00
2.422747999999999902e+00 2.534560203552246094e+00
2.426934999999999842e+00 2.539734840393066406e+00
2.431137000000000103e+00 2.534560203552246094e+00
2.438347999999999960e+00 2.529385566711425781e+00
2.442609000000000030e+00 2.529385566711425781e+00
2.446934000000000164e+00 2.524210929870605469e+00
2.451166000000000178e+00 2.524210929870605469e+00
2.455379999999999896e+00 2.524210929870605469e+00
2.459696000000000105e+00 2.529385566711425781e+00
2.463925999999999839e+00 2.524210929870605469e+00
2.467208999999999985e+00 2.529385566711425781e+00
2.471426000000000123e+00 2.524210929870605469e+00
2.475667000000000062e+00 2.529385566711425781e+00
2.480045000000000055e+00 2.529385566711425781e+00
2.484293999999999780e+00 2.534560203552246094e+00
2.488592999999999833e+00 2.534560203552246094e+00
2.492856000000000183e+00 2.534560203552246094e+00
2.497110999999999859e+00 2.534560203552246094e+00
2.501345000000000152e+00 2.539734840393066406e+00
2.505676999999999932e+00 2.534560203552246094e+00
2.509961999999999804e+00 2.534560203552246094e+00
2.514193000000000122e+00 2.534560203552246094e+00
2.518483999999999945e+00 2.534560203552246094e+00
2.522733000000000114e+00 2.534560203552246094e+00
2.526981000000000144e+00 2.534560203552246094e+00
2.531217999999999968e+00 2.534560203552246094e+00
2.535447000000000006e+00 2.529385566711425781e+00
2.539791000000000132e+00 2.524210929870605469e+00
2.543012000000000050e+00 2.529385566711425781e+00
2.547257999999999800e+00 2.529385566711425781e+00
2.554438000000000208e+00 2.529385566711425781e+00
2.558793000000000095e+00 2.529385566711425781e+00
2.562025000000000219e+00 2.534560203552246094e+00
2.566323000000000132e+00 2.529385566711425781e+00
2.570568999999999882e+00 2.529385566711425781e+00
2.574841000000000157e+00 2.529385566711425781e+00
2.579149999999999832e+00 2.529385566711425781e+00
2.583407999999999927e+00 2.529385566711425781e+00
2.587698000000000054e+00 2.534560203552246094e+00
2.591953000000000173e+00 2.534560203552246094e+00
2.596283999999999814e+00 2.534560203552246094e+00
2.600544000000000189e+00 2.534560203552246094e+00
2.604973999999999901e+00 2.529385566711425781e+00
2.609325000000000117e+00 2.529385566711425781e+00
2.613605000000000178e+00 2.529385566711425781e+00
2.616823000000000121e+00 2.529385566711425781e+00
2.621090999999999838e+00 2.529385566711425781e+00
2.625363999999999809e+00 2.534560203552246094e+00
2.629748000000000197e+00 2.534560203552246094e+00
2.634037000000000184e+00 2.529385566711425781e+00
2.637340000000000018e+00 2.524210929870605469e+00
2.640617999999999910e+00 2.529385566711425781e+00
2.644893999999999856e+00 2.534560203552246094e+00
2.649249000000000187e+00 2.529385566711425781e+00
2.653559000000000001e+00 2.529385566711425781e+00
2.657855000000000079e+00 2.529385566711425781e+00
2.662139999999999951e+00 2.529385566711425781e+00
2.666631000000000196e+00 2.529385566711425781e+00
2.675305999999999962e+00 2.529385566711425781e+00
2.679752999999999830e+00 2.529385566711425781e+00
2.683005000000000084e+00 2.529385566711425781e+00
2.687295999999999907e+00 2.529385566711425781e+00
2.691597999999999935e+00 2.534560203552246094e+00
2.695942000000000061e+00 2.534560203552246094e+00
2.700247000000000064e+00 2.529385566711425781e+00
2.704553999999999903e+00 2.529385566711425781e+00
2.708975999999999829e+00 2.534560203552246094e+00
2.712206000000000117e+00 2.534560203552246094e+00
2.716578000000000159e+00 2.529385566711425781e+00
2.720917000000000030e+00 2.529385566711425781e+00
2.725245000000000140e+00 2.534560203552246094e+00
2.729654000000000025e+00 2.539734840393066406e+00
2.733973000000000209e+00 2.534560203552246094e+00
2.738366000000000078e+00 2.529385566711425781e+00
2.741598000000000201e+00 2.529385566711425781e+00
2.745966000000000129e+00 2.529385566711425781e+00
2.750300999999999885e+00 2.529385566711425781e+00
2.754627999999999854e+00 2.529385566711425781e+00
2.759030999999999789e+00 2.529385566711425781e+00
2.763365999999999989e+00 2.529385566711425781e+00
2.767716000000000065e+00 2.524210929870605469e+00
2.772053000000000100e+00 2.524210929870605469e+00
2.776435999999999904e+00 2.529385566711425781e+00
2.784114999999999895e+00 2.524210929870605469e+00
2.788686999999999916e+00 2.529385566711425781e+00
2.793053000000000008e+00 2.534560203552246094e+00
2.797414999999999985e+00 2.534560203552246094e+00
2.801778000000000102e+00 2.534560203552246094e+00
2.806197000000000052e+00 2.534560203552246094e+00
2.809587000000000057e+00 2.534560203552246094e+00
2.813946000000000058e+00 2.534560203552246094e+00
2.818400000000000016e+00 2.534560203552246094e+00
2.822772000000000059e+00 2.534560203552246094e+00
2.827154999999999863e+00 2.534560203552246094e+00
2.830395999999999912e+00 2.534560203552246094e+00
2.834772000000000070e+00 2.534560203552246094e+00
2.839208999999999872e+00 2.529385566711425781e+00
2.843588000000000005e+00 2.529385566711425781e+00
2.847990999999999939e+00 2.529385566711425781e+00
2.852361999999999842e+00 2.524210929870605469e+00
2.856822000000000195e+00 2.524210929870605469e+00
2.861245999999999956e+00 2.524210929870605469e+00
2.865626999999999924e+00 2.524210929870605469e+00
2.870122999999999980e+00 2.524210929870605469e+00
2.874518999999999824e+00 2.524210929870605469e+00
2.878988000000000103e+00 2.524210929870605469e+00
2.883386999999999922e+00 2.524210929870605469e+00
2.887786999999999882e+00 2.529385566711425781e+00
2.892176000000000080e+00 2.534560203552246094e+00
2.899502000000000024e+00 2.534560203552246094e+00
2.903995999999999800e+00 2.529385566711425781e+00
2.908485999999999905e+00 2.534560203552246094e+00
2.916935000000000056e+00 2.534560203552246094e+00
2.926439999999999930e+00 2.534560203552246094e+00
2.933930000000000149e+00 2.534560203552246094e+00
2.938590000000000035e+00 2.524210929870605469e+00
2.943064000000000124e+00 2.524210929870605469e+00
2.947592999999999908e+00 2.524210929870605469e+00
2.952094000000000218e+00 2.524210929870605469e+00
2.955438000000000009e+00 2.519036293029785156e+00
2.960014000000000145e+00 2.529385566711425781e+00
2.964497999999999855e+00 2.524210929870605469e+00
2.969075000000000131e+00 2.524210929870605469e+00
2.973568000000000211e+00 2.524210929870605469e+00
2.978080999999999978e+00 2.529385566711425781e+00
2.982568999999999804e+00 2.524210929870605469e+00
2.987101000000000006e+00 2.534560203552246094e+00
2.990387999999999824e+00 2.534560203552246094e+00
2.994880000000000209e+00 2.539734840393066406e+00
2.998203000000000173e+00 2.534560203552246094e+00
3.002727000000000146e+00 2.534560203552246094e+00
3.007239999999999913e+00 2.534560203552246094e+00
3.015328999999999926e+00 2.534560203552246094e+00
3.020157999999999898e+00 2.529385566711425781e+00
3.024626000000000037e+00 2.534560203552246094e+00
3.029697000000000084e+00 2.529385566711425781e+00
3.035197000000000145e+00 2.529385566711425781e+00
3.040798999999999808e+00 2.524210929870605469e+00
3.046372999999999998e+00 2.524210929870605469e+00
3.051881999999999984e+00 2.524210929870605469e+00
3.057465999999999795e+00 2.524210929870605469e+00
3.062999000000000027e+00 2.529385566711425781e+00
3.068534999999999791e+00 2.529385566711425781e+00
3.074037999999999826e+00 2.529385566711425781e+00
3.079632999999999843e+00 2.529385566711425781e+00
3.085156000000000009e+00 2.529385566711425781e+00
3.090790000000000148e+00 2.529385566711425781e+00
3.096408999999999967e+00 2.534560203552246094e+00
3.101948999999999845e+00 2.534560203552246094e+00
3.107556999999999903e+00 2.529385566711425781e+00
3.113087999999999855e+00 2.534560203552246094e+00
3.118710999999999789e+00 2.529385566711425781e+00
3.124289999999999790e+00 2.534560203552246094e+00
3.132757999999999932e+00 2.529385566711425781e+00
3.137573000000000167e+00 2.524210929870605469e+00
3.142093000000000025e+00 2.524210929870605469e+00
3.146666999999999881e+00 2.524210929870605469e+00
3.150037999999999894e+00 2.529385566711425781e+00
3.154561999999999866e+00 2.529385566711425781e+00
3.158011999999999819e+00 2.529385566711425781e+00
3.162529000000000146e+00 2.529385566711425781e+00
3.167079000000000200e+00 2.529385566711425781e+00
3.171613999999999933e+00 2.529385566711425781e+00
3.176201999999999970e+00 2.524210929870605469e+00
3.180753000000000164e+00 2.529385566711425781e+00
3.185303999999999913e+00 2.534560203552246094e+00
3.189951999999999899e+00 2.529385566711425781e+00
3.194516999999999829e+00 2.529385566711425781e+00
3.199126000000000136e+00 2.529385566711425781e+00
3.203663999999999845e+00 2.529385566711425781e+00
3.208269000000000037e+00 2.529385566711425781e+00
3.212817999999999952e+00 2.534560203552246094e+00
3.217384000000000022e+00 2.529385566711425781e+00
3.222050999999999998e+00 2.529385566711425781e+00
3.225432000000000077e+00 2.529385566711425781e+00
3.230058999999999791e+00 2.534560203552246094e+00
3.233403000000000027e+00 2.534560203552246094e+00
3.238008999999999915e+00 2.529385566711425781e+00
3.242612999999999968e+00 2.524210929870605469e+00
3.250464000000000020e+00 2.529385566711425781e+00
3.255355999999999916e+00 2.529385566711425781e+00
3.260031999999999819e+00 2.529385566711425781e+00
3.264666000000000068e+00 2.524210929870605469e+00
3.269302000000000152e+00 2.529385566711425781e+00
3.273865999999999943e+00 2.524210929870605469e+00
3.278503999999999863e+00 2.524210929870605469e+00
3.283087000000000089e+00 2.529385566711425781e+00
3.287684000000000051e+00 2.529385566711425781e+00
3.291030999999999818e+00 2.529385566711425781e+00
3.295589999999999797e+00 2.529385566711425781e+00
3.298998999999999793e+00 2.529385566711425781e+00
3.303573000000000093e+00 2.529385566711425781e+00
3.307001000000000079e+00 2.529385566711425781e+00
3.311580999999999886e+00 2.529385566711425781e+00
3.316221999999999781e+00 2.534560203552246094e+00
3.320806999999999842e+00 2.529385566711425781e+00
3.325501000000000040e+00 2.534560203552246094e+00
3.330159000000000091e+00 2.534560203552246094e+00
3.334776000000000185e+00 2.529385566711425781e+00
3.338188999999999851e+00 2.524210929870605469e+00
3.342757999999999896e+00 2.529385566711425781e+00
3.347348999999999908e+00 2.524210929870605469e+00
3.351977000000000206e+00 2.529385566711425781e+00
3.356619999999999937e+00 2.519036293029785156e+00
3.360028999999999932e+00 2.524210929870605469e+00
3.367637000000000214e+00 2.524210929870605469e+00
3.372335999999999778e+00 2.519036293029785156e+00
3.377029999999999976e+00 2.524210929870605469e+00
3.381673999999999847e+00 2.524210929870605469e+00
3.386365000000000069e+00 2.529385566711425781e+00
3.390995999999999899e+00 2.529385566711425781e+00
3.395630000000000148e+00 2.529385566711425781e+00
3.400314999999999976e+00 2.534560203552246094e+00
3.405044999999999877e+00 2.529385566711425781e+00
3.409787999999999819e+00 2.534560203552246094e+00
3.413196000000000119e+00 2.534560203552246094e+00
3.416643000000000097e+00 2.534560203552246094e+00
3.419932000000000194e+00 2.534560203552246094e+00
3.424754000000000076e+00 2.534560203552246094e+00
3.429584999999999884e+00 2.534560203552246094e+00
3.434232000000000173e+00 2.534560203552246094e+00
3.438952000000000009e+00 2.524210929870605469e+00
3.442397999999999847e+00 2.524210929870605469e+00
3.445841999999999850e+00 2.524210929870605469e+00
3.450559000000000154e+00 2.524210929870605469e+00
3.455242000000000147e+00 2.519036293029785156e+00
3.459988000000000063e+00 2.524210929870605469e+00
3.464690000000000047e+00 2.524210929870605469e+00
3.469443000000000055e+00 2.529385566711425781e+00
3.474101999999999801e+00 2.524210929870605469e+00
3.478855999999999948e+00 2.524210929870605469e+00
3.486502000000000212e+00 2.529385566711425781e+00
3.491245999999999849e+00 2.529385566711425781e+00
3.495969000000000104e+00 2.534560203552246094e+00
3.500646999999999842e+00 2.529385566711425781e+00
3.505320999999999909e+00 2.529385566711425781e+00
3.510187000000000168e+00 2.534560203552246094e+00
3.513634000000000146e+00 2.534560203552246094e+00
3.518371000000000137e+00 2.534560203552246094e+00
3.523082000000000047e+00 2.534560203552246094e+00
3.527810000000000112e+00 2.529385566711425781e+00
3.532497000000000220e+00 2.529385566711425781e+00
3.537208999999999826e+00 2.524210929870605469e+00
3.540617000000000125e+00 2.519036293029785156e+00
3.545294000000000167e+00 2.524210929870605469e+00
3.550097000000000058e+00 2.524210929870605469e+00
3.554819000000000173e+00 2.524210929870605469e+00
3.559578000000000131e+00 2.524210929870605469e+00
3.564286000000000065e+00 2.524210929870605469e+00
3.569058000000000064e+00 2.524210929870605469e+00
3.573761000000000188e+00 2.524210929870605469e+00
3.578526999999999791e+00 2.529385566711425781e+00
3.583226999999999940e+00 2.529385566711425781e+00
3.587972999999999857e+00 2.529385566711425781e+00
3.592696999999999807e+00 2.534560203552246094e+00
3.600588999999999817e+00 2.534560203552246094e+00
3.605379999999999807e+00 2.529385566711425781e+00
3.610243999999999787e+00 2.529385566711425781e+00
3.614974000000000132e+00 2.529385566711425781e+00
3.619746000000000130e+00 2.529385566711425781e+00
3.623193999999999804e+00 2.529385566711425781e+00
3.627956999999999876e+00 2.529385566711425781e+00
3.632699999999999818e+00 2.529385566711425781e+00
3.637478000000000211e+00 2.524210929870605469e+00
3.642228999999999939e+00 2.524210929870605469e+00
3.647053999999999796e+00 2.524210929870605469e+00
3.651810999999999918e+00 2.524210929870605469e+00
3.656619000000000064e+00 2.524210929870605469e+00
3.661382999999999832e+00 2.529385566711425781e+00
3.666225999999999985e+00 2.529385566711425781e+00
3.670990000000000197e+00 2.524210929870605469e+00
3.675756999999999941e+00 2.524210929870605469e+00
3.680628000000000011e+00 2.529385566711425781e+00
3.685401000000000149e+00 2.529385566711425781e+00
3.690272000000000219e+00 2.529385566711425781e+00
3.695047000000000192e+00 2.529385566711425781e+00
3.698650000000000215e+00 2.529385566711425781e+00
3.703447000000000155e+00 2.529385566711425781e+00
3.708295000000000119e+00 2.529385566711425781e+00
3.720159000000000216e+00 2.534560203552246094e+00
3.725249999999999950e+00 2.529385566711425781e+00
3.730221999999999927e+00 2.529385566711425781e+00
3.735041999999999973e+00 2.529385566711425781e+00
3.739908999999999928e+00 2.529385566711425781e+00
3.743406999999999929e+00 2.524210929870605469e+00
3.748245999999999967e+00 2.529385566711425781e+00
3.753057000000000087e+00 2.529385566711425781e+00
3.757893999999999846e+00 2.524210929870605469e+00
3.762716999999999867e+00 2.529385566711425781e+00
3.767577999999999872e+00 2.524210929870605469e+00
3.772391999999999967e+00 2.524210929870605469e+00
3.777242000000000210e+00 2.524210929870605469e+00
3.782059999999999977e+00 2.519036293029785156e+00
3.786960000000000104e+00 2.529385566711425781e+00
3.791786000000000101e+00 2.529385566711425781e+00
3.796657999999999866e+00 2.529385566711425781e+00
3.801493999999999929e+00 2.529385566711425781e+00
3.806389999999999940e+00 2.529385566711425781e+00
3.811221000000000192e+00 2.529385566711425781e+00
3.816110000000000113e+00 2.529385566711425781e+00
3.819624000000000130e+00 2.529385566711425781e+00
3.824459000000000053e+00 2.529385566711425781e+00
3.828053999999999846e+00 2.534560203552246094e+00
3.836310999999999805e+00 2.529385566711425781e+00
3.841514999999999791e+00 2.524210929870605469e+00
3.846432000000000073e+00 2.529385566711425781e+00
3.851294000000000217e+00 2.529385566711425781e+00
3.854804999999999815e+00 2.524210929870605469e+00
3.858410000000000117e+00 2.524210929870605469e+00
3.863253999999999966e+00 2.524210929870605469e+00
3.866832000000000047e+00 2.519036293029785156e+00
3.871674000000000060e+00 2.519036293029785156e+00
3.876593999999999873e+00 2.524210929870605469e+00
3.881453000000000042e+00 2.519036293029785156e+00
3.886372999999999855e+00 2.529385566711425781e+00
3.891234999999999999e+00 2.529385566711425781e+00
3.896161999999999903e+00 2.529385566711425781e+00
3.901027000000000022e+00 2.529385566711425781e+00
3.905869000000000035e+00 2.529385566711425781e+00
3.910792999999999964e+00 2.529385566711425781e+00
3.915655000000000108e+00 2.534560203552246094e+00
3.923941999999999819e+00 2.529385566711425781e+00
3.930798999999999932e+00 2.534560203552246094e+00
3.940287000000000095e+00 2.524210929870605469e+00
3.946603000000000083e+00 2.524210929870605469e+00
3.956710999999999867e+00 2.519036293029785156e+00
3.961635999999999935e+00 2.519036293029785156e+00
3.965200999999999976e+00 2.519036293029785156e+00
3.968799000000000188e+00 2.519036293029785156e+00
3.973688000000000109e+00 2.519036293029785156e+00
3.978690999999999978e+00 2.524210929870605469e+00
3.982235999999999887e+00 2.524210929870605469e+00
3.987213999999999814e+00 2.529385566711425781e+00
3.992121000000000031e+00 2.534560203552246094e+00
3.997113999999999834e+00 2.534560203552246094e+00
4.002067000000000263e+00 2.529385566711425781e+00
4.005613000000000312e+00 2.529385566711425781e+00
4.009209000000000245e+00 2.529385566711425781e+00
4.012806999999999569e+00 2.529385566711425781e+00
4.017720999999999876e+00 2.529385566711425781e+00
4.022656999999999705e+00 2.529385566711425781e+00
4.026226999999999556e+00 2.529385566711425781e+00
4.029815000000000147e+00 2.529385566711425781e+00
4.034747000000000305e+00 2.524210929870605469e+00
4.039763999999999911e+00 2.519036293029785156e+00
4.044706999999999830e+00 2.519036293029785156e+00
4.049703000000000053e+00 2.519036293029785156e+00
4.054636000000000351e+00 2.519036293029785156e+00
4.059636000000000244e+00 2.519036293029785156e+00
4.067758000000000429e+00 2.519036293029785156e+00
4.071541999999999994e+00 2.524210929870605469e+00
4.076571999999999640e+00 2.524210929870605469e+00
4.081587999999999994e+00 2.524210929870605469e+00
4.086672000000000082e+00 2.529385566711425781e+00
4.090256000000000114e+00 2.529385566711425781e+00
4.093857999999999997e+00 2.534560203552246094e+00
4.098932999999999716e+00 2.529385566711425781e+00
4.103945999999999650e+00 2.529385566711425781e+00
4.109004999999999797e+00 2.529385566711425781e+00
4.114042000000000421e+00 2.529385566711425781e+00
4.119113999999999720e+00 2.529385566711425781e+00
4.124143000000000114e+00 2.529385566711425781e+00
4.127810000000000201e+00 2.529385566711425781e+00
4.132785000000000153e+00 2.524210929870605469e+00
4.137742000000000253e+00 2.519036293029785156e+00
4.142739999999999867e+00 2.519036293029785156e+00
4.147700999999999638e+00 2.519036293029785156e+00
4.152669000000000388e+00 2.524210929870605469e+00
4.156183000000000405e+00 2.524210929870605469e+00
4.161137000000000086e+00 2.524210929870605469e+00
4.166164000000000200e+00 2.524210929870605469e+00
4.171147000000000382e+00 2.524210929870605469e+00
4.176158000000000037e+00 2.524210929870605469e+00
4.184215000000000018e+00 2.529385566711425781e+00
4.189549000000000412e+00 2.529385566711425781e+00
4.194530999999999565e+00 2.529385566711425781e+00
4.198212999999999973e+00 2.529385566711425781e+00
4.203232999999999997e+00 2.529385566711425781e+00
4.206795999999999758e+00 2.529385566711425781e+00
4.210395000000000110e+00 2.529385566711425781e+00
4.213989999999999903e+00 2.529385566711425781e+00
4.219047999999999909e+00 2.529385566711425781e+00
4.224054999999999893e+00 2.529385566711425781e+00
4.229123000000000410e+00 2.529385566711425781e+00
4.234151999999999916e+00 2.524210929870605469e+00
4.237834999999999575e+00 2.524210929870605469e+00
4.242878000000000149e+00 2.529385566711425781e+00
4.247906000000000404e+00 2.529385566711425781e+00
4.252913999999999639e+00 2.524210929870605469e+00
4.257922999999999902e+00 2.524210929870605469e+00
4.262936999999999976e+00 2.524210929870605469e+00
4.268003000000000213e+00 2.524210929870605469e+00
4.273009000000000057e+00 2.524210929870605469e+00
4.278035000000000032e+00 2.524210929870605469e+00
4.283051999999999637e+00 2.524210929870605469e+00
4.288064000000000320e+00 2.524210929870605469e+00
4.293084999999999596e+00 2.524210929870605469e+00
4.301300999999999597e+00 2.524210929870605469e+00
4.306475999999999971e+00 2.529385566711425781e+00
4.311505999999999617e+00 2.529385566711425781e+00
4.316608999999999696e+00 2.529385566711425781e+00
4.321665000000000312e+00 2.529385566711425781e+00
4.326764999999999972e+00 2.529385566711425781e+00
4.331819999999999560e+00 2.529385566711425781e+00
4.336974999999999802e+00 2.524210929870605469e+00
4.342024999999999579e+00 2.524210929870605469e+00
4.347286000000000428e+00 2.524210929870605469e+00
4.352363000000000426e+00 2.524210929870605469e+00
4.357427999999999635e+00 2.524210929870605469e+00
4.360992999999999675e+00 2.524210929870605469e+00
4.364590999999999887e+00 2.519036293029785156e+00
4.369699999999999918e+00 2.519036293029785156e+00
4.374761999999999595e+00 2.519036293029785156e+00
4.379921999999999649e+00 2.519036293029785156e+00
4.384985999999999606e+00 2.524210929870605469e+00
4.390138000000000318e+00 2.529385566711425781e+00
4.395216999999999707e+00 2.529385566711425781e+00
4.400375000000000369e+00 2.529385566711425781e+00
4.405466999999999800e+00 2.524210929870605469e+00
4.410698000000000008e+00 2.529385566711425781e+00
4.418880999999999837e+00 2.529385566711425781e+00
4.424254000000000353e+00 2.529385566711425781e+00
4.429422999999999888e+00 2.529385566711425781e+00
4.434531999999999918e+00 2.529385566711425781e+00
4.439722999999999864e+00 2.524210929870605469e+00
4.444829000000000363e+00 2.524210929870605469e+00
4.450040999999999691e+00 2.519036293029785156e+00
4.455166000000000182e+00 2.519036293029785156e+00
4.460365999999999609e+00 2.519036293029785156e+00
4.464037000000000255e+00 2.519036293029785156e+00
4.469204000000000399e+00 2.524210929870605469e+00
4.474313000000000429e+00 2.519036293029785156e+00
4.479618999999999573e+00 2.519036293029785156e+00
4.484732000000000163e+00 2.524210929870605469e+00
4.489881999999999707e+00 2.529385566711425781e+00
4.494996999999999687e+00 2.529385566711425781e+00
4.500248000000000026e+00 2.529385566711425781e+00
4.505354999999999777e+00 2.529385566711425781e+00
4.510574000000000083e+00 2.529385566711425781e+00
4.515685000000000393e+00 2.529385566711425781e+00
4.519445000000000157e+00 2.524210929870605469e+00
4.524570999999999898e+00 2.529385566711425781e+00
4.529772999999999605e+00 2.529385566711425781e+00
4.538035999999999959e+00 2.524210929870605469e+00
4.543446999999999569e+00 2.519036293029785156e+00
4.548625999999999614e+00 2.519036293029785156e+00
4.553777000000000186e+00 2.519036293029785156e+00
4.558962000000000181e+00 2.519036293029785156e+00
4.564081999999999972e+00 2.519036293029785156e+00
4.569264000000000436e+00 2.519036293029785156e+00
4.574379000000000417e+00 2.519036293029785156e+00
4.579552999999999763e+00 2.524210929870605469e+00
4.584679999999999644e+00 2.524210929870605469e+00
4.588390000000000413e+00 2.529385566711425781e+00
4.593525999999999776e+00 2.534560203552246094e+00
4.598713000000000051e+00 2.529385566711425781e+00
4.603836000000000261e+00 2.529385566711425781e+00
4.609011999999999887e+00 2.529385566711425781e+00
4.614143000000000328e+00 2.529385566711425781e+00
4.619342999999999755e+00 2.524210929870605469e+00
4.624506000000000228e+00 2.529385566711425781e+00
4.628243999999999581e+00 2.524210929870605469e+00
4.633401000000000103e+00 2.524210929870605469e+00
4.638595999999999719e+00 2.519036293029785156e+00
4.643746000000000151e+00 2.519036293029785156e+00
4.648990000000000400e+00 2.519036293029785156e+00
4.657252999999999865e+00 2.519036293029785156e+00
4.662690999999999697e+00 2.524210929870605469e+00
4.667891000000000012e+00 2.524210929870605469e+00
4.673058000000000156e+00 2.524210929870605469e+00
4.678231000000000250e+00 2.524210929870605469e+00
4.683381999999999934e+00 2.524210929870605469e+00
4.688634999999999664e+00 2.524210929870605469e+00
4.693815999999999988e+00 2.529385566711425781e+00
4.699055000000000426e+00 2.529385566711425781e+00
4.704240000000000421e+00 2.524210929870605469e+00
4.709482000000000390e+00 2.529385566711425781e+00
4.714655999999999736e+00 2.529385566711425781e+00
4.719891999999999754e+00 2.524210929870605469e+00
4.725076999999999749e+00 2.529385566711425781e+00
4.730323000000000278e+00 2.529385566711425781e+00
4.735494000000000092e+00 2.524210929870605469e+00
4.740835999999999828e+00 2.519036293029785156e+00
4.746101000000000347e+00 2.519036293029785156e+00
4.751304000000000194e+00 2.524210929870605469e+00
4.756590000000000096e+00 2.524210929870605469e+00
4.761783999999999573e+00 2.524210929870605469e+00
4.767089000000000354e+00 2.519036293029785156e+00
4.775246000000000102e+00 2.519036293029785156e+00
4.780865999999999616e+00 2.519036293029785156e+00
4.786191999999999780e+00 2.524210929870605469e+00
4.791415999999999897e+00 2.524210929870605469e+00
4.796674000000000326e+00 2.524210929870605469e+00
4.801883000000000123e+00 2.524210929870605469e+00
4.807155999999999985e+00 2.529385566711425781e+00
4.812375000000000291e+00 2.529385566711425781e+00
4.817595999999999989e+00 2.524210929870605469e+00
4.822826000000000057e+00 2.524210929870605469e+00
4.828046999999999755e+00 2.529385566711425781e+00
4.833292000000000144e+00 2.524210929870605469e+00
4.838614999999999888e+00 2.524210929870605469e+00
4.843823000000000434e+00 2.524210929870605469e+00
4.849096000000000295e+00 2.524210929870605469e+00
4.854365999999999737e+00 2.519036293029785156e+00
4.859691999999999901e+00 2.524210929870605469e+00
4.864926999999999779e+00 2.524210929870605469e+00
4.870224000000000331e+00 2.519036293029785156e+00
4.875448999999999700e+00 2.513861656188964844e+00
4.880798000000000414e+00 2.513861656188964844e+00
4.886101000000000028e+00 2.524210929870605469e+00
4.894191000000000180e+00 2.524210929870605469e+00
4.899797999999999654e+00 2.524210929870605469e+00
4.905090999999999646e+00 2.524210929870605469e+00
4.910445000000000171e+00 2.529385566711425781e+00
4.915708000000000411e+00 2.529385566711425781e+00
4.921047999999999867e+00 2.529385566711425781e+00
4.930126999999999704e+00 2.529385566711425781e+00
4.941034000000000148e+00 2.524210929870605469e+00
4.949736999999999831e+00 2.524210929870605469e+00
4.955381000000000036e+00 2.513861656188964844e+00
4.960836999999999719e+00 2.513861656188964844e+00
4.966192999999999635e+00 2.519036293029785156e+00
4.971470000000000056e+00 2.513861656188964844e+00
4.975236999999999910e+00 2.513861656188964844e+00
4.980603000000000335e+00 2.513861656188964844e+00
4.985935999999999702e+00 2.524210929870605469e+00
4.991247000000000433e+00 2.524210929870605469e+00
4.995013000000000147e+00 2.529385566711425781e+00
5.000466000000000300e+00 2.529385566711425781e+00
5.009063000000000265e+00 2.529385566711425781e+00
5.014616000000000184e+00 2.529385566711425781e+00
5.018459000000000003e+00 2.529385566711425781e+00
5.023725999999999914e+00 2.529385566711425781e+00
5.029081999999999830e+00 2.529385566711425781e+00
5.032827000000000162e+00 2.524210929870605469e+00
5.038121000000000294e+00 2.513861656188964844e+00
5.043514000000000053e+00 2.519036293029785156e+00
5.048879000000000339e+00 2.513861656188964844e+00
5.054173999999999722e+00 2.519036293029785156e+00
5.059540000000000148e+00 2.513861656188964844e+00
5.064873999999999654e+00 2.513861656188964844e+00
5.070242999999999611e+00 2.513861656188964844e+00
5.075554000000000343e+00 2.519036293029785156e+00
5.080999000000000265e+00 2.524210929870605469e+00
5.086365999999999943e+00 2.524210929870605469e+00
5.091689999999999827e+00 2.524210929870605469e+00
5.097076000000000384e+00 2.529385566711425781e+00
5.100811000000000206e+00 2.529385566711425781e+00
5.106174000000000213e+00 2.524210929870605469e+00
5.111501999999999768e+00 2.529385566711425781e+00
5.115135999999999683e+00 2.529385566711425781e+00
5.123516000000000403e+00 2.524210929870605469e+00
5.127571999999999797e+00 2.524210929870605469e+00
5.132907000000000330e+00 2.524210929870605469e+00
5.138249000000000066e+00 2.513861656188964844e+00
5.143589000000000411e+00 2.519036293029785156e+00
5.148996000000000350e+00 2.519036293029785156e+00
5.154329999999999856e+00 2.513861656188964844e+00
5.159733000000000125e+00 2.513861656188964844e+00
5.165116000000000263e+00 2.519036293029785156e+00
5.170556999999999626e+00 2.519036293029785156e+00
5.175970000000000404e+00 2.524210929870605469e+00
5.181353999999999793e+00 2.519036293029785156e+00
5.186754999999999782e+00 2.529385566711425781e+00
5.192124999999999879e+00 2.529385566711425781e+00
5.197535000000000238e+00 2.524210929870605469e+00
5.202935000000000088e+00 2.524210929870605469e+00
5.208291000000000004e+00 2.524210929870605469e+00
5.213644999999999641e+00 2.524210929870605469e+00
5.219064999999999621e+00 2.524210929870605469e+00
5.224439000000000277e+00 2.524210929870605469e+00
5.229853999999999559e+00 2.524210929870605469e+00
5.235541999999999696e+00 2.519036293029785156e+00
5.246307999999999971e+00 2.519036293029785156e+00
5.251739999999999853e+00 2.519036293029785156e+00
5.257225000000000037e+00 2.519036293029785156e+00
5.262640000000000207e+00 2.519036293029785156e+00
5.268240999999999730e+00 2.524210929870605469e+00
5.273681999999999981e+00 2.519036293029785156e+00
5.279130999999999574e+00 2.524210929870605469e+00
5.284539999999999793e+00 2.524210929870605469e+00
5.290028999999999648e+00 2.519036293029785156e+00
5.295446000000000097e+00 2.524210929870605469e+00
5.300968000000000124e+00 2.524210929870605469e+00
5.306428000000000367e+00 2.524210929870605469e+00
5.310247000000000384e+00 2.524210929870605469e+00
5.314033000000000229e+00 2.524210929870605469e+00
5.319501999999999953e+00 2.524210929870605469e+00
5.324939999999999785e+00 2.524210929870605469e+00
5.328827999999999676e+00 2.529385566711425781e+00
5.334243999999999986e+00 2.529385566711425781e+00
5.339692999999999579e+00 2.524210929870605469e+00
5.345104000000000077e+00 2.519036293029785156e+00
5.350659000000000276e+00 2.519036293029785156e+00
5.358978999999999715e+00 2.513861656188964844e+00
5.364478000000000080e+00 2.519036293029785156e+00
5.370003999999999778e+00 2.519036293029785156e+00
5.375547000000000075e+00 2.513861656188964844e+00
5.381062000000000012e+00 2.513861656188964844e+00
5.386550999999999867e+00 2.519036293029785156e+00
5.391987999999999559e+00 2.524210929870605469e+00
5.395800000000000374e+00 2.524210929870605469e+00
5.401277999999999579e+00 2.524210929870605469e+00
5.406807999999999836e+00 2.519036293029785156e+00
5.410619999999999763e+00 2.524210929870605469e+00
5.416128999999999749e+00 2.529385566711425781e+00
5.421573999999999671e+00 2.524210929870605469e+00
5.425417000000000378e+00 2.529385566711425781e+00
5.430998999999999910e+00 2.529385566711425781e+00
5.436570999999999820e+00 2.524210929870605469e+00
5.442080999999999946e+00 2.519036293029785156e+00
5.447569999999999801e+00 2.519036293029785156e+00
5.451402999999999999e+00 2.519036293029785156e+00
5.456927000000000305e+00 2.513861656188964844e+00
5.462443999999999633e+00 2.513861656188964844e+00
5.467954999999999899e+00 2.513861656188964844e+00
5.476532999999999873e+00 2.513861656188964844e+00
5.482128999999999586e+00 2.513861656188964844e+00
5.487664999999999793e+00 2.524210929870605469e+00
5.493180999999999869e+00 2.524210929870605469e+00
5.498746999999999829e+00 2.524210929870605469e+00
5.504253000000000284e+00 2.524210929870605469e+00
5.509851000000000276e+00 2.529385566711425781e+00
5.515420999999999907e+00 2.524210929870605469e+00
5.521130000000000315e+00 2.529385566711425781e+00
5.526699999999999946e+00 2.529385566711425781e+00
5.532230000000000203e+00 2.529385566711425781e+00
5.537778000000000311e+00 2.519036293029785156e+00
5.543711000000000055e+00 2.519036293029785156e+00
5.547619000000000078e+00 2.513861656188964844e+00
5.553137000000000434e+00 2.513861656188964844e+00
5.558714000000000155e+00 2.519036293029785156e+00
5.564248000000000083e+00 2.513861656188964844e+00
5.569849999999999746e+00 2.513861656188964844e+00
5.575419000000000125e+00 2.513861656188964844e+00
5.579354999999999620e+00 2.513861656188964844e+00
5.584869999999999557e+00 2.524210929870605469e+00
5.593405999999999878e+00 2.524210929870605469e+00
5.599287000000000347e+00 2.524210929870605469e+00
5.604809999999999626e+00 2.524210929870605469e+00
5.610394000000000325e+00 2.529385566711425781e+00
5.615934000000000204e+00 2.529385566711425781e+00
5.621507000000000254e+00 2.524210929870605469e+00
5.627089999999999925e+00 2.524210929870605469e+00
5.632607000000000141e+00 2.519036293029785156e+00
5.636425000000000018e+00 2.513861656188964844e+00
5.641961000000000226e+00 2.513861656188964844e+00
5.647545000000000037e+00 2.513861656188964844e+00
5.653064999999999785e+00 2.513861656188964844e+00
5.658711000000000269e+00 2.513861656188964844e+00
5.664238000000000106e+00 2.513861656188964844e+00
5.669832999999999679e+00 2.513861656188964844e+00
5.675432999999999950e+00 2.519036293029785156e+00
5.681162999999999741e+00 2.519036293029785156e+00
5.686758000000000202e+00 2.524210929870605469e+00
5.692293000000000269e+00 2.524210929870605469e+00
5.697861999999999760e+00 2.529385566711425781e+00
5.703439999999999621e+00 2.524210929870605469e+00
5.711877999999999567e+00 2.524210929870605469e+00
5.717749999999999666e+00 2.524210929870605469e+00
5.723335999999999757e+00 2.524210929870605469e+00
5.729001000000000232e+00 2.524210929870605469e+00
5.734589999999999854e+00 2.519036293029785156e+00
5.740273000000000181e+00 2.513861656188964844e+00
5.745927000000000007e+00 2.513861656188964844e+00
5.751540000000000319e+00 2.519036293029785156e+00
5.757189999999999586e+00 2.524210929870605469e+00
5.762787999999999577e+00 2.519036293029785156e+00
5.768379999999999619e+00 2.519036293029785156e+00
5.774041000000000423e+00 2.519036293029785156e+00
5.779771000000000214e+00 2.519036293029785156e+00
5.785414000000000279e+00 2.524210929870605469e+00
5.789404000000000217e+00 2.524210929870605469e+00
5.795029000000000430e+00 2.524210929870605469e+00
5.800822000000000145e+00 2.524210929870605469e+00
5.806493999999999822e+00 2.524210929870605469e+00
5.812097999999999764e+00 2.524210929870605469e+00
5.817764000000000379e+00 2.519036293029785156e+00
5.823424000000000156e+00 2.519036293029785156e+00
5.834444000000000408e+00 2.524210929870605469e+00
5.840402000000000093e+00 2.519036293029785156e+00
5.846090000000000231e+00 2.519036293029785156e+00
5.851715000000000444e+00 2.519036293029785156e+00
5.857406000000000112e+00 2.519036293029785156e+00
5.863049000000000177e+00 2.519036293029785156e+00
5.867020000000000124e+00 2.519036293029785156e+00
5.872613999999999557e+00 2.519036293029785156e+00
5.878333999999999726e+00 2.513861656188964844e+00
5.884007999999999683e+00 2.519036293029785156e+00
5.889706000000000330e+00 2.519036293029785156e+00
5.893640000000000434e+00 2.524210929870605469e+00
5.899347999999999814e+00 2.524210929870605469e+00
5.904992000000000019e+00 2.519036293029785156e+00
5.910707000000000377e+00 2.524210929870605469e+00
5.916425000000000267e+00 2.529385566711425781e+00
5.922077999999999953e+00 2.524210929870605469e+00
5.928094999999999892e+00 2.529385566711425781e+00
5.937440999999999747e+00 2.519036293029785156e+00
5.947576999999999892e+00 2.519036293029785156e+00
5.958713000000000370e+00 2.519036293029785156e+00
5.966478999999999644e+00 2.513861656188964844e+00
5.972180999999999962e+00 2.508687019348144531e+00
5.977908000000000222e+00 2.513861656188964844e+00
5.983689000000000036e+00 2.513861656188964844e+00
5.989474000000000409e+00 2.519036293029785156e+00
5.995165000000000077e+00 2.519036293029785156e+00
5.999263000000000012e+00 2.524210929870605469e+00
6.004964000000000190e+00 2.524210929870605469e+00
6.010767000000000415e+00 2.529385566711425781e+00
6.016595999999999833e+00 2.524210929870605469e+00
6.022371999999999836e+00 2.524210929870605469e+00
6.028128999999999849e+00 2.524210929870605469e+00
6.033877000000000379e+00 2.524210929870605469e+00
6.039952999999999683e+00 2.519036293029785156e+00
6.045687000000000033e+00 2.513861656188964844e+00
6.050214000000000425e+00 2.508687019348144531e+00
6.055991999999999820e+00 2.513861656188964844e+00
6.064949000000000368e+00 2.513861656188964844e+00
6.071102999999999916e+00 2.513861656188964844e+00
6.076850999999999559e+00 2.513861656188964844e+00
6.082524000000000264e+00 2.513861656188964844e+00
6.088242000000000154e+00 2.524210929870605469e+00
6.093954000000000093e+00 2.524210929870605469e+00
6.099783999999999651e+00 2.529385566711425781e+00
6.105497999999999870e+00 2.524210929870605469e+00
6.111272999999999733e+00 2.524210929870605469e+00
6.117047999999999597e+00 2.524210929870605469e+00
6.121195000000000164e+00 2.524210929870605469e+00
6.126985999999999599e+00 2.524210929870605469e+00
6.132706999999999908e+00 2.524210929870605469e+00
6.138442000000000398e+00 2.513861656188964844e+00
6.144184000000000090e+00 2.513861656188964844e+00
6.149956000000000422e+00 2.513861656188964844e+00
6.155668999999999613e+00 2.508687019348144531e+00
6.161478999999999928e+00 2.508687019348144531e+00
6.167271000000000392e+00 2.513861656188964844e+00
6.172983999999999583e+00 2.513861656188964844e+00
6.181665999999999883e+00 2.513861656188964844e+00
6.187871999999999595e+00 2.524210929870605469e+00
6.193846999999999881e+00 2.529385566711425781e+00
6.199677999999999578e+00 2.524210929870605469e+00
6.205415000000000347e+00 2.524210929870605469e+00
6.211300999999999739e+00 2.524210929870605469e+00
6.217101000000000433e+00 2.524210929870605469e+00
6.222865999999999786e+00 2.524210929870605469e+00
6.228640999999999650e+00 2.524210929870605469e+00
6.234401000000000082e+00 2.519036293029785156e+00
6.240283999999999942e+00 2.513861656188964844e+00
6.246139999999999581e+00 2.513861656188964844e+00
6.251902000000000292e+00 2.513861656188964844e+00
6.257696000000000147e+00 2.519036293029785156e+00
6.263460000000000250e+00 2.519036293029785156e+00
6.269282999999999717e+00 2.519036293029785156e+00
6.275053999999999910e+00 2.524210929870605469e+00
6.280927000000000149e+00 2.519036293029785156e+00
6.286761000000000266e+00 2.524210929870605469e+00
6.292601999999999585e+00 2.524210929870605469e+00
6.301396000000000441e+00 2.524210929870605469e+00
6.307528999999999719e+00 2.519036293029785156e+00
6.313299999999999912e+00 2.524210929870605469e+00
6.319117000000000317e+00 2.524210929870605469e+00
6.324873000000000189e+00 2.519036293029785156e+00
6.330729999999999968e+00 2.519036293029785156e+00
6.336577000000000126e+00 2.513861656188964844e+00
6.342350999999999850e+00 2.519036293029785156e+00
6.348169999999999646e+00 2.519036293029785156e+00
6.353960999999999970e+00 2.513861656188964844e+00
6.359812999999999938e+00 2.513861656188964844e+00
6.365625999999999785e+00 2.519036293029785156e+00
6.371483999999999703e+00 2.513861656188964844e+00
6.377361999999999753e+00 2.513861656188964844e+00
6.383155999999999608e+00 2.513861656188964844e+00
6.389065000000000438e+00 2.519036293029785156e+00
6.394894999999999996e+00 2.524210929870605469e+00
6.400872999999999813e+00 2.519036293029785156e+00
6.407092999999999705e+00 2.519036293029785156e+00
6.412941000000000003e+00 2.519036293029785156e+00
6.421746999999999872e+00 2.524210929870605469e+00
6.427856000000000236e+00 2.524210929870605469e+00
6.433710999999999736e+00 2.524210929870605469e+00
6.439634999999999998e+00 2.519036293029785156e+00
6.445465000000000444e+00 2.519036293029785156e+00
6.451436000000000170e+00 2.513861656188964844e+00
6.457349999999999923e+00 2.519036293029785156e+00
6.461400000000000254e+00 2.513861656188964844e+00
6.467298000000000435e+00 2.513861656188964844e+00
6.473162999999999556e+00 2.513861656188964844e+00
6.479071000000000247e+00 2.513861656188964844e+00
6.484950999999999688e+00 2.519036293029785156e+00
6.490931999999999924e+00 2.519036293029785156e+00
6.496870999999999619e+00 2.519036293029785156e+00
6.502737999999999907e+00 2.519036293029785156e+00
6.508636000000000088e+00 2.529385566711425781e+00
6.514497999999999678e+00 2.524210929870605469e+00
6.520374999999999588e+00 2.524210929870605469e+00
6.526264000000000287e+00 2.524210929870605469e+00
6.532144999999999868e+00 2.524210929870605469e+00
6.541197000000000372e+00 2.519036293029785156e+00
6.547420999999999935e+00 2.513861656188964844e+00
6.553297999999999845e+00 2.508687019348144531e+00
6.559237000000000428e+00 2.513861656188964844e+00
6.565099000000000018e+00 2.513861656188964844e+00
6.571081999999999645e+00 2.513861656188964844e+00
6.577023999999999759e+00 2.513861656188964844e+00
6.582910000000000039e+00 2.508687019348144531e+00
6.587043999999999677e+00 2.524210929870605469e+00
6.592924000000000007e+00 2.524210929870605469e+00
6.598893000000000342e+00 2.524210929870605469e+00
6.604791999999999774e+00 2.524210929870605469e+00
6.610744999999999649e+00 2.524210929870605469e+00
6.616683000000000092e+00 2.524210929870605469e+00
6.622570999999999763e+00 2.524210929870605469e+00
6.628491000000000355e+00 2.524210929870605469e+00
6.634411000000000058e+00 2.519036293029785156e+00
6.640378000000000114e+00 2.508687019348144531e+00
6.646361999999999881e+00 2.508687019348144531e+00
6.655171000000000170e+00 2.508687019348144531e+00
6.661484999999999879e+00 2.513861656188964844e+00
6.667504000000000097e+00 2.513861656188964844e+00
6.673464000000000063e+00 2.513861656188964844e+00
6.679452000000000389e+00 2.519036293029785156e+00
6.685421999999999976e+00 2.519036293029785156e+00
6.691488999999999798e+00 2.524210929870605469e+00
6.695602000000000054e+00 2.524210929870605469e+00
6.702009000000000327e+00 2.524210929870605469e+00
6.707968000000000153e+00 2.524210929870605469e+00
6.713912999999999798e+00 2.524210929870605469e+00
6.719964000000000048e+00 2.519036293029785156e+00
6.725980999999999987e+00 2.519036293029785156e+00
6.731943000000000232e+00 2.519036293029785156e+00
6.737911000000000428e+00 2.508687019348144531e+00
6.743864000000000303e+00 2.513861656188964844e+00
6.749831999999999610e+00 2.513861656188964844e+00
6.755736999999999881e+00 2.508687019348144531e+00
6.761776000000000231e+00 2.519036293029785156e+00
6.770578000000000429e+00 2.513861656188964844e+00
6.776894000000000418e+00 2.519036293029785156e+00
6.782841000000000342e+00 2.513861656188964844e+00
6.788829999999999920e+00 2.524210929870605469e+00
6.794806000000000346e+00 2.524210929870605469e+00
6.800792999999999644e+00 2.519036293029785156e+00
6.806964999999999932e+00 2.519036293029785156e+00
6.812905999999999906e+00 2.519036293029785156e+00
6.818933999999999607e+00 2.519036293029785156e+00
6.824907999999999753e+00 2.519036293029785156e+00
6.830951999999999913e+00 2.519036293029785156e+00
6.837004000000000303e+00 2.513861656188964844e+00
6.843020000000000103e+00 2.513861656188964844e+00
6.849042999999999992e+00 2.519036293029785156e+00
6.855057000000000400e+00 2.513861656188964844e+00
6.861189999999999678e+00 2.519036293029785156e+00
6.867250000000000298e+00 2.513861656188964844e+00
6.871400999999999648e+00 2.513861656188964844e+00
6.877438999999999858e+00 2.519036293029785156e+00
6.886474999999999902e+00 2.513861656188964844e+00
6.892812000000000161e+00 2.519036293029785156e+00
6.898818000000000339e+00 2.524210929870605469e+00
6.904824999999999768e+00 2.519036293029785156e+00
6.911013999999999768e+00 2.519036293029785156e+00
6.917048000000000307e+00 2.519036293029785156e+00
6.923052000000000206e+00 2.519036293029785156e+00
6.929224999999999746e+00 2.529385566711425781e+00
6.939061999999999841e+00 2.513861656188964844e+00
6.950777999999999679e+00 2.513861656188964844e+00
6.962747000000000241e+00 2.513861656188964844e+00
6.968785999999999703e+00 2.508687019348144531e+00
6.974820000000000242e+00 2.508687019348144531e+00
6.980914000000000286e+00 2.508687019348144531e+00
6.987012000000000000e+00 2.519036293029785156e+00
6.993038999999999561e+00 2.519036293029785156e+00
7.002492000000000161e+00 2.519036293029785156e+00
7.008701000000000292e+00 2.524210929870605469e+00
7.014859999999999651e+00 2.524210929870605469e+00
7.020940999999999654e+00 2.524210929870605469e+00
7.027042999999999928e+00 2.524210929870605469e+00
7.033066999999999958e+00 2.524210929870605469e+00
7.039179999999999993e+00 2.513861656188964844e+00
7.045208999999999833e+00 2.513861656188964844e+00
7.051378999999999841e+00 2.513861656188964844e+00
7.057477999999999696e+00 2.508687019348144531e+00
7.063506000000000284e+00 2.508687019348144531e+00
7.069606000000000279e+00 2.508687019348144531e+00
7.075651999999999830e+00 2.508687019348144531e+00
7.079817000000000249e+00 2.508687019348144531e+00
7.085881999999999792e+00 2.519036293029785156e+00
7.091984000000000066e+00 2.519036293029785156e+00
7.098016999999999577e+00 2.524210929870605469e+00
7.104060999999999737e+00 2.524210929870605469e+00
7.110158000000000200e+00 2.524210929870605469e+00
7.116503999999999941e+00 2.524210929870605469e+00
7.125803999999999583e+00 2.524210929870605469e+00
7.131954000000000349e+00 2.524210929870605469e+00
7.138017999999999752e+00 2.508687019348144531e+00
7.144082000000000043e+00 2.508687019348144531e+00
7.150225999999999971e+00 2.508687019348144531e+00
7.156368999999999758e+00 2.503512382507324219e+00
7.162491000000000163e+00 2.508687019348144531e+00
7.168584000000000067e+00 2.508687019348144531e+00
7.174673000000000300e+00 2.513861656188964844e+00
7.180810000000000137e+00 2.513861656188964844e+00
7.186993000000000187e+00 2.519036293029785156e+00
7.193082000000000420e+00 2.524210929870605469e+00
7.199226000000000347e+00 2.524210929870605469e+00
7.205300000000000260e+00 2.519036293029785156e+00
7.211488000000000120e+00 2.524210929870605469e+00
7.217666999999999611e+00 2.524210929870605469e+00
7.223771000000000164e+00 2.519036293029785156e+00
7.229947000000000124e+00 2.519036293029785156e+00
7.239080999999999655e+00 2.544909477233886719e+00
7.245508000000000060e+00 2.788115501403808594e+00
7.251666000000000167e+00 4.754461288452148438e+00
7.257763999999999882e+00 4.785508155822753906e+00
7.263880999999999588e+00 4.790682792663574219e+00
7.269987999999999673e+00 4.790682792663574219e+00
7.276102999999999987e+00 4.785508155822753906e+00
7.282162999999999720e+00 4.790682792663574219e+00
7.288249000000000422e+00 4.795857429504394531e+00
7.294323000000000334e+00 4.795857429504394531e+00
7.300443999999999711e+00 4.795857429504394531e+00
7.306588999999999778e+00 4.790682792663574219e+00
7.312674999999999592e+00 4.795857429504394531e+00
7.318783999999999956e+00 4.790682792663574219e+00
7.324879000000000140e+00 4.790682792663574219e+00
7.331036000000000108e+00 4.795857429504394531e+00
7.337161000000000044e+00 4.785508155822753906e+00
7.343268000000000129e+00 4.790682792663574219e+00
7.349510000000000431e+00 4.790682792663574219e+00
7.358691999999999567e+00 4.790682792663574219e+00
7.365133000000000152e+00 4.790682792663574219e+00
7.369432999999999900e+00 4.790682792663574219e+00
7.375549999999999606e+00 4.795857429504394531e+00
7.381812000000000040e+00 4.790682792663574219e+00
7.387996000000000230e+00 4.795857429504394531e+00
7.394142999999999688e+00 4.801032066345214844e+00
7.400394999999999612e+00 4.790682792663574219e+00
7.406647999999999676e+00 4.790682792663574219e+00
7.412789000000000073e+00 4.795857429504394531e+00
7.419048000000000087e+00 4.795857429504394531e+00
7.425224000000000046e+00 4.795857429504394531e+00
7.431574000000000346e+00 4.790682792663574219e+00
7.437835999999999892e+00 4.790682792663574219e+00
7.444092000000000375e+00 4.790682792663574219e+00
7.450366999999999962e+00 4.790682792663574219e+00
7.456622000000000305e+00 4.785508155822753906e+00
7.462807999999999886e+00 4.790682792663574219e+00
7.469136999999999915e+00 4.790682792663574219e+00
7.478431999999999746e+00 4.790682792663574219e+00
7.484893999999999714e+00 4.790682792663574219e+00
7.491143000000000107e+00 4.795857429504394531e+00
7.497383000000000131e+00 4.790682792663574219e+00
7.503574999999999662e+00 4.790682792663574219e+00
7.509813000000000294e+00 4.790682792663574219e+00
7.516034000000000326e+00 4.795857429504394531e+00
7.522389999999999688e+00 4.795857429504394531e+00
7.528642999999999752e+00 4.795857429504394531e+00
7.534805000000000419e+00 4.790682792663574219e+00
7.541012000000000270e+00 4.790682792663574219e+00
7.547269000000000005e+00 4.790682792663574219e+00
7.553441000000000294e+00 4.790682792663574219e+00
7.559664999999999857e+00 4.785508155822753906e+00
7.565843000000000096e+00 4.785508155822753906e+00
7.572116000000000291e+00 4.785508155822753906e+00
7.578281999999999741e+00 4.785508155822753906e+00
7.584473000000000020e+00 4.795857429504394531e+00
7.590831999999999802e+00 4.795857429504394531e+00
7.600213000000000108e+00 4.795857429504394531e+00
7.606761999999999802e+00 4.795857429504394531e+00
