1.219000000000000031e-03 2.570782661437988281e+00
4.651999999999999885e-03 2.570782661437988281e+00
8.153000000000000524e-03 2.575957298278808594e+00
1.145000000000000011e-02 2.570782661437988281e+00
2.180700000000000000e-02 2.570782661437988281e+00
2.555599999999999886e-02 2.570782661437988281e+00
2.884099999999999858e-02 2.570782661437988281e+00
3.228600000000000220e-02 2.570782661437988281e+00
3.574100000000000193e-02 2.570782661437988281e+00
3.903100000000000319e-02 2.570782661437988281e+00
4.248199999999999893e-02 2.570782661437988281e+00
4.593599999999999767e-02 2.565608024597167969e+00
4.938399999999999734e-02 2.565608024597167969e+00
5.267999999999999766e-02 2.565608024597167969e+00
5.612299999999999928e-02 2.565608024597167969e+00
5.958900000000000308e-02 2.565608024597167969e+00
6.286600000000000521e-02 2.565608024597167969e+00
6.633200000000000207e-02 2.565608024597167969e+00
6.978499999999999981e-02 2.565608024597167969e+00
7.308000000000000607e-02 2.565608024597167969e+00
7.654800000000000493e-02 2.565608024597167969e+00
7.999399999999999566e-02 2.570782661437988281e+00
8.328099999999999392e-02 2.570782661437988281e+00
8.673100000000000254e-02 2.565608024597167969e+00
9.018700000000000327e-02 2.565608024597167969e+00
9.348299999999999665e-02 2.570782661437988281e+00
9.693699999999999539e-02 2.570782661437988281e+00
1.004219999999999974e-01 2.575957298278808594e+00
1.037249999999999978e-01 2.570782661437988281e+00
1.075720000000000010e-01 2.575957298278808594e+00
1.109379999999999949e-01 2.570782661437988281e+00
1.143870000000000026e-01 2.570782661437988281e+00
1.179990000000000067e-01 2.570782661437988281e+00
1.212939999999999990e-01 2.570782661437988281e+00
1.247550000000000048e-01 2.570782661437988281e+00
1.349730000000000096e-01 2.570782661437988281e+00
1.385389999999999955e-01 2.570782661437988281e+00
1.419880000000000031e-01 2.565608024597167969e+00
1.452789999999999915e-01 2.565608024597167969e+00
1.487269999999999981e-01 2.565608024597167969e+00
1.521830000000000127e-01 2.565608024597167969e+00
1.557989999999999930e-01 2.565608024597167969e+00
1.595580000000000054e-01 2.570782661437988281e+00
1.628390000000000115e-01 2.570782661437988281e+00
1.662949999999999984e-01 2.565608024597167969e+00
1.697380000000000000e-01 2.570782661437988281e+00
1.730299999999999894e-01 2.565608024597167969e+00
1.765200000000000102e-01 2.570782661437988281e+00
1.802449999999999886e-01 2.565608024597167969e+00
1.840070000000000039e-01 2.570782661437988281e+00
1.874349999999999905e-01 2.570782661437988281e+00
1.909019999999999884e-01 2.570782661437988281e+00
1.943390000000000117e-01 2.570782661437988281e+00
1.979829999999999923e-01 2.570782661437988281e+00
2.012879999999999947e-01 2.570782661437988281e+00
2.047299999999999953e-01 2.570782661437988281e+00
2.081800000000000039e-01 2.570782661437988281e+00
2.114729999999999943e-01 2.570782661437988281e+00
2.149250000000000049e-01 2.570782661437988281e+00
2.185390000000000110e-01 2.570782661437988281e+00
2.218310000000000004e-01 2.570782661437988281e+00
2.252830000000000110e-01 2.570782661437988281e+00
2.287220000000000086e-01 2.570782661437988281e+00
2.321789999999999965e-01 2.570782661437988281e+00
2.354749999999999899e-01 2.570782661437988281e+00
2.390879999999999950e-01 2.570782661437988281e+00
2.483499999999999874e-01 2.570782661437988281e+00
2.521090000000000275e-01 2.570782661437988281e+00
2.557180000000000009e-01 2.565608024597167969e+00
2.591820000000000235e-01 2.565608024597167969e+00
2.629250000000000198e-01 2.565608024597167969e+00
2.664039999999999742e-01 2.565608024597167969e+00
2.699860000000000038e-01 2.565608024597167969e+00
2.737339999999999773e-01 2.565608024597167969e+00
2.771779999999999800e-01 2.565608024597167969e+00
2.804679999999999951e-01 2.565608024597167969e+00
2.839180000000000037e-01 2.565608024597167969e+00
2.873700000000000143e-01 2.565608024597167969e+00
2.906670000000000087e-01 2.565608024597167969e+00
2.941670000000000118e-01 2.570782661437988281e+00
2.977600000000000247e-01 2.570782661437988281e+00
3.010590000000000210e-01 2.570782661437988281e+00
3.045050000000000257e-01 2.570782661437988281e+00
3.082840000000000025e-01 2.570782661437988281e+00
3.117199999999999971e-01 2.570782661437988281e+00
3.151789999999999869e-01 2.570782661437988281e+00
3.184660000000000268e-01 2.570782661437988281e+00
3.219170000000000087e-01 2.570782661437988281e+00
3.253739999999999966e-01 2.570782661437988281e+00
3.286589999999999789e-01 2.570782661437988281e+00
3.321029999999999816e-01 2.570782661437988281e+00
3.355679999999999774e-01 2.570782661437988281e+00
3.388559999999999905e-01 2.570782661437988281e+00
3.423019999999999952e-01 2.570782661437988281e+00
3.457629999999999870e-01 2.570782661437988281e+00
3.490659999999999874e-01 2.570782661437988281e+00
3.525030000000000108e-01 2.570782661437988281e+00
3.559490000000000154e-01 2.565608024597167969e+00
3.592429999999999790e-01 2.565608024597167969e+00
3.694990000000000219e-01 2.565608024597167969e+00
3.728670000000000040e-01 2.565608024597167969e+00
3.763239999999999919e-01 2.565608024597167969e+00
3.797809999999999797e-01 2.565608024597167969e+00
3.830729999999999968e-01 2.565608024597167969e+00
3.865169999999999995e-01 2.565608024597167969e+00
3.898490000000000011e-01 2.565608024597167969e+00
3.932959999999999789e-01 2.570782661437988281e+00
3.967510000000000203e-01 2.570782661437988281e+00
4.000500000000000167e-01 2.570782661437988281e+00
4.034920000000000173e-01 2.570782661437988281e+00
4.069380000000000219e-01 2.575957298278808594e+00
4.102410000000000223e-01 2.570782661437988281e+00
4.136859999999999982e-01 2.575957298278808594e+00
4.171400000000000108e-01 2.575957298278808594e+00
4.204149999999999832e-01 2.570782661437988281e+00
4.238850000000000118e-01 2.570782661437988281e+00
4.273270000000000124e-01 2.570782661437988281e+00
4.307860000000000023e-01 2.575957298278808594e+00
4.340769999999999906e-01 2.570782661437988281e+00
4.375249999999999972e-01 2.570782661437988281e+00
4.409879999999999911e-01 2.570782661437988281e+00
4.442780000000000062e-01 2.565608024597167969e+00
4.477289999999999881e-01 2.565608024597167969e+00
4.511870000000000047e-01 2.565608024597167969e+00
4.544790000000000219e-01 2.565608024597167969e+00
4.579259999999999997e-01 2.565608024597167969e+00
4.613840000000000163e-01 2.565608024597167969e+00
4.646750000000000047e-01 2.565608024597167969e+00
4.681330000000000213e-01 2.565608024597167969e+00
4.715849999999999764e-01 2.565608024597167969e+00
4.748780000000000223e-01 2.565608024597167969e+00
4.784229999999999872e-01 2.565608024597167969e+00
4.882879999999999998e-01 2.565608024597167969e+00
4.916940000000000199e-01 2.565608024597167969e+00
4.951809999999999823e-01 2.570782661437988281e+00
4.984480000000000022e-01 2.575957298278808594e+00
5.018899999999999473e-01 2.570782661437988281e+00
5.053429999999999866e-01 2.575957298278808594e+00
5.087559999999999860e-01 2.575957298278808594e+00
5.121700000000000141e-01 2.581131935119628906e+00
5.154879999999999463e-01 2.575957298278808594e+00
5.190019999999999634e-01 2.575957298278808594e+00
5.322930000000000161e-01 2.575957298278808594e+00
5.394430000000000058e-01 2.570782661437988281e+00
5.429119999999999502e-01 2.565608024597167969e+00
5.463860000000000383e-01 2.565608024597167969e+00
5.519030000000000324e-01 2.565608024597167969e+00
5.552759999999999918e-01 2.565608024597167969e+00
5.587689999999999602e-01 2.565608024597167969e+00
5.620610000000000328e-01 2.565608024597167969e+00
5.655299999999999772e-01 2.565608024597167969e+00
5.689670000000000005e-01 2.565608024597167969e+00
5.722589999999999621e-01 2.565608024597167969e+00
5.757189999999999808e-01 2.565608024597167969e+00
5.792019999999999946e-01 2.570782661437988281e+00
5.824939999999999563e-01 2.570782661437988281e+00
5.859659999999999869e-01 2.570782661437988281e+00
5.892460000000000475e-01 2.570782661437988281e+00
5.927000000000000046e-01 2.570782661437988281e+00
6.029189999999999827e-01 2.575957298278808594e+00
6.063420000000000476e-01 2.575957298278808594e+00
6.097879999999999967e-01 2.575957298278808594e+00
6.130809999999999871e-01 2.575957298278808594e+00
6.165410000000000057e-01 2.570782661437988281e+00
6.199900000000000411e-01 2.570782661437988281e+00
6.232750000000000234e-01 2.570782661437988281e+00
6.267409999999999926e-01 2.570782661437988281e+00
6.301900000000000279e-01 2.570782661437988281e+00
6.334830000000000183e-01 2.570782661437988281e+00
6.369449999999999834e-01 2.575957298278808594e+00
6.404020000000000268e-01 2.570782661437988281e+00
6.436910000000000132e-01 2.570782661437988281e+00
6.471390000000000198e-01 2.565608024597167969e+00
6.504349999999999854e-01 2.565608024597167969e+00
6.538810000000000455e-01 2.565608024597167969e+00
6.573309999999999986e-01 2.565608024597167969e+00
6.607899999999999885e-01 2.570782661437988281e+00
6.640840000000000076e-01 2.570782661437988281e+00
6.675429999999999975e-01 2.570782661437988281e+00
6.709899999999999753e-01 2.570782661437988281e+00
6.743230000000000057e-01 2.570782661437988281e+00
6.779199999999999671e-01 2.570782661437988281e+00
6.813789999999999569e-01 2.570782661437988281e+00
6.846740000000000048e-01 2.570782661437988281e+00
6.881190000000000362e-01 2.570782661437988281e+00
6.915759999999999685e-01 2.570782661437988281e+00
6.949070000000000524e-01 2.570782661437988281e+00
6.983209999999999695e-01 2.575957298278808594e+00
7.017710000000000337e-01 2.570782661437988281e+00
7.051199999999999690e-01 2.570782661437988281e+00
7.085190000000000099e-01 2.570782661437988281e+00
7.187829999999999497e-01 2.575957298278808594e+00
7.223009999999999708e-01 2.575957298278808594e+00
7.257700000000000262e-01 2.570782661437988281e+00
7.290539999999999798e-01 2.575957298278808594e+00
7.325159999999999449e-01 2.570782661437988281e+00
7.359649999999999803e-01 2.570782661437988281e+00
7.392410000000000370e-01 2.570782661437988281e+00
7.426920000000000188e-01 2.570782661437988281e+00
7.461499999999999799e-01 2.575957298278808594e+00
7.494380000000000486e-01 2.570782661437988281e+00
7.528850000000000264e-01 2.570782661437988281e+00
7.563419999999999588e-01 2.570782661437988281e+00
7.597899999999999654e-01 2.570782661437988281e+00
7.630850000000000133e-01 2.565608024597167969e+00
7.665399999999999991e-01 2.570782661437988281e+00
7.698709999999999720e-01 2.570782661437988281e+00
7.733179999999999499e-01 2.570782661437988281e+00
7.767730000000000468e-01 2.570782661437988281e+00
7.800740000000000451e-01 2.570782661437988281e+00
7.835189999999999655e-01 2.570782661437988281e+00
7.869770000000000376e-01 2.565608024597167969e+00
7.902660000000000240e-01 2.565608024597167969e+00
7.937149999999999483e-01 2.570782661437988281e+00
7.971690000000000165e-01 2.570782661437988281e+00
8.004639999999999533e-01 2.575957298278808594e+00
8.039140000000000175e-01 2.570782661437988281e+00
8.073700000000000321e-01 2.570782661437988281e+00
8.106600000000000472e-01 2.570782661437988281e+00
8.141100000000000003e-01 2.570782661437988281e+00
8.175590000000000357e-01 2.570782661437988281e+00
8.208550000000000013e-01 2.575957298278808594e+00
8.242939999999999712e-01 2.570782661437988281e+00
8.277579999999999938e-01 2.575957298278808594e+00
8.381389999999999674e-01 2.575957298278808594e+00
8.415510000000000490e-01 2.575957298278808594e+00
8.448510000000000186e-01 2.570782661437988281e+00
8.482969999999999677e-01 2.570782661437988281e+00
8.517540000000000111e-01 2.570782661437988281e+00
8.550419999999999687e-01 2.570782661437988281e+00
8.584929999999999506e-01 2.570782661437988281e+00
8.619470000000000187e-01 2.570782661437988281e+00
8.652769999999999628e-01 2.570782661437988281e+00
8.687259999999999982e-01 2.570782661437988281e+00
8.721790000000000376e-01 2.565608024597167969e+00
8.754819999999999824e-01 2.570782661437988281e+00
8.789230000000000098e-01 2.565608024597167969e+00
8.823809999999999709e-01 2.565608024597167969e+00
8.856800000000000228e-01 2.565608024597167969e+00
8.891270000000000007e-01 2.565608024597167969e+00
8.925819999999999865e-01 2.570782661437988281e+00
8.960439999999999516e-01 2.570782661437988281e+00
8.994910000000000405e-01 2.575957298278808594e+00
9.029350000000000431e-01 2.575957298278808594e+00
9.063879999999999715e-01 2.570782661437988281e+00
9.096880000000000521e-01 2.575957298278808594e+00
9.131350000000000300e-01 2.575957298278808594e+00
9.165879999999999583e-01 2.581131935119628906e+00
9.198840000000000350e-01 2.575957298278808594e+00
9.234799999999999676e-01 2.575957298278808594e+00
9.269380000000000397e-01 2.575957298278808594e+00
9.303949999999999720e-01 2.581131935119628906e+00
9.336870000000000447e-01 2.575957298278808594e+00
9.371340000000000225e-01 2.581131935119628906e+00
9.405970000000000164e-01 2.575957298278808594e+00
9.438849999999999740e-01 2.570782661437988281e+00
9.474259999999999904e-01 2.570782661437988281e+00
9.574439999999999618e-01 2.565608024597167969e+00
9.608510000000000106e-01 2.565608024597167969e+00
9.643080000000000540e-01 2.565608024597167969e+00
9.679090000000000193e-01 2.570782661437988281e+00
9.713640000000000052e-01 2.570782661437988281e+00
9.746559999999999668e-01 2.565608024597167969e+00
9.781069999999999487e-01 2.565608024597167969e+00
9.815629999999999633e-01 2.565608024597167969e+00
9.848519999999999497e-01 2.570782661437988281e+00
9.883129999999999971e-01 2.565608024597167969e+00
9.917620000000000324e-01 2.570782661437988281e+00
9.950980000000000381e-01 2.575957298278808594e+00
9.984939999999999927e-01 2.581131935119628906e+00
1.002313000000000009e+00 2.581131935119628906e+00
1.006645999999999930e+00 2.575957298278808594e+00
1.010755000000000070e+00 2.575957298278808594e+00
1.014828000000000063e+00 2.575957298278808594e+00
1.018991999999999898e+00 2.575957298278808594e+00
1.023112000000000021e+00 2.575957298278808594e+00
1.027673000000000059e+00 2.581131935119628906e+00
1.031779999999999919e+00 2.575957298278808594e+00
1.035930000000000017e+00 2.575957298278808594e+00
1.040052999999999894e+00 2.575957298278808594e+00
1.044154999999999944e+00 2.565608024597167969e+00
1.048402999999999974e+00 2.570782661437988281e+00
1.052516000000000007e+00 2.565608024597167969e+00
1.056651999999999925e+00 2.570782661437988281e+00
1.060815000000000063e+00 2.565608024597167969e+00
1.065196000000000032e+00 2.570782661437988281e+00
1.076413000000000064e+00 2.565608024597167969e+00
1.081056999999999935e+00 2.570782661437988281e+00
1.085402999999999896e+00 2.570782661437988281e+00
1.089550000000000018e+00 2.570782661437988281e+00
1.093693000000000026e+00 2.575957298278808594e+00
1.097895000000000065e+00 2.581131935119628906e+00
1.102041999999999966e+00 2.575957298278808594e+00
1.106184999999999974e+00 2.575957298278808594e+00
1.110336999999999907e+00 2.575957298278808594e+00
1.114495000000000013e+00 2.575957298278808594e+00
1.118786999999999976e+00 2.575957298278808594e+00
1.122934000000000099e+00 2.575957298278808594e+00
1.127197999999999922e+00 2.570782661437988281e+00
1.131372999999999962e+00 2.575957298278808594e+00
1.135623999999999967e+00 2.570782661437988281e+00
1.139788999999999941e+00 2.575957298278808594e+00
1.143971999999999989e+00 2.570782661437988281e+00
1.148222000000000076e+00 2.570782661437988281e+00
1.152387999999999968e+00 2.565608024597167969e+00
1.156555999999999917e+00 2.565608024597167969e+00
1.160819000000000045e+00 2.565608024597167969e+00
1.165016000000000052e+00 2.570782661437988281e+00
1.169267000000000056e+00 2.570782661437988281e+00
1.173462000000000005e+00 2.575957298278808594e+00
1.177721999999999936e+00 2.570782661437988281e+00
1.181912999999999991e+00 2.570782661437988281e+00
1.186315000000000008e+00 2.570782661437988281e+00
1.196428999999999965e+00 2.570782661437988281e+00
1.202147000000000077e+00 2.575957298278808594e+00
1.206396999999999942e+00 2.575957298278808594e+00
1.210611000000000104e+00 2.575957298278808594e+00
1.214839000000000002e+00 2.575957298278808594e+00
1.219133999999999940e+00 2.575957298278808594e+00
1.223354000000000052e+00 2.575957298278808594e+00
1.227732000000000046e+00 2.575957298278808594e+00
1.232072000000000056e+00 2.575957298278808594e+00
1.236323000000000061e+00 2.575957298278808594e+00
1.240564000000000000e+00 2.575957298278808594e+00
1.244779000000000080e+00 2.570782661437988281e+00
1.249163000000000023e+00 2.570782661437988281e+00
1.253417000000000003e+00 2.570782661437988281e+00
1.257725999999999900e+00 2.570782661437988281e+00
1.262013000000000051e+00 2.570782661437988281e+00
1.266308999999999907e+00 2.570782661437988281e+00
1.270574000000000092e+00 2.570782661437988281e+00
1.274844000000000088e+00 2.570782661437988281e+00
1.279171999999999976e+00 2.570782661437988281e+00
1.283458999999999905e+00 2.570782661437988281e+00
1.287808999999999982e+00 2.570782661437988281e+00
1.292116000000000042e+00 2.565608024597167969e+00
1.296429999999999971e+00 2.570782661437988281e+00
1.300750999999999991e+00 2.570782661437988281e+00
1.305039000000000060e+00 2.570782661437988281e+00
1.315704999999999902e+00 2.570782661437988281e+00
1.321615999999999902e+00 2.575957298278808594e+00
1.326106999999999925e+00 2.570782661437988281e+00
1.330861999999999989e+00 2.581131935119628906e+00
1.335266999999999982e+00 2.581131935119628906e+00
1.339604999999999935e+00 2.581131935119628906e+00
1.343931999999999904e+00 2.575957298278808594e+00
1.348325999999999913e+00 2.570782661437988281e+00
1.352660999999999891e+00 2.570782661437988281e+00
1.357013999999999943e+00 2.575957298278808594e+00
1.361396999999999968e+00 2.570782661437988281e+00
1.365820999999999952e+00 2.570782661437988281e+00
1.370171000000000028e+00 2.570782661437988281e+00
1.374508999999999981e+00 2.570782661437988281e+00
1.378984999999999905e+00 2.565608024597167969e+00
1.383337999999999957e+00 2.565608024597167969e+00
1.387780999999999931e+00 2.565608024597167969e+00
1.392133999999999983e+00 2.570782661437988281e+00
1.396451000000000109e+00 2.575957298278808594e+00
1.400811000000000028e+00 2.575957298278808594e+00
1.405194999999999972e+00 2.575957298278808594e+00
1.409572999999999965e+00 2.575957298278808594e+00
1.413939000000000057e+00 2.575957298278808594e+00
1.418333999999999984e+00 2.581131935119628906e+00
1.422738999999999976e+00 2.581131935119628906e+00
1.427321999999999980e+00 2.581131935119628906e+00
1.437944000000000111e+00 2.575957298278808594e+00
1.443880000000000052e+00 2.570782661437988281e+00
1.448403000000000107e+00 2.570782661437988281e+00
1.452795000000000059e+00 2.570782661437988281e+00
1.457278999999999991e+00 2.570782661437988281e+00
1.461708000000000007e+00 2.565608024597167969e+00
1.466182000000000096e+00 2.570782661437988281e+00
1.470590999999999982e+00 2.565608024597167969e+00
1.474984999999999991e+00 2.565608024597167969e+00
1.479446999999999957e+00 2.570782661437988281e+00
1.483846999999999916e+00 2.565608024597167969e+00
1.488328000000000095e+00 2.570782661437988281e+00
1.492734999999999923e+00 2.570782661437988281e+00
1.497209000000000012e+00 2.575957298278808594e+00
1.501633999999999913e+00 2.575957298278808594e+00
1.506123000000000101e+00 2.575957298278808594e+00
1.510550000000000059e+00 2.575957298278808594e+00
1.514980999999999911e+00 2.586306571960449219e+00
1.519452999999999943e+00 2.581131935119628906e+00
1.523867000000000083e+00 2.581131935119628906e+00
1.537001000000000062e+00 2.575957298278808594e+00
1.550467000000000040e+00 2.570782661437988281e+00
1.566300000000000026e+00 2.570782661437988281e+00
1.577641999999999989e+00 2.570782661437988281e+00
1.582737999999999978e+00 2.565608024597167969e+00
1.587339999999999973e+00 2.570782661437988281e+00
1.591838000000000086e+00 2.575957298278808594e+00
1.596349999999999936e+00 2.575957298278808594e+00
1.600835999999999926e+00 2.581131935119628906e+00
1.605374999999999996e+00 2.581131935119628906e+00
1.609909999999999952e+00 2.575957298278808594e+00
1.614398000000000000e+00 2.575957298278808594e+00
1.619102000000000041e+00 2.575957298278808594e+00
1.623586999999999891e+00 2.575957298278808594e+00
1.628174999999999928e+00 2.570782661437988281e+00
1.632676999999999934e+00 2.575957298278808594e+00
1.637245999999999979e+00 2.575957298278808594e+00
1.641731000000000051e+00 2.575957298278808594e+00
1.646300000000000097e+00 2.570782661437988281e+00
1.650800999999999963e+00 2.570782661437988281e+00
1.655377000000000098e+00 2.570782661437988281e+00
1.659899000000000013e+00 2.570782661437988281e+00
1.664509000000000016e+00 2.570782661437988281e+00
1.668560999999999961e+00 2.570782661437988281e+00
1.672360000000000069e+00 2.570782661437988281e+00
1.676171000000000078e+00 2.565608024597167969e+00
1.679959999999999898e+00 2.570782661437988281e+00
1.689011999999999958e+00 2.575957298278808594e+00
1.693367000000000067e+00 2.575957298278808594e+00
1.697248000000000090e+00 2.581131935119628906e+00
1.701057999999999959e+00 2.581131935119628906e+00
1.704863999999999935e+00 2.575957298278808594e+00
1.708698000000000050e+00 2.575957298278808594e+00
1.712501999999999969e+00 2.575957298278808594e+00
1.716337000000000002e+00 2.570782661437988281e+00
1.720167999999999919e+00 2.575957298278808594e+00
1.723978999999999928e+00 2.575957298278808594e+00
1.727856999999999976e+00 2.575957298278808594e+00
1.731667999999999985e+00 2.581131935119628906e+00
1.735570999999999975e+00 2.575957298278808594e+00
1.739436999999999900e+00 2.575957298278808594e+00
1.743268999999999957e+00 2.570782661437988281e+00
1.747171000000000030e+00 2.570782661437988281e+00
1.750995000000000079e+00 2.570782661437988281e+00
1.754836999999999980e+00 2.570782661437988281e+00
1.758774999999999977e+00 2.570782661437988281e+00
1.762656000000000001e+00 2.570782661437988281e+00
1.766504999999999992e+00 2.570782661437988281e+00
1.770340000000000025e+00 2.570782661437988281e+00
1.774191000000000074e+00 2.575957298278808594e+00
1.778084999999999916e+00 2.575957298278808594e+00
1.781930999999999932e+00 2.570782661437988281e+00
1.785838999999999954e+00 2.570782661437988281e+00
1.789690999999999921e+00 2.575957298278808594e+00
1.793525999999999954e+00 2.570782661437988281e+00
1.797455999999999943e+00 2.575957298278808594e+00
1.806461000000000094e+00 2.575957298278808594e+00
1.810870999999999897e+00 2.570782661437988281e+00
1.814748000000000028e+00 2.575957298278808594e+00
1.818764000000000047e+00 2.575957298278808594e+00
1.822651999999999939e+00 2.575957298278808594e+00
1.826545000000000085e+00 2.570782661437988281e+00
1.830470999999999959e+00 2.575957298278808594e+00
1.834351000000000065e+00 2.575957298278808594e+00
1.838484000000000007e+00 2.581131935119628906e+00
1.842491000000000101e+00 2.575957298278808594e+00
1.846395000000000008e+00 2.570782661437988281e+00
1.850281000000000065e+00 2.570782661437988281e+00
1.854181000000000079e+00 2.575957298278808594e+00
1.858178000000000107e+00 2.570782661437988281e+00
1.862057000000000073e+00 2.570782661437988281e+00
1.865960000000000063e+00 2.570782661437988281e+00
1.869871999999999979e+00 2.570782661437988281e+00
1.873764999999999903e+00 2.570782661437988281e+00
1.877717999999999998e+00 2.565608024597167969e+00
1.881631000000000054e+00 2.570782661437988281e+00
1.885594999999999910e+00 2.570782661437988281e+00
1.889475000000000016e+00 2.570782661437988281e+00
1.893385000000000096e+00 2.575957298278808594e+00
1.897370000000000001e+00 2.575957298278808594e+00
1.901297999999999933e+00 2.575957298278808594e+00
1.905254999999999921e+00 2.575957298278808594e+00
1.909181999999999935e+00 2.575957298278808594e+00
1.913102000000000080e+00 2.575957298278808594e+00
1.916220000000000034e+00 2.575957298278808594e+00
1.925286000000000053e+00 2.581131935119628906e+00
1.929804999999999993e+00 2.581131935119628906e+00
1.933739000000000097e+00 2.581131935119628906e+00
1.937732999999999928e+00 2.581131935119628906e+00
1.941702000000000039e+00 2.575957298278808594e+00
1.945692999999999895e+00 2.570782661437988281e+00
1.949624999999999941e+00 2.575957298278808594e+00
1.953559000000000045e+00 2.570782661437988281e+00
1.957573999999999925e+00 2.570782661437988281e+00
1.961508999999999947e+00 2.570782661437988281e+00
1.965500000000000025e+00 2.570782661437988281e+00
1.969444999999999890e+00 2.565608024597167969e+00
1.973379999999999912e+00 2.565608024597167969e+00
1.977414000000000005e+00 2.570782661437988281e+00
1.981365999999999961e+00 2.565608024597167969e+00
1.985376999999999947e+00 2.565608024597167969e+00
1.989322999999999952e+00 2.565608024597167969e+00
1.993260000000000032e+00 2.570782661437988281e+00
1.997276000000000051e+00 2.575957298278808594e+00
2.001266999999999907e+00 2.575957298278808594e+00
2.005288000000000181e+00 2.575957298278808594e+00
2.009201000000000015e+00 2.575957298278808594e+00
2.013158999999999921e+00 2.581131935119628906e+00
2.017192999999999792e+00 2.575957298278808594e+00
2.021154000000000117e+00 2.581131935119628906e+00
2.025151999999999841e+00 2.575957298278808594e+00
2.029126999999999903e+00 2.581131935119628906e+00
2.033253999999999895e+00 2.581131935119628906e+00
2.042349999999999888e+00 2.575957298278808594e+00
2.046898999999999802e+00 2.570782661437988281e+00
2.050877999999999979e+00 2.570782661437988281e+00
2.054841999999999835e+00 2.570782661437988281e+00
2.058962000000000181e+00 2.565608024597167969e+00
2.062942000000000053e+00 2.565608024597167969e+00
2.066936999999999802e+00 2.570782661437988281e+00
2.070913000000000004e+00 2.570782661437988281e+00
2.074936000000000114e+00 2.565608024597167969e+00
2.078999000000000041e+00 2.570782661437988281e+00
2.082990999999999815e+00 2.570782661437988281e+00
2.086994999999999933e+00 2.570782661437988281e+00
2.090990999999999822e+00 2.570782661437988281e+00
2.094981999999999900e+00 2.575957298278808594e+00
2.099115999999999982e+00 2.581131935119628906e+00
2.103121999999999936e+00 2.581131935119628906e+00
2.107202000000000019e+00 2.575957298278808594e+00
2.111210999999999949e+00 2.581131935119628906e+00
2.115273999999999877e+00 2.581131935119628906e+00
2.118368999999999946e+00 2.581131935119628906e+00
2.122365999999999975e+00 2.581131935119628906e+00
2.126386999999999805e+00 2.575957298278808594e+00
2.130380999999999858e+00 2.575957298278808594e+00
2.134396999999999878e+00 2.570782661437988281e+00
2.138530999999999960e+00 2.575957298278808594e+00
2.142541000000000029e+00 2.570782661437988281e+00
2.146901000000000170e+00 2.570782661437988281e+00
2.156069000000000013e+00 2.570782661437988281e+00
2.160705999999999793e+00 2.565608024597167969e+00
2.164769000000000165e+00 2.570782661437988281e+00
2.168935999999999975e+00 2.570782661437988281e+00
2.172976999999999936e+00 2.570782661437988281e+00
2.177039999999999864e+00 2.565608024597167969e+00
2.181080000000000130e+00 2.570782661437988281e+00
2.185181000000000040e+00 2.575957298278808594e+00
2.189248000000000083e+00 2.570782661437988281e+00
2.193292000000000019e+00 2.575957298278808594e+00
2.197423000000000126e+00 2.581131935119628906e+00
2.201493000000000144e+00 2.581131935119628906e+00
2.204556000000000182e+00 2.581131935119628906e+00
2.208740000000000148e+00 2.581131935119628906e+00
2.212793000000000010e+00 2.575957298278808594e+00
2.216874999999999929e+00 2.575957298278808594e+00
2.220928999999999931e+00 2.575957298278808594e+00
2.224982999999999933e+00 2.575957298278808594e+00
2.229054999999999787e+00 2.575957298278808594e+00
2.233109999999999928e+00 2.575957298278808594e+00
2.237261999999999862e+00 2.575957298278808594e+00
2.240359000000000211e+00 2.575957298278808594e+00
2.244409999999999794e+00 2.570782661437988281e+00
2.248918000000000195e+00 2.565608024597167969e+00
2.252990000000000048e+00 2.565608024597167969e+00
2.257045999999999886e+00 2.570782661437988281e+00
2.261111999999999789e+00 2.570782661437988281e+00
2.265324999999999811e+00 2.570782661437988281e+00
2.274319999999999897e+00 2.570782661437988281e+00
2.279047999999999963e+00 2.570782661437988281e+00
2.283170999999999840e+00 2.575957298278808594e+00
2.286353000000000080e+00 2.575957298278808594e+00
2.290437999999999974e+00 2.570782661437988281e+00
2.293562000000000101e+00 2.570782661437988281e+00
2.297731000000000190e+00 2.570782661437988281e+00
2.301832000000000100e+00 2.575957298278808594e+00
2.305029000000000217e+00 2.575957298278808594e+00
2.309242999999999935e+00 2.575957298278808594e+00
2.313298000000000076e+00 2.575957298278808594e+00
2.317515000000000214e+00 2.575957298278808594e+00
2.321632000000000140e+00 2.575957298278808594e+00
2.325836999999999932e+00 2.575957298278808594e+00
2.328950999999999993e+00 2.575957298278808594e+00
2.333060000000000134e+00 2.575957298278808594e+00
2.337232000000000198e+00 2.575957298278808594e+00
2.340373000000000037e+00 2.575957298278808594e+00
2.344469000000000136e+00 2.570782661437988281e+00
2.348825000000000163e+00 2.570782661437988281e+00
2.351952999999999960e+00 2.570782661437988281e+00
2.356104999999999894e+00 2.570782661437988281e+00
2.360241999999999951e+00 2.570782661437988281e+00
2.363370999999999889e+00 2.570782661437988281e+00
2.367567999999999895e+00 2.565608024597167969e+00
2.372170000000000112e+00 2.570782661437988281e+00
2.377229999999999954e+00 2.570782661437988281e+00
2.382260000000000044e+00 2.570782661437988281e+00
2.393450000000000077e+00 2.565608024597167969e+00
2.400271000000000043e+00 2.570782661437988281e+00
2.405470000000000219e+00 2.570782661437988281e+00
2.410525999999999947e+00 2.575957298278808594e+00
2.415687000000000140e+00 2.575957298278808594e+00
2.420751000000000097e+00 2.570782661437988281e+00
2.425899999999999945e+00 2.575957298278808594e+00
2.432735000000000092e+00 2.581131935119628906e+00
2.438123000000000040e+00 2.575957298278808594e+00
2.443458000000000130e+00 2.570782661437988281e+00
2.448424000000000156e+00 2.570782661437988281e+00
2.453805000000000014e+00 2.570782661437988281e+00
2.458705999999999836e+00 2.570782661437988281e+00
2.464096000000000064e+00 2.570782661437988281e+00
2.470425000000000093e+00 2.570782661437988281e+00
2.475581000000000031e+00 2.570782661437988281e+00
2.480666999999999955e+00 2.565608024597167969e+00
2.485897000000000023e+00 2.565608024597167969e+00
2.491023999999999905e+00 2.565608024597167969e+00
2.496196999999999999e+00 2.570782661437988281e+00
2.501333999999999946e+00 2.570782661437988281e+00
2.506797000000000164e+00 2.575957298278808594e+00
2.518781000000000159e+00 2.575957298278808594e+00
2.524305000000000021e+00 2.581131935119628906e+00
2.536484999999999879e+00 2.581131935119628906e+00
2.545128000000000057e+00 2.570782661437988281e+00
2.555226999999999915e+00 2.565608024597167969e+00
2.560709000000000124e+00 2.565608024597167969e+00
2.568363000000000174e+00 2.565608024597167969e+00
2.573824000000000112e+00 2.565608024597167969e+00
2.578974999999999795e+00 2.565608024597167969e+00
2.584044000000000008e+00 2.570782661437988281e+00
2.589258000000000060e+00 2.565608024597167969e+00
2.594359999999999999e+00 2.570782661437988281e+00
2.599607999999999919e+00 2.575957298278808594e+00
2.604713999999999974e+00 2.575957298278808594e+00
2.609980000000000189e+00 2.575957298278808594e+00
2.615152999999999839e+00 2.575957298278808594e+00
2.620286000000000115e+00 2.575957298278808594e+00
2.633153000000000077e+00 2.575957298278808594e+00
2.639599000000000029e+00 2.575957298278808594e+00
2.644823999999999842e+00 2.570782661437988281e+00
2.650084000000000106e+00 2.565608024597167969e+00
2.655552999999999830e+00 2.565608024597167969e+00
2.660679000000000016e+00 2.565608024597167969e+00
2.665884000000000142e+00 2.565608024597167969e+00
2.671173000000000020e+00 2.565608024597167969e+00
2.675533999999999857e+00 2.570782661437988281e+00
2.679740999999999929e+00 2.570782661437988281e+00
2.683946000000000165e+00 2.570782661437988281e+00
2.688260999999999790e+00 2.570782661437988281e+00
2.692467999999999861e+00 2.570782661437988281e+00
2.696683999999999859e+00 2.575957298278808594e+00
2.700892000000000071e+00 2.575957298278808594e+00
2.705220999999999876e+00 2.575957298278808594e+00
2.709454000000000029e+00 2.575957298278808594e+00
2.713655999999999846e+00 2.575957298278808594e+00
2.717932999999999932e+00 2.575957298278808594e+00
2.721138999999999974e+00 2.570782661437988281e+00
2.725420000000000176e+00 2.570782661437988281e+00
2.729636999999999869e+00 2.570782661437988281e+00
2.733862999999999932e+00 2.570782661437988281e+00
2.738192999999999877e+00 2.570782661437988281e+00
2.742436999999999792e+00 2.570782661437988281e+00
2.751616999999999980e+00 2.565608024597167969e+00
2.756489000000000189e+00 2.565608024597167969e+00
2.760771000000000086e+00 2.565608024597167969e+00
2.763980000000000103e+00 2.570782661437988281e+00
2.768301000000000123e+00 2.565608024597167969e+00
2.772587000000000135e+00 2.570782661437988281e+00
2.776898999999999784e+00 2.570782661437988281e+00
2.781166999999999945e+00 2.570782661437988281e+00
2.785518999999999856e+00 2.570782661437988281e+00
2.789820999999999884e+00 2.570782661437988281e+00
2.794113999999999987e+00 2.575957298278808594e+00
2.798512999999999806e+00 2.575957298278808594e+00
2.802824999999999900e+00 2.575957298278808594e+00
2.807183000000000206e+00 2.570782661437988281e+00
2.811475999999999864e+00 2.570782661437988281e+00
2.815824999999999800e+00 2.575957298278808594e+00
2.820145999999999820e+00 2.575957298278808594e+00
2.823344000000000076e+00 2.570782661437988281e+00
2.827685999999999922e+00 2.570782661437988281e+00
2.831990999999999925e+00 2.570782661437988281e+00
2.836336000000000190e+00 2.570782661437988281e+00
2.840669000000000111e+00 2.570782661437988281e+00
2.844972999999999974e+00 2.570782661437988281e+00
2.849317999999999795e+00 2.570782661437988281e+00
2.852543999999999969e+00 2.570782661437988281e+00
2.857623999999999942e+00 2.575957298278808594e+00
2.867048000000000041e+00 2.575957298278808594e+00
2.871624999999999872e+00 2.570782661437988281e+00
2.876021000000000161e+00 2.565608024597167969e+00
2.880341000000000040e+00 2.570782661437988281e+00
2.883537000000000017e+00 2.570782661437988281e+00
2.887957999999999803e+00 2.565608024597167969e+00
2.892291000000000167e+00 2.570782661437988281e+00
2.895573999999999870e+00 2.570782661437988281e+00
2.899915000000000020e+00 2.570782661437988281e+00
2.904240000000000155e+00 2.570782661437988281e+00
2.907607000000000053e+00 2.570782661437988281e+00
2.911944000000000088e+00 2.575957298278808594e+00
2.916303000000000090e+00 2.575957298278808594e+00
2.920646000000000075e+00 2.570782661437988281e+00
2.924986999999999782e+00 2.575957298278808594e+00
2.929373000000000005e+00 2.575957298278808594e+00
2.933726000000000056e+00 2.575957298278808594e+00
2.938152999999999793e+00 2.575957298278808594e+00
2.942521000000000164e+00 2.570782661437988281e+00
2.946890999999999927e+00 2.570782661437988281e+00
2.951249999999999929e+00 2.570782661437988281e+00
2.954591999999999885e+00 2.565608024597167969e+00
2.959211999999999954e+00 2.570782661437988281e+00
2.963585000000000136e+00 2.570782661437988281e+00
2.968102000000000018e+00 2.565608024597167969e+00
2.971334000000000142e+00 2.565608024597167969e+00
2.980792999999999804e+00 2.565608024597167969e+00
2.985425000000000217e+00 2.565608024597167969e+00
2.989790999999999865e+00 2.565608024597167969e+00
2.994161000000000072e+00 2.565608024597167969e+00
2.998590000000000089e+00 2.570782661437988281e+00
3.002949999999999786e+00 2.570782661437988281e+00
3.007422000000000040e+00 2.575957298278808594e+00
3.011791999999999803e+00 2.575957298278808594e+00
3.016176000000000190e+00 2.575957298278808594e+00
3.020570999999999895e+00 2.575957298278808594e+00
3.024969000000000019e+00 2.575957298278808594e+00
3.028366999999999809e+00 2.575957298278808594e+00
3.032738999999999852e+00 2.575957298278808594e+00
3.037154999999999827e+00 2.575957298278808594e+00
3.041561999999999877e+00 2.570782661437988281e+00
3.046065000000000023e+00 2.570782661437988281e+00
3.050457000000000196e+00 2.570782661437988281e+00
3.054847999999999786e+00 2.565608024597167969e+00
3.059347999999999956e+00 2.565608024597167969e+00
3.063759999999999817e+00 2.565608024597167969e+00
3.068229000000000095e+00 2.565608024597167969e+00
3.072696999999999790e+00 2.565608024597167969e+00
3.075991000000000142e+00 2.565608024597167969e+00
3.080385000000000151e+00 2.565608024597167969e+00
3.084792999999999896e+00 2.565608024597167969e+00
3.089377999999999957e+00 2.565608024597167969e+00
3.098825999999999858e+00 2.570782661437988281e+00
3.103474999999999984e+00 2.575957298278808594e+00
3.107974000000000014e+00 2.575957298278808594e+00
3.112398999999999916e+00 2.575957298278808594e+00
3.116957000000000200e+00 2.575957298278808594e+00
3.121392999999999862e+00 2.575957298278808594e+00
3.124735999999999958e+00 2.575957298278808594e+00
3.128187000000000051e+00 2.575957298278808594e+00
3.132613000000000092e+00 2.575957298278808594e+00
3.137093000000000131e+00 2.570782661437988281e+00
3.141545999999999950e+00 2.570782661437988281e+00
3.146058000000000021e+00 2.565608024597167969e+00
3.150501000000000218e+00 2.565608024597167969e+00
3.154942999999999831e+00 2.565608024597167969e+00
3.159507000000000065e+00 2.565608024597167969e+00
3.163972999999999924e+00 2.570782661437988281e+00
3.168486999999999831e+00 2.565608024597167969e+00
3.172982000000000191e+00 2.565608024597167969e+00
3.177537000000000056e+00 2.565608024597167969e+00
3.182007000000000030e+00 2.570782661437988281e+00
3.186475000000000168e+00 2.565608024597167969e+00
3.189706000000000152e+00 2.570782661437988281e+00
3.194173000000000151e+00 2.575957298278808594e+00
3.198713000000000140e+00 2.575957298278808594e+00
3.203176000000000023e+00 2.575957298278808594e+00
3.207761999999999780e+00 2.575957298278808594e+00
3.217439999999999856e+00 2.575957298278808594e+00
3.222147000000000094e+00 2.570782661437988281e+00
3.226661000000000001e+00 2.570782661437988281e+00
3.231155000000000221e+00 2.570782661437988281e+00
3.235698999999999881e+00 2.570782661437988281e+00
3.240215000000000067e+00 2.570782661437988281e+00
3.243589000000000055e+00 2.565608024597167969e+00
3.248143999999999920e+00 2.565608024597167969e+00
3.252664000000000222e+00 2.570782661437988281e+00
3.257210000000000161e+00 2.565608024597167969e+00
3.260793000000000053e+00 2.570782661437988281e+00
3.265369000000000188e+00 2.565608024597167969e+00
3.269878999999999980e+00 2.565608024597167969e+00
3.274389999999999912e+00 2.565608024597167969e+00
3.278983000000000203e+00 2.570782661437988281e+00
3.282344000000000150e+00 2.570782661437988281e+00
3.286906999999999801e+00 2.570782661437988281e+00
3.291449000000000069e+00 2.570782661437988281e+00
3.296025000000000205e+00 2.575957298278808594e+00
3.299351000000000145e+00 2.575957298278808594e+00
3.303875000000000117e+00 2.575957298278808594e+00
3.308469000000000104e+00 2.570782661437988281e+00
3.312996000000000052e+00 2.575957298278808594e+00
3.317603000000000080e+00 2.570782661437988281e+00
3.322137000000000118e+00 2.570782661437988281e+00
3.331780000000000186e+00 2.570782661437988281e+00
3.336542999999999815e+00 2.570782661437988281e+00
3.339980000000000171e+00 2.570782661437988281e+00
3.344539999999999846e+00 2.565608024597167969e+00
3.349222999999999839e+00 2.565608024597167969e+00
3.353758000000000017e+00 2.565608024597167969e+00
3.358433999999999919e+00 2.565608024597167969e+00
3.363309999999999800e+00 2.565608024597167969e+00
3.366842000000000112e+00 2.565608024597167969e+00
3.371500000000000163e+00 2.565608024597167969e+00
3.374959000000000042e+00 2.565608024597167969e+00
3.380698000000000203e+00 2.570782661437988281e+00
3.386430999999999969e+00 2.570782661437988281e+00
3.392100000000000115e+00 2.565608024597167969e+00
3.397772999999999932e+00 2.570782661437988281e+00
3.403436000000000128e+00 2.570782661437988281e+00
3.409234000000000098e+00 2.570782661437988281e+00
3.414862999999999982e+00 2.570782661437988281e+00
3.420611000000000068e+00 2.570782661437988281e+00
3.426455999999999946e+00 2.570782661437988281e+00
3.432122999999999813e+00 2.570782661437988281e+00
3.437781000000000198e+00 2.575957298278808594e+00
3.443966000000000083e+00 2.570782661437988281e+00
3.456407000000000007e+00 2.570782661437988281e+00
3.462339000000000055e+00 2.570782661437988281e+00
3.468383999999999912e+00 2.565608024597167969e+00
3.474095000000000155e+00 2.565608024597167969e+00
3.479423000000000155e+00 2.565608024597167969e+00
3.482724000000000153e+00 2.565608024597167969e+00
3.487455000000000194e+00 2.565608024597167969e+00
3.492135999999999907e+00 2.565608024597167969e+00
3.496754000000000140e+00 2.570782661437988281e+00
3.501380000000000159e+00 2.570782661437988281e+00
3.506067999999999962e+00 2.570782661437988281e+00
3.510696999999999957e+00 2.570782661437988281e+00
3.515394999999999825e+00 2.570782661437988281e+00
3.518755000000000077e+00 2.570782661437988281e+00
3.523357999999999990e+00 2.575957298278808594e+00
3.528023000000000131e+00 2.570782661437988281e+00
3.532646000000000175e+00 2.575957298278808594e+00
3.537291999999999881e+00 2.570782661437988281e+00
3.547060999999999797e+00 2.570782661437988281e+00
3.553665000000000074e+00 2.565608024597167969e+00
3.563594999999999846e+00 2.565608024597167969e+00
3.577971999999999930e+00 2.565608024597167969e+00
3.582742000000000093e+00 2.565608024597167969e+00
3.587508000000000141e+00 2.565608024597167969e+00
3.591029999999999944e+00 2.565608024597167969e+00
3.595769000000000215e+00 2.565608024597167969e+00
3.599162000000000194e+00 2.570782661437988281e+00
3.602605000000000057e+00 2.570782661437988281e+00
3.607279000000000124e+00 2.575957298278808594e+00
3.611940000000000150e+00 2.570782661437988281e+00
3.616636000000000184e+00 2.570782661437988281e+00
3.621290999999999816e+00 2.570782661437988281e+00
3.624756000000000089e+00 2.570782661437988281e+00
3.629535000000000178e+00 2.570782661437988281e+00
3.634205999999999825e+00 2.570782661437988281e+00
3.637741000000000113e+00 2.570782661437988281e+00
3.642452000000000023e+00 2.570782661437988281e+00
3.647123999999999810e+00 2.565608024597167969e+00
3.650533999999999946e+00 2.565608024597167969e+00
3.653982000000000063e+00 2.565608024597167969e+00
3.658692999999999973e+00 2.565608024597167969e+00
3.663371999999999851e+00 2.565608024597167969e+00
3.668184999999999807e+00 2.565608024597167969e+00
3.672876000000000030e+00 2.565608024597167969e+00
3.677639999999999798e+00 2.565608024597167969e+00
3.682630000000000070e+00 2.565608024597167969e+00
3.692663000000000029e+00 2.565608024597167969e+00
3.697509999999999852e+00 2.575957298278808594e+00
3.700976999999999961e+00 2.570782661437988281e+00
3.705785000000000107e+00 2.575957298278808594e+00
3.710529999999999884e+00 2.570782661437988281e+00
3.713935000000000208e+00 2.575957298278808594e+00
3.718790999999999958e+00 2.570782661437988281e+00
3.723570000000000046e+00 2.570782661437988281e+00
3.728391999999999928e+00 2.570782661437988281e+00
3.733141999999999960e+00 2.570782661437988281e+00
3.737999999999999989e+00 2.570782661437988281e+00
3.742770999999999848e+00 2.565608024597167969e+00
3.747616999999999976e+00 2.565608024597167969e+00
3.752371999999999819e+00 2.565608024597167969e+00
3.757155000000000022e+00 2.565608024597167969e+00
3.761919999999999931e+00 2.565608024597167969e+00
3.766704999999999970e+00 2.565608024597167969e+00
3.771729000000000109e+00 2.565608024597167969e+00
3.776584000000000163e+00 2.565608024597167969e+00
3.781357999999999997e+00 2.570782661437988281e+00
3.786197000000000035e+00 2.565608024597167969e+00
3.790974999999999984e+00 2.565608024597167969e+00
3.795815999999999857e+00 2.570782661437988281e+00
3.804180000000000117e+00 2.570782661437988281e+00
3.809447000000000028e+00 2.570782661437988281e+00
3.814211999999999936e+00 2.570782661437988281e+00
3.819033999999999818e+00 2.570782661437988281e+00
3.823805999999999816e+00 2.570782661437988281e+00
3.827345000000000219e+00 2.570782661437988281e+00
3.832117999999999913e+00 2.565608024597167969e+00
3.836902999999999953e+00 2.565608024597167969e+00
3.841666000000000025e+00 2.570782661437988281e+00
3.846484999999999932e+00 2.565608024597167969e+00
3.849946999999999786e+00 2.565608024597167969e+00
3.854715999999999809e+00 2.565608024597167969e+00
3.859601000000000059e+00 2.565608024597167969e+00
3.864365999999999968e+00 2.565608024597167969e+00
3.869264999999999954e+00 2.570782661437988281e+00
3.874302000000000135e+00 2.565608024597167969e+00
3.879173999999999900e+00 2.565608024597167969e+00
3.883976000000000095e+00 2.565608024597167969e+00
3.888809000000000182e+00 2.565608024597167969e+00
3.893720000000000070e+00 2.565608024597167969e+00
3.898576999999999959e+00 2.570782661437988281e+00
3.903367999999999949e+00 2.570782661437988281e+00
3.908227999999999813e+00 2.570782661437988281e+00
3.911796999999999969e+00 2.570782661437988281e+00
3.916603999999999974e+00 2.570782661437988281e+00
3.926483000000000168e+00 2.570782661437988281e+00
3.931477999999999806e+00 2.570782661437988281e+00
3.934966000000000186e+00 2.570782661437988281e+00
3.939821999999999935e+00 2.570782661437988281e+00
3.944622999999999990e+00 2.565608024597167969e+00
3.949498999999999871e+00 2.565608024597167969e+00
3.954299999999999926e+00 2.565608024597167969e+00
3.959201000000000192e+00 2.565608024597167969e+00
3.963998000000000133e+00 2.565608024597167969e+00
3.967544999999999877e+00 2.565608024597167969e+00
3.972347000000000072e+00 2.565608024597167969e+00
3.977393999999999874e+00 2.565608024597167969e+00
3.982202000000000019e+00 2.565608024597167969e+00
3.987025000000000041e+00 2.560433387756347656e+00
3.991877000000000120e+00 2.565608024597167969e+00
3.996696000000000026e+00 2.565608024597167969e+00
4.001508000000000287e+00 2.570782661437988281e+00
4.004927000000000348e+00 2.565608024597167969e+00
4.009896000000000349e+00 2.565608024597167969e+00
4.013365000000000293e+00 2.565608024597167969e+00
4.018240999999999730e+00 2.570782661437988281e+00
4.023075999999999652e+00 2.570782661437988281e+00
4.028081000000000245e+00 2.570782661437988281e+00
4.032973000000000141e+00 2.570782661437988281e+00
4.042829000000000228e+00 2.570782661437988281e+00
4.047981000000000051e+00 2.565608024597167969e+00
4.052810000000000024e+00 2.565608024597167969e+00
4.057752999999999943e+00 2.565608024597167969e+00
4.062580999999999776e+00 2.565608024597167969e+00
4.067427999999999599e+00 2.565608024597167969e+00
4.072271999999999892e+00 2.560433387756347656e+00
4.077162000000000397e+00 2.560433387756347656e+00
4.082017999999999702e+00 2.565608024597167969e+00
4.086873999999999896e+00 2.565608024597167969e+00
4.091705000000000148e+00 2.565608024597167969e+00
4.096579000000000192e+00 2.565608024597167969e+00
4.101428000000000296e+00 2.570782661437988281e+00
4.106333000000000233e+00 2.570782661437988281e+00
4.111289000000000193e+00 2.570782661437988281e+00
4.116198999999999941e+00 2.570782661437988281e+00
4.119739000000000040e+00 2.570782661437988281e+00
4.124562000000000062e+00 2.570782661437988281e+00
4.128167999999999616e+00 2.570782661437988281e+00
4.133032000000000039e+00 2.570782661437988281e+00
4.137964000000000198e+00 2.570782661437988281e+00
4.142839999999999634e+00 2.565608024597167969e+00
4.147759999999999891e+00 2.560433387756347656e+00
4.152636000000000216e+00 2.560433387756347656e+00
4.162481999999999793e+00 2.560433387756347656e+00
4.167639000000000316e+00 2.560433387756347656e+00
4.172539999999999694e+00 2.560433387756347656e+00
4.177489999999999704e+00 2.560433387756347656e+00
4.182392000000000110e+00 2.560433387756347656e+00
4.187312000000000367e+00 2.565608024597167969e+00
4.192205000000000403e+00 2.565608024597167969e+00
4.197136000000000422e+00 2.570782661437988281e+00
4.202035999999999660e+00 2.570782661437988281e+00
4.206964000000000148e+00 2.570782661437988281e+00
4.211975999999999942e+00 2.565608024597167969e+00
4.216904999999999681e+00 2.570782661437988281e+00
4.221813000000000038e+00 2.570782661437988281e+00
4.226776000000000089e+00 2.565608024597167969e+00
4.231690000000000396e+00 2.570782661437988281e+00
4.236599000000000004e+00 2.565608024597167969e+00
4.241518000000000121e+00 2.565608024597167969e+00
4.246425999999999590e+00 2.560433387756347656e+00
4.251345999999999847e+00 2.560433387756347656e+00
4.256312000000000317e+00 2.560433387756347656e+00
4.261330000000000062e+00 2.560433387756347656e+00
4.266296999999999784e+00 2.565608024597167969e+00
4.271234999999999893e+00 2.565608024597167969e+00
4.281242999999999910e+00 2.565608024597167969e+00
4.286731999999999765e+00 2.565608024597167969e+00
4.291674000000000433e+00 2.565608024597167969e+00
4.296661000000000286e+00 2.570782661437988281e+00
4.301616000000000106e+00 2.570782661437988281e+00
4.306585000000000107e+00 2.570782661437988281e+00
4.311640999999999835e+00 2.565608024597167969e+00
4.316621999999999737e+00 2.570782661437988281e+00
4.320365999999999929e+00 2.565608024597167969e+00
4.325427000000000355e+00 2.565608024597167969e+00
4.330404999999999838e+00 2.565608024597167969e+00
4.333934000000000175e+00 2.565608024597167969e+00
4.337538999999999589e+00 2.565608024597167969e+00
4.341137999999999941e+00 2.565608024597167969e+00
4.346155000000000435e+00 2.560433387756347656e+00
4.351097000000000214e+00 2.560433387756347656e+00
4.356137999999999622e+00 2.565608024597167969e+00
4.361121999999999943e+00 2.565608024597167969e+00
4.366147999999999918e+00 2.565608024597167969e+00
4.371120000000000339e+00 2.565608024597167969e+00
4.376148999999999845e+00 2.565608024597167969e+00
4.379779000000000089e+00 2.565608024597167969e+00
4.383377000000000301e+00 2.565608024597167969e+00
4.388476999999999961e+00 2.565608024597167969e+00
4.398622999999999728e+00 2.570782661437988281e+00
4.403798000000000101e+00 2.565608024597167969e+00
4.408941000000000443e+00 2.565608024597167969e+00
4.413967999999999670e+00 2.565608024597167969e+00
4.417600000000000193e+00 2.565608024597167969e+00
4.421198999999999657e+00 2.565608024597167969e+00
4.424800000000000288e+00 2.565608024597167969e+00
4.429921000000000220e+00 2.565608024597167969e+00
4.434903000000000262e+00 2.565608024597167969e+00
4.439979000000000120e+00 2.570782661437988281e+00
4.444984999999999964e+00 2.565608024597167969e+00
4.450060999999999822e+00 2.565608024597167969e+00
4.455118999999999829e+00 2.565608024597167969e+00
4.460157999999999845e+00 2.565608024597167969e+00
4.465226000000000361e+00 2.565608024597167969e+00
4.470245000000000246e+00 2.565608024597167969e+00
4.475310000000000343e+00 2.560433387756347656e+00
4.480361000000000260e+00 2.560433387756347656e+00
4.483978999999999715e+00 2.560433387756347656e+00
4.489090000000000025e+00 2.560433387756347656e+00
4.494112000000000329e+00 2.560433387756347656e+00
4.499201000000000228e+00 2.565608024597167969e+00
4.504233000000000153e+00 2.565608024597167969e+00
4.509368000000000265e+00 2.565608024597167969e+00
4.519452000000000247e+00 2.565608024597167969e+00
4.524784999999999613e+00 2.570782661437988281e+00
4.529922000000000004e+00 2.570782661437988281e+00
4.534957000000000349e+00 2.565608024597167969e+00
4.540377000000000329e+00 2.565608024597167969e+00
4.552618999999999971e+00 2.565608024597167969e+00
4.559840999999999589e+00 2.560433387756347656e+00
4.566320000000000157e+00 2.560433387756347656e+00
4.569977999999999874e+00 2.560433387756347656e+00
4.576573999999999920e+00 2.560433387756347656e+00
4.581949999999999967e+00 2.560433387756347656e+00
4.587056999999999718e+00 2.560433387756347656e+00
4.592240999999999573e+00 2.560433387756347656e+00
4.597366000000000064e+00 2.565608024597167969e+00
4.602492999999999945e+00 2.565608024597167969e+00
4.607685000000000031e+00 2.565608024597167969e+00
4.612861999999999796e+00 2.565608024597167969e+00
4.618037000000000170e+00 2.570782661437988281e+00
4.623121000000000258e+00 2.570782661437988281e+00
4.633223000000000091e+00 2.565608024597167969e+00
4.638588000000000378e+00 2.565608024597167969e+00
4.643659000000000425e+00 2.565608024597167969e+00
4.648832999999999771e+00 2.565608024597167969e+00
4.653915999999999720e+00 2.560433387756347656e+00
4.659055999999999642e+00 2.560433387756347656e+00
4.664146999999999821e+00 2.555258750915527344e+00
4.669315000000000104e+00 2.560433387756347656e+00
4.674407000000000423e+00 2.560433387756347656e+00
4.679688999999999766e+00 2.560433387756347656e+00
4.683349999999999902e+00 2.560433387756347656e+00
4.688515999999999906e+00 2.560433387756347656e+00
4.693659000000000248e+00 2.565608024597167969e+00
4.697409999999999641e+00 2.570782661437988281e+00
4.702537000000000411e+00 2.565608024597167969e+00
4.707708000000000226e+00 2.570782661437988281e+00
4.712944000000000244e+00 2.565608024597167969e+00
4.718131999999999771e+00 2.570782661437988281e+00
4.723268000000000022e+00 2.565608024597167969e+00
4.728419999999999845e+00 2.565608024597167969e+00
4.733527999999999736e+00 2.565608024597167969e+00
4.738704000000000249e+00 2.565608024597167969e+00
4.748866999999999727e+00 2.560433387756347656e+00
4.754235999999999684e+00 2.555258750915527344e+00
4.759425000000000239e+00 2.555258750915527344e+00
4.764546000000000170e+00 2.560433387756347656e+00
4.769754999999999967e+00 2.560433387756347656e+00
4.773293999999999926e+00 2.560433387756347656e+00
4.778491999999999962e+00 2.560433387756347656e+00
4.783629999999999605e+00 2.565608024597167969e+00
4.787354999999999805e+00 2.560433387756347656e+00
4.790955000000000297e+00 2.565608024597167969e+00
4.796268999999999672e+00 2.570782661437988281e+00
4.801413000000000153e+00 2.565608024597167969e+00
4.806555999999999607e+00 2.565608024597167969e+00
4.811681000000000097e+00 2.565608024597167969e+00
4.816804000000000308e+00 2.565608024597167969e+00
4.821932999999999581e+00 2.565608024597167969e+00
4.827071000000000112e+00 2.565608024597167969e+00
4.832213000000000314e+00 2.565608024597167969e+00
4.837361999999999718e+00 2.560433387756347656e+00
4.842528999999999861e+00 2.560433387756347656e+00
4.847733999999999988e+00 2.560433387756347656e+00
4.851337000000000010e+00 2.560433387756347656e+00
4.854938999999999893e+00 2.555258750915527344e+00
4.860219999999999985e+00 2.560433387756347656e+00
4.870339000000000418e+00 2.560433387756347656e+00
4.875773999999999830e+00 2.560433387756347656e+00
4.881034999999999791e+00 2.560433387756347656e+00
4.886303999999999981e+00 2.560433387756347656e+00
4.891504000000000296e+00 2.560433387756347656e+00
4.896736999999999895e+00 2.565608024597167969e+00
4.901944000000000301e+00 2.565608024597167969e+00
4.907143999999999728e+00 2.565608024597167969e+00
4.912327999999999584e+00 2.565608024597167969e+00
4.917538999999999660e+00 2.565608024597167969e+00
4.922743999999999787e+00 2.560433387756347656e+00
4.928016000000000396e+00 2.565608024597167969e+00
4.933207000000000342e+00 2.565608024597167969e+00
4.938500000000000334e+00 2.565608024597167969e+00
4.942194999999999894e+00 2.565608024597167969e+00
4.945948999999999707e+00 2.560433387756347656e+00
4.951139000000000401e+00 2.560433387756347656e+00
4.956396999999999942e+00 2.560433387756347656e+00
4.961587999999999887e+00 2.560433387756347656e+00
4.966808000000000334e+00 2.560433387756347656e+00
4.972045999999999744e+00 2.560433387756347656e+00
4.977286000000000321e+00 2.560433387756347656e+00
4.987630000000000230e+00 2.560433387756347656e+00
4.993085999999999913e+00 2.560433387756347656e+00
4.998402999999999707e+00 2.565608024597167969e+00
5.003597000000000072e+00 2.565608024597167969e+00
5.007378000000000107e+00 2.565608024597167969e+00
5.012582000000000093e+00 2.565608024597167969e+00
5.017897999999999747e+00 2.565608024597167969e+00
5.023121999999999865e+00 2.560433387756347656e+00
5.028410000000000046e+00 2.565608024597167969e+00
5.033616000000000312e+00 2.565608024597167969e+00
5.038935999999999638e+00 2.565608024597167969e+00
5.044152000000000413e+00 2.565608024597167969e+00
5.049553000000000402e+00 2.560433387756347656e+00
5.054758999999999780e+00 2.560433387756347656e+00
5.060067000000000093e+00 2.560433387756347656e+00
5.065362999999999616e+00 2.560433387756347656e+00
5.070590000000000153e+00 2.555258750915527344e+00
5.075866000000000433e+00 2.555258750915527344e+00
5.081237999999999921e+00 2.555258750915527344e+00
5.086528999999999634e+00 2.555258750915527344e+00
5.091778999999999833e+00 2.555258750915527344e+00
5.097061000000000064e+00 2.565608024597167969e+00
5.107535000000000380e+00 2.560433387756347656e+00
5.112987000000000393e+00 2.565608024597167969e+00
5.116693999999999853e+00 2.565608024597167969e+00
5.121968999999999994e+00 2.565608024597167969e+00
5.127265999999999657e+00 2.560433387756347656e+00
5.132533999999999708e+00 2.565608024597167969e+00
5.137902999999999665e+00 2.565608024597167969e+00
5.143178999999999945e+00 2.565608024597167969e+00
5.148575000000000124e+00 2.560433387756347656e+00
5.153845999999999705e+00 2.555258750915527344e+00
5.159214999999999662e+00 2.555258750915527344e+00
5.162941000000000003e+00 2.555258750915527344e+00
5.168274000000000257e+00 2.555258750915527344e+00
5.173568999999999640e+00 2.555258750915527344e+00
5.178924999999999557e+00 2.555258750915527344e+00
5.184217000000000297e+00 2.555258750915527344e+00
5.189588999999999785e+00 2.555258750915527344e+00
5.194890000000000008e+00 2.560433387756347656e+00
5.200275999999999677e+00 2.565608024597167969e+00
5.205714999999999648e+00 2.565608024597167969e+00
5.211015999999999870e+00 2.565608024597167969e+00
5.214749000000000301e+00 2.565608024597167969e+00
5.225240999999999580e+00 2.565608024597167969e+00
5.230789999999999829e+00 2.565608024597167969e+00
5.236171999999999827e+00 2.565608024597167969e+00
5.241500000000000270e+00 2.560433387756347656e+00
5.246796999999999933e+00 2.555258750915527344e+00
5.252106000000000385e+00 2.555258750915527344e+00
5.257413999999999810e+00 2.555258750915527344e+00
5.262748000000000204e+00 2.550084114074707031e+00
5.268112000000000350e+00 2.555258750915527344e+00
5.273413999999999824e+00 2.550084114074707031e+00
5.278805000000000192e+00 2.555258750915527344e+00
5.282536000000000342e+00 2.555258750915527344e+00
5.287918999999999592e+00 2.560433387756347656e+00
5.293218000000000423e+00 2.555258750915527344e+00
5.298697999999999908e+00 2.565608024597167969e+00
5.304019000000000261e+00 2.565608024597167969e+00
5.309603000000000073e+00 2.560433387756347656e+00
5.313346000000000124e+00 2.565608024597167969e+00
5.318715000000000082e+00 2.565608024597167969e+00
5.324041000000000246e+00 2.560433387756347656e+00
5.329511000000000109e+00 2.560433387756347656e+00
5.334965999999999653e+00 2.560433387756347656e+00
5.345824000000000353e+00 2.555258750915527344e+00
5.352155999999999914e+00 2.550084114074707031e+00
5.357673000000000130e+00 2.555258750915527344e+00
5.363165000000000404e+00 2.555258750915527344e+00
5.368726999999999805e+00 2.560433387756347656e+00
5.374246000000000301e+00 2.555258750915527344e+00
5.380596999999999852e+00 2.555258750915527344e+00
5.384350000000000414e+00 2.560433387756347656e+00
5.389839000000000269e+00 2.560433387756347656e+00
5.395307999999999993e+00 2.560433387756347656e+00
5.400701999999999892e+00 2.565608024597167969e+00
5.406152999999999764e+00 2.560433387756347656e+00
5.411849000000000132e+00 2.555258750915527344e+00
5.417265999999999693e+00 2.560433387756347656e+00
5.422654999999999781e+00 2.565608024597167969e+00
5.428141000000000105e+00 2.560433387756347656e+00
5.431942000000000270e+00 2.560433387756347656e+00
5.437352999999999881e+00 2.560433387756347656e+00
5.442749000000000059e+00 2.560433387756347656e+00
5.448222999999999594e+00 2.555258750915527344e+00
5.458949999999999747e+00 2.550084114074707031e+00
5.464566999999999730e+00 2.555258750915527344e+00
5.470092000000000176e+00 2.555258750915527344e+00
5.475543000000000049e+00 2.555258750915527344e+00
5.480983000000000160e+00 2.555258750915527344e+00
5.484778000000000375e+00 2.555258750915527344e+00
5.490269999999999762e+00 2.555258750915527344e+00
5.495769000000000126e+00 2.555258750915527344e+00
5.499571999999999683e+00 2.560433387756347656e+00
5.504993999999999943e+00 2.560433387756347656e+00
5.510570000000000412e+00 2.555258750915527344e+00
5.516100999999999921e+00 2.560433387756347656e+00
5.521638000000000268e+00 2.560433387756347656e+00
5.527103000000000321e+00 2.565608024597167969e+00
5.530934000000000239e+00 2.560433387756347656e+00
5.536429000000000045e+00 2.560433387756347656e+00
5.541865999999999737e+00 2.560433387756347656e+00
5.547416000000000125e+00 2.555258750915527344e+00
5.562216000000000271e+00 2.555258750915527344e+00
5.573490999999999751e+00 2.555258750915527344e+00
5.586926000000000059e+00 2.550084114074707031e+00
5.592553999999999803e+00 2.550084114074707031e+00
5.599783999999999651e+00 2.560433387756347656e+00
5.606938999999999673e+00 2.560433387756347656e+00
5.611814999999999998e+00 2.560433387756347656e+00
5.618910999999999767e+00 2.560433387756347656e+00
5.625963999999999743e+00 2.560433387756347656e+00
5.632972999999999786e+00 2.560433387756347656e+00
5.640069999999999695e+00 2.560433387756347656e+00
5.647189000000000014e+00 2.550084114074707031e+00
5.654208999999999818e+00 2.555258750915527344e+00
5.661299999999999777e+00 2.550084114074707031e+00
5.668337000000000181e+00 2.550084114074707031e+00
5.675436000000000369e+00 2.550084114074707031e+00
5.682491999999999877e+00 2.550084114074707031e+00
5.689623000000000097e+00 2.550084114074707031e+00
5.701057999999999737e+00 2.555258750915527344e+00
5.706826000000000398e+00 2.560433387756347656e+00
5.712381999999999849e+00 2.560433387756347656e+00
5.718176999999999843e+00 2.560433387756347656e+00
5.723696999999999591e+00 2.560433387756347656e+00
5.729326000000000363e+00 2.560433387756347656e+00
5.733200000000000074e+00 2.560433387756347656e+00
5.738780000000000214e+00 2.560433387756347656e+00
5.744307000000000052e+00 2.550084114074707031e+00
5.749941999999999886e+00 2.550084114074707031e+00
5.753777000000000363e+00 2.550084114074707031e+00
5.759345999999999854e+00 2.544909477233886719e+00
5.764878000000000391e+00 2.550084114074707031e+00
5.768733000000000111e+00 2.550084114074707031e+00
5.774256000000000277e+00 2.550084114074707031e+00
5.779892000000000252e+00 2.550084114074707031e+00
5.785529000000000366e+00 2.550084114074707031e+00
5.791058999999999735e+00 2.550084114074707031e+00
5.796685000000000088e+00 2.555258750915527344e+00
5.800609999999999822e+00 2.591481208801269531e+00
5.806208999999999953e+00 3.434939384460449219e+00
5.811759999999999593e+00 4.795857429504394531e+00
5.822606000000000392e+00 4.790682792663574219e+00
5.828438000000000230e+00 4.795857429504394531e+00
5.834051999999999794e+00 4.790682792663574219e+00
5.839674999999999727e+00 4.790682792663574219e+00
5.845285999999999760e+00 4.785508155822753906e+00
5.850858999999999810e+00 4.790682792663574219e+00
5.856449999999999712e+00 4.785508155822753906e+00
5.861998999999999960e+00 4.790682792663574219e+00
5.867619000000000362e+00 4.790682792663574219e+00
5.873151000000000010e+00 4.790682792663574219e+00
5.878771000000000413e+00 4.790682792663574219e+00
5.884343999999999575e+00 4.790682792663574219e+00
5.890009000000000050e+00 4.790682792663574219e+00
5.895609999999999573e+00 4.795857429504394531e+00
5.901203999999999894e+00 4.795857429504394531e+00
5.906791000000000125e+00 4.795857429504394531e+00
5.912380999999999887e+00 4.795857429504394531e+00
5.918116999999999628e+00 4.795857429504394531e+00
5.921956999999999915e+00 4.790682792663574219e+00
5.927527999999999686e+00 4.795857429504394531e+00
5.933203999999999922e+00 4.790682792663574219e+00
5.944041999999999604e+00 4.790682792663574219e+00
5.949891000000000041e+00 4.790682792663574219e+00
5.955568999999999669e+00 4.790682792663574219e+00
5.961149999999999949e+00 4.785508155822753906e+00
5.966842999999999897e+00 4.790682792663574219e+00
5.972444999999999560e+00 4.790682792663574219e+00
5.978098000000000134e+00 4.790682792663574219e+00
5.983693999999999846e+00 4.785508155822753906e+00
5.989344000000000001e+00 4.790682792663574219e+00
5.994926999999999673e+00 4.795857429504394531e+00
6.000651999999999653e+00 4.795857429504394531e+00
6.006338000000000399e+00 4.790682792663574219e+00
6.011985000000000134e+00 4.790682792663574219e+00
6.017663999999999902e+00 4.790682792663574219e+00
6.021576999999999735e+00 4.790682792663574219e+00
6.027173999999999587e+00 4.795857429504394531e+00
6.032828000000000301e+00 4.790682792663574219e+00
6.038491999999999749e+00 4.795857429504394531e+00
6.044096999999999831e+00 4.790682792663574219e+00
6.049838000000000271e+00 4.790682792663574219e+00
6.055513000000000368e+00 4.790682792663574219e+00
6.066253999999999813e+00 4.790682792663574219e+00
6.072099999999999831e+00 4.790682792663574219e+00
6.077736999999999945e+00 4.785508155822753906e+00
6.083432000000000173e+00 4.790682792663574219e+00
6.089193999999999996e+00 4.790682792663574219e+00
6.093155999999999572e+00 4.795857429504394531e+00
6.098883999999999972e+00 4.795857429504394531e+00
6.102808999999999706e+00 4.790682792663574219e+00
6.108520999999999646e+00 4.795857429504394531e+00
6.114220000000000432e+00 4.790682792663574219e+00
6.118401000000000423e+00 4.795857429504394531e+00
6.124119999999999564e+00 4.790682792663574219e+00
6.129865999999999815e+00 4.795857429504394531e+00
6.135621999999999687e+00 4.795857429504394531e+00
