1.252000000000000075e-03 2.632877349853515625e+00
4.686000000000000061e-03 2.627702713012695312e+00
8.148999999999999994e-03 2.627702713012695312e+00
1.159699999999999967e-02 2.627702713012695312e+00
2.271899999999999961e-02 2.627702713012695312e+00
2.629599999999999993e-02 2.627702713012695312e+00
2.976600000000000079e-02 2.627702713012695312e+00
3.321400000000000047e-02 2.627702713012695312e+00
3.650500000000000272e-02 2.627702713012695312e+00
3.996199999999999752e-02 2.632877349853515625e+00
4.341600000000000320e-02 2.632877349853515625e+00
4.671299999999999758e-02 2.632877349853515625e+00
5.020899999999999669e-02 2.627702713012695312e+00
5.349500000000000088e-02 2.632877349853515625e+00
5.694500000000000256e-02 2.638051986694335938e+00
6.055399999999999672e-02 2.638051986694335938e+00
6.402099999999999458e-02 2.638051986694335938e+00
6.729999999999999871e-02 2.638051986694335938e+00
7.090599999999999681e-02 2.638051986694335938e+00
7.435500000000000442e-02 2.638051986694335938e+00
7.787700000000000178e-02 2.638051986694335938e+00
8.142399999999999638e-02 2.632877349853515625e+00
8.470800000000000551e-02 2.632877349853515625e+00
8.817300000000000137e-02 2.632877349853515625e+00
9.161800000000000499e-02 2.638051986694335938e+00
9.491099999999999537e-02 2.632877349853515625e+00
9.837100000000000011e-02 2.632877349853515625e+00
1.018209999999999948e-01 2.632877349853515625e+00
1.051119999999999971e-01 2.627702713012695312e+00
1.085679999999999978e-01 2.627702713012695312e+00
1.120199999999999946e-01 2.627702713012695312e+00
1.153109999999999968e-01 2.627702713012695312e+00
1.187639999999999946e-01 2.627702713012695312e+00
1.222170000000000062e-01 2.627702713012695312e+00
1.255060000000000064e-01 2.627702713012695312e+00
1.289589999999999903e-01 2.632877349853515625e+00
1.396159999999999901e-01 2.627702713012695312e+00
1.430520000000000125e-01 2.632877349853515625e+00
1.465410000000000046e-01 2.627702713012695312e+00
1.499989999999999934e-01 2.627702713012695312e+00
1.532969999999999888e-01 2.638051986694335938e+00
1.567429999999999934e-01 2.638051986694335938e+00
1.601950000000000041e-01 2.638051986694335938e+00
1.634909999999999974e-01 2.632877349853515625e+00
1.669410000000000061e-01 2.632877349853515625e+00
1.705609999999999904e-01 2.638051986694335938e+00
1.740029999999999910e-01 2.638051986694335938e+00
1.772930000000000061e-01 2.638051986694335938e+00
1.807509999999999950e-01 2.632877349853515625e+00
1.840360000000000051e-01 2.632877349853515625e+00
1.875080000000000080e-01 2.632877349853515625e+00
1.909589999999999899e-01 2.638051986694335938e+00
1.943880000000000052e-01 2.632877349853515625e+00
1.977369999999999961e-01 2.632877349853515625e+00
2.011380000000000112e-01 2.632877349853515625e+00
2.045849999999999891e-01 2.627702713012695312e+00
2.078810000000000102e-01 2.632877349853515625e+00
2.113309999999999911e-01 2.632877349853515625e+00
2.147830000000000017e-01 2.632877349853515625e+00
2.180870000000000031e-01 2.632877349853515625e+00
2.215239999999999987e-01 2.632877349853515625e+00
2.249760000000000093e-01 2.632877349853515625e+00
2.282619999999999927e-01 2.632877349853515625e+00
2.317269999999999885e-01 2.632877349853515625e+00
2.351739999999999942e-01 2.632877349853515625e+00
2.386369999999999880e-01 2.632877349853515625e+00
2.421099999999999919e-01 2.627702713012695312e+00
2.455610000000000015e-01 2.632877349853515625e+00
2.488910000000000011e-01 2.627702713012695312e+00
2.590450000000000252e-01 2.632877349853515625e+00
2.625040000000000151e-01 2.638051986694335938e+00
2.659460000000000157e-01 2.632877349853515625e+00
2.698510000000000075e-01 2.638051986694335938e+00
2.732959999999999834e-01 2.632877349853515625e+00
2.767479999999999940e-01 2.638051986694335938e+00
2.802040000000000086e-01 2.632877349853515625e+00
2.834960000000000258e-01 2.632877349853515625e+00
2.869479999999999809e-01 2.632877349853515625e+00
2.905590000000000117e-01 2.638051986694335938e+00
2.940050000000000163e-01 2.638051986694335938e+00
2.972949999999999759e-01 2.632877349853515625e+00
3.007480000000000153e-01 2.638051986694335938e+00
3.042070000000000052e-01 2.632877349853515625e+00
3.074999999999999956e-01 2.632877349853515625e+00
3.109560000000000102e-01 2.632877349853515625e+00
3.144049999999999900e-01 2.632877349853515625e+00
3.177550000000000097e-01 2.632877349853515625e+00
3.211479999999999890e-01 2.632877349853515625e+00
3.246040000000000036e-01 2.632877349853515625e+00
3.279059999999999753e-01 2.632877349853515625e+00
3.313539999999999819e-01 2.632877349853515625e+00
3.346779999999999755e-01 2.632877349853515625e+00
3.381339999999999901e-01 2.627702713012695312e+00
3.415830000000000255e-01 2.627702713012695312e+00
3.448729999999999851e-01 2.627702713012695312e+00
3.483330000000000037e-01 2.627702713012695312e+00
3.517779999999999796e-01 2.632877349853515625e+00
3.550679999999999947e-01 2.632877349853515625e+00
3.586969999999999881e-01 2.632877349853515625e+00
3.621369999999999867e-01 2.632877349853515625e+00
3.655869999999999953e-01 2.632877349853515625e+00
3.751650000000000262e-01 2.632877349853515625e+00
3.791559999999999930e-01 2.638051986694335938e+00
3.829710000000000059e-01 2.638051986694335938e+00
3.862769999999999815e-01 2.638051986694335938e+00
3.897220000000000129e-01 2.638051986694335938e+00
3.931790000000000007e-01 2.638051986694335938e+00
3.964770000000000238e-01 2.638051986694335938e+00
3.999210000000000265e-01 2.638051986694335938e+00
4.033760000000000123e-01 2.632877349853515625e+00
4.066620000000000235e-01 2.632877349853515625e+00
4.101159999999999806e-01 2.632877349853515625e+00
4.135639999999999872e-01 2.632877349853515625e+00
4.170139999999999958e-01 2.627702713012695312e+00
4.204720000000000124e-01 2.627702713012695312e+00
4.239109999999999823e-01 2.627702713012695312e+00
4.273600000000000176e-01 2.627702713012695312e+00
4.310060000000000002e-01 2.627702713012695312e+00
4.343009999999999926e-01 2.627702713012695312e+00
4.377829999999999777e-01 2.627702713012695312e+00
4.413650000000000073e-01 2.627702713012695312e+00
4.448059999999999792e-01 2.627702713012695312e+00
4.481169999999999876e-01 2.627702713012695312e+00
4.515580000000000149e-01 2.632877349853515625e+00
4.550089999999999968e-01 2.632877349853515625e+00
4.583200000000000052e-01 2.632877349853515625e+00
4.617620000000000058e-01 2.638051986694335938e+00
4.652140000000000164e-01 2.638051986694335938e+00
4.686779999999999835e-01 2.638051986694335938e+00
4.721159999999999801e-01 2.638051986694335938e+00
4.755670000000000175e-01 2.638051986694335938e+00
4.788560000000000039e-01 2.632877349853515625e+00
4.823549999999999782e-01 2.638051986694335938e+00
4.859040000000000026e-01 2.638051986694335938e+00
4.950970000000000093e-01 2.638051986694335938e+00
4.989399999999999946e-01 2.638051986694335938e+00
5.025380000000000402e-01 2.632877349853515625e+00
5.059989999999999766e-01 2.627702713012695312e+00
5.092910000000000492e-01 2.627702713012695312e+00
5.127420000000000311e-01 2.627702713012695312e+00
5.161900000000000377e-01 2.627702713012695312e+00
5.194849999999999746e-01 2.627702713012695312e+00
5.229380000000000139e-01 2.627702713012695312e+00
5.262660000000000116e-01 2.627702713012695312e+00
5.297209999999999974e-01 2.627702713012695312e+00
5.331690000000000040e-01 2.627702713012695312e+00
5.364560000000000439e-01 2.627702713012695312e+00
5.399040000000000505e-01 2.627702713012695312e+00
5.433580000000000076e-01 2.632877349853515625e+00
5.468079999999999607e-01 2.632877349853515625e+00
5.502679999999999794e-01 2.632877349853515625e+00
5.537119999999999820e-01 2.638051986694335938e+00
5.571589999999999598e-01 2.638051986694335938e+00
5.607720000000000482e-01 2.638051986694335938e+00
5.642249999999999766e-01 2.638051986694335938e+00
5.675139999999999629e-01 2.638051986694335938e+00
5.709629999999999983e-01 2.638051986694335938e+00
5.744230000000000169e-01 2.638051986694335938e+00
5.777710000000000345e-01 2.643226623535156250e+00
5.811669999999999892e-01 2.638051986694335938e+00
5.846339999999999870e-01 2.638051986694335938e+00
5.880739999999999856e-01 2.638051986694335938e+00
5.915230000000000210e-01 2.638051986694335938e+00
5.949670000000000236e-01 2.638051986694335938e+00
5.982650000000000468e-01 2.632877349853515625e+00
6.017099999999999671e-01 2.632877349853515625e+00
6.051609999999999490e-01 2.632877349853515625e+00
6.145979999999999777e-01 2.627702713012695312e+00
6.183499999999999552e-01 2.627702713012695312e+00
6.219789999999999486e-01 2.632877349853515625e+00
6.252680000000000460e-01 2.632877349853515625e+00
6.287230000000000318e-01 2.632877349853515625e+00
6.321689999999999809e-01 2.632877349853515625e+00
6.354630000000000001e-01 2.638051986694335938e+00
6.389099999999999779e-01 2.632877349853515625e+00
6.423649999999999638e-01 2.632877349853515625e+00
6.458159999999999457e-01 2.632877349853515625e+00
6.491160000000000263e-01 2.632877349853515625e+00
6.525710000000000122e-01 2.638051986694335938e+00
6.558589999999999698e-01 2.638051986694335938e+00
6.593059999999999476e-01 2.638051986694335938e+00
6.627560000000000118e-01 2.643226623535156250e+00
6.662080000000000224e-01 2.638051986694335938e+00
6.695119999999999960e-01 2.638051986694335938e+00
6.729589999999999739e-01 2.638051986694335938e+00
6.764120000000000132e-01 2.638051986694335938e+00
6.797100000000000364e-01 2.638051986694335938e+00
6.831589999999999607e-01 2.632877349853515625e+00
6.864390000000000214e-01 2.638051986694335938e+00
6.899039999999999617e-01 2.638051986694335938e+00
6.933589999999999476e-01 2.638051986694335938e+00
6.968010000000000037e-01 2.638051986694335938e+00
7.004120000000000346e-01 2.638051986694335938e+00
7.037099999999999467e-01 2.632877349853515625e+00
7.071610000000000396e-01 2.632877349853515625e+00
7.107649999999999801e-01 2.632877349853515625e+00
7.142190000000000483e-01 2.632877349853515625e+00
7.175519999999999676e-01 2.632877349853515625e+00
7.210069999999999535e-01 2.632877349853515625e+00
7.243100000000000094e-01 2.632877349853515625e+00
7.342330000000000245e-01 2.632877349853515625e+00
7.380269999999999886e-01 2.632877349853515625e+00
7.415389999999999482e-01 2.632877349853515625e+00
7.449930000000000163e-01 2.632877349853515625e+00
7.482929999999999859e-01 2.632877349853515625e+00
7.517399999999999638e-01 2.638051986694335938e+00
7.551959999999999784e-01 2.638051986694335938e+00
7.586500000000000465e-01 2.632877349853515625e+00
7.620909999999999629e-01 2.638051986694335938e+00
7.655419999999999447e-01 2.638051986694335938e+00
7.690069999999999961e-01 2.638051986694335938e+00
7.722949999999999537e-01 2.638051986694335938e+00
7.757389999999999564e-01 2.643226623535156250e+00
7.791919999999999957e-01 2.638051986694335938e+00
7.824919999999999654e-01 2.638051986694335938e+00
7.859270000000000422e-01 2.638051986694335938e+00
7.893959999999999866e-01 2.638051986694335938e+00
7.926860000000000017e-01 2.638051986694335938e+00
7.961439999999999628e-01 2.638051986694335938e+00
7.995870000000000477e-01 2.643226623535156250e+00
8.028840000000000421e-01 2.638051986694335938e+00
8.063360000000000527e-01 2.632877349853515625e+00
8.097919999999999563e-01 2.632877349853515625e+00
8.131190000000000362e-01 2.632877349853515625e+00
8.165700000000000180e-01 2.632877349853515625e+00
8.198640000000000372e-01 2.638051986694335938e+00
8.233150000000000190e-01 2.638051986694335938e+00
8.267649999999999721e-01 2.638051986694335938e+00
8.303700000000000525e-01 2.632877349853515625e+00
8.336599999999999566e-01 2.632877349853515625e+00
8.371269999999999545e-01 2.632877349853515625e+00
8.404030000000000111e-01 2.632877349853515625e+00
8.437040000000000095e-01 2.632877349853515625e+00
8.473300000000000276e-01 2.632877349853515625e+00
8.574100000000000055e-01 2.638051986694335938e+00
8.610959999999999726e-01 2.638051986694335938e+00
8.646479999999999722e-01 2.638051986694335938e+00
8.682440000000000158e-01 2.648401260375976562e+00
8.715420000000000389e-01 2.643226623535156250e+00
8.749989999999999712e-01 2.638051986694335938e+00
8.783090000000000064e-01 2.638051986694335938e+00
8.817509999999999515e-01 2.638051986694335938e+00
8.954999999999999627e-01 2.643226623535156250e+00
9.018429999999999502e-01 2.638051986694335938e+00
9.057720000000000216e-01 2.632877349853515625e+00
9.090749999999999664e-01 2.638051986694335938e+00
9.125529999999999475e-01 2.632877349853515625e+00
9.161000000000000254e-01 2.638051986694335938e+00
9.217499999999999583e-01 2.632877349853515625e+00
9.252150000000000096e-01 2.632877349853515625e+00
9.286750000000000282e-01 2.632877349853515625e+00
9.321139999999999981e-01 2.627702713012695312e+00
9.355620000000000047e-01 2.632877349853515625e+00
9.390199999999999658e-01 2.632877349853515625e+00
9.424670000000000547e-01 2.632877349853515625e+00
9.459109999999999463e-01 2.632877349853515625e+00
9.493819999999999482e-01 2.632877349853515625e+00
9.528180000000000538e-01 2.638051986694335938e+00
9.562770000000000437e-01 2.638051986694335938e+00
9.597210000000000463e-01 2.643226623535156250e+00
9.631690000000000529e-01 2.643226623535156250e+00
9.740269999999999762e-01 2.643226623535156250e+00
9.775760000000000005e-01 2.643226623535156250e+00
9.811889999999999779e-01 2.643226623535156250e+00
9.844720000000000137e-01 2.643226623535156250e+00
9.879329999999999501e-01 2.648401260375976562e+00
9.913809999999999567e-01 2.643226623535156250e+00
9.946650000000000214e-01 2.648401260375976562e+00
9.982750000000000234e-01 2.643226623535156250e+00
1.002019999999999911e+00 2.643226623535156250e+00
1.006235999999999908e+00 2.638051986694335938e+00
1.010354999999999892e+00 2.632877349853515625e+00
1.014375000000000027e+00 2.632877349853515625e+00
1.018539000000000083e+00 2.632877349853515625e+00
1.022629999999999928e+00 2.632877349853515625e+00
1.026669999999999972e+00 2.632877349853515625e+00
1.030767999999999907e+00 2.627702713012695312e+00
1.034856999999999916e+00 2.632877349853515625e+00
1.038926000000000016e+00 2.632877349853515625e+00
1.042947000000000068e+00 2.632877349853515625e+00
1.046991000000000005e+00 2.632877349853515625e+00
1.051176000000000110e+00 2.632877349853515625e+00
1.055233000000000088e+00 2.638051986694335938e+00
1.059285000000000032e+00 2.643226623535156250e+00
1.063328000000000051e+00 2.643226623535156250e+00
1.067396000000000011e+00 2.643226623535156250e+00
1.071615999999999902e+00 2.648401260375976562e+00
1.075677999999999912e+00 2.643226623535156250e+00
1.079901000000000000e+00 2.643226623535156250e+00
1.091558999999999946e+00 2.638051986694335938e+00
1.095971999999999946e+00 2.638051986694335938e+00
1.100360999999999922e+00 2.638051986694335938e+00
1.104433999999999916e+00 2.632877349853515625e+00
1.108592000000000022e+00 2.627702713012695312e+00
1.112695999999999907e+00 2.632877349853515625e+00
1.116810000000000080e+00 2.632877349853515625e+00
1.121016999999999930e+00 2.632877349853515625e+00
1.125102000000000046e+00 2.632877349853515625e+00
1.129224999999999923e+00 2.638051986694335938e+00
1.133362999999999898e+00 2.632877349853515625e+00
1.137462999999999891e+00 2.632877349853515625e+00
1.141715000000000035e+00 2.638051986694335938e+00
1.145828999999999986e+00 2.632877349853515625e+00
1.150085000000000024e+00 2.632877349853515625e+00
1.154206000000000065e+00 2.643226623535156250e+00
1.158387000000000056e+00 2.643226623535156250e+00
1.162509000000000015e+00 2.643226623535156250e+00
1.166703999999999963e+00 2.643226623535156250e+00
1.170940000000000092e+00 2.643226623535156250e+00
1.175079999999999902e+00 2.643226623535156250e+00
1.179232000000000058e+00 2.638051986694335938e+00
1.183389000000000024e+00 2.638051986694335938e+00
1.187530999999999892e+00 2.643226623535156250e+00
1.191742999999999997e+00 2.643226623535156250e+00
1.195896999999999988e+00 2.643226623535156250e+00
1.200199000000000016e+00 2.638051986694335938e+00
1.204429999999999890e+00 2.632877349853515625e+00
1.216244000000000103e+00 2.627702713012695312e+00
1.220817999999999959e+00 2.638051986694335938e+00
1.225203999999999960e+00 2.632877349853515625e+00
1.229518000000000111e+00 2.638051986694335938e+00
1.233714999999999895e+00 2.638051986694335938e+00
1.237981999999999916e+00 2.638051986694335938e+00
1.242175999999999947e+00 2.632877349853515625e+00
1.246353000000000044e+00 2.638051986694335938e+00
1.250658000000000047e+00 2.632877349853515625e+00
1.254888999999999921e+00 2.638051986694335938e+00
1.259157000000000082e+00 2.638051986694335938e+00
1.263341999999999965e+00 2.638051986694335938e+00
1.267606000000000011e+00 2.643226623535156250e+00
1.271894999999999998e+00 2.638051986694335938e+00
1.276119999999999921e+00 2.643226623535156250e+00
1.280416999999999916e+00 2.638051986694335938e+00
1.284628000000000103e+00 2.638051986694335938e+00
1.288894999999999902e+00 2.638051986694335938e+00
1.293118999999999907e+00 2.638051986694335938e+00
1.297336999999999962e+00 2.638051986694335938e+00
1.301825000000000010e+00 2.643226623535156250e+00
1.306057000000000023e+00 2.638051986694335938e+00
1.310368999999999895e+00 2.638051986694335938e+00
1.314592999999999900e+00 2.638051986694335938e+00
1.317844999999999933e+00 2.638051986694335938e+00
1.322102000000000110e+00 2.638051986694335938e+00
1.326343999999999967e+00 2.638051986694335938e+00
1.337042999999999981e+00 2.632877349853515625e+00
1.342885000000000106e+00 2.632877349853515625e+00
1.347288000000000041e+00 2.632877349853515625e+00
1.351688999999999918e+00 2.632877349853515625e+00
1.355947000000000013e+00 2.638051986694335938e+00
1.360284999999999966e+00 2.638051986694335938e+00
1.364537000000000111e+00 2.638051986694335938e+00
1.368894999999999973e+00 2.638051986694335938e+00
1.373161999999999994e+00 2.643226623535156250e+00
1.377440999999999915e+00 2.638051986694335938e+00
1.381809999999999983e+00 2.638051986694335938e+00
1.386171999999999960e+00 2.643226623535156250e+00
1.390594000000000108e+00 2.643226623535156250e+00
1.394868999999999915e+00 2.643226623535156250e+00
1.399162999999999935e+00 2.643226623535156250e+00
1.403685000000000072e+00 2.638051986694335938e+00
1.408044999999999991e+00 2.632877349853515625e+00
1.412430999999999992e+00 2.638051986694335938e+00
1.416708999999999996e+00 2.632877349853515625e+00
1.421124999999999972e+00 2.638051986694335938e+00
1.425392999999999910e+00 2.632877349853515625e+00
1.429729999999999945e+00 2.632877349853515625e+00
1.434045000000000014e+00 2.632877349853515625e+00
1.438444999999999974e+00 2.632877349853515625e+00
1.442749000000000059e+00 2.632877349853515625e+00
1.447214000000000000e+00 2.632877349853515625e+00
1.451792999999999889e+00 2.632877349853515625e+00
1.463777000000000106e+00 2.638051986694335938e+00
1.468630000000000102e+00 2.643226623535156250e+00
1.473127999999999993e+00 2.643226623535156250e+00
1.477592000000000017e+00 2.643226623535156250e+00
1.482050000000000090e+00 2.638051986694335938e+00
1.486456000000000000e+00 2.643226623535156250e+00
1.490898000000000057e+00 2.643226623535156250e+00
1.495255999999999919e+00 2.643226623535156250e+00
1.499643999999999977e+00 2.638051986694335938e+00
1.504097000000000017e+00 2.638051986694335938e+00
1.508566999999999991e+00 2.632877349853515625e+00
1.512939000000000034e+00 2.632877349853515625e+00
1.517314000000000052e+00 2.627702713012695312e+00
1.521851000000000065e+00 2.632877349853515625e+00
1.526218999999999992e+00 2.632877349853515625e+00
1.530766000000000071e+00 2.632877349853515625e+00
1.535269999999999913e+00 2.632877349853515625e+00
1.539687000000000028e+00 2.632877349853515625e+00
1.544079999999999897e+00 2.627702713012695312e+00
1.548545999999999978e+00 2.632877349853515625e+00
1.553023000000000042e+00 2.638051986694335938e+00
1.557425000000000059e+00 2.643226623535156250e+00
1.561922999999999950e+00 2.643226623535156250e+00
1.566375000000000073e+00 2.643226623535156250e+00
1.570659000000000027e+00 2.643226623535156250e+00
1.574364000000000097e+00 2.643226623535156250e+00
1.583471000000000073e+00 2.643226623535156250e+00
1.587407000000000012e+00 2.643226623535156250e+00
1.591240999999999906e+00 2.638051986694335938e+00
1.594969999999999999e+00 2.638051986694335938e+00
1.598707000000000100e+00 2.638051986694335938e+00
1.602424999999999988e+00 2.632877349853515625e+00
1.606295000000000028e+00 2.632877349853515625e+00
1.610119000000000078e+00 2.632877349853515625e+00
1.613844999999999974e+00 2.627702713012695312e+00
1.617569000000000035e+00 2.627702713012695312e+00
1.621355000000000102e+00 2.632877349853515625e+00
1.625097999999999931e+00 2.632877349853515625e+00
1.628854999999999942e+00 2.632877349853515625e+00
1.632587999999999928e+00 2.632877349853515625e+00
1.636327000000000087e+00 2.638051986694335938e+00
1.639324000000000003e+00 2.632877349853515625e+00
1.643053000000000097e+00 2.638051986694335938e+00
1.646790999999999894e+00 2.632877349853515625e+00
1.650598999999999927e+00 2.632877349853515625e+00
1.654333999999999971e+00 2.643226623535156250e+00
1.658147000000000038e+00 2.643226623535156250e+00
1.661896000000000040e+00 2.643226623535156250e+00
1.665653999999999968e+00 2.643226623535156250e+00
1.669416000000000011e+00 2.643226623535156250e+00
1.673175999999999997e+00 2.643226623535156250e+00
1.676930999999999949e+00 2.643226623535156250e+00
1.680757999999999974e+00 2.638051986694335938e+00
1.684517999999999960e+00 2.638051986694335938e+00
1.688369000000000009e+00 2.638051986694335938e+00
1.692123999999999961e+00 2.643226623535156250e+00
1.701222000000000012e+00 2.638051986694335938e+00
1.705327000000000037e+00 2.632877349853515625e+00
1.709276999999999935e+00 2.632877349853515625e+00
1.713070000000000093e+00 2.632877349853515625e+00
1.716868999999999978e+00 2.632877349853515625e+00
1.720739999999999936e+00 2.632877349853515625e+00
1.724541000000000102e+00 2.632877349853515625e+00
1.728407000000000027e+00 2.632877349853515625e+00
1.732213000000000003e+00 2.632877349853515625e+00
1.736026000000000069e+00 2.638051986694335938e+00
1.739908999999999928e+00 2.638051986694335938e+00
1.743724000000000052e+00 2.632877349853515625e+00
1.747535999999999978e+00 2.632877349853515625e+00
1.751371000000000011e+00 2.632877349853515625e+00
1.755173000000000094e+00 2.638051986694335938e+00
1.758996999999999922e+00 2.643226623535156250e+00
1.762823999999999947e+00 2.638051986694335938e+00
1.766637999999999931e+00 2.638051986694335938e+00
1.770474000000000103e+00 2.638051986694335938e+00
1.774297000000000013e+00 2.638051986694335938e+00
1.778175000000000061e+00 2.638051986694335938e+00
1.781979999999999897e+00 2.638051986694335938e+00
1.785827999999999971e+00 2.643226623535156250e+00
1.789740000000000109e+00 2.643226623535156250e+00
1.793566999999999911e+00 2.643226623535156250e+00
1.797398000000000051e+00 2.638051986694335938e+00
1.801258999999999943e+00 2.638051986694335938e+00
1.805091000000000001e+00 2.632877349853515625e+00
1.809010000000000007e+00 2.632877349853515625e+00
1.813220000000000054e+00 2.632877349853515625e+00
1.825374000000000052e+00 2.638051986694335938e+00
1.829676999999999998e+00 2.632877349853515625e+00
1.833539000000000030e+00 2.632877349853515625e+00
1.837396999999999947e+00 2.638051986694335938e+00
1.841334000000000026e+00 2.632877349853515625e+00
1.845202999999999927e+00 2.632877349853515625e+00
1.849104999999999999e+00 2.632877349853515625e+00
1.852999000000000063e+00 2.632877349853515625e+00
1.856870999999999938e+00 2.632877349853515625e+00
1.860800000000000010e+00 2.638051986694335938e+00
1.864678999999999975e+00 2.638051986694335938e+00
1.868563999999999892e+00 2.638051986694335938e+00
1.872454000000000063e+00 2.638051986694335938e+00
1.877299999999999969e+00 2.643226623535156250e+00
1.881261999999999990e+00 2.638051986694335938e+00
1.885138999999999898e+00 2.638051986694335938e+00
1.894343000000000110e+00 2.638051986694335938e+00
1.899912000000000045e+00 2.643226623535156250e+00
1.907170999999999950e+00 2.632877349853515625e+00
1.911181000000000019e+00 2.632877349853515625e+00
1.915081999999999951e+00 2.632877349853515625e+00
1.919014999999999915e+00 2.632877349853515625e+00
1.922916000000000070e+00 2.632877349853515625e+00
1.928393999999999942e+00 2.632877349853515625e+00
1.938917000000000002e+00 2.627702713012695312e+00
1.943100999999999967e+00 2.632877349853515625e+00
1.947108000000000061e+00 2.632877349853515625e+00
1.951173999999999964e+00 2.632877349853515625e+00
1.955116000000000076e+00 2.638051986694335938e+00
1.959057000000000048e+00 2.638051986694335938e+00
1.962977999999999890e+00 2.638051986694335938e+00
1.966882999999999937e+00 2.638051986694335938e+00
1.970876999999999990e+00 2.638051986694335938e+00
1.974796999999999914e+00 2.638051986694335938e+00
1.978747999999999951e+00 2.643226623535156250e+00
1.982677000000000023e+00 2.638051986694335938e+00
1.986636000000000069e+00 2.638051986694335938e+00
1.990612999999999966e+00 2.638051986694335938e+00
1.994542000000000037e+00 2.643226623535156250e+00
1.998545000000000016e+00 2.638051986694335938e+00
2.002476999999999840e+00 2.638051986694335938e+00
2.006425000000000125e+00 2.632877349853515625e+00
2.010438000000000169e+00 2.632877349853515625e+00
2.014501000000000097e+00 2.627702713012695312e+00
2.017560000000000020e+00 2.632877349853515625e+00
2.021596000000000171e+00 2.632877349853515625e+00
2.025548000000000126e+00 2.632877349853515625e+00
2.029494000000000131e+00 2.632877349853515625e+00
2.032583999999999946e+00 2.627702713012695312e+00
2.036542999999999992e+00 2.632877349853515625e+00
2.040591000000000044e+00 2.632877349853515625e+00
2.044557999999999875e+00 2.627702713012695312e+00
2.053888999999999854e+00 2.627702713012695312e+00
2.058307000000000109e+00 2.638051986694335938e+00
2.062260999999999900e+00 2.638051986694335938e+00
2.066211000000000020e+00 2.638051986694335938e+00
2.070275000000000087e+00 2.638051986694335938e+00
2.074250000000000149e+00 2.638051986694335938e+00
2.078281000000000045e+00 2.638051986694335938e+00
2.082260000000000222e+00 2.638051986694335938e+00
2.086237999999999815e+00 2.638051986694335938e+00
2.089420000000000055e+00 2.643226623535156250e+00
2.093393999999999977e+00 2.638051986694335938e+00
2.097373000000000154e+00 2.638051986694335938e+00
2.101443999999999868e+00 2.632877349853515625e+00
2.105471999999999788e+00 2.632877349853515625e+00
2.109465999999999841e+00 2.627702713012695312e+00
2.112572999999999812e+00 2.627702713012695312e+00
2.116603000000000012e+00 2.627702713012695312e+00
2.120678999999999981e+00 2.632877349853515625e+00
2.124713999999999992e+00 2.627702713012695312e+00
2.128762000000000043e+00 2.627702713012695312e+00
2.131975999999999871e+00 2.627702713012695312e+00
2.136092000000000102e+00 2.632877349853515625e+00
2.140150000000000219e+00 2.632877349853515625e+00
2.144144999999999968e+00 2.632877349853515625e+00
2.148219000000000101e+00 2.632877349853515625e+00
2.152233999999999980e+00 2.632877349853515625e+00
2.156302999999999859e+00 2.638051986694335938e+00
2.160381000000000107e+00 2.638051986694335938e+00
2.164563999999999933e+00 2.638051986694335938e+00
2.175222999999999907e+00 2.638051986694335938e+00
2.179339000000000137e+00 2.638051986694335938e+00
2.183371000000000173e+00 2.638051986694335938e+00
2.187448999999999977e+00 2.632877349853515625e+00
2.191546000000000216e+00 2.632877349853515625e+00
2.195580000000000087e+00 2.632877349853515625e+00
2.199669999999999792e+00 2.632877349853515625e+00
2.202818000000000165e+00 2.632877349853515625e+00
2.206838999999999995e+00 2.627702713012695312e+00
2.210926999999999865e+00 2.627702713012695312e+00
2.214971999999999941e+00 2.627702713012695312e+00
2.219186999999999799e+00 2.627702713012695312e+00
2.222351999999999883e+00 2.627702713012695312e+00
2.226392000000000149e+00 2.627702713012695312e+00
2.229556999999999789e+00 2.632877349853515625e+00
2.233591000000000104e+00 2.632877349853515625e+00
2.237728000000000161e+00 2.632877349853515625e+00
2.241811000000000220e+00 2.632877349853515625e+00
2.245845000000000091e+00 2.632877349853515625e+00
2.248984999999999790e+00 2.632877349853515625e+00
2.253009000000000039e+00 2.632877349853515625e+00
2.257057999999999787e+00 2.638051986694335938e+00
2.261209000000000024e+00 2.638051986694335938e+00
2.265255999999999936e+00 2.632877349853515625e+00
2.269324999999999815e+00 2.638051986694335938e+00
2.272606999999999822e+00 2.638051986694335938e+00
2.277499999999999858e+00 2.632877349853515625e+00
2.282497000000000220e+00 2.632877349853515625e+00
2.293938999999999950e+00 2.632877349853515625e+00
2.300285999999999831e+00 2.632877349853515625e+00
2.305476000000000081e+00 2.632877349853515625e+00
2.310506000000000171e+00 2.632877349853515625e+00
2.315456999999999876e+00 2.632877349853515625e+00
2.320521999999999974e+00 2.632877349853515625e+00
2.325483000000000189e+00 2.632877349853515625e+00
2.330531000000000130e+00 2.632877349853515625e+00
2.335497000000000156e+00 2.632877349853515625e+00
2.340577999999999825e+00 2.632877349853515625e+00
2.345527000000000140e+00 2.627702713012695312e+00
2.350589999999999957e+00 2.627702713012695312e+00
2.355595999999999801e+00 2.632877349853515625e+00
2.360634000000000121e+00 2.632877349853515625e+00
2.365568999999999811e+00 2.632877349853515625e+00
2.370629999999999793e+00 2.632877349853515625e+00
2.375375000000000014e+00 2.632877349853515625e+00
2.379480000000000040e+00 2.638051986694335938e+00
2.383586000000000205e+00 2.632877349853515625e+00
2.387821000000000193e+00 2.632877349853515625e+00
2.391960999999999782e+00 2.632877349853515625e+00
2.396068999999999782e+00 2.638051986694335938e+00
2.400228999999999946e+00 2.632877349853515625e+00
2.403404999999999792e+00 2.638051986694335938e+00
2.407560999999999840e+00 2.632877349853515625e+00
2.416898000000000213e+00 2.632877349853515625e+00
2.421580000000000066e+00 2.632877349853515625e+00
2.425730000000000164e+00 2.627702713012695312e+00
2.429945000000000022e+00 2.632877349853515625e+00
2.434089000000000169e+00 2.627702713012695312e+00
2.438299999999999912e+00 2.627702713012695312e+00
2.442458999999999936e+00 2.627702713012695312e+00
2.446594999999999853e+00 2.627702713012695312e+00
2.450822000000000056e+00 2.627702713012695312e+00
2.453974000000000100e+00 2.632877349853515625e+00
2.458216999999999874e+00 2.632877349853515625e+00
2.462358000000000047e+00 2.632877349853515625e+00
2.465551000000000048e+00 2.632877349853515625e+00
2.469682999999999851e+00 2.632877349853515625e+00
2.473898999999999848e+00 2.638051986694335938e+00
2.478124999999999911e+00 2.638051986694335938e+00
2.482311999999999852e+00 2.638051986694335938e+00
2.486467999999999900e+00 2.638051986694335938e+00
2.489774000000000154e+00 2.638051986694335938e+00
2.493927999999999923e+00 2.638051986694335938e+00
2.498171000000000141e+00 2.638051986694335938e+00
2.501363000000000003e+00 2.638051986694335938e+00
2.505570000000000075e+00 2.632877349853515625e+00
2.509812999999999850e+00 2.627702713012695312e+00
2.514003999999999905e+00 2.632877349853515625e+00
2.517148999999999859e+00 2.622528076171875000e+00
2.521485000000000198e+00 2.627702713012695312e+00
2.525694999999999801e+00 2.627702713012695312e+00
2.530288999999999788e+00 2.627702713012695312e+00
2.539111000000000118e+00 2.627702713012695312e+00
2.543347999999999942e+00 2.627702713012695312e+00
2.547540999999999833e+00 2.627702713012695312e+00
2.550835000000000186e+00 2.627702713012695312e+00
2.553971999999999909e+00 2.632877349853515625e+00
2.558215999999999823e+00 2.632877349853515625e+00
2.562429999999999986e+00 2.638051986694335938e+00
2.566648999999999958e+00 2.632877349853515625e+00
2.570907000000000053e+00 2.638051986694335938e+00
2.575095999999999830e+00 2.638051986694335938e+00
2.579314999999999802e+00 2.632877349853515625e+00
2.583530000000000104e+00 2.632877349853515625e+00
2.587794000000000150e+00 2.638051986694335938e+00
2.591003999999999863e+00 2.638051986694335938e+00
2.595200999999999869e+00 2.638051986694335938e+00
2.599450000000000038e+00 2.638051986694335938e+00
2.603676999999999797e+00 2.632877349853515625e+00
2.607997000000000121e+00 2.622528076171875000e+00
2.611171999999999827e+00 2.627702713012695312e+00
2.615391999999999939e+00 2.627702713012695312e+00
2.619623999999999953e+00 2.627702713012695312e+00
2.623898000000000064e+00 2.627702713012695312e+00
2.628181999999999796e+00 2.627702713012695312e+00
2.631371999999999822e+00 2.622528076171875000e+00
2.635568999999999829e+00 2.627702713012695312e+00
2.638732000000000077e+00 2.627702713012695312e+00
2.642968000000000206e+00 2.632877349853515625e+00
2.647259000000000029e+00 2.627702713012695312e+00
2.657513999999999932e+00 2.632877349853515625e+00
2.661941999999999808e+00 2.638051986694335938e+00
2.665170999999999957e+00 2.632877349853515625e+00
2.669458999999999804e+00 2.632877349853515625e+00
2.673722999999999850e+00 2.632877349853515625e+00
2.678046000000000149e+00 2.638051986694335938e+00
2.682278000000000162e+00 2.632877349853515625e+00
2.686541000000000068e+00 2.632877349853515625e+00
2.690930999999999962e+00 2.632877349853515625e+00
2.695193999999999868e+00 2.627702713012695312e+00
2.698428999999999967e+00 2.627702713012695312e+00
2.702695999999999987e+00 2.632877349853515625e+00
2.706983999999999835e+00 2.622528076171875000e+00
2.711332000000000075e+00 2.627702713012695312e+00
2.715612999999999833e+00 2.622528076171875000e+00
2.720009999999999817e+00 2.622528076171875000e+00
2.724400000000000155e+00 2.622528076171875000e+00
2.727533000000000207e+00 2.627702713012695312e+00
2.731879000000000168e+00 2.627702713012695312e+00
2.736171999999999827e+00 2.632877349853515625e+00
2.739558999999999855e+00 2.627702713012695312e+00
2.743812999999999835e+00 2.627702713012695312e+00
2.748149000000000175e+00 2.627702713012695312e+00
2.752438999999999858e+00 2.632877349853515625e+00
2.756733000000000100e+00 2.632877349853515625e+00
2.760029999999999983e+00 2.632877349853515625e+00
2.764313000000000020e+00 2.632877349853515625e+00
2.772746000000000155e+00 2.632877349853515625e+00
2.777416000000000107e+00 2.632877349853515625e+00
2.781878999999999991e+00 2.632877349853515625e+00
2.786183999999999994e+00 2.632877349853515625e+00
2.790559000000000012e+00 2.627702713012695312e+00
2.794897999999999882e+00 2.632877349853515625e+00
2.799239000000000033e+00 2.632877349853515625e+00
2.803554000000000102e+00 2.627702713012695312e+00
2.806792000000000176e+00 2.622528076171875000e+00
2.811185000000000045e+00 2.627702713012695312e+00
2.815507000000000204e+00 2.627702713012695312e+00
2.818716000000000221e+00 2.627702713012695312e+00
2.822004000000000179e+00 2.627702713012695312e+00
2.826420000000000154e+00 2.632877349853515625e+00
2.830808999999999909e+00 2.627702713012695312e+00
2.835138000000000158e+00 2.627702713012695312e+00
2.838404000000000149e+00 2.627702713012695312e+00
2.842750999999999806e+00 2.627702713012695312e+00
2.847103999999999857e+00 2.632877349853515625e+00
2.851547000000000054e+00 2.632877349853515625e+00
2.854810000000000070e+00 2.627702713012695312e+00
2.859224999999999905e+00 2.632877349853515625e+00
2.863561999999999941e+00 2.632877349853515625e+00
2.867967999999999851e+00 2.627702713012695312e+00
2.872336999999999918e+00 2.632877349853515625e+00
2.876717000000000191e+00 2.632877349853515625e+00
2.881085999999999814e+00 2.632877349853515625e+00
2.885476000000000152e+00 2.632877349853515625e+00
2.895243999999999929e+00 2.632877349853515625e+00
2.906191000000000191e+00 2.627702713012695312e+00
2.914414999999999978e+00 2.627702713012695312e+00
2.919894000000000212e+00 2.627702713012695312e+00
2.924533999999999967e+00 2.627702713012695312e+00
2.929095999999999922e+00 2.627702713012695312e+00
2.934937000000000129e+00 2.627702713012695312e+00
2.939432000000000045e+00 2.622528076171875000e+00
2.943849000000000160e+00 2.622528076171875000e+00
2.948329999999999895e+00 2.622528076171875000e+00
2.952760000000000051e+00 2.627702713012695312e+00
2.957199000000000133e+00 2.627702713012695312e+00
2.961761999999999784e+00 2.632877349853515625e+00
2.966194999999999915e+00 2.627702713012695312e+00
2.970702000000000176e+00 2.627702713012695312e+00
2.974025999999999836e+00 2.627702713012695312e+00
2.978483999999999909e+00 2.632877349853515625e+00
2.982918000000000180e+00 2.632877349853515625e+00
2.987420000000000186e+00 2.638051986694335938e+00
2.991940000000000044e+00 2.632877349853515625e+00
2.996360999999999830e+00 2.632877349853515625e+00
2.999800000000000022e+00 2.632877349853515625e+00
3.011014999999999997e+00 2.627702713012695312e+00
3.015435000000000088e+00 2.627702713012695312e+00
3.019967999999999986e+00 2.627702713012695312e+00
3.024410000000000043e+00 2.622528076171875000e+00
3.028880000000000017e+00 2.622528076171875000e+00
3.033313000000000148e+00 2.617353439331054688e+00
3.037833000000000006e+00 2.622528076171875000e+00
3.041199999999999903e+00 2.622528076171875000e+00
3.045625999999999944e+00 2.622528076171875000e+00
3.049008000000000163e+00 2.617353439331054688e+00
3.053471000000000046e+00 2.627702713012695312e+00
3.058047999999999877e+00 2.627702713012695312e+00
3.062498000000000165e+00 2.627702713012695312e+00
3.065723000000000198e+00 2.632877349853515625e+00
3.070254999999999956e+00 2.632877349853515625e+00
3.074701000000000128e+00 2.632877349853515625e+00
3.078075000000000117e+00 2.632877349853515625e+00
3.083556000000000186e+00 2.632877349853515625e+00
3.089157999999999848e+00 2.632877349853515625e+00
3.094745000000000079e+00 2.632877349853515625e+00
3.098656000000000077e+00 2.632877349853515625e+00
3.104140000000000121e+00 2.627702713012695312e+00
3.109726999999999908e+00 2.622528076171875000e+00
3.115600999999999843e+00 2.622528076171875000e+00
3.130590000000000206e+00 2.617353439331054688e+00
3.136461000000000165e+00 2.617353439331054688e+00
3.142088000000000214e+00 2.617353439331054688e+00
3.147625999999999813e+00 2.622528076171875000e+00
3.153258999999999812e+00 2.627702713012695312e+00
3.158891000000000115e+00 2.632877349853515625e+00
3.164470999999999812e+00 2.632877349853515625e+00
3.170046000000000141e+00 2.632877349853515625e+00
3.175587000000000160e+00 2.632877349853515625e+00
3.181023000000000156e+00 2.632877349853515625e+00
3.185550999999999799e+00 2.627702713012695312e+00
3.190122000000000124e+00 2.627702713012695312e+00
3.194631999999999916e+00 2.627702713012695312e+00
3.199174000000000184e+00 2.627702713012695312e+00
3.203688000000000091e+00 2.627702713012695312e+00
3.208267000000000202e+00 2.617353439331054688e+00
3.212822000000000067e+00 2.622528076171875000e+00
3.216181999999999874e+00 2.622528076171875000e+00
3.220766999999999936e+00 2.622528076171875000e+00
3.225289000000000073e+00 2.617353439331054688e+00
3.229823999999999806e+00 2.617353439331054688e+00
3.233347999999999889e+00 2.622528076171875000e+00
3.237929999999999975e+00 2.627702713012695312e+00
3.249179999999999957e+00 2.622528076171875000e+00
3.253896000000000122e+00 2.627702713012695312e+00
3.258624999999999883e+00 2.627702713012695312e+00
3.263176000000000077e+00 2.627702713012695312e+00
3.267761999999999833e+00 2.627702713012695312e+00
3.272301000000000126e+00 2.627702713012695312e+00
3.276907000000000014e+00 2.627702713012695312e+00
3.281530000000000058e+00 2.627702713012695312e+00
3.286074000000000161e+00 2.627702713012695312e+00
3.290668999999999844e+00 2.627702713012695312e+00
3.295246000000000119e+00 2.627702713012695312e+00
3.298630999999999869e+00 2.622528076171875000e+00
3.303179999999999783e+00 2.622528076171875000e+00
3.307808000000000082e+00 2.617353439331054688e+00
3.312393000000000143e+00 2.617353439331054688e+00
3.315793000000000212e+00 2.622528076171875000e+00
3.319245000000000001e+00 2.627702713012695312e+00
3.323822999999999972e+00 2.622528076171875000e+00
3.328467999999999982e+00 2.622528076171875000e+00
3.333051000000000208e+00 2.622528076171875000e+00
3.337657999999999792e+00 2.627702713012695312e+00
3.342235000000000067e+00 2.622528076171875000e+00
3.346820000000000128e+00 2.627702713012695312e+00
3.351443000000000172e+00 2.622528076171875000e+00
3.354797000000000029e+00 2.627702713012695312e+00
3.359351999999999894e+00 2.627702713012695312e+00
3.369181000000000203e+00 2.627702713012695312e+00
3.373978000000000144e+00 2.627702713012695312e+00
3.378665999999999947e+00 2.627702713012695312e+00
3.383280000000000065e+00 2.622528076171875000e+00
3.387929999999999886e+00 2.627702713012695312e+00
3.392539000000000193e+00 2.622528076171875000e+00
3.397140999999999966e+00 2.627702713012695312e+00
3.401940999999999882e+00 2.627702713012695312e+00
3.406584000000000056e+00 2.627702713012695312e+00
3.411287999999999876e+00 2.622528076171875000e+00
3.415913000000000199e+00 2.617353439331054688e+00
3.420593000000000217e+00 2.622528076171875000e+00
3.423957999999999835e+00 2.622528076171875000e+00
3.428638999999999992e+00 2.622528076171875000e+00
3.433243000000000045e+00 2.622528076171875000e+00
3.437946000000000168e+00 2.622528076171875000e+00
3.442585999999999924e+00 2.617353439331054688e+00
3.445961000000000052e+00 2.617353439331054688e+00
3.449412999999999840e+00 2.617353439331054688e+00
3.454004999999999992e+00 2.627702713012695312e+00
3.457383999999999791e+00 2.627702713012695312e+00
3.462092999999999865e+00 2.627702713012695312e+00
3.466702000000000172e+00 2.622528076171875000e+00
3.470184000000000157e+00 2.627702713012695312e+00
3.474782999999999955e+00 2.627702713012695312e+00
3.479455999999999882e+00 2.627702713012695312e+00
3.489272999999999847e+00 2.627702713012695312e+00
3.494158000000000097e+00 2.627702713012695312e+00
3.497565999999999953e+00 2.627702713012695312e+00
3.502282000000000117e+00 2.627702713012695312e+00
3.506914000000000087e+00 2.622528076171875000e+00
3.511671000000000209e+00 2.617353439331054688e+00
3.516309999999999825e+00 2.622528076171875000e+00
3.519725000000000215e+00 2.622528076171875000e+00
3.523160999999999987e+00 2.617353439331054688e+00
3.526609999999999800e+00 2.617353439331054688e+00
3.531308000000000114e+00 2.617353439331054688e+00
3.536000000000000032e+00 2.612179756164550781e+00
3.539562999999999793e+00 2.612179756164550781e+00
3.543025999999999787e+00 2.617353439331054688e+00
3.547714000000000034e+00 2.617353439331054688e+00
3.552373999999999921e+00 2.622528076171875000e+00
3.555823000000000178e+00 2.627702713012695312e+00
3.560524000000000022e+00 2.622528076171875000e+00
3.565186999999999884e+00 2.627702713012695312e+00
3.569888000000000172e+00 2.627702713012695312e+00
3.574539999999999829e+00 2.627702713012695312e+00
3.577980999999999856e+00 2.627702713012695312e+00
3.582660999999999873e+00 2.632877349853515625e+00
3.587339000000000055e+00 2.627702713012695312e+00
3.592105000000000103e+00 2.627702713012695312e+00
3.596874999999999822e+00 2.627702713012695312e+00
3.606813999999999965e+00 2.622528076171875000e+00
3.611810000000000187e+00 2.617353439331054688e+00
3.616486999999999785e+00 2.612179756164550781e+00
3.620017999999999958e+00 2.617353439331054688e+00
3.624713999999999992e+00 2.617353439331054688e+00
3.629418999999999951e+00 2.612179756164550781e+00
3.634109000000000034e+00 2.617353439331054688e+00
3.638884000000000007e+00 2.617353439331054688e+00
3.643712999999999980e+00 2.612179756164550781e+00
3.648461999999999872e+00 2.612179756164550781e+00
3.653176000000000201e+00 2.622528076171875000e+00
3.657960000000000100e+00 2.627702713012695312e+00
3.662663999999999920e+00 2.627702713012695312e+00
3.667371999999999854e+00 2.627702713012695312e+00
3.672163999999999984e+00 2.627702713012695312e+00
3.676874999999999893e+00 2.627702713012695312e+00
3.680365000000000109e+00 2.622528076171875000e+00
3.683826999999999963e+00 2.627702713012695312e+00
3.688584000000000085e+00 2.627702713012695312e+00
3.693350999999999829e+00 2.627702713012695312e+00
3.698166000000000064e+00 2.622528076171875000e+00
3.702904000000000195e+00 2.617353439331054688e+00
3.707644000000000162e+00 2.617353439331054688e+00
3.712537000000000198e+00 2.617353439331054688e+00
3.724329000000000001e+00 2.617353439331054688e+00
3.730661000000000005e+00 2.617353439331054688e+00
3.735701000000000160e+00 2.617353439331054688e+00
3.740555000000000074e+00 2.622528076171875000e+00
3.745448999999999806e+00 2.617353439331054688e+00
3.750316999999999901e+00 2.617353439331054688e+00
3.753798999999999886e+00 2.627702713012695312e+00
3.758617000000000097e+00 2.627702713012695312e+00
3.763367999999999824e+00 2.622528076171875000e+00
3.768209999999999837e+00 2.627702713012695312e+00
3.772996000000000016e+00 2.627702713012695312e+00
3.777908000000000044e+00 2.622528076171875000e+00
3.781419000000000086e+00 2.622528076171875000e+00
3.786200000000000010e+00 2.622528076171875000e+00
3.791053999999999924e+00 2.622528076171875000e+00
3.795885000000000176e+00 2.622528076171875000e+00
3.800708000000000197e+00 2.622528076171875000e+00
3.804184999999999928e+00 2.617353439331054688e+00
3.808958000000000066e+00 2.612179756164550781e+00
3.813760999999999957e+00 2.612179756164550781e+00
3.818592000000000208e+00 2.612179756164550781e+00
3.823374999999999968e+00 2.617353439331054688e+00
3.828218999999999816e+00 2.617353439331054688e+00
3.833060999999999829e+00 2.617353439331054688e+00
3.843182000000000098e+00 2.617353439331054688e+00
3.848416999999999977e+00 2.617353439331054688e+00
3.853218000000000032e+00 2.622528076171875000e+00
3.858065999999999995e+00 2.627702713012695312e+00
3.861580000000000013e+00 2.622528076171875000e+00
3.866395999999999944e+00 2.622528076171875000e+00
3.871280000000000054e+00 2.622528076171875000e+00
3.876110000000000166e+00 2.622528076171875000e+00
3.881038000000000210e+00 2.627702713012695312e+00
3.885858999999999952e+00 2.622528076171875000e+00
3.890746000000000038e+00 2.622528076171875000e+00
3.895645000000000024e+00 2.617353439331054688e+00
3.906528999999999918e+00 2.612179756164550781e+00
3.916672000000000153e+00 2.617353439331054688e+00
3.921952000000000105e+00 2.622528076171875000e+00
3.928069999999999951e+00 2.617353439331054688e+00
3.934394999999999865e+00 2.612179756164550781e+00
3.939534999999999787e+00 2.617353439331054688e+00
3.944385000000000030e+00 2.612179756164550781e+00
3.949422999999999906e+00 2.612179756164550781e+00
3.959928999999999810e+00 2.617353439331054688e+00
3.964833000000000052e+00 2.622528076171875000e+00
3.969733000000000178e+00 2.622528076171875000e+00
3.974598999999999993e+00 2.617353439331054688e+00
3.979513999999999996e+00 2.622528076171875000e+00
3.984373000000000165e+00 2.617353439331054688e+00
3.989259999999999806e+00 2.627702713012695312e+00
3.992767000000000177e+00 2.622528076171875000e+00
3.997644000000000197e+00 2.622528076171875000e+00
4.001202000000000147e+00 2.622528076171875000e+00
4.006076000000000192e+00 2.612179756164550781e+00
4.011055999999999955e+00 2.612179756164550781e+00
4.014605999999999675e+00 2.617353439331054688e+00
4.019489000000000090e+00 2.617353439331054688e+00
4.024363000000000135e+00 2.617353439331054688e+00
4.029307000000000194e+00 2.612179756164550781e+00
4.034193000000000140e+00 2.607005119323730469e+00
4.039068000000000325e+00 2.612179756164550781e+00
4.043973000000000262e+00 2.612179756164550781e+00
4.048974000000000295e+00 2.607005119323730469e+00
4.053880999999999624e+00 2.612179756164550781e+00
4.058822000000000152e+00 2.617353439331054688e+00
4.063749999999999751e+00 2.617353439331054688e+00
4.073731999999999687e+00 2.617353439331054688e+00
4.079067000000000220e+00 2.622528076171875000e+00
4.084495000000000431e+00 2.622528076171875000e+00
4.089406999999999570e+00 2.627702713012695312e+00
4.094325000000000436e+00 2.622528076171875000e+00
4.099274999999999558e+00 2.617353439331054688e+00
4.104163999999999923e+00 2.617353439331054688e+00
4.109124999999999694e+00 2.617353439331054688e+00
4.114071000000000033e+00 2.612179756164550781e+00
4.119086000000000247e+00 2.607005119323730469e+00
4.122628999999999877e+00 2.607005119323730469e+00
4.127532999999999674e+00 2.607005119323730469e+00
4.132516999999999996e+00 2.601830482482910156e+00
4.137458999999999776e+00 2.607005119323730469e+00
4.142464999999999620e+00 2.607005119323730469e+00
4.147397999999999918e+00 2.607005119323730469e+00
4.151161000000000101e+00 2.607005119323730469e+00
4.156083999999999889e+00 2.617353439331054688e+00
4.161088000000000342e+00 2.617353439331054688e+00
4.166018000000000221e+00 2.617353439331054688e+00
4.171005000000000074e+00 2.622528076171875000e+00
4.175932999999999673e+00 2.622528076171875000e+00
4.180944000000000216e+00 2.617353439331054688e+00
4.185901000000000316e+00 2.617353439331054688e+00
4.195954999999999657e+00 2.617353439331054688e+00
4.201374000000000386e+00 2.617353439331054688e+00
4.206286999999999665e+00 2.607005119323730469e+00
4.211295999999999928e+00 2.607005119323730469e+00
4.216243000000000407e+00 2.607005119323730469e+00
4.221208999999999989e+00 2.607005119323730469e+00
4.226132999999999917e+00 2.607005119323730469e+00
4.231149000000000271e+00 2.607005119323730469e+00
4.236083999999999961e+00 2.607005119323730469e+00
4.241107000000000404e+00 2.607005119323730469e+00
4.246030000000000193e+00 2.612179756164550781e+00
4.251026000000000415e+00 2.612179756164550781e+00
4.256002999999999759e+00 2.617353439331054688e+00
4.261060999999999765e+00 2.617353439331054688e+00
4.266029999999999767e+00 2.617353439331054688e+00
4.271015000000000228e+00 2.622528076171875000e+00
4.274617000000000111e+00 2.617353439331054688e+00
4.279550999999999661e+00 2.617353439331054688e+00
4.284635999999999889e+00 2.612179756164550781e+00
4.288185000000000358e+00 2.612179756164550781e+00
4.291775000000000340e+00 2.612179756164550781e+00
4.295378000000000362e+00 2.612179756164550781e+00
4.298975999999999686e+00 2.612179756164550781e+00
4.303907999999999845e+00 2.607005119323730469e+00
4.313987000000000016e+00 2.607005119323730469e+00
4.319340999999999653e+00 2.601830482482910156e+00
4.324309000000000403e+00 2.607005119323730469e+00
4.329335000000000377e+00 2.607005119323730469e+00
4.334332999999999991e+00 2.601830482482910156e+00
4.339343999999999646e+00 2.607005119323730469e+00
4.342957000000000178e+00 2.612179756164550781e+00
4.347996000000000194e+00 2.612179756164550781e+00
4.351576999999999806e+00 2.617353439331054688e+00
4.356571999999999889e+00 2.617353439331054688e+00
4.361695000000000100e+00 2.617353439331054688e+00
4.366727000000000025e+00 2.612179756164550781e+00
4.371821999999999875e+00 2.612179756164550781e+00
4.375404999999999767e+00 2.612179756164550781e+00
4.380524999999999558e+00 2.617353439331054688e+00
4.385517000000000110e+00 2.612179756164550781e+00
4.390632000000000090e+00 2.612179756164550781e+00
4.395639000000000074e+00 2.612179756164550781e+00
4.400770999999999766e+00 2.607005119323730469e+00
4.404383000000000159e+00 2.607005119323730469e+00
4.407982999999999763e+00 2.607005119323730469e+00
4.412958999999999854e+00 2.607005119323730469e+00
4.416553000000000395e+00 2.658750534057617188e+00
4.420152999999999999e+00 4.790682792663574219e+00
4.423949000000000353e+00 4.790682792663574219e+00
4.436026000000000025e+00 4.790682792663574219e+00
4.441180000000000128e+00 4.790682792663574219e+00
4.446219000000000143e+00 4.790682792663574219e+00
4.451348999999999556e+00 4.785508155822753906e+00
4.455004999999999882e+00 4.795857429504394531e+00
4.460067999999999699e+00 4.795857429504394531e+00
4.465136000000000216e+00 4.795857429504394531e+00
4.470280999999999949e+00 4.795857429504394531e+00
4.475331999999999866e+00 4.795857429504394531e+00
4.480485999999999969e+00 4.795857429504394531e+00
4.485540000000000305e+00 4.790682792663574219e+00
4.490686000000000178e+00 4.801032066345214844e+00
4.495790000000000397e+00 4.795857429504394531e+00
4.500942000000000220e+00 4.801032066345214844e+00
4.506006000000000178e+00 4.795857429504394531e+00
4.511167999999999623e+00 4.790682792663574219e+00
4.516274000000000122e+00 4.790682792663574219e+00
4.521436999999999706e+00 4.790682792663574219e+00
4.526502999999999943e+00 4.790682792663574219e+00
4.531668999999999947e+00 4.790682792663574219e+00
4.536745999999999945e+00 4.790682792663574219e+00
4.541897999999999769e+00 4.790682792663574219e+00
4.552260000000000417e+00 4.790682792663574219e+00
4.557803999999999967e+00 4.795857429504394531e+00
4.562931999999999988e+00 4.801032066345214844e+00
4.568103999999999942e+00 4.795857429504394531e+00
4.573188000000000031e+00 4.795857429504394531e+00
4.578361000000000125e+00 4.795857429504394531e+00
4.583460999999999785e+00 4.795857429504394531e+00
4.588592000000000226e+00 4.795857429504394531e+00
4.593733000000000288e+00 4.801032066345214844e+00
4.598936000000000135e+00 4.795857429504394531e+00
4.604038000000000075e+00 4.790682792663574219e+00
4.609125999999999834e+00 4.790682792663574219e+00
4.612763000000000169e+00 4.790682792663574219e+00
4.616361000000000381e+00 4.790682792663574219e+00
4.621519000000000155e+00 4.790682792663574219e+00
4.626642000000000365e+00 4.790682792663574219e+00
4.631815999999999711e+00 4.790682792663574219e+00
4.636949000000000431e+00 4.790682792663574219e+00
4.642146999999999579e+00 4.790682792663574219e+00
4.647230000000000416e+00 4.785508155822753906e+00
4.650960000000000427e+00 4.795857429504394531e+00
4.654557999999999751e+00 4.795857429504394531e+00
4.659720000000000084e+00 4.795857429504394531e+00
4.664886000000000088e+00 4.795857429504394531e+00
4.675072000000000116e+00 4.795857429504394531e+00
4.680627000000000315e+00 4.795857429504394531e+00
4.685773000000000188e+00 4.801032066345214844e+00
4.690970000000000084e+00 4.801032066345214844e+00
4.696144999999999570e+00 4.795857429504394531e+00
4.701368999999999687e+00 4.795857429504394531e+00
4.706532000000000160e+00 4.790682792663574219e+00
4.711755000000000138e+00 4.790682792663574219e+00
4.716948999999999614e+00 4.790682792663574219e+00
4.722186999999999912e+00 4.790682792663574219e+00
4.727351999999999776e+00 4.790682792663574219e+00
4.732657999999999809e+00 4.790682792663574219e+00
