4.220000000000000118e-04 2.513861656188964844e+00
9.058000000000000079e-03 2.524210929870605469e+00
1.236699999999999952e-02 2.519036293029785156e+00
1.551199999999999975e-02 2.524210929870605469e+00
1.884100000000000011e-02 2.519036293029785156e+00
2.288700000000000109e-02 2.519036293029785156e+00
2.620000000000000107e-02 2.524210929870605469e+00
2.934799999999999909e-02 2.529385566711425781e+00
3.264600000000000141e-02 2.529385566711425781e+00
3.593999999999999972e-02 2.529385566711425781e+00
3.923700000000000104e-02 2.524210929870605469e+00
4.253200000000000036e-02 2.524210929870605469e+00
4.583000000000000268e-02 2.524210929870605469e+00
4.897499999999999770e-02 2.524210929870605469e+00
5.212200000000000166e-02 2.524210929870605469e+00
5.541700000000000098e-02 2.524210929870605469e+00
5.855899999999999994e-02 2.529385566711425781e+00
6.186099999999999932e-02 2.524210929870605469e+00
6.515200000000000158e-02 2.524210929870605469e+00
6.921599999999999975e-02 2.529385566711425781e+00
7.251199999999999313e-02 2.519036293029785156e+00
7.581100000000000338e-02 2.524210929870605469e+00
7.895599999999999841e-02 2.519036293029785156e+00
8.225300000000000666e-02 2.519036293029785156e+00
8.555200000000000304e-02 2.524210929870605469e+00
8.884899999999999742e-02 2.519036293029785156e+00
9.214300000000000268e-02 2.519036293029785156e+00
9.544800000000000506e-02 2.519036293029785156e+00
9.874099999999999544e-02 2.524210929870605469e+00
1.020390000000000047e-01 2.519036293029785156e+00
1.053319999999999951e-01 2.519036293029785156e+00
1.086310000000000053e-01 2.524210929870605469e+00
1.118040000000000006e-01 2.524210929870605469e+00
1.197040000000000048e-01 2.519036293029785156e+00
1.229859999999999981e-01 2.519036293029785156e+00
1.261440000000000061e-01 2.524210929870605469e+00
1.294460000000000055e-01 2.524210929870605469e+00
1.327379999999999949e-01 2.524210929870605469e+00
1.360449999999999993e-01 2.524210929870605469e+00
1.393369999999999886e-01 2.524210929870605469e+00
1.426350000000000118e-01 2.529385566711425781e+00
1.459290000000000032e-01 2.524210929870605469e+00
1.492310000000000025e-01 2.524210929870605469e+00
1.523730000000000084e-01 2.524210929870605469e+00
1.555149999999999866e-01 2.524210929870605469e+00
1.588090000000000057e-01 2.524210929870605469e+00
1.619480000000000086e-01 2.524210929870605469e+00
1.652480000000000060e-01 2.524210929870605469e+00
1.685460000000000014e-01 2.524210929870605469e+00
1.718530000000000058e-01 2.529385566711425781e+00
1.751359999999999861e-01 2.529385566711425781e+00
1.790420000000000067e-01 2.524210929870605469e+00
1.823400000000000021e-01 2.519036293029785156e+00
1.854600000000000137e-01 2.519036293029785156e+00
1.887770000000000004e-01 2.524210929870605469e+00
1.920789999999999997e-01 2.519036293029785156e+00
1.953789999999999971e-01 2.519036293029785156e+00
1.985180000000000000e-01 2.524210929870605469e+00
2.018119999999999914e-01 2.519036293029785156e+00
2.049640000000000073e-01 2.513861656188964844e+00
2.082529999999999937e-01 2.519036293029785156e+00
2.115910000000000013e-01 2.519036293029785156e+00
2.147260000000000002e-01 2.513861656188964844e+00
2.180249999999999966e-01 2.519036293029785156e+00
2.211780000000000135e-01 2.513861656188964844e+00
2.253090000000000093e-01 2.513861656188964844e+00
2.286279999999999979e-01 2.519036293029785156e+00
2.364070000000000060e-01 2.524210929870605469e+00
2.397160000000000124e-01 2.524210929870605469e+00
2.430110000000000048e-01 2.524210929870605469e+00
2.461540000000000117e-01 2.524210929870605469e+00
2.494560000000000111e-01 2.524210929870605469e+00
2.527479999999999727e-01 2.529385566711425781e+00
2.560490000000000266e-01 2.529385566711425781e+00
2.593409999999999882e-01 2.529385566711425781e+00
2.626450000000000173e-01 2.529385566711425781e+00
2.659429999999999850e-01 2.529385566711425781e+00
2.700060000000000238e-01 2.524210929870605469e+00
2.732990000000000141e-01 2.529385566711425781e+00
2.766020000000000145e-01 2.524210929870605469e+00
2.797479999999999967e-01 2.524210929870605469e+00
2.830469999999999930e-01 2.519036293029785156e+00
2.863390000000000102e-01 2.524210929870605469e+00
2.896380000000000066e-01 2.519036293029785156e+00
2.927859999999999907e-01 2.519036293029785156e+00
2.959249999999999936e-01 2.519036293029785156e+00
2.992250000000000187e-01 2.519036293029785156e+00
3.023710000000000009e-01 2.519036293029785156e+00
3.055450000000000110e-01 2.513861656188964844e+00
3.088469999999999827e-01 2.519036293029785156e+00
3.121399999999999730e-01 2.513861656188964844e+00
3.154420000000000002e-01 2.508687019348144531e+00
3.187340000000000173e-01 2.519036293029785156e+00
3.220419999999999949e-01 2.513861656188964844e+00
3.253340000000000121e-01 2.519036293029785156e+00
3.286339999999999817e-01 2.524210929870605469e+00
3.319239999999999968e-01 2.524210929870605469e+00
3.352269999999999972e-01 2.529385566711425781e+00
3.383700000000000041e-01 2.524210929870605469e+00
3.418809999999999905e-01 2.529385566711425781e+00
3.493859999999999744e-01 2.524210929870605469e+00
3.528510000000000257e-01 2.529385566711425781e+00
3.561489999999999934e-01 2.524210929870605469e+00
3.594490000000000185e-01 2.529385566711425781e+00
3.627409999999999801e-01 2.529385566711425781e+00
3.660459999999999825e-01 2.529385566711425781e+00
3.693389999999999729e-01 2.529385566711425781e+00
3.726749999999999785e-01 2.529385566711425781e+00
3.766930000000000001e-01 2.524210929870605469e+00
3.800069999999999837e-01 2.519036293029785156e+00
3.834569999999999923e-01 2.513861656188964844e+00
3.867559999999999887e-01 2.519036293029785156e+00
3.898980000000000223e-01 2.513861656188964844e+00
3.931919999999999860e-01 2.519036293029785156e+00
3.963349999999999929e-01 2.513861656188964844e+00
3.995110000000000050e-01 2.519036293029785156e+00
4.028050000000000241e-01 2.513861656188964844e+00
4.059510000000000063e-01 2.519036293029785156e+00
4.092520000000000047e-01 2.519036293029785156e+00
4.125499999999999723e-01 2.513861656188964844e+00
4.158549999999999747e-01 2.519036293029785156e+00
4.191489999999999938e-01 2.524210929870605469e+00
4.224470000000000169e-01 2.519036293029785156e+00
4.257429999999999826e-01 2.524210929870605469e+00
4.290430000000000077e-01 2.529385566711425781e+00
4.323420000000000041e-01 2.529385566711425781e+00
4.356410000000000005e-01 2.529385566711425781e+00
4.389370000000000216e-01 2.529385566711425781e+00
4.422369999999999912e-01 2.529385566711425781e+00
4.455290000000000084e-01 2.529385566711425781e+00
4.488320000000000087e-01 2.529385566711425781e+00
4.519719999999999849e-01 2.529385566711425781e+00
4.551120000000000165e-01 2.524210929870605469e+00
4.627009999999999734e-01 2.529385566711425781e+00
4.661299999999999888e-01 2.524210929870605469e+00
4.694590000000000152e-01 2.524210929870605469e+00
4.727459999999999996e-01 2.524210929870605469e+00
4.763490000000000224e-01 2.524210929870605469e+00
4.798080000000000123e-01 2.519036293029785156e+00
4.829519999999999924e-01 2.519036293029785156e+00
4.862560000000000215e-01 2.519036293029785156e+00
4.895459999999999812e-01 2.513861656188964844e+00
4.928440000000000043e-01 2.519036293029785156e+00
4.961809999999999832e-01 2.519036293029785156e+00
4.993239999999999901e-01 2.519036293029785156e+00
5.026180000000000092e-01 2.519036293029785156e+00
5.057610000000000161e-01 2.519036293029785156e+00
5.089069999999999983e-01 2.524210929870605469e+00
5.122010000000000174e-01 2.524210929870605469e+00
5.153459999999999708e-01 2.524210929870605469e+00
5.186469999999999692e-01 2.524210929870605469e+00
5.219399999999999595e-01 2.519036293029785156e+00
5.252409999999999579e-01 2.524210929870605469e+00
5.285370000000000346e-01 2.524210929870605469e+00
5.318349999999999467e-01 2.529385566711425781e+00
5.351289999999999658e-01 2.529385566711425781e+00
5.384280000000000177e-01 2.529385566711425781e+00
5.415820000000000078e-01 2.529385566711425781e+00
5.447100000000000275e-01 2.524210929870605469e+00
5.480099999999999971e-01 2.524210929870605469e+00
5.511859999999999538e-01 2.524210929870605469e+00
5.544510000000000272e-01 2.524210929870605469e+00
5.577459999999999640e-01 2.524210929870605469e+00
5.610549999999999704e-01 2.524210929870605469e+00
5.643420000000000103e-01 2.524210929870605469e+00
5.676419999999999799e-01 2.524210929870605469e+00
5.709239999999999871e-01 2.524210929870605469e+00
5.791709999999999914e-01 2.519036293029785156e+00
5.824390000000000400e-01 2.513861656188964844e+00
5.857320000000000304e-01 2.519036293029785156e+00
5.890300000000000535e-01 2.519036293029785156e+00
5.923620000000000552e-01 2.524210929870605469e+00
5.955080000000000373e-01 2.524210929870605469e+00
5.988019999999999454e-01 2.519036293029785156e+00
6.019370000000000553e-01 2.524210929870605469e+00
6.052440000000000042e-01 2.519036293029785156e+00
6.085519999999999818e-01 2.519036293029785156e+00
6.118400000000000505e-01 2.524210929870605469e+00
6.151280000000000081e-01 2.519036293029785156e+00
6.184269999999999490e-01 2.519036293029785156e+00
6.215749999999999886e-01 2.519036293029785156e+00
6.247089999999999588e-01 2.519036293029785156e+00
6.280400000000000427e-01 2.524210929870605469e+00
6.315110000000000445e-01 2.524210929870605469e+00
6.349399999999999489e-01 2.524210929870605469e+00
6.382590000000000208e-01 2.524210929870605469e+00
6.416960000000000441e-01 2.529385566711425781e+00
6.449869999999999770e-01 2.529385566711425781e+00
6.484360000000000124e-01 2.524210929870605469e+00
6.518979999999999775e-01 2.529385566711425781e+00
6.553309999999999969e-01 2.524210929870605469e+00
6.586459999999999537e-01 2.524210929870605469e+00
6.620810000000000306e-01 2.524210929870605469e+00
6.655400000000000205e-01 2.524210929870605469e+00
6.688279999999999781e-01 2.529385566711425781e+00
6.722820000000000462e-01 2.529385566711425781e+00
6.757379999999999498e-01 2.529385566711425781e+00
6.796280000000000099e-01 2.524210929870605469e+00
6.830979999999999830e-01 2.524210929870605469e+00
6.919729999999999492e-01 2.519036293029785156e+00
6.958400000000000141e-01 2.524210929870605469e+00
6.994449999999999834e-01 2.524210929870605469e+00
7.029009999999999980e-01 2.519036293029785156e+00
7.062150000000000372e-01 2.524210929870605469e+00
7.096400000000000485e-01 2.524210929870605469e+00
7.130950000000000344e-01 2.513861656188964844e+00
7.163880000000000248e-01 2.513861656188964844e+00
7.198379999999999779e-01 2.513861656188964844e+00
7.232899999999999885e-01 2.513861656188964844e+00
7.267439999999999456e-01 2.519036293029785156e+00
7.300429999999999975e-01 2.524210929870605469e+00
7.334939999999999793e-01 2.524210929870605469e+00
7.368029999999999857e-01 2.524210929870605469e+00
7.402379999999999516e-01 2.524210929870605469e+00
7.436899999999999622e-01 2.524210929870605469e+00
7.469820000000000348e-01 2.524210929870605469e+00
7.504340000000000455e-01 2.524210929870605469e+00
7.538789999999999658e-01 2.524210929870605469e+00
7.573530000000000539e-01 2.529385566711425781e+00
7.609369999999999745e-01 2.529385566711425781e+00
7.644039999999999724e-01 2.529385566711425781e+00
7.678319999999999590e-01 2.529385566711425781e+00
7.713079999999999936e-01 2.529385566711425781e+00
7.748899999999999677e-01 2.529385566711425781e+00
7.781970000000000276e-01 2.524210929870605469e+00
7.822789999999999466e-01 2.519036293029785156e+00
7.857399999999999940e-01 2.519036293029785156e+00
7.890319999999999556e-01 2.519036293029785156e+00
7.925050000000000150e-01 2.519036293029785156e+00
7.959349999999999481e-01 2.519036293029785156e+00
7.992500000000000160e-01 2.519036293029785156e+00
8.026799999999999491e-01 2.513861656188964844e+00
8.126039999999999930e-01 2.513861656188964844e+00
8.163120000000000376e-01 2.513861656188964844e+00
8.196189999999999864e-01 2.519036293029785156e+00
8.230720000000000258e-01 2.513861656188964844e+00
8.265639999999999654e-01 2.519036293029785156e+00
8.301319999999999810e-01 2.524210929870605469e+00
8.335759999999999836e-01 2.524210929870605469e+00
8.370269999999999655e-01 2.524210929870605469e+00
8.404760000000000009e-01 2.529385566711425781e+00
8.441049999999999942e-01 2.529385566711425781e+00
8.475420000000000176e-01 2.524210929870605469e+00
8.508419999999999872e-01 2.529385566711425781e+00
8.543119999999999603e-01 2.524210929870605469e+00
8.575819999999999554e-01 2.529385566711425781e+00
8.610839999999999606e-01 2.524210929870605469e+00
8.644789999999999974e-01 2.524210929870605469e+00
8.679339999999999833e-01 2.524210929870605469e+00
8.713090000000000002e-01 2.529385566711425781e+00
8.746979999999999755e-01 2.529385566711425781e+00
8.780280000000000307e-01 2.524210929870605469e+00
8.819059999999999677e-01 2.513861656188964844e+00
8.852189999999999781e-01 2.513861656188964844e+00
8.886760000000000215e-01 2.513861656188964844e+00
8.921210000000000528e-01 2.519036293029785156e+00
8.954389999999999850e-01 2.513861656188964844e+00
8.988810000000000411e-01 2.519036293029785156e+00
9.023170000000000357e-01 2.513861656188964844e+00
9.056110000000000548e-01 2.513861656188964844e+00
9.090759999999999952e-01 2.513861656188964844e+00
9.125199999999999978e-01 2.519036293029785156e+00
9.158089999999999842e-01 2.519036293029785156e+00
9.192620000000000235e-01 2.513861656188964844e+00
9.294620000000000104e-01 2.524210929870605469e+00
9.328920000000000545e-01 2.524210929870605469e+00
9.362179999999999946e-01 2.529385566711425781e+00
9.396550000000000180e-01 2.524210929870605469e+00
9.431049999999999711e-01 2.529385566711425781e+00
9.463979999999999615e-01 2.529385566711425781e+00
9.501030000000000308e-01 2.529385566711425781e+00
9.626099999999999657e-01 2.534560203552246094e+00
9.696789999999999576e-01 2.524210929870605469e+00
9.731670000000000043e-01 2.524210929870605469e+00
9.766270000000000229e-01 2.519036293029785156e+00
9.831490000000000506e-01 2.513861656188964844e+00
9.866129999999999622e-01 2.513861656188964844e+00
9.900689999999999769e-01 2.513861656188964844e+00
9.936719999999999997e-01 2.513861656188964844e+00
9.971499999999999808e-01 2.519036293029785156e+00
1.000739999999999963e+00 2.513861656188964844e+00
1.005867000000000067e+00 2.513861656188964844e+00
1.009976999999999903e+00 2.519036293029785156e+00
1.014127999999999918e+00 2.519036293029785156e+00
1.018197000000000019e+00 2.519036293029785156e+00
1.022300999999999904e+00 2.519036293029785156e+00
1.026407999999999987e+00 2.519036293029785156e+00
1.030480999999999980e+00 2.529385566711425781e+00
1.034688999999999970e+00 2.524210929870605469e+00
1.043209999999999971e+00 2.524210929870605469e+00
1.049665999999999988e+00 2.524210929870605469e+00
1.053814000000000028e+00 2.524210929870605469e+00
1.057903000000000038e+00 2.524210929870605469e+00
1.062008000000000063e+00 2.524210929870605469e+00
1.066065999999999958e+00 2.524210929870605469e+00
1.070160000000000000e+00 2.524210929870605469e+00
1.074359999999999982e+00 2.524210929870605469e+00
1.078424999999999967e+00 2.519036293029785156e+00
1.082554000000000016e+00 2.513861656188964844e+00
1.086824000000000012e+00 2.513861656188964844e+00
1.090932000000000013e+00 2.513861656188964844e+00
1.095110999999999946e+00 2.519036293029785156e+00
1.099183999999999939e+00 2.524210929870605469e+00
1.103366999999999987e+00 2.519036293029785156e+00
1.107464000000000004e+00 2.519036293029785156e+00
1.111704000000000025e+00 2.519036293029785156e+00
1.115828000000000042e+00 2.519036293029785156e+00
1.119990000000000041e+00 2.519036293029785156e+00
1.124187999999999965e+00 2.519036293029785156e+00
1.128306999999999949e+00 2.524210929870605469e+00
1.132446000000000064e+00 2.524210929870605469e+00
1.136562000000000072e+00 2.524210929870605469e+00
1.140690999999999899e+00 2.519036293029785156e+00
1.144914999999999905e+00 2.524210929870605469e+00
1.149000000000000021e+00 2.524210929870605469e+00
1.153203999999999896e+00 2.519036293029785156e+00
1.161891999999999925e+00 2.519036293029785156e+00
1.168417000000000039e+00 2.524210929870605469e+00
1.172770000000000090e+00 2.524210929870605469e+00
1.176946999999999965e+00 2.524210929870605469e+00
1.181144999999999889e+00 2.524210929870605469e+00
1.185847000000000095e+00 2.519036293029785156e+00
1.190190000000000081e+00 2.519036293029785156e+00
1.194466000000000028e+00 2.519036293029785156e+00
1.198644999999999960e+00 2.519036293029785156e+00
1.202843000000000107e+00 2.524210929870605469e+00
1.207033999999999940e+00 2.519036293029785156e+00
1.211241000000000012e+00 2.519036293029785156e+00
1.215421000000000085e+00 2.519036293029785156e+00
1.219592000000000009e+00 2.513861656188964844e+00
1.223894999999999955e+00 2.513861656188964844e+00
1.228091999999999961e+00 2.519036293029785156e+00
1.232304999999999984e+00 2.524210929870605469e+00
1.236459999999999892e+00 2.524210929870605469e+00
1.240677000000000030e+00 2.519036293029785156e+00
1.244977000000000000e+00 2.524210929870605469e+00
1.249163000000000023e+00 2.524210929870605469e+00
1.253432000000000102e+00 2.524210929870605469e+00
1.257630999999999943e+00 2.524210929870605469e+00
1.261903999999999915e+00 2.529385566711425781e+00
1.266132000000000035e+00 2.524210929870605469e+00
1.270343000000000000e+00 2.524210929870605469e+00
1.274699999999999944e+00 2.524210929870605469e+00
1.283341999999999983e+00 2.519036293029785156e+00
1.290029000000000092e+00 2.519036293029785156e+00
1.294586999999999932e+00 2.519036293029785156e+00
1.298810999999999938e+00 2.513861656188964844e+00
1.303064999999999918e+00 2.513861656188964844e+00
1.307291999999999899e+00 2.513861656188964844e+00
1.311641000000000057e+00 2.513861656188964844e+00
1.314970999999999890e+00 2.508687019348144531e+00
1.319293999999999967e+00 2.513861656188964844e+00
1.323614000000000068e+00 2.508687019348144531e+00
1.327879000000000032e+00 2.519036293029785156e+00
1.332179999999999920e+00 2.519036293029785156e+00
1.336465000000000014e+00 2.519036293029785156e+00
1.340767000000000042e+00 2.524210929870605469e+00
1.345107999999999970e+00 2.524210929870605469e+00
1.349396999999999958e+00 2.524210929870605469e+00
1.353736999999999968e+00 2.524210929870605469e+00
1.357984000000000080e+00 2.524210929870605469e+00
1.362271999999999927e+00 2.524210929870605469e+00
1.366632999999999987e+00 2.524210929870605469e+00
1.371013999999999955e+00 2.524210929870605469e+00
1.375321999999999933e+00 2.529385566711425781e+00
1.379636000000000084e+00 2.519036293029785156e+00
1.383987000000000078e+00 2.519036293029785156e+00
1.388316000000000106e+00 2.508687019348144531e+00
1.392838000000000021e+00 2.513861656188964844e+00
1.397178000000000031e+00 2.508687019348144531e+00
1.405945000000000000e+00 2.508687019348144531e+00
1.412719000000000058e+00 2.513861656188964844e+00
1.417246999999999924e+00 2.513861656188964844e+00
1.421667999999999932e+00 2.508687019348144531e+00
1.426010000000000000e+00 2.519036293029785156e+00
1.430377000000000010e+00 2.524210929870605469e+00
1.434892999999999974e+00 2.524210929870605469e+00
1.439245000000000108e+00 2.524210929870605469e+00
1.443659999999999943e+00 2.524210929870605469e+00
1.446938999999999975e+00 2.524210929870605469e+00
1.451438999999999924e+00 2.524210929870605469e+00
1.455815999999999999e+00 2.524210929870605469e+00
1.460148000000000001e+00 2.524210929870605469e+00
1.464590999999999976e+00 2.524210929870605469e+00
1.468957000000000068e+00 2.524210929870605469e+00
1.473452999999999902e+00 2.519036293029785156e+00
1.477864999999999984e+00 2.519036293029785156e+00
1.482290000000000108e+00 2.508687019348144531e+00
1.486669999999999936e+00 2.513861656188964844e+00
1.491138999999999992e+00 2.513861656188964844e+00
1.495711999999999930e+00 2.513861656188964844e+00
1.500099000000000071e+00 2.508687019348144531e+00
1.504577999999999971e+00 2.513861656188964844e+00
1.508968000000000087e+00 2.513861656188964844e+00
1.513406000000000029e+00 2.519036293029785156e+00
1.517779999999999907e+00 2.519036293029785156e+00
1.529727000000000059e+00 2.513861656188964844e+00
1.534936999999999996e+00 2.524210929870605469e+00
1.539439000000000002e+00 2.524210929870605469e+00
1.543946999999999958e+00 2.524210929870605469e+00
1.548397000000000023e+00 2.524210929870605469e+00
1.552834000000000048e+00 2.519036293029785156e+00
1.557253999999999916e+00 2.524210929870605469e+00
1.561803000000000052e+00 2.519036293029785156e+00
1.566270000000000051e+00 2.519036293029785156e+00
1.570723000000000091e+00 2.519036293029785156e+00
1.575260000000000105e+00 2.519036293029785156e+00
1.579688999999999899e+00 2.508687019348144531e+00
1.584265999999999952e+00 2.513861656188964844e+00
1.588691999999999993e+00 2.508687019348144531e+00
1.593145999999999951e+00 2.513861656188964844e+00
1.597814999999999985e+00 2.513861656188964844e+00
1.602292999999999967e+00 2.519036293029785156e+00
1.606716000000000033e+00 2.513861656188964844e+00
1.611223999999999990e+00 2.519036293029785156e+00
1.615707000000000004e+00 2.519036293029785156e+00
1.620219000000000076e+00 2.519036293029785156e+00
1.624789999999999957e+00 2.513861656188964844e+00
1.629259000000000013e+00 2.524210929870605469e+00
1.633741000000000110e+00 2.524210929870605469e+00
1.637666000000000066e+00 2.519036293029785156e+00
1.641683000000000003e+00 2.524210929870605469e+00
1.653019999999999934e+00 2.524210929870605469e+00
1.657156999999999991e+00 2.519036293029785156e+00
1.661537000000000042e+00 2.519036293029785156e+00
1.665359000000000034e+00 2.519036293029785156e+00
1.669186000000000059e+00 2.519036293029785156e+00
1.673086999999999991e+00 2.519036293029785156e+00
1.676944999999999908e+00 2.519036293029785156e+00
1.680765999999999982e+00 2.519036293029785156e+00
1.684644999999999948e+00 2.519036293029785156e+00
1.688493999999999939e+00 2.513861656188964844e+00
1.692366000000000037e+00 2.513861656188964844e+00
1.696193999999999980e+00 2.513861656188964844e+00
1.700398999999999994e+00 2.519036293029785156e+00
1.704344000000000081e+00 2.513861656188964844e+00
1.708196000000000048e+00 2.519036293029785156e+00
1.712069000000000063e+00 2.519036293029785156e+00
1.715929999999999955e+00 2.519036293029785156e+00
1.719794000000000045e+00 2.513861656188964844e+00
1.723756000000000066e+00 2.508687019348144531e+00
1.727610000000000090e+00 2.519036293029785156e+00
1.731502000000000097e+00 2.524210929870605469e+00
1.735352999999999923e+00 2.519036293029785156e+00
1.739219000000000070e+00 2.519036293029785156e+00
1.742277999999999993e+00 2.519036293029785156e+00
1.746145999999999976e+00 2.519036293029785156e+00
1.750026000000000082e+00 2.524210929870605469e+00
1.753924999999999956e+00 2.519036293029785156e+00
1.757800999999999947e+00 2.519036293029785156e+00
1.761784000000000017e+00 2.519036293029785156e+00
1.765832000000000068e+00 2.524210929870605469e+00
1.774229999999999974e+00 2.519036293029785156e+00
1.778564000000000034e+00 2.519036293029785156e+00
1.782483000000000040e+00 2.513861656188964844e+00
1.786375999999999964e+00 2.513861656188964844e+00
1.790273000000000003e+00 2.513861656188964844e+00
1.794219000000000008e+00 2.513861656188964844e+00
1.798118000000000105e+00 2.513861656188964844e+00
1.802505000000000024e+00 2.513861656188964844e+00
1.806415000000000104e+00 2.508687019348144531e+00
1.810340000000000060e+00 2.513861656188964844e+00
1.814329000000000081e+00 2.513861656188964844e+00
1.820459999999999967e+00 2.508687019348144531e+00
1.823936000000000002e+00 2.508687019348144531e+00
1.827974999999999905e+00 2.513861656188964844e+00
1.832000000000000073e+00 2.513861656188964844e+00
1.835974999999999913e+00 2.519036293029785156e+00
1.839958999999999900e+00 2.519036293029785156e+00
1.844031999999999893e+00 2.519036293029785156e+00
1.847944000000000031e+00 2.524210929870605469e+00
1.851946000000000092e+00 2.524210929870605469e+00
1.855901999999999941e+00 2.524210929870605469e+00
1.859842999999999913e+00 2.524210929870605469e+00
1.863949000000000078e+00 2.524210929870605469e+00
1.867877999999999927e+00 2.524210929870605469e+00
1.871891999999999889e+00 2.519036293029785156e+00
1.875842000000000009e+00 2.519036293029785156e+00
1.879807000000000006e+00 2.513861656188964844e+00
1.882913999999999977e+00 2.513861656188964844e+00
1.891558999999999990e+00 2.508687019348144531e+00
1.895990999999999982e+00 2.508687019348144531e+00
1.899914000000000103e+00 2.508687019348144531e+00
1.904271000000000047e+00 2.508687019348144531e+00
1.908231999999999928e+00 2.508687019348144531e+00
1.912280999999999898e+00 2.508687019348144531e+00
1.916265000000000107e+00 2.508687019348144531e+00
1.920225000000000071e+00 2.508687019348144531e+00
1.924276000000000098e+00 2.508687019348144531e+00
1.928247000000000044e+00 2.513861656188964844e+00
1.932220000000000049e+00 2.519036293029785156e+00
1.936190000000000078e+00 2.524210929870605469e+00
1.940134000000000025e+00 2.524210929870605469e+00
1.944172000000000011e+00 2.524210929870605469e+00
1.948169000000000040e+00 2.519036293029785156e+00
1.957435000000000036e+00 2.519036293029785156e+00
1.966601999999999961e+00 2.524210929870605469e+00
1.971913999999999945e+00 2.519036293029785156e+00
1.976004000000000094e+00 2.519036293029785156e+00
1.981549999999999923e+00 2.508687019348144531e+00
1.985613999999999990e+00 2.508687019348144531e+00
1.989602000000000093e+00 2.508687019348144531e+00
1.993697000000000052e+00 2.508687019348144531e+00
1.998032000000000030e+00 2.508687019348144531e+00
2.008236999999999828e+00 2.508687019348144531e+00
2.012337000000000042e+00 2.508687019348144531e+00
2.016375000000000028e+00 2.508687019348144531e+00
2.020366000000000106e+00 2.513861656188964844e+00
2.024465999999999877e+00 2.513861656188964844e+00
2.028510999999999953e+00 2.519036293029785156e+00
2.032551000000000219e+00 2.519036293029785156e+00
2.036588000000000065e+00 2.524210929870605469e+00
2.040585999999999789e+00 2.519036293029785156e+00
2.044712999999999781e+00 2.519036293029785156e+00
2.048751999999999907e+00 2.524210929870605469e+00
2.051892000000000049e+00 2.519036293029785156e+00
2.055928000000000200e+00 2.519036293029785156e+00
2.059966999999999882e+00 2.519036293029785156e+00
2.064020000000000188e+00 2.519036293029785156e+00
2.067069000000000045e+00 2.519036293029785156e+00
2.071182999999999996e+00 2.513861656188964844e+00
2.074279000000000206e+00 2.513861656188964844e+00
2.078317999999999888e+00 2.513861656188964844e+00
2.082355000000000178e+00 2.513861656188964844e+00
2.086364999999999803e+00 2.508687019348144531e+00
2.090412000000000159e+00 2.508687019348144531e+00
2.094584999999999919e+00 2.508687019348144531e+00
2.098603999999999914e+00 2.513861656188964844e+00
2.102640000000000065e+00 2.513861656188964844e+00
2.106684000000000001e+00 2.513861656188964844e+00
2.115861999999999910e+00 2.513861656188964844e+00
2.120388000000000162e+00 2.513861656188964844e+00
2.124587000000000003e+00 2.519036293029785156e+00
2.128654000000000046e+00 2.519036293029785156e+00
2.132716999999999974e+00 2.519036293029785156e+00
2.136756999999999795e+00 2.524210929870605469e+00
2.140814999999999912e+00 2.519036293029785156e+00
2.144922999999999913e+00 2.519036293029785156e+00
2.148985999999999841e+00 2.519036293029785156e+00
2.153106000000000186e+00 2.513861656188964844e+00
2.157162000000000024e+00 2.513861656188964844e+00
2.161256999999999984e+00 2.519036293029785156e+00
2.165327000000000002e+00 2.513861656188964844e+00
2.169373000000000218e+00 2.513861656188964844e+00
2.173509999999999831e+00 2.513861656188964844e+00
2.177582000000000129e+00 2.513861656188964844e+00
2.181741999999999848e+00 2.513861656188964844e+00
2.185805999999999916e+00 2.513861656188964844e+00
2.188918000000000141e+00 2.513861656188964844e+00
2.192997000000000085e+00 2.513861656188964844e+00
2.197128000000000192e+00 2.513861656188964844e+00
2.201258999999999855e+00 2.513861656188964844e+00
2.205381000000000036e+00 2.508687019348144531e+00
2.209497999999999962e+00 2.513861656188964844e+00
2.213816000000000006e+00 2.513861656188964844e+00
2.216941999999999968e+00 2.513861656188964844e+00
2.220082000000000111e+00 2.508687019348144531e+00
2.228742000000000001e+00 2.513861656188964844e+00
2.233044000000000029e+00 2.513861656188964844e+00
2.237152000000000029e+00 2.513861656188964844e+00
2.241274999999999906e+00 2.519036293029785156e+00
2.245404999999999873e+00 2.519036293029785156e+00
2.249496000000000162e+00 2.513861656188964844e+00
2.253655000000000186e+00 2.513861656188964844e+00
2.257753000000000121e+00 2.513861656188964844e+00
2.261906000000000194e+00 2.519036293029785156e+00
2.266043999999999947e+00 2.519036293029785156e+00
2.270169000000000104e+00 2.519036293029785156e+00
2.274331999999999798e+00 2.519036293029785156e+00
2.278436999999999824e+00 2.519036293029785156e+00
2.282572000000000045e+00 2.513861656188964844e+00
2.286690999999999807e+00 2.508687019348144531e+00
2.290821999999999914e+00 2.513861656188964844e+00
2.295031999999999961e+00 2.513861656188964844e+00
2.299176999999999804e+00 2.513861656188964844e+00
2.303405999999999842e+00 2.513861656188964844e+00
2.307545999999999875e+00 2.513861656188964844e+00
2.311748000000000136e+00 2.503512382507324219e+00
2.315319999999999823e+00 2.503512382507324219e+00
2.319456999999999880e+00 2.508687019348144531e+00
2.322690999999999839e+00 2.503512382507324219e+00
2.326849999999999863e+00 2.508687019348144531e+00
2.331080000000000041e+00 2.513861656188964844e+00
2.335214999999999819e+00 2.513861656188964844e+00
2.339971999999999941e+00 2.513861656188964844e+00
2.348984000000000183e+00 2.519036293029785156e+00
2.357321999999999917e+00 2.513861656188964844e+00
2.362443999999999988e+00 2.519036293029785156e+00
2.367535999999999863e+00 2.519036293029785156e+00
2.372675000000000090e+00 2.519036293029785156e+00
2.377724000000000171e+00 2.519036293029785156e+00
2.382826999999999806e+00 2.513861656188964844e+00
2.387926999999999911e+00 2.508687019348144531e+00
2.393050000000000122e+00 2.508687019348144531e+00
2.398283000000000165e+00 2.503512382507324219e+00
2.403398000000000145e+00 2.508687019348144531e+00
2.408513000000000126e+00 2.508687019348144531e+00
2.413708999999999882e+00 2.508687019348144531e+00
2.419341999999999882e+00 2.503512382507324219e+00
2.424507999999999885e+00 2.508687019348144531e+00
2.429635999999999907e+00 2.513861656188964844e+00
2.434829000000000132e+00 2.519036293029785156e+00
2.439646000000000203e+00 2.513861656188964844e+00
2.443906999999999829e+00 2.524210929870605469e+00
2.448138000000000147e+00 2.519036293029785156e+00
2.451268999999999920e+00 2.519036293029785156e+00
2.455496000000000123e+00 2.519036293029785156e+00
2.459922000000000164e+00 2.519036293029785156e+00
2.469202999999999815e+00 2.519036293029785156e+00
2.473650000000000126e+00 2.519036293029785156e+00
2.477889999999999926e+00 2.513861656188964844e+00
2.482127999999999890e+00 2.508687019348144531e+00
2.486346999999999863e+00 2.508687019348144531e+00
2.490572999999999926e+00 2.508687019348144531e+00
2.494869000000000003e+00 2.503512382507324219e+00
2.499114000000000058e+00 2.508687019348144531e+00
2.503423999999999872e+00 2.503512382507324219e+00
2.507661000000000140e+00 2.503512382507324219e+00
2.510866000000000042e+00 2.503512382507324219e+00
2.515143000000000129e+00 2.503512382507324219e+00
2.519442000000000181e+00 2.508687019348144531e+00
2.523728999999999889e+00 2.508687019348144531e+00
2.527937000000000101e+00 2.513861656188964844e+00
2.532255000000000145e+00 2.519036293029785156e+00
2.536506000000000149e+00 2.519036293029785156e+00
2.540760999999999825e+00 2.519036293029785156e+00
2.545074000000000058e+00 2.519036293029785156e+00
2.549338000000000104e+00 2.519036293029785156e+00
2.553657999999999983e+00 2.513861656188964844e+00
2.557922000000000029e+00 2.513861656188964844e+00
2.561157000000000128e+00 2.513861656188964844e+00
2.565427999999999820e+00 2.513861656188964844e+00
2.568668999999999869e+00 2.513861656188964844e+00
2.572926999999999964e+00 2.513861656188964844e+00
2.582046000000000063e+00 2.508687019348144531e+00
2.586777999999999800e+00 2.503512382507324219e+00
2.591136999999999802e+00 2.503512382507324219e+00
2.595441000000000109e+00 2.503512382507324219e+00
2.599724000000000146e+00 2.503512382507324219e+00
2.604065999999999992e+00 2.508687019348144531e+00
2.608318999999999832e+00 2.508687019348144531e+00
2.612642999999999827e+00 2.508687019348144531e+00
2.616910999999999987e+00 2.508687019348144531e+00
2.621668000000000109e+00 2.508687019348144531e+00
2.625938999999999801e+00 2.513861656188964844e+00
2.630256000000000149e+00 2.513861656188964844e+00
2.634675000000000100e+00 2.519036293029785156e+00
2.637901999999999969e+00 2.519036293029785156e+00
2.642208000000000112e+00 2.519036293029785156e+00
2.646565999999999974e+00 2.513861656188964844e+00
2.650872000000000117e+00 2.513861656188964844e+00
2.654164999999999885e+00 2.513861656188964844e+00
2.658478999999999814e+00 2.513861656188964844e+00
2.662859000000000087e+00 2.508687019348144531e+00
2.667194999999999983e+00 2.513861656188964844e+00
2.671559999999999935e+00 2.513861656188964844e+00
2.675892999999999855e+00 2.513861656188964844e+00
2.680247000000000046e+00 2.503512382507324219e+00
2.684636999999999940e+00 2.503512382507324219e+00
2.687892999999999866e+00 2.508687019348144531e+00
2.691063000000000205e+00 2.508687019348144531e+00
2.700047000000000086e+00 2.513861656188964844e+00
2.704906999999999950e+00 2.508687019348144531e+00
2.709284999999999943e+00 2.508687019348144531e+00
2.713697999999999944e+00 2.508687019348144531e+00
2.718065000000000175e+00 2.513861656188964844e+00
2.722462000000000160e+00 2.508687019348144531e+00
2.726818999999999882e+00 2.508687019348144531e+00
2.731249000000000038e+00 2.513861656188964844e+00
2.734522000000000119e+00 2.513861656188964844e+00
2.738942999999999905e+00 2.513861656188964844e+00
2.743387999999999938e+00 2.513861656188964844e+00
2.747749999999999915e+00 2.508687019348144531e+00
2.752132000000000023e+00 2.513861656188964844e+00
2.756491000000000025e+00 2.513861656188964844e+00
2.760866000000000042e+00 2.513861656188964844e+00
2.765356999999999843e+00 2.513861656188964844e+00
2.769744999999999902e+00 2.508687019348144531e+00
2.774102000000000068e+00 2.519036293029785156e+00
2.778494999999999937e+00 2.513861656188964844e+00
2.782887999999999806e+00 2.508687019348144531e+00
2.787279999999999980e+00 2.508687019348144531e+00
2.791735000000000078e+00 2.508687019348144531e+00
2.796139000000000152e+00 2.508687019348144531e+00
2.800517999999999841e+00 2.508687019348144531e+00
2.804981000000000169e+00 2.503512382507324219e+00
2.814372999999999791e+00 2.513861656188964844e+00
2.819253999999999927e+00 2.503512382507324219e+00
2.823741000000000057e+00 2.503512382507324219e+00
2.828164000000000122e+00 2.508687019348144531e+00
2.832568999999999892e+00 2.513861656188964844e+00
2.836908000000000207e+00 2.508687019348144531e+00
2.841375000000000206e+00 2.508687019348144531e+00
2.845769999999999911e+00 2.513861656188964844e+00
2.850187000000000026e+00 2.513861656188964844e+00
2.853518999999999917e+00 2.513861656188964844e+00
2.857915999999999901e+00 2.513861656188964844e+00
2.862360999999999933e+00 2.513861656188964844e+00
2.866737000000000091e+00 2.519036293029785156e+00
2.871229000000000031e+00 2.513861656188964844e+00
2.875643999999999867e+00 2.519036293029785156e+00
2.880023000000000000e+00 2.508687019348144531e+00
2.884495999999999949e+00 2.508687019348144531e+00
2.888911999999999924e+00 2.508687019348144531e+00
2.893407999999999980e+00 2.508687019348144531e+00
2.897845999999999922e+00 2.503512382507324219e+00
2.902390000000000025e+00 2.503512382507324219e+00
2.905669000000000057e+00 2.498338699340820312e+00
2.910095000000000098e+00 2.503512382507324219e+00
2.914571000000000023e+00 2.503512382507324219e+00
2.919004000000000154e+00 2.503512382507324219e+00
2.923684000000000172e+00 2.503512382507324219e+00
2.933276000000000217e+00 2.508687019348144531e+00
2.937835999999999892e+00 2.513861656188964844e+00
2.942302000000000195e+00 2.513861656188964844e+00
2.946731999999999907e+00 2.513861656188964844e+00
2.951328999999999869e+00 2.513861656188964844e+00
2.955788000000000082e+00 2.513861656188964844e+00
2.965005999999999808e+00 2.519036293029785156e+00
2.971442999999999834e+00 2.513861656188964844e+00
2.981774999999999842e+00 2.508687019348144531e+00
2.986295999999999840e+00 2.498338699340820312e+00
2.992481000000000169e+00 2.503512382507324219e+00
2.997275999999999829e+00 2.503512382507324219e+00
3.001825999999999883e+00 2.498338699340820312e+00
3.006333999999999840e+00 2.498338699340820312e+00
3.010778999999999872e+00 2.498338699340820312e+00
3.015340000000000131e+00 2.503512382507324219e+00
3.019804999999999851e+00 2.503512382507324219e+00
3.024404000000000092e+00 2.508687019348144531e+00
3.028869999999999951e+00 2.513861656188964844e+00
3.032297999999999938e+00 2.519036293029785156e+00
3.036947000000000063e+00 2.519036293029785156e+00
3.045806999999999931e+00 2.513861656188964844e+00
3.050384999999999902e+00 2.513861656188964844e+00
3.054988999999999955e+00 2.513861656188964844e+00
3.058269000000000126e+00 2.513861656188964844e+00
3.062786000000000008e+00 2.513861656188964844e+00
3.066088999999999842e+00 2.513861656188964844e+00
3.070577000000000112e+00 2.508687019348144531e+00
3.075177000000000049e+00 2.508687019348144531e+00
3.079699000000000186e+00 2.503512382507324219e+00
3.084232999999999780e+00 2.503512382507324219e+00
3.088744999999999852e+00 2.503512382507324219e+00
3.093364999999999920e+00 2.503512382507324219e+00
3.096713999999999967e+00 2.498338699340820312e+00
3.101259000000000210e+00 2.503512382507324219e+00
3.105773999999999813e+00 2.498338699340820312e+00
3.110297999999999785e+00 2.508687019348144531e+00
3.114929000000000059e+00 2.508687019348144531e+00
3.119454999999999867e+00 2.503512382507324219e+00
3.124102000000000157e+00 2.503512382507324219e+00
3.128635000000000055e+00 2.513861656188964844e+00
3.132121999999999851e+00 2.513861656188964844e+00
3.136614999999999931e+00 2.513861656188964844e+00
3.141199999999999992e+00 2.513861656188964844e+00
3.146300999999999792e+00 2.513861656188964844e+00
3.151949000000000112e+00 2.513861656188964844e+00
3.161394000000000037e+00 2.513861656188964844e+00
3.168664000000000147e+00 2.508687019348144531e+00
3.172727000000000075e+00 2.513861656188964844e+00
3.178427000000000113e+00 2.508687019348144531e+00
3.184185999999999961e+00 2.503512382507324219e+00
3.189846999999999877e+00 2.503512382507324219e+00
3.195533000000000179e+00 2.508687019348144531e+00
3.201411999999999924e+00 2.508687019348144531e+00
3.207053000000000154e+00 2.503512382507324219e+00
3.212766999999999928e+00 2.503512382507324219e+00
3.218501999999999974e+00 2.508687019348144531e+00
3.224285000000000068e+00 2.508687019348144531e+00
3.230369000000000046e+00 2.513861656188964844e+00
3.236155000000000115e+00 2.508687019348144531e+00
3.241884000000000210e+00 2.508687019348144531e+00
3.245871000000000173e+00 2.508687019348144531e+00
3.249318999999999846e+00 2.513861656188964844e+00
3.252615000000000034e+00 2.508687019348144531e+00
3.257206000000000046e+00 2.508687019348144531e+00
3.261858000000000146e+00 2.508687019348144531e+00
3.266436999999999813e+00 2.508687019348144531e+00
3.271097000000000143e+00 2.508687019348144531e+00
3.274494999999999933e+00 2.513861656188964844e+00
3.283767999999999798e+00 2.508687019348144531e+00
3.288797999999999888e+00 2.503512382507324219e+00
3.293473000000000095e+00 2.503512382507324219e+00
3.296864999999999934e+00 2.508687019348144531e+00
3.301496999999999904e+00 2.508687019348144531e+00
3.306103999999999932e+00 2.508687019348144531e+00
3.310655000000000125e+00 2.503512382507324219e+00
3.315348000000000184e+00 2.503512382507324219e+00
3.318709000000000131e+00 2.503512382507324219e+00
3.323310999999999904e+00 2.498338699340820312e+00
3.326683000000000057e+00 2.503512382507324219e+00
3.331402999999999892e+00 2.508687019348144531e+00
3.336015000000000175e+00 2.508687019348144531e+00
3.340634999999999799e+00 2.513861656188964844e+00
3.345301000000000080e+00 2.508687019348144531e+00
3.348676000000000208e+00 2.508687019348144531e+00
3.352120000000000211e+00 2.508687019348144531e+00
3.356700000000000017e+00 2.508687019348144531e+00
3.360128000000000004e+00 2.513861656188964844e+00
3.364832999999999963e+00 2.513861656188964844e+00
3.369473000000000162e+00 2.513861656188964844e+00
3.374079000000000050e+00 2.513861656188964844e+00
3.378718000000000110e+00 2.508687019348144531e+00
3.383417000000000119e+00 2.503512382507324219e+00
3.388071000000000055e+00 2.503512382507324219e+00
3.391490000000000116e+00 2.508687019348144531e+00
3.401269999999999794e+00 2.503512382507324219e+00
3.406893000000000171e+00 2.503512382507324219e+00
3.411582000000000114e+00 2.498338699340820312e+00
3.416214000000000084e+00 2.498338699340820312e+00
3.420830000000000037e+00 2.498338699340820312e+00
3.424274000000000040e+00 2.503512382507324219e+00
3.428882000000000208e+00 2.508687019348144531e+00
3.434044000000000096e+00 2.508687019348144531e+00
3.438699000000000172e+00 2.503512382507324219e+00
3.443421999999999983e+00 2.513861656188964844e+00
3.448050999999999977e+00 2.513861656188964844e+00
3.452732000000000134e+00 2.508687019348144531e+00
3.456138000000000154e+00 2.513861656188964844e+00
3.459423000000000137e+00 2.513861656188964844e+00
3.462867999999999835e+00 2.513861656188964844e+00
3.466317000000000093e+00 2.513861656188964844e+00
3.470931000000000211e+00 2.508687019348144531e+00
3.475639000000000145e+00 2.519036293029785156e+00
3.480302000000000007e+00 2.508687019348144531e+00
3.485110000000000152e+00 2.503512382507324219e+00
3.488469999999999960e+00 2.503512382507324219e+00
3.493119999999999781e+00 2.498338699340820312e+00
3.497824000000000044e+00 2.498338699340820312e+00
3.502515999999999963e+00 2.498338699340820312e+00
3.505949000000000204e+00 2.498338699340820312e+00
3.510603000000000140e+00 2.498338699340820312e+00
3.520055999999999852e+00 2.493164062500000000e+00
3.525268000000000068e+00 2.503512382507324219e+00
3.529958999999999847e+00 2.513861656188964844e+00
3.534810999999999925e+00 2.513861656188964844e+00
3.539489000000000107e+00 2.513861656188964844e+00
3.544249999999999901e+00 2.513861656188964844e+00
3.548967000000000205e+00 2.513861656188964844e+00
3.552505000000000024e+00 2.513861656188964844e+00
3.557242000000000015e+00 2.513861656188964844e+00
3.562040000000000095e+00 2.513861656188964844e+00
3.566749000000000169e+00 2.513861656188964844e+00
3.571550999999999920e+00 2.508687019348144531e+00
3.576281999999999961e+00 2.508687019348144531e+00
3.581062999999999885e+00 2.498338699340820312e+00
3.585786999999999836e+00 2.498338699340820312e+00
3.590504999999999836e+00 2.503512382507324219e+00
3.595349000000000128e+00 2.498338699340820312e+00
3.600124999999999797e+00 2.493164062500000000e+00
3.604934000000000083e+00 2.493164062500000000e+00
3.609696000000000016e+00 2.498338699340820312e+00
3.614507999999999832e+00 2.503512382507324219e+00
3.619275000000000020e+00 2.503512382507324219e+00
3.624045999999999879e+00 2.503512382507324219e+00
3.627467000000000219e+00 2.508687019348144531e+00
3.638644000000000212e+00 2.508687019348144531e+00
3.644607999999999848e+00 2.513861656188964844e+00
3.649331000000000103e+00 2.513861656188964844e+00
3.654167999999999861e+00 2.503512382507324219e+00
3.658933000000000213e+00 2.508687019348144531e+00
3.663766999999999996e+00 2.508687019348144531e+00
3.668655999999999917e+00 2.508687019348144531e+00
3.673550999999999789e+00 2.508687019348144531e+00
3.678316999999999837e+00 2.503512382507324219e+00
3.683114999999999917e+00 2.503512382507324219e+00
3.687905000000000211e+00 2.498338699340820312e+00
3.692715000000000192e+00 2.498338699340820312e+00
3.697513999999999967e+00 2.503512382507324219e+00
3.702335999999999849e+00 2.503512382507324219e+00
3.707126000000000143e+00 2.503512382507324219e+00
3.711972999999999967e+00 2.503512382507324219e+00
3.716784000000000088e+00 2.503512382507324219e+00
3.721656999999999993e+00 2.498338699340820312e+00
3.726462000000000163e+00 2.503512382507324219e+00
3.731326999999999838e+00 2.513861656188964844e+00
3.736164000000000041e+00 2.508687019348144531e+00
3.741025000000000045e+00 2.508687019348144531e+00
3.745944000000000162e+00 2.508687019348144531e+00
3.750869999999999926e+00 2.508687019348144531e+00
3.760375999999999941e+00 2.508687019348144531e+00
3.765756000000000103e+00 2.508687019348144531e+00
3.770570000000000199e+00 2.508687019348144531e+00
3.775507999999999864e+00 2.508687019348144531e+00
3.779075000000000184e+00 2.503512382507324219e+00
3.783920000000000172e+00 2.503512382507324219e+00
3.788758000000000070e+00 2.498338699340820312e+00
3.792329000000000061e+00 2.503512382507324219e+00
3.797161000000000008e+00 2.503512382507324219e+00
3.802068999999999921e+00 2.503512382507324219e+00
3.806910999999999934e+00 2.503512382507324219e+00
3.811808999999999781e+00 2.503512382507324219e+00
3.816661999999999999e+00 2.503512382507324219e+00
3.821527999999999814e+00 2.493164062500000000e+00
3.826375000000000082e+00 2.498338699340820312e+00
3.829899000000000164e+00 2.503512382507324219e+00
3.834773000000000209e+00 2.508687019348144531e+00
3.839585000000000026e+00 2.503512382507324219e+00
3.844494000000000078e+00 2.508687019348144531e+00
3.849486999999999881e+00 2.508687019348144531e+00
3.854410999999999810e+00 2.508687019348144531e+00
3.859236000000000111e+00 2.508687019348144531e+00
3.864170000000000105e+00 2.508687019348144531e+00
3.869146999999999892e+00 2.508687019348144531e+00
3.878884000000000221e+00 2.503512382507324219e+00
3.884250000000000203e+00 2.503512382507324219e+00
3.889113000000000042e+00 2.503512382507324219e+00
3.894032999999999856e+00 2.503512382507324219e+00
3.898908000000000040e+00 2.503512382507324219e+00
3.903843999999999870e+00 2.498338699340820312e+00
3.908713999999999800e+00 2.498338699340820312e+00
3.913729000000000013e+00 2.498338699340820312e+00
3.918614999999999959e+00 2.498338699340820312e+00
3.923560000000000159e+00 2.498338699340820312e+00
3.928436000000000039e+00 2.503512382507324219e+00
3.933327999999999935e+00 2.508687019348144531e+00
3.936871000000000009e+00 2.508687019348144531e+00
3.941819000000000184e+00 2.508687019348144531e+00
3.946720000000000006e+00 2.508687019348144531e+00
3.952091999999999938e+00 2.508687019348144531e+00
3.957011000000000056e+00 2.513861656188964844e+00
3.961969999999999992e+00 2.513861656188964844e+00
3.972309999999999786e+00 2.513861656188964844e+00
3.981189999999999785e+00 2.498338699340820312e+00
3.986174999999999802e+00 2.498338699340820312e+00
4.000265999999999877e+00 2.498338699340820312e+00
4.005381999999999998e+00 2.498338699340820312e+00
4.010278999999999705e+00 2.498338699340820312e+00
4.015270000000000117e+00 2.498338699340820312e+00
4.020217999999999847e+00 2.498338699340820312e+00
4.025225999999999971e+00 2.498338699340820312e+00
4.030168999999999890e+00 2.503512382507324219e+00
4.035158000000000023e+00 2.513861656188964844e+00
4.038737000000000243e+00 2.508687019348144531e+00
4.043737000000000137e+00 2.508687019348144531e+00
4.047318999999999889e+00 2.508687019348144531e+00
4.052364999999999995e+00 2.513861656188964844e+00
4.057341000000000086e+00 2.508687019348144531e+00
4.060885999999999996e+00 2.508687019348144531e+00
4.064479000000000397e+00 2.513861656188964844e+00
4.069395000000000095e+00 2.508687019348144531e+00
4.074400999999999939e+00 2.508687019348144531e+00
4.077890000000000015e+00 2.498338699340820312e+00
4.082831999999999795e+00 2.498338699340820312e+00
4.087795999999999985e+00 2.493164062500000000e+00
4.092768000000000406e+00 2.493164062500000000e+00
4.096292000000000044e+00 2.493164062500000000e+00
4.106054999999999566e+00 2.498338699340820312e+00
4.111574000000000062e+00 2.493164062500000000e+00
4.116525000000000212e+00 2.503512382507324219e+00
4.121528999999999776e+00 2.498338699340820312e+00
4.126477000000000395e+00 2.503512382507324219e+00
4.131495000000000140e+00 2.508687019348144531e+00
4.136543999999999777e+00 2.508687019348144531e+00
4.141566000000000081e+00 2.508687019348144531e+00
4.146487999999999730e+00 2.508687019348144531e+00
4.151648999999999923e+00 2.508687019348144531e+00
4.156754000000000282e+00 2.508687019348144531e+00
4.161788999999999739e+00 2.508687019348144531e+00
4.166764999999999830e+00 2.508687019348144531e+00
4.171738000000000390e+00 2.503512382507324219e+00
4.176674000000000220e+00 2.503512382507324219e+00
4.181695000000000384e+00 2.493164062500000000e+00
4.186778000000000333e+00 2.493164062500000000e+00
4.190297000000000160e+00 2.493164062500000000e+00
4.195356999999999559e+00 2.493164062500000000e+00
4.198878999999999806e+00 2.498338699340820312e+00
4.204028000000000098e+00 2.498338699340820312e+00
4.208993999999999680e+00 2.503512382507324219e+00
4.214223999999999748e+00 2.503512382507324219e+00
4.224277999999999977e+00 2.503512382507324219e+00
4.229398999999999909e+00 2.508687019348144531e+00
4.234454999999999636e+00 2.508687019348144531e+00
4.238076999999999650e+00 2.503512382507324219e+00
4.243135999999999797e+00 2.508687019348144531e+00
4.248181999999999903e+00 2.503512382507324219e+00
4.253419000000000061e+00 2.503512382507324219e+00
4.257087000000000288e+00 2.503512382507324219e+00
4.260683000000000220e+00 2.503512382507324219e+00
4.265819999999999723e+00 2.503512382507324219e+00
4.270933000000000312e+00 2.503512382507324219e+00
4.276053000000000104e+00 2.503512382507324219e+00
4.279691999999999830e+00 2.498338699340820312e+00
4.284848000000000212e+00 2.503512382507324219e+00
4.289861000000000146e+00 2.498338699340820312e+00
4.295008000000000159e+00 2.498338699340820312e+00
4.300063999999999886e+00 2.503512382507324219e+00
4.305196999999999719e+00 2.498338699340820312e+00
4.310221000000000302e+00 2.503512382507324219e+00
4.315329000000000192e+00 2.503512382507324219e+00
4.320420000000000371e+00 2.498338699340820312e+00
4.324108999999999980e+00 2.498338699340820312e+00
4.327710999999999864e+00 2.498338699340820312e+00
4.331317999999999557e+00 2.503512382507324219e+00
4.340953999999999979e+00 2.503512382507324219e+00
4.346518999999999799e+00 2.503512382507324219e+00
4.351664999999999672e+00 2.503512382507324219e+00
4.356741000000000419e+00 2.503512382507324219e+00
4.361858999999999931e+00 2.503512382507324219e+00
4.366850999999999594e+00 2.508687019348144531e+00
4.371968999999999994e+00 2.508687019348144531e+00
4.377021000000000051e+00 2.508687019348144531e+00
4.382187000000000054e+00 2.498338699340820312e+00
4.387227000000000210e+00 2.498338699340820312e+00
4.392377999999999894e+00 2.498338699340820312e+00
4.397446999999999662e+00 2.503512382507324219e+00
4.402510000000000367e+00 2.498338699340820312e+00
4.406099000000000210e+00 2.498338699340820312e+00
4.411171000000000397e+00 2.498338699340820312e+00
4.416269999999999918e+00 2.493164062500000000e+00
4.421471999999999625e+00 2.493164062500000000e+00
4.426516000000000339e+00 2.498338699340820312e+00
4.431634999999999991e+00 2.503512382507324219e+00
4.436708999999999570e+00 2.503512382507324219e+00
4.441850999999999772e+00 2.508687019348144531e+00
4.446901000000000437e+00 2.503512382507324219e+00
4.456961999999999868e+00 2.508687019348144531e+00
4.462558999999999720e+00 2.508687019348144531e+00
4.467636999999999858e+00 2.513861656188964844e+00
4.472697000000000145e+00 2.508687019348144531e+00
4.477783999999999764e+00 2.503512382507324219e+00
4.482871000000000272e+00 2.498338699340820312e+00
4.488097999999999921e+00 2.498338699340820312e+00
4.493210999999999622e+00 2.498338699340820312e+00
4.498306000000000360e+00 2.493164062500000000e+00
4.501930999999999905e+00 2.493164062500000000e+00
4.507020999999999944e+00 2.493164062500000000e+00
4.512156000000000056e+00 2.498338699340820312e+00
4.517250999999999905e+00 2.498338699340820312e+00
4.522453999999999752e+00 2.493164062500000000e+00
4.527527000000000079e+00 2.498338699340820312e+00
4.532642000000000060e+00 2.503512382507324219e+00
4.537764000000000131e+00 2.508687019348144531e+00
4.542869999999999742e+00 2.508687019348144531e+00
4.546492999999999896e+00 2.513861656188964844e+00
4.550093999999999639e+00 2.513861656188964844e+00
4.555308000000000135e+00 2.508687019348144531e+00
4.560435000000000016e+00 2.508687019348144531e+00
4.565738999999999770e+00 2.508687019348144531e+00
4.575451000000000157e+00 2.508687019348144531e+00
4.581166999999999767e+00 2.498338699340820312e+00
4.586316000000000059e+00 2.493164062500000000e+00
4.591554000000000357e+00 2.493164062500000000e+00
4.596739000000000352e+00 2.498338699340820312e+00
4.601963999999999722e+00 2.498338699340820312e+00
4.607104999999999784e+00 2.493164062500000000e+00
4.612344000000000221e+00 2.493164062500000000e+00
4.617511000000000365e+00 2.498338699340820312e+00
4.622705999999999982e+00 2.498338699340820312e+00
4.627847000000000044e+00 2.508687019348144531e+00
4.633026000000000089e+00 2.503512382507324219e+00
4.638284999999999769e+00 2.508687019348144531e+00
4.643474999999999575e+00 2.508687019348144531e+00
4.647139000000000131e+00 2.503512382507324219e+00
4.652358999999999689e+00 2.508687019348144531e+00
4.657586000000000226e+00 2.508687019348144531e+00
4.663051000000000279e+00 2.503512382507324219e+00
4.668191000000000201e+00 2.503512382507324219e+00
4.673326000000000313e+00 2.503512382507324219e+00
4.678524000000000349e+00 2.498338699340820312e+00
4.683739000000000097e+00 2.498338699340820312e+00
4.693767000000000245e+00 2.493164062500000000e+00
4.699371000000000187e+00 2.493164062500000000e+00
4.704544000000000281e+00 2.498338699340820312e+00
4.709692999999999685e+00 2.498338699340820312e+00
4.714993999999999907e+00 2.498338699340820312e+00
4.720151999999999681e+00 2.493164062500000000e+00
4.725384000000000029e+00 2.503512382507324219e+00
4.730516999999999861e+00 2.508687019348144531e+00
4.735851000000000255e+00 2.508687019348144531e+00
4.739517000000000202e+00 2.508687019348144531e+00
4.744701000000000057e+00 2.508687019348144531e+00
4.749914999999999665e+00 2.498338699340820312e+00
4.755120999999999931e+00 2.503512382507324219e+00
4.760298999999999836e+00 2.508687019348144531e+00
4.765874000000000166e+00 2.503512382507324219e+00
4.771118999999999666e+00 2.503512382507324219e+00
4.776351000000000013e+00 2.498338699340820312e+00
4.781616999999999784e+00 2.493164062500000000e+00
4.786861000000000033e+00 2.498338699340820312e+00
4.792103000000000002e+00 2.498338699340820312e+00
4.797312999999999938e+00 2.498338699340820312e+00
4.802666999999999575e+00 2.498338699340820312e+00
4.812471000000000387e+00 2.498338699340820312e+00
4.818159999999999776e+00 2.498338699340820312e+00
4.823394000000000403e+00 2.498338699340820312e+00
4.827074999999999783e+00 2.503512382507324219e+00
4.832362999999999964e+00 2.503512382507324219e+00
4.837568000000000090e+00 2.503512382507324219e+00
4.842837000000000280e+00 2.503512382507324219e+00
4.848005999999999815e+00 2.503512382507324219e+00
4.853240999999999694e+00 2.503512382507324219e+00
4.858423000000000158e+00 2.503512382507324219e+00
4.863763999999999754e+00 2.503512382507324219e+00
4.869068000000000396e+00 2.503512382507324219e+00
4.874392000000000280e+00 2.508687019348144531e+00
4.879599999999999937e+00 2.498338699340820312e+00
4.884892999999999930e+00 2.503512382507324219e+00
4.890146999999999800e+00 2.498338699340820312e+00
4.895439999999999792e+00 2.498338699340820312e+00
4.900643999999999778e+00 2.498338699340820312e+00
4.906056000000000417e+00 2.493164062500000000e+00
4.911332999999999949e+00 2.498338699340820312e+00
4.916609000000000229e+00 2.493164062500000000e+00
4.920312000000000019e+00 2.493164062500000000e+00
4.930322000000000315e+00 2.493164062500000000e+00
4.936148000000000202e+00 2.503512382507324219e+00
4.941468000000000416e+00 2.503512382507324219e+00
4.946772000000000169e+00 2.498338699340820312e+00
4.952115000000000045e+00 2.508687019348144531e+00
4.957409000000000177e+00 2.508687019348144531e+00
4.962779000000000273e+00 2.508687019348144531e+00
4.973495999999999917e+00 2.508687019348144531e+00
4.982770999999999617e+00 2.503512382507324219e+00
4.989746000000000237e+00 2.498338699340820312e+00
4.997067000000000370e+00 2.498338699340820312e+00
5.002501999999999782e+00 2.493164062500000000e+00
5.007787000000000432e+00 2.493164062500000000e+00
5.013047000000000253e+00 2.493164062500000000e+00
5.018336999999999826e+00 2.493164062500000000e+00
5.023791000000000118e+00 2.493164062500000000e+00
5.029047000000000267e+00 2.498338699340820312e+00
5.034538999999999653e+00 2.498338699340820312e+00
5.044616000000000433e+00 2.503512382507324219e+00
5.050429000000000279e+00 2.508687019348144531e+00
5.055874000000000201e+00 2.508687019348144531e+00
5.061278999999999861e+00 2.508687019348144531e+00
5.066656000000000049e+00 2.508687019348144531e+00
5.072067999999999799e+00 2.508687019348144531e+00
5.077373999999999832e+00 2.508687019348144531e+00
5.082684999999999675e+00 2.498338699340820312e+00
5.088041999999999732e+00 2.487989425659179688e+00
5.093420000000000059e+00 2.493164062500000000e+00
5.098745000000000083e+00 2.487989425659179688e+00
5.104160000000000252e+00 2.487989425659179688e+00
5.107897999999999605e+00 2.493164062500000000e+00
5.113296000000000063e+00 2.493164062500000000e+00
5.118763000000000396e+00 2.493164062500000000e+00
5.124202999999999619e+00 2.498338699340820312e+00
5.129564000000000235e+00 2.503512382507324219e+00
5.134967999999999755e+00 2.503512382507324219e+00
5.140406999999999726e+00 2.503512382507324219e+00
5.144307999999999659e+00 2.508687019348144531e+00
5.149866000000000277e+00 2.503512382507324219e+00
5.159877999999999965e+00 2.508687019348144531e+00
5.165822000000000358e+00 2.503512382507324219e+00
5.171488000000000085e+00 2.503512382507324219e+00
5.176861999999999853e+00 2.498338699340820312e+00
5.182315000000000005e+00 2.493164062500000000e+00
5.187617000000000367e+00 2.493164062500000000e+00
5.193023000000000167e+00 2.493164062500000000e+00
5.198400000000000354e+00 2.493164062500000000e+00
5.203832000000000235e+00 2.487989425659179688e+00
5.209185999999999872e+00 2.498338699340820312e+00
5.214647000000000254e+00 2.498338699340820312e+00
5.220032999999999923e+00 2.498338699340820312e+00
5.223879000000000161e+00 2.493164062500000000e+00
5.229265999999999970e+00 2.503512382507324219e+00
5.233080000000000176e+00 2.508687019348144531e+00
5.238485999999999976e+00 2.508687019348144531e+00
5.242276999999999632e+00 2.508687019348144531e+00
5.247652000000000427e+00 2.503512382507324219e+00
5.253012000000000015e+00 2.503512382507324219e+00
5.258435999999999666e+00 2.503512382507324219e+00
5.263912999999999620e+00 2.498338699340820312e+00
5.269465000000000288e+00 2.503512382507324219e+00
5.279581000000000301e+00 2.498338699340820312e+00
5.285557999999999979e+00 2.493164062500000000e+00
5.291097999999999857e+00 2.493164062500000000e+00
5.296522000000000396e+00 2.498338699340820312e+00
5.301987999999999701e+00 2.498338699340820312e+00
5.307458999999999705e+00 2.493164062500000000e+00
5.312857000000000163e+00 2.498338699340820312e+00
5.318264000000000102e+00 2.498338699340820312e+00
5.323725999999999736e+00 2.498338699340820312e+00
5.329115999999999964e+00 2.503512382507324219e+00
5.334602000000000288e+00 2.503512382507324219e+00
5.340042000000000399e+00 2.498338699340820312e+00
5.343933999999999962e+00 2.503512382507324219e+00
5.347687999999999775e+00 2.498338699340820312e+00
5.353124000000000215e+00 2.498338699340820312e+00
5.358602000000000309e+00 2.503512382507324219e+00
5.362486999999999782e+00 2.503512382507324219e+00
5.367860000000000298e+00 2.498338699340820312e+00
5.373581999999999859e+00 2.503512382507324219e+00
5.379151000000000238e+00 2.498338699340820312e+00
5.383975999999999651e+00 2.498338699340820312e+00
5.387871999999999773e+00 2.493164062500000000e+00
5.398088999999999693e+00 2.498338699340820312e+00
5.403945000000000221e+00 2.498338699340820312e+00
5.408797999999999995e+00 2.498338699340820312e+00
5.414549000000000056e+00 2.493164062500000000e+00
5.419526000000000288e+00 2.487989425659179688e+00
5.423592000000000191e+00 2.493164062500000000e+00
5.427495999999999654e+00 2.498338699340820312e+00
5.433163000000000409e+00 2.498338699340820312e+00
5.438079000000000107e+00 2.498338699340820312e+00
5.442141000000000339e+00 2.503512382507324219e+00
5.447813000000000017e+00 2.503512382507324219e+00
5.452714000000000283e+00 2.498338699340820312e+00
5.456770999999999816e+00 2.503512382507324219e+00
5.460715999999999681e+00 2.503512382507324219e+00
5.464789999999999814e+00 2.508687019348144531e+00
5.468684999999999796e+00 2.503512382507324219e+00
5.472769999999999690e+00 2.503512382507324219e+00
5.478373999999999633e+00 2.498338699340820312e+00
5.483352000000000004e+00 2.493164062500000000e+00
5.487398999999999916e+00 2.493164062500000000e+00
5.491317999999999699e+00 2.498338699340820312e+00
5.496992999999999796e+00 2.493164062500000000e+00
5.501901000000000153e+00 2.493164062500000000e+00
5.505956000000000294e+00 2.493164062500000000e+00
5.516252999999999851e+00 2.493164062500000000e+00
5.522184000000000204e+00 2.487989425659179688e+00
5.527192999999999579e+00 2.493164062500000000e+00
5.531093000000000259e+00 2.503512382507324219e+00
5.536833999999999811e+00 2.498338699340820312e+00
5.541820999999999664e+00 2.503512382507324219e+00
5.547546999999999784e+00 2.503512382507324219e+00
5.552552000000000376e+00 2.503512382507324219e+00
5.556481999999999921e+00 2.508687019348144531e+00
5.562205999999999761e+00 2.508687019348144531e+00
5.567224000000000395e+00 2.508687019348144531e+00
5.571271999999999558e+00 2.503512382507324219e+00
5.577328999999999759e+00 2.498338699340820312e+00
5.582855999999999597e+00 2.493164062500000000e+00
5.586687000000000403e+00 2.487989425659179688e+00
5.592362999999999751e+00 2.493164062500000000e+00
5.597913000000000139e+00 2.487989425659179688e+00
5.603453000000000017e+00 2.487989425659179688e+00
5.609131999999999785e+00 2.493164062500000000e+00
5.614740000000000286e+00 2.487989425659179688e+00
5.620286000000000115e+00 2.493164062500000000e+00
5.626089999999999591e+00 2.493164062500000000e+00
5.636206999999999745e+00 2.503512382507324219e+00
5.642369999999999663e+00 2.503512382507324219e+00
5.647898999999999781e+00 2.508687019348144531e+00
5.653476000000000390e+00 2.503512382507324219e+00
5.659118999999999566e+00 2.503512382507324219e+00
5.664695000000000036e+00 2.503512382507324219e+00
5.670264999999999667e+00 2.498338699340820312e+00
5.674280000000000435e+00 2.503512382507324219e+00
5.679867999999999917e+00 2.493164062500000000e+00
5.685475000000000279e+00 2.493164062500000000e+00
5.691099999999999604e+00 2.493164062500000000e+00
5.696698999999999735e+00 2.487989425659179688e+00
5.702339000000000269e+00 2.487989425659179688e+00
5.707924000000000220e+00 2.493164062500000000e+00
5.713529000000000302e+00 2.493164062500000000e+00
5.719134000000000384e+00 2.498338699340820312e+00
5.723093999999999681e+00 2.493164062500000000e+00
5.728627000000000358e+00 2.498338699340820312e+00
5.734287000000000134e+00 2.503512382507324219e+00
5.739888999999999797e+00 2.503512382507324219e+00
5.745737000000000094e+00 2.503512382507324219e+00
5.758023999999999809e+00 2.498338699340820312e+00
5.764136999999999844e+00 2.498338699340820312e+00
5.769771000000000427e+00 2.498338699340820312e+00
5.774026000000000103e+00 2.498338699340820312e+00
5.779721999999999582e+00 2.493164062500000000e+00
5.783665000000000056e+00 2.487989425659179688e+00
5.789302000000000170e+00 2.493164062500000000e+00
5.794978999999999658e+00 2.493164062500000000e+00
5.800586000000000020e+00 2.493164062500000000e+00
5.806324000000000041e+00 2.498338699340820312e+00
5.812051000000000300e+00 2.498338699340820312e+00
5.817657999999999774e+00 2.493164062500000000e+00
5.823318999999999690e+00 2.493164062500000000e+00
5.828947999999999574e+00 2.498338699340820312e+00
5.834697000000000244e+00 2.503512382507324219e+00
5.840302999999999578e+00 2.498338699340820312e+00
5.846136000000000443e+00 2.498338699340820312e+00
5.851830999999999783e+00 2.498338699340820312e+00
5.857492999999999839e+00 2.498338699340820312e+00
5.863160999999999845e+00 2.498338699340820312e+00
5.868822999999999901e+00 2.503512382507324219e+00
5.879336999999999591e+00 2.503512382507324219e+00
5.885575000000000223e+00 2.493164062500000000e+00
5.891248000000000040e+00 2.498338699340820312e+00
5.896880999999999595e+00 2.493164062500000000e+00
5.902580000000000382e+00 2.493164062500000000e+00
5.908210999999999657e+00 2.493164062500000000e+00
5.913961999999999719e+00 2.493164062500000000e+00
5.917891000000000012e+00 2.493164062500000000e+00
5.923554000000000208e+00 2.487989425659179688e+00
5.929210000000000313e+00 2.493164062500000000e+00
5.934942000000000384e+00 2.498338699340820312e+00
5.940595000000000070e+00 2.498338699340820312e+00
5.946361999999999703e+00 2.498338699340820312e+00
5.952102000000000004e+00 2.498338699340820312e+00
5.957743999999999929e+00 2.498338699340820312e+00
5.963436999999999877e+00 2.503512382507324219e+00
5.969420000000000393e+00 2.503512382507324219e+00
5.980358999999999980e+00 2.508687019348144531e+00
5.988686000000000398e+00 2.493164062500000000e+00
6.001094000000000150e+00 2.493164062500000000e+00
6.008505000000000429e+00 2.493164062500000000e+00
6.014554999999999652e+00 2.487989425659179688e+00
6.018500000000000405e+00 2.487989425659179688e+00
6.024287000000000170e+00 2.487989425659179688e+00
6.029978999999999978e+00 2.493164062500000000e+00
6.035700000000000287e+00 2.493164062500000000e+00
6.041464999999999641e+00 2.498338699340820312e+00
6.047161000000000008e+00 2.503512382507324219e+00
6.052870999999999668e+00 2.503512382507324219e+00
6.058519999999999683e+00 2.503512382507324219e+00
6.064362000000000030e+00 2.503512382507324219e+00
6.071727000000000096e+00 2.498338699340820312e+00
6.079023000000000287e+00 2.498338699340820312e+00
6.086483999999999561e+00 2.493164062500000000e+00
6.094001999999999697e+00 2.493164062500000000e+00
6.101447000000000287e+00 2.487989425659179688e+00
6.111893000000000242e+00 2.487989425659179688e+00
6.120716999999999963e+00 2.487989425659179688e+00
6.128173000000000314e+00 2.493164062500000000e+00
6.135525000000000340e+00 2.503512382507324219e+00
6.142964000000000091e+00 2.503512382507324219e+00
6.150305000000000355e+00 2.503512382507324219e+00
6.157757000000000147e+00 2.508687019348144531e+00
6.165244999999999642e+00 2.498338699340820312e+00
6.169519000000000197e+00 2.503512382507324219e+00
6.175361999999999796e+00 2.503512382507324219e+00
6.179338999999999693e+00 2.493164062500000000e+00
6.185100000000000264e+00 2.487989425659179688e+00
6.191030999999999729e+00 2.487989425659179688e+00
6.197052000000000227e+00 2.487989425659179688e+00
6.201113000000000319e+00 2.487989425659179688e+00
6.205168999999999713e+00 2.493164062500000000e+00
6.211102000000000345e+00 2.493164062500000000e+00
6.216798999999999964e+00 2.493164062500000000e+00
6.222668999999999784e+00 2.493164062500000000e+00
6.228436000000000305e+00 2.493164062500000000e+00
6.239088999999999885e+00 2.503512382507324219e+00
6.245502000000000109e+00 2.503512382507324219e+00
6.251312000000000424e+00 2.503512382507324219e+00
6.257012999999999714e+00 2.498338699340820312e+00
6.262814999999999799e+00 2.493164062500000000e+00
6.268548000000000009e+00 2.498338699340820312e+00
6.274352999999999625e+00 2.498338699340820312e+00
6.280014999999999681e+00 2.493164062500000000e+00
6.285854999999999748e+00 2.493164062500000000e+00
6.291650999999999883e+00 2.487989425659179688e+00
6.297430999999999557e+00 2.493164062500000000e+00
6.303139999999999965e+00 2.493164062500000000e+00
6.308939999999999770e+00 2.493164062500000000e+00
6.314733999999999625e+00 2.493164062500000000e+00
6.318736000000000352e+00 2.493164062500000000e+00
6.324517000000000166e+00 2.493164062500000000e+00
6.330254000000000048e+00 2.498338699340820312e+00
6.334304000000000379e+00 2.503512382507324219e+00
6.340081999999999773e+00 2.498338699340820312e+00
6.345932000000000350e+00 2.498338699340820312e+00
6.358385000000000176e+00 2.498338699340820312e+00
6.364545999999999815e+00 2.498338699340820312e+00
6.368552000000000213e+00 2.498338699340820312e+00
6.374369999999999870e+00 2.498338699340820312e+00
6.380097000000000129e+00 2.493164062500000000e+00
6.384112000000000009e+00 2.493164062500000000e+00
6.389864000000000210e+00 2.493164062500000000e+00
6.395738999999999841e+00 2.493164062500000000e+00
6.401730999999999838e+00 2.493164062500000000e+00
6.407577999999999996e+00 2.493164062500000000e+00
6.413349000000000188e+00 2.493164062500000000e+00
6.419099000000000110e+00 2.493164062500000000e+00
6.424921999999999578e+00 2.493164062500000000e+00
6.428893999999999664e+00 2.493164062500000000e+00
6.434724000000000110e+00 2.498338699340820312e+00
6.438708000000000098e+00 2.498338699340820312e+00
6.444488999999999912e+00 2.498338699340820312e+00
6.450249000000000343e+00 2.498338699340820312e+00
6.456102999999999703e+00 2.498338699340820312e+00
6.461947000000000330e+00 2.498338699340820312e+00
6.465913999999999717e+00 2.498338699340820312e+00
6.471740999999999744e+00 2.498338699340820312e+00
6.482185999999999559e+00 2.503512382507324219e+00
6.488173999999999886e+00 2.493164062500000000e+00
6.492281000000000191e+00 2.493164062500000000e+00
6.496340000000000003e+00 2.493164062500000000e+00
6.502284999999999648e+00 2.493164062500000000e+00
6.506314999999999849e+00 2.487989425659179688e+00
6.512242999999999782e+00 2.493164062500000000e+00
6.516321999999999726e+00 2.487989425659179688e+00
6.522232999999999947e+00 2.487989425659179688e+00
6.526277000000000328e+00 2.487989425659179688e+00
6.532187999999999661e+00 2.498338699340820312e+00
6.538070000000000270e+00 2.493164062500000000e+00
6.544069000000000358e+00 2.498338699340820312e+00
6.549962999999999980e+00 2.498338699340820312e+00
6.554090999999999667e+00 2.498338699340820312e+00
6.559938999999999965e+00 2.498338699340820312e+00
6.565849000000000046e+00 2.498338699340820312e+00
6.571766000000000219e+00 2.498338699340820312e+00
6.577599000000000196e+00 2.498338699340820312e+00
6.583439000000000263e+00 2.493164062500000000e+00
6.589261999999999730e+00 2.493164062500000000e+00
6.599751999999999619e+00 2.487989425659179688e+00
6.606015000000000192e+00 2.487989425659179688e+00
6.611970000000000347e+00 2.487989425659179688e+00
6.617837999999999887e+00 2.487989425659179688e+00
6.623761000000000010e+00 2.493164062500000000e+00
6.629655999999999771e+00 2.493164062500000000e+00
6.635608000000000395e+00 2.498338699340820312e+00
6.641587999999999603e+00 2.498338699340820312e+00
6.647478999999999694e+00 2.503512382507324219e+00
6.651468999999999632e+00 2.498338699340820312e+00
6.655518999999999963e+00 2.503512382507324219e+00
6.661495999999999640e+00 2.498338699340820312e+00
6.667364000000000068e+00 2.503512382507324219e+00
6.673212000000000366e+00 2.498338699340820312e+00
6.677285000000000359e+00 2.493164062500000000e+00
6.681352999999999653e+00 2.487989425659179688e+00
6.687191999999999581e+00 2.487989425659179688e+00
6.693082000000000420e+00 2.487989425659179688e+00
6.697064000000000128e+00 2.487989425659179688e+00
6.702937000000000367e+00 2.487989425659179688e+00
6.708955999999999698e+00 2.487989425659179688e+00
6.719572999999999574e+00 2.487989425659179688e+00
6.725795999999999886e+00 2.493164062500000000e+00
6.731813999999999965e+00 2.498338699340820312e+00
6.735870000000000246e+00 2.498338699340820312e+00
6.741875000000000284e+00 2.498338699340820312e+00
6.747759000000000285e+00 2.503512382507324219e+00
6.753712000000000160e+00 2.498338699340820312e+00
6.759621000000000102e+00 2.503512382507324219e+00
6.765620000000000189e+00 2.493164062500000000e+00
6.771583999999999826e+00 2.493164062500000000e+00
6.777585000000000193e+00 2.493164062500000000e+00
6.783529999999999838e+00 2.487989425659179688e+00
6.789450999999999681e+00 2.487989425659179688e+00
6.793656000000000361e+00 2.487989425659179688e+00
6.797596000000000416e+00 2.487989425659179688e+00
6.803543000000000340e+00 2.487989425659179688e+00
6.809590000000000032e+00 2.493164062500000000e+00
6.815554999999999808e+00 2.487989425659179688e+00
6.821556000000000175e+00 2.487989425659179688e+00
6.827606000000000286e+00 2.493164062500000000e+00
6.838345000000000340e+00 2.498338699340820312e+00
6.844572999999999574e+00 2.498338699340820312e+00
6.850507000000000346e+00 2.493164062500000000e+00
6.856733000000000189e+00 2.493164062500000000e+00
6.862764000000000308e+00 2.493164062500000000e+00
6.868701999999999863e+00 2.493164062500000000e+00
6.874750999999999834e+00 2.498338699340820312e+00
6.880732000000000070e+00 2.487989425659179688e+00
6.886773999999999951e+00 2.487989425659179688e+00
6.892767000000000088e+00 2.493164062500000000e+00
6.898738999999999955e+00 2.493164062500000000e+00
6.904779000000000444e+00 2.493164062500000000e+00
6.908878999999999770e+00 2.493164062500000000e+00
6.914823000000000164e+00 2.493164062500000000e+00
6.920771000000000228e+00 2.493164062500000000e+00
6.926800000000000068e+00 2.493164062500000000e+00
6.932832000000000328e+00 2.498338699340820312e+00
6.938825999999999716e+00 2.493164062500000000e+00
6.944886999999999588e+00 2.493164062500000000e+00
6.955587999999999660e+00 2.498338699340820312e+00
6.961898999999999837e+00 2.493164062500000000e+00
6.967893000000000114e+00 2.493164062500000000e+00
6.973901999999999823e+00 2.498338699340820312e+00
6.983192999999999984e+00 2.493164062500000000e+00
6.991545000000000343e+00 2.487989425659179688e+00
7.002580000000000027e+00 2.493164062500000000e+00
7.008963999999999750e+00 2.493164062500000000e+00
7.016778000000000404e+00 2.482814788818359375e+00
7.023068000000000310e+00 2.487989425659179688e+00
7.029125999999999763e+00 2.493164062500000000e+00
7.035224000000000366e+00 2.493164062500000000e+00
7.041301999999999950e+00 2.493164062500000000e+00
7.047331999999999930e+00 2.493164062500000000e+00
7.053377000000000230e+00 2.493164062500000000e+00
7.059454999999999814e+00 2.498338699340820312e+00
7.070070000000000299e+00 2.498338699340820312e+00
7.076413999999999760e+00 2.498338699340820312e+00
7.082497000000000043e+00 2.487989425659179688e+00
7.088509000000000171e+00 2.493164062500000000e+00
7.094670999999999950e+00 2.493164062500000000e+00
7.100655999999999857e+00 2.487989425659179688e+00
7.104886999999999730e+00 2.487989425659179688e+00
7.110954000000000441e+00 2.487989425659179688e+00
7.117051000000000016e+00 2.487989425659179688e+00
7.123062000000000005e+00 2.487989425659179688e+00
7.129115999999999786e+00 2.493164062500000000e+00
7.133312000000000097e+00 2.493164062500000000e+00
7.139352999999999838e+00 2.498338699340820312e+00
7.145450000000000301e+00 2.498338699340820312e+00
7.151544000000000345e+00 2.498338699340820312e+00
7.155688999999999744e+00 2.498338699340820312e+00
7.161826999999999721e+00 2.498338699340820312e+00
7.167837999999999710e+00 2.498338699340820312e+00
7.173905999999999672e+00 2.498338699340820312e+00
7.182749000000000272e+00 2.493164062500000000e+00
7.189199000000000339e+00 2.487989425659179688e+00
7.195365999999999929e+00 2.482814788818359375e+00
7.199486000000000274e+00 2.487989425659179688e+00
7.205569999999999808e+00 2.487989425659179688e+00
7.211723000000000106e+00 2.487989425659179688e+00
7.217787999999999649e+00 2.487989425659179688e+00
7.223900000000000432e+00 2.487989425659179688e+00
7.229967000000000255e+00 2.493164062500000000e+00
7.236105000000000231e+00 2.498338699340820312e+00
7.242215999999999987e+00 2.498338699340820312e+00
7.248237999999999737e+00 2.498338699340820312e+00
7.254395999999999844e+00 2.493164062500000000e+00
7.258492999999999640e+00 2.498338699340820312e+00
7.264598000000000333e+00 2.493164062500000000e+00
7.270628000000000313e+00 2.493164062500000000e+00
7.276774999999999771e+00 2.493164062500000000e+00
7.280903000000000347e+00 2.482814788818359375e+00
7.286980999999999931e+00 2.482814788818359375e+00
7.293131999999999948e+00 2.487989425659179688e+00
7.303878000000000092e+00 2.487989425659179688e+00
7.310175000000000090e+00 2.487989425659179688e+00
7.316416000000000253e+00 2.487989425659179688e+00
7.322564999999999991e+00 2.487989425659179688e+00
7.328663999999999845e+00 2.493164062500000000e+00
7.334942999999999991e+00 2.498338699340820312e+00
7.339068000000000147e+00 2.498338699340820312e+00
7.345168000000000141e+00 2.498338699340820312e+00
7.349334999999999951e+00 2.493164062500000000e+00
7.353551999999999644e+00 2.493164062500000000e+00
7.359677999999999720e+00 2.493164062500000000e+00
7.365782000000000274e+00 2.493164062500000000e+00
7.369902999999999871e+00 2.493164062500000000e+00
7.376011000000000095e+00 2.493164062500000000e+00
7.382171999999999734e+00 2.487989425659179688e+00
7.388243000000000116e+00 2.487989425659179688e+00
7.394420000000000215e+00 2.493164062500000000e+00
7.400502999999999609e+00 2.534560203552246094e+00
7.406714000000000020e+00 2.679449081420898438e+00
7.412931999999999633e+00 3.067543029785156250e+00
7.423850999999999978e+00 4.790682792663574219e+00
7.430412999999999712e+00 4.795857429504394531e+00
7.436793999999999905e+00 4.790682792663574219e+00
7.443041000000000018e+00 4.790682792663574219e+00
7.449188000000000365e+00 4.795857429504394531e+00
7.455360999999999905e+00 4.795857429504394531e+00
7.461570000000000036e+00 4.790682792663574219e+00
7.467700999999999922e+00 4.790682792663574219e+00
7.473880000000000301e+00 4.795857429504394531e+00
7.480063999999999602e+00 4.790682792663574219e+00
7.486316000000000415e+00 4.790682792663574219e+00
7.490471000000000323e+00 4.790682792663574219e+00
7.496744999999999770e+00 4.785508155822753906e+00
7.502969000000000221e+00 4.790682792663574219e+00
7.509110999999999869e+00 4.790682792663574219e+00
7.515386000000000344e+00 4.785508155822753906e+00
7.521627999999999759e+00 4.785508155822753906e+00
7.527783000000000335e+00 4.790682792663574219e+00
7.532098000000000404e+00 4.790682792663574219e+00
7.543025000000000091e+00 4.790682792663574219e+00
7.549419000000000324e+00 4.790682792663574219e+00
7.555689000000000100e+00 4.790682792663574219e+00
7.561944999999999695e+00 4.795857429504394531e+00
7.568125000000000213e+00 4.795857429504394531e+00
7.574405999999999750e+00 4.801032066345214844e+00
7.580631000000000341e+00 4.790682792663574219e+00
7.586928999999999590e+00 4.790682792663574219e+00
7.593144999999999811e+00 4.790682792663574219e+00
7.599365999999999843e+00 4.790682792663574219e+00
7.605599999999999916e+00 4.790682792663574219e+00
7.611908999999999814e+00 4.790682792663574219e+00
7.618115000000000414e+00 4.785508155822753906e+00
7.624334000000000167e+00 4.790682792663574219e+00
7.630751000000000062e+00 4.795857429504394531e+00
7.637012000000000356e+00 4.795857429504394531e+00
7.643258999999999581e+00 4.795857429504394531e+00
7.649549999999999628e+00 4.795857429504394531e+00
7.660356000000000165e+00 4.795857429504394531e+00
7.666879999999999917e+00 4.801032066345214844e+00
7.671121000000000301e+00 4.801032066345214844e+00
7.675330999999999904e+00 4.795857429504394531e+00
7.681645999999999752e+00 4.790682792663574219e+00
7.687819000000000180e+00 4.790682792663574219e+00
7.694257000000000346e+00 4.790682792663574219e+00
7.700565000000000104e+00 4.785508155822753906e+00
7.706930999999999976e+00 4.790682792663574219e+00
7.713136999999999688e+00 4.790682792663574219e+00
7.719397999999999982e+00 4.790682792663574219e+00
7.725694999999999979e+00 4.790682792663574219e+00
7.732067999999999941e+00 4.795857429504394531e+00
7.738262999999999892e+00 4.795857429504394531e+00
7.744623999999999953e+00 4.795857429504394531e+00
7.748914000000000080e+00 4.795857429504394531e+00
7.755207000000000406e+00 4.795857429504394531e+00
7.761499999999999844e+00 4.795857429504394531e+00
7.767782999999999660e+00 4.795857429504394531e+00
7.778703000000000145e+00 4.795857429504394531e+00
7.785280000000000200e+00 4.790682792663574219e+00
