1.128000000000000096e-03 2.239608764648437500e+00
4.570000000000000277e-03 2.249958038330078125e+00
1.093099999999999974e-02 2.249958038330078125e+00
1.451900000000000066e-02 2.249958038330078125e+00
1.798900000000000152e-02 2.249958038330078125e+00
2.128400000000000084e-02 2.255132675170898438e+00
2.473799999999999957e-02 2.255132675170898438e+00
2.818899999999999878e-02 2.255132675170898438e+00
3.148299999999999710e-02 2.255132675170898438e+00
3.493700000000000278e-02 2.249958038330078125e+00
3.839000000000000051e-02 2.255132675170898438e+00
4.168600000000000083e-02 2.255132675170898438e+00
4.514200000000000157e-02 2.249958038330078125e+00
4.847100000000000020e-02 2.249958038330078125e+00
5.191899999999999987e-02 2.249958038330078125e+00
5.537899999999999767e-02 2.244783401489257812e+00
5.882400000000000129e-02 2.239608764648437500e+00
6.227300000000000196e-02 2.239608764648437500e+00
6.573099999999999776e-02 2.239608764648437500e+00
6.918199999999999350e-02 2.239608764648437500e+00
7.262699999999999712e-02 2.239608764648437500e+00
7.607600000000000473e-02 2.239608764648437500e+00
7.952399999999999747e-02 2.244783401489257812e+00
8.312999999999999556e-02 2.239608764648437500e+00
8.658899999999999930e-02 2.244783401489257812e+00
8.987900000000000056e-02 2.244783401489257812e+00
9.335400000000000642e-02 2.244783401489257812e+00
9.678699999999999803e-02 2.244783401489257812e+00
1.000889999999999974e-01 2.244783401489257812e+00
1.035390000000000060e-01 2.249958038330078125e+00
1.068299999999999944e-01 2.249958038330078125e+00
1.102859999999999951e-01 2.249958038330078125e+00
1.137279999999999958e-01 2.255132675170898438e+00
1.171740000000000004e-01 2.249958038330078125e+00
1.235389999999999960e-01 2.249958038330078125e+00
1.271529999999999883e-01 2.249958038330078125e+00
1.304400000000000004e-01 2.249958038330078125e+00
1.338880000000000070e-01 2.255132675170898438e+00
1.373360000000000136e-01 2.249958038330078125e+00
1.407920000000000005e-01 2.249958038330078125e+00
1.441189999999999971e-01 2.249958038330078125e+00
1.475740000000000107e-01 2.255132675170898438e+00
1.510309999999999986e-01 2.244783401489257812e+00
1.544820000000000082e-01 2.244783401489257812e+00
1.581140000000000045e-01 2.239608764648437500e+00
1.617149999999999976e-01 2.239608764648437500e+00
1.653409999999999880e-01 2.239608764648437500e+00
1.689470000000000138e-01 2.244783401489257812e+00
1.726550000000000029e-01 2.244783401489257812e+00
1.760950000000000015e-01 2.244783401489257812e+00
1.795420000000000071e-01 2.244783401489257812e+00
1.831550000000000122e-01 2.244783401489257812e+00
1.864490000000000036e-01 2.244783401489257812e+00
1.899560000000000137e-01 2.244783401489257812e+00
1.933449999999999891e-01 2.239608764648437500e+00
1.966310000000000002e-01 2.244783401489257812e+00
2.000919999999999921e-01 2.244783401489257812e+00
2.035349999999999937e-01 2.249958038330078125e+00
2.069880000000000053e-01 2.255132675170898438e+00
2.102920000000000067e-01 2.244783401489257812e+00
2.138629999999999975e-01 2.249958038330078125e+00
2.173569999999999947e-01 2.249958038330078125e+00
2.208019999999999983e-01 2.249958038330078125e+00
2.243330000000000046e-01 2.249958038330078125e+00
2.276839999999999975e-01 2.249958038330078125e+00
2.335810000000000108e-01 2.249958038330078125e+00
2.370619999999999949e-01 2.249958038330078125e+00
2.405269999999999908e-01 2.249958038330078125e+00
2.439769999999999994e-01 2.244783401489257812e+00
2.472689999999999888e-01 2.249958038330078125e+00
2.507309999999999817e-01 2.244783401489257812e+00
2.541760000000000130e-01 2.249958038330078125e+00
2.574690000000000034e-01 2.244783401489257812e+00
2.609210000000000140e-01 2.244783401489257812e+00
2.643650000000000166e-01 2.244783401489257812e+00
2.676560000000000050e-01 2.244783401489257812e+00
2.711029999999999829e-01 2.244783401489257812e+00
2.745639999999999747e-01 2.244783401489257812e+00
2.778539999999999899e-01 2.244783401489257812e+00
2.813089999999999757e-01 2.249958038330078125e+00
2.847629999999999884e-01 2.244783401489257812e+00
2.933620000000000116e-01 2.244783401489257812e+00
3.024439999999999906e-01 2.239608764648437500e+00
3.142510000000000026e-01 2.244783401489257812e+00
3.185239999999999738e-01 2.244783401489257812e+00
3.218650000000000122e-01 2.249958038330078125e+00
3.253340000000000121e-01 2.244783401489257812e+00
3.287829999999999919e-01 2.244783401489257812e+00
3.321239999999999748e-01 2.249958038330078125e+00
3.355810000000000182e-01 2.249958038330078125e+00
3.389110000000000178e-01 2.255132675170898438e+00
3.454269999999999841e-01 2.249958038330078125e+00
3.488729999999999887e-01 2.255132675170898438e+00
3.523279999999999745e-01 2.249958038330078125e+00
3.557770000000000099e-01 2.249958038330078125e+00
3.590670000000000250e-01 2.244783401489257812e+00
3.625269999999999881e-01 2.244783401489257812e+00
3.659830000000000028e-01 2.244783401489257812e+00
3.692730000000000179e-01 2.244783401489257812e+00
3.728759999999999852e-01 2.249958038330078125e+00
3.763259999999999939e-01 2.244783401489257812e+00
3.797730000000000272e-01 2.239608764648437500e+00
3.833940000000000126e-01 2.239608764648437500e+00
3.866829999999999989e-01 2.239608764648437500e+00
3.901370000000000116e-01 2.239608764648437500e+00
3.935850000000000182e-01 2.239608764648437500e+00
3.968749999999999778e-01 2.244783401489257812e+00
4.003630000000000244e-01 2.239608764648437500e+00
4.037859999999999783e-01 2.244783401489257812e+00
4.070810000000000262e-01 2.249958038330078125e+00
4.105349999999999833e-01 2.244783401489257812e+00
4.139889999999999959e-01 2.255132675170898438e+00
4.172890000000000210e-01 2.249958038330078125e+00
4.207319999999999949e-01 2.255132675170898438e+00
4.244990000000000152e-01 2.255132675170898438e+00
4.279720000000000191e-01 2.249958038330078125e+00
4.312659999999999827e-01 2.255132675170898438e+00
4.347179999999999933e-01 2.249958038330078125e+00
4.381700000000000039e-01 2.255132675170898438e+00
4.414680000000000271e-01 2.255132675170898438e+00
4.449190000000000089e-01 2.255132675170898438e+00
4.483690000000000175e-01 2.255132675170898438e+00
4.545560000000000156e-01 2.249958038330078125e+00
4.580110000000000015e-01 2.244783401489257812e+00
4.614779999999999993e-01 2.244783401489257812e+00
4.649209999999999732e-01 2.239608764648437500e+00
4.685360000000000080e-01 2.239608764648437500e+00
4.719849999999999879e-01 2.244783401489257812e+00
4.752799999999999803e-01 2.239608764648437500e+00
4.787250000000000116e-01 2.239608764648437500e+00
4.821829999999999727e-01 2.239608764648437500e+00
4.854809999999999959e-01 2.239608764648437500e+00
4.889229999999999965e-01 2.244783401489257812e+00
4.923870000000000191e-01 2.239608764648437500e+00
4.956999999999999740e-01 2.239608764648437500e+00
4.991260000000000141e-01 2.239608764648437500e+00
5.027369999999999894e-01 2.239608764648437500e+00
5.061879999999999713e-01 2.255132675170898438e+00
5.094800000000000439e-01 2.255132675170898438e+00
5.129420000000000091e-01 2.255132675170898438e+00
5.163849999999999829e-01 2.255132675170898438e+00
5.200200000000000378e-01 2.249958038330078125e+00
5.234809999999999741e-01 2.255132675170898438e+00
5.269150000000000222e-01 2.255132675170898438e+00
5.303970000000000073e-01 2.255132675170898438e+00
5.336940000000000017e-01 2.249958038330078125e+00
5.371299999999999963e-01 2.255132675170898438e+00
5.405849999999999822e-01 2.249958038330078125e+00
5.438819999999999766e-01 2.244783401489257812e+00
5.473289999999999544e-01 2.249958038330078125e+00
5.507859999999999978e-01 2.249958038330078125e+00
5.540789999999999882e-01 2.244783401489257812e+00
5.575309999999999988e-01 2.239608764648437500e+00
5.609920000000000462e-01 2.244783401489257812e+00
5.671939999999999760e-01 2.239608764648437500e+00
5.708010000000000028e-01 2.239608764648437500e+00
5.742429999999999479e-01 2.239608764648437500e+00
5.776890000000000081e-01 2.239608764648437500e+00
5.811389999999999612e-01 2.239608764648437500e+00
5.844489999999999963e-01 2.239608764648437500e+00
5.878820000000000157e-01 2.244783401489257812e+00
5.913329999999999975e-01 2.244783401489257812e+00
5.946259999999999879e-01 2.244783401489257812e+00
5.980769999999999698e-01 2.244783401489257812e+00
6.015310000000000379e-01 2.244783401489257812e+00
6.049849999999999950e-01 2.249958038330078125e+00
6.082779999999999854e-01 2.249958038330078125e+00
6.117259999999999920e-01 2.249958038330078125e+00
6.151830000000000354e-01 2.255132675170898438e+00
6.185169999999999835e-01 2.244783401489257812e+00
6.219689999999999941e-01 2.249958038330078125e+00
6.252839999999999510e-01 2.249958038330078125e+00
6.287129999999999663e-01 2.255132675170898438e+00
6.321649999999999769e-01 2.249958038330078125e+00
6.354619999999999713e-01 2.244783401489257812e+00
6.389080000000000314e-01 2.249958038330078125e+00
6.423659999999999926e-01 2.249958038330078125e+00
6.456610000000000404e-01 2.249958038330078125e+00
6.491069999999999895e-01 2.249958038330078125e+00
6.527190000000000492e-01 2.249958038330078125e+00
6.561690000000000023e-01 2.244783401489257812e+00
6.594600000000000461e-01 2.239608764648437500e+00
6.629099999999999993e-01 2.244783401489257812e+00
6.663649999999999851e-01 2.239608764648437500e+00
6.697459999999999525e-01 2.239608764648437500e+00
6.757159999999999833e-01 2.244783401489257812e+00
6.791709999999999692e-01 2.244783401489257812e+00
6.827830000000000288e-01 2.244783401489257812e+00
6.860720000000000152e-01 2.239608764648437500e+00
6.895200000000000218e-01 2.249958038330078125e+00
6.929840000000000444e-01 2.244783401489257812e+00
6.962979999999999725e-01 2.244783401489257812e+00
6.997210000000000374e-01 2.239608764648437500e+00
7.031880000000000353e-01 2.244783401489257812e+00
7.064679999999999849e-01 2.249958038330078125e+00
7.099779999999999980e-01 2.255132675170898438e+00
7.132560000000000011e-01 2.249958038330078125e+00
7.166979999999999462e-01 2.244783401489257812e+00
7.201509999999999856e-01 2.249958038330078125e+00
7.234509999999999552e-01 2.249958038330078125e+00
7.268769999999999953e-01 2.244783401489257812e+00
7.303500000000000547e-01 2.249958038330078125e+00
7.336399999999999588e-01 2.244783401489257812e+00
7.370839999999999614e-01 2.249958038330078125e+00
7.405460000000000376e-01 2.249958038330078125e+00
7.438299999999999912e-01 2.244783401489257812e+00
7.472800000000000553e-01 2.249958038330078125e+00
7.507300000000000084e-01 2.249958038330078125e+00
7.541849999999999943e-01 2.249958038330078125e+00
7.574760000000000382e-01 2.244783401489257812e+00
7.609259999999999913e-01 2.244783401489257812e+00
7.643799999999999484e-01 2.244783401489257812e+00
7.676739999999999675e-01 2.244783401489257812e+00
7.711320000000000396e-01 2.244783401489257812e+00
7.745760000000000423e-01 2.244783401489257812e+00
7.778749999999999831e-01 2.239608764648437500e+00
7.815419999999999590e-01 2.244783401489257812e+00
7.872339999999999893e-01 2.239608764648437500e+00
7.908410000000000162e-01 2.244783401489257812e+00
7.942900000000000515e-01 2.239608764648437500e+00
7.977300000000000502e-01 2.244783401489257812e+00
8.011970000000000480e-01 2.239608764648437500e+00
8.044869999999999521e-01 2.244783401489257812e+00
8.079720000000000235e-01 2.244783401489257812e+00
8.112700000000000466e-01 2.244783401489257812e+00
8.181450000000000111e-01 2.249958038330078125e+00
8.261770000000000502e-01 2.244783401489257812e+00
8.311030000000000362e-01 2.249958038330078125e+00
8.345669999999999478e-01 2.244783401489257812e+00
8.403540000000000454e-01 2.249958038330078125e+00
8.439050000000000162e-01 2.249958038330078125e+00
8.473749999999999893e-01 2.255132675170898438e+00
8.508339999999999792e-01 2.249958038330078125e+00
8.542750000000000066e-01 2.249958038330078125e+00
8.577200000000000379e-01 2.244783401489257812e+00
8.611849999999999783e-01 2.244783401489257812e+00
8.647890000000000299e-01 2.244783401489257812e+00
8.680790000000000450e-01 2.239608764648437500e+00
8.715359999999999774e-01 2.244783401489257812e+00
8.749860000000000415e-01 2.244783401489257812e+00
8.782780000000000031e-01 2.244783401489257812e+00
8.817319999999999602e-01 2.244783401489257812e+00
8.851860000000000284e-01 2.239608764648437500e+00
8.884779999999999900e-01 2.239608764648437500e+00
8.919439999999999591e-01 2.244783401489257812e+00
8.984600000000000364e-01 2.239608764648437500e+00
9.018899999999999695e-01 2.239608764648437500e+00
9.053839999999999666e-01 2.244783401489257812e+00
9.086809999999999610e-01 2.244783401489257812e+00
9.121420000000000083e-01 2.249958038330078125e+00
9.155969999999999942e-01 2.249958038330078125e+00
9.190369999999999928e-01 2.249958038330078125e+00
9.224900000000000322e-01 2.249958038330078125e+00
9.259469999999999645e-01 2.249958038330078125e+00
9.293890000000000207e-01 2.249958038330078125e+00
9.328220000000000400e-01 2.255132675170898438e+00
9.362899999999999556e-01 2.249958038330078125e+00
9.397400000000000198e-01 2.255132675170898438e+00
9.433519999999999683e-01 2.249958038330078125e+00
9.466390000000000082e-01 2.255132675170898438e+00
9.500969999999999693e-01 2.249958038330078125e+00
9.535439999999999472e-01 2.244783401489257812e+00
9.568339999999999623e-01 2.244783401489257812e+00
9.602859999999999729e-01 2.244783401489257812e+00
9.637430000000000163e-01 2.249958038330078125e+00
9.671859999999999902e-01 2.239608764648437500e+00
9.704909999999999926e-01 2.239608764648437500e+00
9.739430000000000032e-01 2.239608764648437500e+00
9.773889999999999523e-01 2.239608764648437500e+00
9.808419999999999916e-01 2.239608764648437500e+00
9.842980000000000063e-01 2.239608764648437500e+00
9.877500000000000169e-01 2.239608764648437500e+00
9.910400000000000320e-01 2.239608764648437500e+00
9.944950000000000179e-01 2.239608764648437500e+00
9.979639999999999622e-01 2.239608764648437500e+00
1.002102000000000048e+00 2.239608764648437500e+00
1.005757000000000012e+00 2.249958038330078125e+00
1.014450000000000074e+00 2.255132675170898438e+00
1.020558999999999994e+00 2.249958038330078125e+00
1.024626000000000037e+00 2.255132675170898438e+00
1.028664999999999941e+00 2.249958038330078125e+00
1.032767999999999908e+00 2.249958038330078125e+00
1.036807000000000034e+00 2.249958038330078125e+00
1.040898000000000101e+00 2.255132675170898438e+00
1.044936000000000087e+00 2.249958038330078125e+00
1.048939999999999984e+00 2.255132675170898438e+00
1.053060000000000107e+00 2.249958038330078125e+00
1.057066000000000061e+00 2.244783401489257812e+00
1.061101000000000072e+00 2.239608764648437500e+00
1.065126999999999935e+00 2.244783401489257812e+00
1.069169000000000036e+00 2.239608764648437500e+00
1.073320000000000052e+00 2.239608764648437500e+00
1.077342000000000022e+00 2.239608764648437500e+00
1.081402999999999892e+00 2.239608764648437500e+00
1.085466000000000042e+00 2.239608764648437500e+00
1.089523999999999937e+00 2.244783401489257812e+00
1.093653999999999904e+00 2.244783401489257812e+00
1.097718999999999889e+00 2.244783401489257812e+00
1.101809999999999956e+00 2.244783401489257812e+00
1.105873000000000106e+00 2.244783401489257812e+00
1.109922000000000075e+00 2.249958038330078125e+00
1.114014999999999977e+00 2.249958038330078125e+00
1.118058999999999914e+00 2.249958038330078125e+00
1.125226999999999977e+00 2.255132675170898438e+00
1.129680999999999935e+00 2.255132675170898438e+00
1.133961999999999914e+00 2.244783401489257812e+00
1.138071999999999973e+00 2.249958038330078125e+00
1.142262000000000111e+00 2.255132675170898438e+00
1.146371999999999947e+00 2.255132675170898438e+00
1.150568000000000035e+00 2.249958038330078125e+00
1.154681000000000068e+00 2.244783401489257812e+00
1.158789999999999987e+00 2.239608764648437500e+00
1.162965000000000027e+00 2.239608764648437500e+00
1.167043000000000053e+00 2.239608764648437500e+00
1.171216000000000035e+00 2.239608764648437500e+00
1.175353000000000092e+00 2.239608764648437500e+00
1.179486999999999952e+00 2.244783401489257812e+00
1.183713999999999933e+00 2.244783401489257812e+00
1.187880000000000047e+00 2.244783401489257812e+00
1.192101999999999995e+00 2.244783401489257812e+00
1.196237999999999913e+00 2.244783401489257812e+00
1.200479000000000074e+00 2.244783401489257812e+00
1.204619000000000106e+00 2.244783401489257812e+00
1.208766999999999925e+00 2.249958038330078125e+00
1.212977999999999890e+00 2.249958038330078125e+00
1.217130999999999963e+00 2.249958038330078125e+00
1.221317999999999904e+00 2.244783401489257812e+00
1.225479999999999903e+00 2.249958038330078125e+00
1.229640999999999984e+00 2.249958038330078125e+00
1.234386999999999901e+00 2.244783401489257812e+00
1.242267999999999928e+00 2.249958038330078125e+00
1.246461000000000041e+00 2.249958038330078125e+00
1.250739000000000045e+00 2.244783401489257812e+00
1.254003999999999897e+00 2.239608764648437500e+00
1.258186999999999944e+00 2.244783401489257812e+00
1.262466000000000088e+00 2.244783401489257812e+00
1.266656999999999922e+00 2.244783401489257812e+00
1.270915000000000017e+00 2.244783401489257812e+00
1.275096000000000007e+00 2.244783401489257812e+00
1.279293000000000013e+00 2.244783401489257812e+00
1.283622000000000041e+00 2.244783401489257812e+00
1.287824000000000080e+00 2.244783401489257812e+00
1.295066999999999968e+00 2.239608764648437500e+00
1.304186999999999985e+00 2.244783401489257812e+00
1.315312000000000037e+00 2.244783401489257812e+00
1.323123000000000049e+00 2.249958038330078125e+00
1.334502999999999995e+00 2.249958038330078125e+00
1.342595999999999901e+00 2.249958038330078125e+00
1.350098000000000020e+00 2.255132675170898438e+00
1.354719000000000007e+00 2.249958038330078125e+00
1.358967000000000036e+00 2.244783401489257812e+00
1.363390000000000102e+00 2.244783401489257812e+00
1.367629999999999901e+00 2.244783401489257812e+00
1.371923999999999921e+00 2.244783401489257812e+00
1.376179000000000041e+00 2.244783401489257812e+00
1.380506000000000011e+00 2.244783401489257812e+00
1.384765999999999941e+00 2.244783401489257812e+00
1.389046000000000003e+00 2.244783401489257812e+00
1.393413000000000013e+00 2.239608764648437500e+00
1.397672999999999943e+00 2.239608764648437500e+00
1.401974000000000053e+00 2.234434127807617188e+00
1.406241000000000074e+00 2.244783401489257812e+00
1.410612999999999895e+00 2.249958038330078125e+00
1.414930000000000021e+00 2.249958038330078125e+00
1.419180000000000108e+00 2.244783401489257812e+00
1.423575999999999953e+00 2.249958038330078125e+00
1.427861000000000047e+00 2.249958038330078125e+00
1.432225999999999999e+00 2.255132675170898438e+00
1.436534999999999895e+00 2.249958038330078125e+00
1.440944000000000003e+00 2.255132675170898438e+00
1.445251999999999981e+00 2.249958038330078125e+00
1.449559000000000042e+00 2.255132675170898438e+00
1.453939000000000092e+00 2.249958038330078125e+00
1.461348000000000091e+00 2.244783401489257812e+00
1.466042000000000067e+00 2.244783401489257812e+00
1.470407999999999937e+00 2.239608764648437500e+00
1.474798000000000053e+00 2.239608764648437500e+00
1.479130999999999974e+00 2.239608764648437500e+00
1.483546000000000031e+00 2.239608764648437500e+00
1.487889999999999935e+00 2.239608764648437500e+00
1.492305999999999910e+00 2.239608764648437500e+00
1.496641000000000110e+00 2.239608764648437500e+00
1.501061999999999896e+00 2.239608764648437500e+00
1.505424000000000095e+00 2.244783401489257812e+00
1.509767000000000081e+00 2.244783401489257812e+00
1.514188000000000089e+00 2.249958038330078125e+00
1.518550999999999984e+00 2.249958038330078125e+00
1.522993999999999959e+00 2.255132675170898438e+00
1.527347000000000010e+00 2.249958038330078125e+00
1.531743000000000077e+00 2.255132675170898438e+00
1.536135999999999946e+00 2.249958038330078125e+00
1.540628000000000108e+00 2.255132675170898438e+00
1.545048999999999895e+00 2.249958038330078125e+00
1.549431999999999920e+00 2.255132675170898438e+00
1.553957000000000033e+00 2.249958038330078125e+00
1.558337000000000083e+00 2.244783401489257812e+00
1.562821999999999933e+00 2.239608764648437500e+00
1.567220999999999975e+00 2.239608764648437500e+00
1.574629000000000056e+00 2.239608764648437500e+00
1.579385000000000039e+00 2.239608764648437500e+00
1.583936999999999928e+00 2.239608764648437500e+00
1.588333999999999913e+00 2.239608764648437500e+00
1.592789999999999928e+00 2.239608764648437500e+00
1.597191000000000027e+00 2.244783401489257812e+00
1.601779999999999982e+00 2.244783401489257812e+00
1.606254000000000071e+00 2.249958038330078125e+00
1.610762999999999945e+00 2.249958038330078125e+00
1.615237999999999952e+00 2.255132675170898438e+00
1.619666999999999968e+00 2.249958038330078125e+00
1.624169999999999892e+00 2.255132675170898438e+00
1.628600000000000048e+00 2.249958038330078125e+00
1.633105999999999947e+00 2.255132675170898438e+00
1.637542000000000053e+00 2.249958038330078125e+00
1.642017999999999978e+00 2.244783401489257812e+00
1.646449000000000051e+00 2.249958038330078125e+00
1.650968999999999909e+00 2.244783401489257812e+00
1.655404000000000098e+00 2.244783401489257812e+00
1.659923000000000037e+00 2.239608764648437500e+00
1.664388999999999896e+00 2.239608764648437500e+00
1.668830999999999953e+00 2.239608764648437500e+00
1.673418999999999990e+00 2.244783401489257812e+00
1.677878999999999898e+00 2.239608764648437500e+00
1.682420000000000027e+00 2.239608764648437500e+00
1.690098000000000100e+00 2.244783401489257812e+00
1.694936999999999916e+00 2.244783401489257812e+00
1.699448000000000070e+00 2.244783401489257812e+00
1.703785000000000105e+00 2.244783401489257812e+00
1.707556000000000074e+00 2.255132675170898438e+00
1.711354999999999960e+00 2.249958038330078125e+00
1.715138999999999969e+00 2.255132675170898438e+00
1.718912999999999913e+00 2.249958038330078125e+00
1.722753999999999897e+00 2.249958038330078125e+00
1.726536000000000071e+00 2.244783401489257812e+00
1.730369000000000046e+00 2.249958038330078125e+00
1.734156000000000031e+00 2.249958038330078125e+00
1.737953999999999999e+00 2.249958038330078125e+00
1.741856000000000071e+00 2.249958038330078125e+00
1.745659999999999989e+00 2.244783401489257812e+00
1.749438000000000049e+00 2.249958038330078125e+00
1.753303000000000056e+00 2.249958038330078125e+00
1.757084000000000090e+00 2.244783401489257812e+00
1.760907999999999918e+00 2.239608764648437500e+00
1.764704000000000050e+00 2.244783401489257812e+00
1.768493000000000093e+00 2.239608764648437500e+00
1.772351000000000010e+00 2.244783401489257812e+00
1.776159999999999961e+00 2.244783401489257812e+00
1.780006999999999895e+00 2.244783401489257812e+00
1.783816000000000068e+00 2.244783401489257812e+00
1.787619999999999987e+00 2.244783401489257812e+00
1.791436999999999946e+00 2.244783401489257812e+00
1.795257000000000103e+00 2.244783401489257812e+00
1.799128999999999978e+00 2.249958038330078125e+00
1.804923000000000055e+00 2.239608764648437500e+00
1.808802999999999939e+00 2.244783401489257812e+00
1.812783000000000033e+00 2.244783401489257812e+00
1.816592999999999902e+00 2.249958038330078125e+00
1.822977000000000070e+00 2.255132675170898438e+00
1.828894000000000020e+00 2.249958038330078125e+00
1.835128000000000092e+00 2.249958038330078125e+00
1.840192999999999968e+00 2.249958038330078125e+00
1.844365000000000032e+00 2.244783401489257812e+00
1.850179999999999936e+00 2.249958038330078125e+00
1.854033999999999960e+00 2.244783401489257812e+00
1.857901000000000025e+00 2.244783401489257812e+00
1.861776000000000098e+00 2.244783401489257812e+00
1.865636000000000072e+00 2.244783401489257812e+00
1.869512999999999980e+00 2.239608764648437500e+00
1.873467999999999911e+00 2.244783401489257812e+00
1.877324999999999910e+00 2.239608764648437500e+00
1.881227999999999900e+00 2.244783401489257812e+00
1.885113999999999956e+00 2.244783401489257812e+00
1.888970999999999956e+00 2.244783401489257812e+00
1.892910000000000093e+00 2.239608764648437500e+00
1.896790999999999894e+00 2.239608764648437500e+00
1.900725999999999916e+00 2.239608764648437500e+00
1.904638000000000053e+00 2.244783401489257812e+00
1.908520999999999912e+00 2.249958038330078125e+00
1.912490000000000023e+00 2.249958038330078125e+00
1.918430000000000080e+00 2.244783401489257812e+00
1.922665999999999986e+00 2.249958038330078125e+00
1.926536000000000026e+00 2.244783401489257812e+00
1.930563000000000029e+00 2.249958038330078125e+00
1.934466999999999937e+00 2.249958038330078125e+00
1.938347000000000042e+00 2.249958038330078125e+00
1.942288999999999932e+00 2.255132675170898438e+00
1.946320999999999968e+00 2.255132675170898438e+00
1.950274999999999981e+00 2.255132675170898438e+00
1.954167999999999905e+00 2.249958038330078125e+00
1.958067999999999920e+00 2.244783401489257812e+00
1.961144999999999916e+00 2.239608764648437500e+00
1.965035000000000087e+00 2.249958038330078125e+00
1.968938999999999995e+00 2.244783401489257812e+00
1.972890999999999950e+00 2.244783401489257812e+00
1.976795999999999998e+00 2.239608764648437500e+00
1.980779000000000067e+00 2.239608764648437500e+00
1.984687000000000090e+00 2.239608764648437500e+00
1.987745000000000095e+00 2.239608764648437500e+00
1.991670000000000051e+00 2.239608764648437500e+00
1.995589999999999975e+00 2.239608764648437500e+00
1.999503000000000030e+00 2.239608764648437500e+00
2.003471999999999920e+00 2.239608764648437500e+00
2.007385000000000197e+00 2.249958038330078125e+00
2.011321000000000137e+00 2.249958038330078125e+00
2.015229999999999855e+00 2.249958038330078125e+00
2.019153000000000198e+00 2.249958038330078125e+00
2.023124999999999840e+00 2.255132675170898438e+00
2.029160000000000075e+00 2.255132675170898438e+00
2.033421000000000145e+00 2.249958038330078125e+00
2.037345999999999879e+00 2.249958038330078125e+00
2.041300999999999810e+00 2.249958038330078125e+00
2.045485000000000220e+00 2.244783401489257812e+00
2.049582000000000015e+00 2.255132675170898438e+00
2.053573999999999788e+00 2.249958038330078125e+00
2.057530999999999999e+00 2.244783401489257812e+00
2.061494000000000160e+00 2.239608764648437500e+00
2.065449999999999786e+00 2.239608764648437500e+00
2.069405000000000161e+00 2.239608764648437500e+00
2.073468999999999784e+00 2.244783401489257812e+00
2.076547999999999838e+00 2.239608764648437500e+00
2.080560999999999883e+00 2.239608764648437500e+00
2.084503999999999913e+00 2.239608764648437500e+00
2.088452999999999893e+00 2.239608764648437500e+00
2.091568999999999789e+00 2.239608764648437500e+00
2.095508999999999844e+00 2.239608764648437500e+00
2.099467999999999890e+00 2.239608764648437500e+00
2.103493999999999975e+00 2.239608764648437500e+00
2.107469000000000037e+00 2.255132675170898438e+00
2.111445999999999934e+00 2.249958038330078125e+00
2.115413000000000210e+00 2.255132675170898438e+00
2.119375999999999927e+00 2.244783401489257812e+00
2.123457999999999846e+00 2.255132675170898438e+00
2.127426999999999957e+00 2.249958038330078125e+00
2.131397000000000208e+00 2.255132675170898438e+00
2.135381999999999891e+00 2.249958038330078125e+00
2.141772000000000009e+00 2.255132675170898438e+00
2.145925999999999778e+00 2.244783401489257812e+00
2.150201000000000029e+00 2.249958038330078125e+00
2.154192999999999802e+00 2.244783401489257812e+00
2.158201000000000036e+00 2.239608764648437500e+00
2.162281000000000120e+00 2.239608764648437500e+00
2.165350000000000108e+00 2.239608764648437500e+00
2.169354999999999922e+00 2.239608764648437500e+00
2.173489000000000004e+00 2.239608764648437500e+00
2.177505000000000024e+00 2.239608764648437500e+00
2.181554999999999911e+00 2.244783401489257812e+00
2.185569000000000095e+00 2.239608764648437500e+00
2.189592000000000205e+00 2.244783401489257812e+00
2.193689000000000000e+00 2.244783401489257812e+00
2.197713999999999945e+00 2.244783401489257812e+00
2.201744999999999841e+00 2.239608764648437500e+00
2.205842000000000080e+00 2.249958038330078125e+00
2.208975000000000133e+00 2.249958038330078125e+00
2.213065999999999978e+00 2.249958038330078125e+00
2.216184999999999850e+00 2.255132675170898438e+00
2.220274999999999999e+00 2.249958038330078125e+00
2.224317999999999795e+00 2.249958038330078125e+00
2.228359000000000201e+00 2.244783401489257812e+00
2.232457999999999831e+00 2.249958038330078125e+00
2.235587000000000213e+00 2.244783401489257812e+00
2.239627000000000034e+00 2.249958038330078125e+00
2.243717999999999879e+00 2.244783401489257812e+00
2.247768999999999906e+00 2.249958038330078125e+00
2.254052000000000167e+00 2.244783401489257812e+00
2.258411000000000168e+00 2.239608764648437500e+00
2.262535999999999881e+00 2.239608764648437500e+00
2.266608000000000178e+00 2.239608764648437500e+00
2.270732999999999890e+00 2.244783401489257812e+00
2.274792999999999843e+00 2.244783401489257812e+00
2.278861000000000026e+00 2.244783401489257812e+00
2.282990999999999993e+00 2.244783401489257812e+00
2.287100999999999829e+00 2.244783401489257812e+00
2.291160999999999781e+00 2.244783401489257812e+00
2.295326999999999895e+00 2.239608764648437500e+00
2.301822000000000035e+00 2.244783401489257812e+00
2.313590000000000035e+00 2.249958038330078125e+00
2.326689000000000007e+00 2.249958038330078125e+00
2.331412999999999958e+00 2.249958038330078125e+00
2.335573999999999817e+00 2.244783401489257812e+00
2.339700000000000113e+00 2.249958038330078125e+00
2.343874000000000013e+00 2.244783401489257812e+00
2.347990999999999939e+00 2.249958038330078125e+00
2.352221000000000117e+00 2.249958038330078125e+00
2.355395999999999823e+00 2.249958038330078125e+00
2.359484999999999832e+00 2.244783401489257812e+00
2.365930999999999784e+00 2.244783401489257812e+00
2.370184000000000069e+00 2.239608764648437500e+00
2.374311000000000060e+00 2.244783401489257812e+00
2.378429000000000126e+00 2.239608764648437500e+00
2.382642999999999844e+00 2.244783401489257812e+00
2.386756000000000100e+00 2.239608764648437500e+00
2.390902999999999778e+00 2.244783401489257812e+00
2.395020000000000149e+00 2.239608764648437500e+00
2.398172000000000192e+00 2.239608764648437500e+00
2.402369999999999894e+00 2.244783401489257812e+00
2.406540999999999819e+00 2.244783401489257812e+00
2.411617000000000122e+00 2.244783401489257812e+00
2.416790000000000216e+00 2.249958038330078125e+00
2.421965999999999841e+00 2.249958038330078125e+00
2.427030999999999938e+00 2.244783401489257812e+00
2.432104999999999961e+00 2.249958038330078125e+00
2.437141000000000002e+00 2.249958038330078125e+00
2.442196000000000033e+00 2.255132675170898438e+00
2.447243999999999975e+00 2.249958038330078125e+00
2.452520999999999951e+00 2.249958038330078125e+00
2.456179999999999808e+00 2.244783401489257812e+00
2.461332000000000075e+00 2.244783401489257812e+00
2.466390999999999778e+00 2.244783401489257812e+00
2.471455999999999875e+00 2.244783401489257812e+00
2.482108999999999899e+00 2.244783401489257812e+00
2.487357999999999958e+00 2.239608764648437500e+00
2.492523999999999962e+00 2.239608764648437500e+00
2.497568999999999928e+00 2.239608764648437500e+00
2.502692000000000139e+00 2.239608764648437500e+00
2.507813000000000070e+00 2.244783401489257812e+00
2.511334000000000177e+00 2.244783401489257812e+00
2.515468999999999955e+00 2.249958038330078125e+00
2.519632000000000094e+00 2.244783401489257812e+00
2.523890000000000189e+00 2.255132675170898438e+00
2.528064999999999785e+00 2.255132675170898438e+00
2.532303000000000193e+00 2.255132675170898438e+00
2.536470000000000002e+00 2.249958038330078125e+00
2.540702000000000016e+00 2.255132675170898438e+00
2.544934000000000029e+00 2.249958038330078125e+00
2.549106000000000094e+00 2.255132675170898438e+00
2.553360000000000074e+00 2.249958038330078125e+00
2.557643999999999807e+00 2.249958038330078125e+00
2.561837999999999838e+00 2.239608764648437500e+00
2.566031000000000173e+00 2.239608764648437500e+00
2.570288000000000128e+00 2.239608764648437500e+00
2.574469999999999814e+00 2.244783401489257812e+00
2.578676000000000190e+00 2.239608764648437500e+00
2.582936999999999816e+00 2.239608764648437500e+00
2.587140000000000217e+00 2.239608764648437500e+00
2.593433000000000099e+00 2.239608764648437500e+00
2.597709000000000046e+00 2.239608764648437500e+00
2.601948999999999845e+00 2.239608764648437500e+00
2.606155000000000221e+00 2.249958038330078125e+00
2.610421000000000102e+00 2.249958038330078125e+00
2.614646000000000026e+00 2.249958038330078125e+00
2.618848999999999982e+00 2.249958038330078125e+00
2.623111999999999888e+00 2.255132675170898438e+00
2.627339999999999787e+00 2.249958038330078125e+00
2.630554000000000059e+00 2.255132675170898438e+00
2.634764000000000106e+00 2.255132675170898438e+00
2.638983000000000079e+00 2.255132675170898438e+00
2.643267999999999951e+00 2.249958038330078125e+00
2.647486999999999924e+00 2.249958038330078125e+00
2.651733999999999813e+00 2.249958038330078125e+00
2.655987000000000098e+00 2.244783401489257812e+00
2.660470000000000113e+00 2.239608764648437500e+00
2.664712000000000192e+00 2.239608764648437500e+00
2.668960000000000221e+00 2.239608764648437500e+00
2.673274999999999846e+00 2.239608764648437500e+00
2.677534000000000081e+00 2.239608764648437500e+00
2.681808999999999887e+00 2.239608764648437500e+00
2.686065000000000147e+00 2.239608764648437500e+00
2.690367999999999871e+00 2.244783401489257812e+00
2.694656000000000162e+00 2.244783401489257812e+00
2.698914999999999953e+00 2.244783401489257812e+00
2.702061000000000046e+00 2.244783401489257812e+00
2.708286000000000193e+00 2.255132675170898438e+00
2.712676000000000087e+00 2.249958038330078125e+00
2.716956000000000149e+00 2.255132675170898438e+00
2.720188999999999968e+00 2.249958038330078125e+00
2.724467000000000194e+00 2.255132675170898438e+00
2.728753999999999902e+00 2.249958038330078125e+00
2.733083999999999847e+00 2.255132675170898438e+00
2.737369000000000163e+00 2.244783401489257812e+00
2.741664000000000101e+00 2.244783401489257812e+00
2.745963000000000154e+00 2.244783401489257812e+00
2.750303000000000164e+00 2.249958038330078125e+00
2.754618999999999929e+00 2.244783401489257812e+00
2.758916999999999842e+00 2.244783401489257812e+00
2.762342999999999993e+00 2.239608764648437500e+00
2.766629000000000005e+00 2.239608764648437500e+00
2.770950000000000024e+00 2.239608764648437500e+00
2.775250999999999912e+00 2.244783401489257812e+00
2.779557000000000055e+00 2.239608764648437500e+00
2.783936000000000188e+00 2.244783401489257812e+00
2.787187999999999999e+00 2.239608764648437500e+00
2.791506000000000043e+00 2.249958038330078125e+00
2.795828000000000202e+00 2.244783401489257812e+00
2.800218999999999792e+00 2.244783401489257812e+00
2.804565000000000197e+00 2.244783401489257812e+00
2.808891000000000027e+00 2.255132675170898438e+00
2.812206999999999901e+00 2.255132675170898438e+00
2.816518999999999995e+00 2.249958038330078125e+00
2.822995000000000143e+00 2.244783401489257812e+00
2.830470000000000041e+00 2.244783401489257812e+00
2.840685000000000127e+00 2.244783401489257812e+00
2.845734000000000208e+00 2.244783401489257812e+00
2.852507999999999821e+00 2.244783401489257812e+00
2.856828999999999841e+00 2.244783401489257812e+00
2.861215000000000064e+00 2.244783401489257812e+00
2.865801999999999961e+00 2.244783401489257812e+00
2.870226999999999862e+00 2.244783401489257812e+00
2.874594999999999789e+00 2.244783401489257812e+00
2.878944999999999865e+00 2.239608764648437500e+00
2.883375000000000021e+00 2.244783401489257812e+00
2.887728000000000073e+00 2.244783401489257812e+00
2.892196000000000211e+00 2.244783401489257812e+00
2.896576000000000040e+00 2.239608764648437500e+00
2.901028999999999858e+00 2.239608764648437500e+00
2.904329999999999856e+00 2.244783401489257812e+00
2.908691999999999833e+00 2.249958038330078125e+00
2.913135000000000030e+00 2.244783401489257812e+00
2.917507000000000073e+00 2.244783401489257812e+00
2.921902000000000221e+00 2.244783401489257812e+00
2.925136999999999876e+00 2.249958038330078125e+00
2.929736999999999814e+00 2.244783401489257812e+00
2.937842999999999982e+00 2.244783401489257812e+00
2.942309999999999981e+00 2.255132675170898438e+00
2.946696999999999900e+00 2.249958038330078125e+00
2.951121000000000105e+00 2.249958038330078125e+00
2.955515000000000114e+00 2.249958038330078125e+00
2.959972000000000047e+00 2.244783401489257812e+00
2.964427999999999841e+00 2.244783401489257812e+00
2.968856000000000162e+00 2.239608764648437500e+00
2.973393000000000175e+00 2.244783401489257812e+00
2.977806999999999871e+00 2.244783401489257812e+00
2.982299999999999951e+00 2.244783401489257812e+00
2.986714000000000091e+00 2.239608764648437500e+00
2.991144999999999943e+00 2.239608764648437500e+00
2.995550999999999853e+00 2.239608764648437500e+00
3.000011999999999901e+00 2.239608764648437500e+00
3.004436999999999802e+00 2.239608764648437500e+00
3.008859000000000172e+00 2.249958038330078125e+00
3.013303000000000065e+00 2.249958038330078125e+00
3.017723000000000155e+00 2.249958038330078125e+00
3.022203999999999890e+00 2.249958038330078125e+00
3.026648999999999923e+00 2.249958038330078125e+00
3.029964999999999797e+00 2.249958038330078125e+00
3.034381999999999913e+00 2.255132675170898438e+00
3.038822000000000134e+00 2.249958038330078125e+00
3.045313999999999854e+00 2.249958038330078125e+00
3.049837999999999827e+00 2.249958038330078125e+00
3.054381999999999930e+00 2.244783401489257812e+00
3.058838000000000168e+00 2.244783401489257812e+00
3.063368000000000091e+00 2.244783401489257812e+00
3.068114000000000008e+00 2.239608764648437500e+00
3.071591999999999878e+00 2.239608764648437500e+00
3.076137000000000121e+00 2.239608764648437500e+00
3.080691999999999986e+00 2.239608764648437500e+00
3.085173000000000165e+00 2.239608764648437500e+00
3.089655000000000040e+00 2.239608764648437500e+00
3.094257999999999953e+00 2.239608764648437500e+00
3.098716000000000026e+00 2.244783401489257812e+00
3.103245999999999949e+00 2.239608764648437500e+00
3.106561999999999824e+00 2.249958038330078125e+00
3.110015000000000196e+00 2.249958038330078125e+00
3.114488999999999841e+00 2.255132675170898438e+00
3.118962999999999930e+00 2.249958038330078125e+00
3.123545000000000016e+00 2.255132675170898438e+00
3.128108000000000111e+00 2.249958038330078125e+00
3.132658999999999860e+00 2.255132675170898438e+00
3.137140000000000040e+00 2.255132675170898438e+00
3.141656999999999922e+00 2.255132675170898438e+00
3.146154000000000117e+00 2.249958038330078125e+00
3.150720000000000187e+00 2.249958038330078125e+00
3.157315000000000094e+00 2.244783401489257812e+00
3.162134000000000000e+00 2.239608764648437500e+00
3.166636000000000006e+00 2.239608764648437500e+00
3.171192000000000011e+00 2.244783401489257812e+00
3.174561999999999884e+00 2.244783401489257812e+00
3.179049000000000014e+00 2.234434127807617188e+00
3.183596999999999788e+00 2.239608764648437500e+00
3.188108999999999860e+00 2.239608764648437500e+00
3.191575999999999969e+00 2.239608764648437500e+00
3.196112999999999982e+00 2.244783401489257812e+00
3.200696000000000208e+00 2.244783401489257812e+00
3.205211999999999950e+00 2.244783401489257812e+00
3.209743000000000013e+00 2.249958038330078125e+00
3.213150000000000173e+00 2.255132675170898438e+00
3.218709000000000042e+00 2.255132675170898438e+00
3.224368999999999819e+00 2.255132675170898438e+00
3.230033999999999850e+00 2.249958038330078125e+00
3.234011000000000191e+00 2.249958038330078125e+00
3.239609000000000183e+00 2.249958038330078125e+00
3.245328999999999908e+00 2.249958038330078125e+00
3.251018000000000185e+00 2.249958038330078125e+00
3.255006999999999984e+00 2.244783401489257812e+00
3.260691000000000006e+00 2.244783401489257812e+00
3.266322000000000170e+00 2.239608764648437500e+00
3.275147000000000030e+00 2.239608764648437500e+00
3.281235999999999819e+00 2.239608764648437500e+00
3.286871999999999794e+00 2.239608764648437500e+00
3.292536999999999825e+00 2.244783401489257812e+00
3.301614999999999966e+00 2.249958038330078125e+00
3.310446000000000222e+00 2.255132675170898438e+00
3.319862000000000091e+00 2.249958038330078125e+00
3.328907000000000060e+00 2.249958038330078125e+00
3.338912999999999798e+00 2.249958038330078125e+00
3.342347000000000179e+00 2.249958038330078125e+00
3.346919000000000199e+00 2.249958038330078125e+00
3.351506999999999792e+00 2.249958038330078125e+00
3.356091000000000157e+00 2.244783401489257812e+00
3.360778999999999961e+00 2.244783401489257812e+00
3.365359000000000211e+00 2.244783401489257812e+00
3.369993000000000016e+00 2.239608764648437500e+00
3.373543999999999876e+00 2.249958038330078125e+00
3.376993000000000134e+00 2.244783401489257812e+00
3.381622999999999823e+00 2.244783401489257812e+00
3.388112000000000013e+00 2.239608764648437500e+00
3.392837000000000103e+00 2.244783401489257812e+00
3.397447000000000106e+00 2.244783401489257812e+00
3.402038999999999813e+00 2.244783401489257812e+00
3.405540999999999929e+00 2.249958038330078125e+00
3.410198999999999980e+00 2.244783401489257812e+00
3.414788000000000157e+00 2.244783401489257812e+00
3.418191999999999897e+00 2.249958038330078125e+00
3.422845999999999833e+00 2.249958038330078125e+00
3.427448000000000050e+00 2.249958038330078125e+00
3.432062000000000168e+00 2.249958038330078125e+00
3.436652000000000040e+00 2.244783401489257812e+00
3.441289999999999960e+00 2.249958038330078125e+00
3.445965999999999863e+00 2.249958038330078125e+00
3.450629999999999864e+00 2.255132675170898438e+00
3.455241000000000007e+00 2.244783401489257812e+00
3.459875999999999951e+00 2.244783401489257812e+00
3.464634999999999909e+00 2.244783401489257812e+00
3.469259000000000093e+00 2.244783401489257812e+00
3.472916000000000114e+00 2.244783401489257812e+00
3.477529999999999788e+00 2.244783401489257812e+00
3.482237000000000027e+00 2.244783401489257812e+00
3.486847000000000030e+00 2.244783401489257812e+00
3.491464000000000123e+00 2.239608764648437500e+00
3.496109999999999829e+00 2.239608764648437500e+00
3.502842999999999929e+00 2.239608764648437500e+00
3.507530000000000037e+00 2.244783401489257812e+00
3.512272999999999978e+00 2.249958038330078125e+00
3.516891000000000211e+00 2.249958038330078125e+00
3.521520999999999901e+00 2.244783401489257812e+00
3.526161999999999797e+00 2.249958038330078125e+00
3.530901000000000067e+00 2.249958038330078125e+00
3.535533000000000037e+00 2.249958038330078125e+00
3.540223000000000120e+00 2.249958038330078125e+00
3.544852999999999810e+00 2.255132675170898438e+00
3.549507000000000190e+00 2.255132675170898438e+00
3.554278000000000048e+00 2.249958038330078125e+00
3.558905000000000207e+00 2.249958038330078125e+00
3.563575000000000159e+00 2.244783401489257812e+00
3.568207000000000129e+00 2.244783401489257812e+00
3.572947000000000095e+00 2.244783401489257812e+00
3.577892999999999990e+00 2.239608764648437500e+00
3.582699999999999996e+00 2.244783401489257812e+00
3.587578999999999851e+00 2.239608764648437500e+00
3.592176999999999953e+00 2.244783401489257812e+00
3.595781999999999812e+00 2.239608764648437500e+00
3.599381999999999859e+00 2.239608764648437500e+00
3.604277000000000175e+00 2.239608764648437500e+00
3.608957999999999888e+00 2.249958038330078125e+00
3.613722000000000101e+00 2.249958038330078125e+00
3.620451999999999781e+00 2.249958038330078125e+00
3.625604000000000049e+00 2.255132675170898438e+00
3.630040000000000155e+00 2.249958038330078125e+00
3.633643999999999874e+00 2.255132675170898438e+00
3.637246000000000201e+00 2.249958038330078125e+00
3.640849999999999920e+00 2.255132675170898438e+00
3.644454999999999778e+00 2.249958038330078125e+00
3.648055999999999965e+00 2.255132675170898438e+00
3.653074000000000154e+00 2.255132675170898438e+00
3.657563999999999815e+00 2.239608764648437500e+00
3.661156000000000077e+00 2.239608764648437500e+00
3.664765000000000050e+00 2.244783401489257812e+00
3.668362999999999818e+00 2.239608764648437500e+00
3.671956999999999915e+00 2.239608764648437500e+00
3.675590999999999831e+00 2.239608764648437500e+00
3.680590000000000028e+00 2.239608764648437500e+00
3.685351999999999961e+00 2.239608764648437500e+00
3.690151999999999877e+00 2.239608764648437500e+00
3.693522000000000194e+00 2.239608764648437500e+00
3.696969000000000172e+00 2.244783401489257812e+00
3.701674000000000131e+00 2.244783401489257812e+00
3.706379999999999786e+00 2.249958038330078125e+00
3.711143999999999998e+00 2.255132675170898438e+00
3.715850999999999793e+00 2.255132675170898438e+00
3.720616999999999841e+00 2.249958038330078125e+00
3.725315999999999850e+00 2.255132675170898438e+00
3.730220999999999787e+00 2.249958038330078125e+00
3.736841000000000079e+00 2.249958038330078125e+00
3.741683000000000092e+00 2.249958038330078125e+00
3.746541000000000121e+00 2.244783401489257812e+00
3.751313000000000120e+00 2.249958038330078125e+00
3.756107999999999780e+00 2.244783401489257812e+00
3.759590000000000209e+00 2.239608764648437500e+00
3.764461999999999975e+00 2.239608764648437500e+00
3.769200999999999802e+00 2.239608764648437500e+00
3.772733999999999810e+00 2.239608764648437500e+00
3.777550999999999881e+00 2.239608764648437500e+00
3.782582999999999807e+00 2.244783401489257812e+00
3.787383000000000166e+00 2.244783401489257812e+00
3.792184999999999917e+00 2.244783401489257812e+00
3.796964000000000006e+00 2.239608764648437500e+00
3.801734999999999864e+00 2.244783401489257812e+00
3.806515999999999789e+00 2.249958038330078125e+00
3.811303000000000107e+00 2.255132675170898438e+00
3.816070999999999991e+00 2.255132675170898438e+00
3.820930999999999855e+00 2.249958038330078125e+00
3.825750000000000206e+00 2.249958038330078125e+00
3.832848999999999950e+00 2.249958038330078125e+00
3.839364999999999917e+00 2.244783401489257812e+00
3.849022999999999861e+00 2.249958038330078125e+00
3.861114999999999853e+00 2.239608764648437500e+00
3.865918000000000188e+00 2.244783401489257812e+00
3.870797000000000043e+00 2.239608764648437500e+00
3.875608999999999860e+00 2.244783401489257812e+00
3.880522000000000027e+00 2.239608764648437500e+00
3.885346999999999884e+00 2.244783401489257812e+00
3.890232999999999830e+00 2.244783401489257812e+00
3.895036999999999860e+00 2.239608764648437500e+00
3.899830999999999825e+00 2.244783401489257812e+00
3.904716000000000076e+00 2.249958038330078125e+00
3.909529000000000032e+00 2.249958038330078125e+00
3.914435999999999805e+00 2.249958038330078125e+00
3.919252999999999876e+00 2.244783401489257812e+00
3.924139999999999961e+00 2.249958038330078125e+00
3.929018999999999817e+00 2.249958038330078125e+00
3.933987000000000123e+00 2.249958038330078125e+00
3.938832000000000111e+00 2.244783401489257812e+00
3.943726999999999983e+00 2.244783401489257812e+00
3.948563000000000045e+00 2.249958038330078125e+00
3.953441999999999901e+00 2.249958038330078125e+00
3.958292999999999839e+00 2.249958038330078125e+00
3.963173999999999975e+00 2.244783401489257812e+00
3.968147999999999787e+00 2.244783401489257812e+00
3.976738000000000106e+00 2.244783401489257812e+00
3.981570000000000054e+00 2.244783401489257812e+00
3.986655999999999977e+00 2.239608764648437500e+00
3.991499999999999826e+00 2.244783401489257812e+00
3.996351999999999904e+00 2.239608764648437500e+00
4.001254000000000310e+00 2.244783401489257812e+00
4.006147999999999598e+00 2.244783401489257812e+00
4.011123999999999690e+00 2.244783401489257812e+00
4.015973999999999933e+00 2.249958038330078125e+00
4.021124000000000365e+00 2.249958038330078125e+00
4.027235000000000120e+00 2.249958038330078125e+00
4.033400999999999570e+00 2.249958038330078125e+00
4.039539999999999687e+00 2.249958038330078125e+00
4.045802000000000120e+00 2.249958038330078125e+00
4.051897000000000304e+00 2.249958038330078125e+00
4.057991000000000348e+00 2.249958038330078125e+00
4.064174000000000397e+00 2.244783401489257812e+00
4.070311000000000234e+00 2.239608764648437500e+00
4.076437999999999562e+00 2.239608764648437500e+00
4.085765999999999565e+00 2.239608764648437500e+00
4.092228999999999672e+00 2.239608764648437500e+00
4.098360999999999699e+00 2.239608764648437500e+00
4.104536000000000406e+00 2.239608764648437500e+00
4.110676999999999914e+00 2.249958038330078125e+00
4.116774000000000377e+00 2.249958038330078125e+00
4.122497000000000078e+00 2.249958038330078125e+00
4.127356999999999942e+00 2.249958038330078125e+00
4.132420999999999900e+00 2.249958038330078125e+00
4.137322000000000166e+00 2.249958038330078125e+00
4.142204000000000441e+00 2.255132675170898438e+00
4.147077000000000346e+00 2.249958038330078125e+00
4.151975000000000193e+00 2.249958038330078125e+00
4.156845999999999819e+00 2.249958038330078125e+00
4.161737999999999715e+00 2.239608764648437500e+00
4.166610999999999621e+00 2.239608764648437500e+00
4.171517999999999837e+00 2.239608764648437500e+00
4.176408999999999594e+00 2.239608764648437500e+00
4.181312000000000140e+00 2.239608764648437500e+00
4.186193000000000275e+00 2.239608764648437500e+00
4.191207999999999601e+00 2.239608764648437500e+00
4.196182000000000301e+00 2.239608764648437500e+00
4.203267000000000309e+00 2.244783401489257812e+00
4.208249999999999602e+00 2.249958038330078125e+00
4.213241000000000014e+00 2.249958038330078125e+00
4.218170999999999893e+00 2.249958038330078125e+00
4.223156999999999606e+00 2.249958038330078125e+00
4.228081999999999674e+00 2.249958038330078125e+00
4.233065999999999995e+00 2.255132675170898438e+00
4.237989999999999924e+00 2.249958038330078125e+00
4.242982999999999727e+00 2.255132675170898438e+00
4.247925999999999647e+00 2.249958038330078125e+00
4.252914999999999779e+00 2.244783401489257812e+00
4.257861000000000118e+00 2.270656585693359375e+00
4.262864999999999682e+00 4.785508155822753906e+00
4.267805000000000071e+00 4.780333518981933594e+00
4.272781000000000162e+00 4.780333518981933594e+00
4.277720000000000411e+00 4.785508155822753906e+00
4.282701000000000313e+00 4.780333518981933594e+00
4.287670999999999566e+00 4.785508155822753906e+00
4.292735000000000412e+00 4.785508155822753906e+00
4.300372000000000305e+00 4.780333518981933594e+00
4.307803999999999967e+00 4.785508155822753906e+00
4.316530000000000200e+00 4.785508155822753906e+00
4.332279999999999909e+00 4.790682792663574219e+00
4.343840000000000146e+00 4.785508155822753906e+00
4.348976999999999649e+00 4.785508155822753906e+00
4.354059000000000346e+00 4.785508155822753906e+00
4.359037999999999968e+00 4.780333518981933594e+00
4.364094999999999835e+00 4.785508155822753906e+00
4.369093999999999589e+00 4.785508155822753906e+00
4.374151999999999596e+00 4.785508155822753906e+00
4.379150000000000098e+00 4.780333518981933594e+00
4.384220000000000006e+00 4.780333518981933594e+00
4.389203000000000188e+00 4.785508155822753906e+00
4.394503000000000270e+00 4.785508155822753906e+00
4.399526999999999965e+00 4.785508155822753906e+00
4.404587000000000252e+00 4.785508155822753906e+00
4.408176000000000094e+00 4.785508155822753906e+00
4.413522000000000389e+00 4.785508155822753906e+00
4.418890000000000207e+00 4.785508155822753906e+00
4.423950999999999745e+00 4.785508155822753906e+00
4.428937999999999597e+00 4.785508155822753906e+00
4.434270999999999852e+00 4.785508155822753906e+00
4.439295000000000435e+00 4.785508155822753906e+00
4.444409000000000276e+00 4.785508155822753906e+00
4.449463999999999864e+00 4.785508155822753906e+00
4.456477999999999717e+00 4.785508155822753906e+00
4.461562999999999946e+00 4.785508155822753906e+00
4.465149000000000257e+00 4.785508155822753906e+00
4.468752000000000280e+00 4.780333518981933594e+00
4.473836999999999620e+00 4.780333518981933594e+00
4.478873000000000104e+00 4.785508155822753906e+00
4.483957000000000193e+00 4.785508155822753906e+00
4.488997999999999600e+00 4.780333518981933594e+00
4.494159999999999933e+00 4.785508155822753906e+00
4.499234999999999651e+00 4.780333518981933594e+00
4.504351999999999911e+00 4.785508155822753906e+00
4.509382999999999697e+00 4.785508155822753906e+00
4.514528999999999570e+00 4.785508155822753906e+00
4.519605000000000317e+00 4.785508155822753906e+00
4.524746999999999630e+00 4.785508155822753906e+00
4.528379000000000154e+00 4.785508155822753906e+00
4.533488000000000184e+00 4.785508155822753906e+00
4.538532000000000011e+00 4.785508155822753906e+00
4.543631000000000419e+00 4.785508155822753906e+00
4.548678999999999917e+00 4.785508155822753906e+00
4.553783000000000136e+00 4.790682792663574219e+00
4.558826999999999963e+00 4.785508155822753906e+00
4.563995000000000246e+00 4.780333518981933594e+00
4.570980999999999739e+00 4.785508155822753906e+00
4.576106000000000229e+00 4.780333518981933594e+00
4.579765000000000086e+00 4.780333518981933594e+00
4.584864999999999746e+00 4.780333518981933594e+00
4.589985000000000426e+00 4.780333518981933594e+00
4.595132000000000438e+00 4.780333518981933594e+00
4.598778000000000254e+00 4.780333518981933594e+00
4.603900000000000325e+00 4.780333518981933594e+00
4.609220999999999790e+00 4.785508155822753906e+00
4.614564999999999806e+00 4.785508155822753906e+00
4.619710000000000427e+00 4.790682792663574219e+00
4.624990999999999630e+00 4.785508155822753906e+00
4.630169999999999675e+00 4.790682792663574219e+00
4.635309999999999597e+00 4.785508155822753906e+00
4.638980000000000103e+00 4.790682792663574219e+00
4.644177000000000000e+00 4.790682792663574219e+00
4.649388000000000076e+00 4.785508155822753906e+00
4.654582000000000441e+00 4.785508155822753906e+00
4.659696000000000282e+00 4.785508155822753906e+00
4.664861000000000146e+00 4.785508155822753906e+00
4.670035000000000380e+00 4.785508155822753906e+00
4.675205000000000055e+00 4.785508155822753906e+00
4.680927999999999756e+00 4.780333518981933594e+00
4.687956999999999930e+00 4.785508155822753906e+00
4.693343999999999738e+00 4.780333518981933594e+00
4.698826999999999643e+00 4.780333518981933594e+00
4.704011999999999638e+00 4.785508155822753906e+00
4.709171000000000440e+00 4.790682792663574219e+00
4.714450000000000252e+00 4.785508155822753906e+00
4.719567999999999763e+00 4.785508155822753906e+00
4.724874999999999936e+00 4.790682792663574219e+00
4.730084999999999873e+00 4.785508155822753906e+00
4.733742999999999590e+00 4.790682792663574219e+00
4.737335999999999991e+00 4.790682792663574219e+00
4.742573000000000150e+00 4.790682792663574219e+00
4.747749999999999915e+00 4.790682792663574219e+00
4.752985999999999933e+00 4.785508155822753906e+00
4.758151999999999937e+00 4.785508155822753906e+00
4.763390000000000235e+00 4.785508155822753906e+00
4.768546999999999869e+00 4.785508155822753906e+00
4.773765000000000036e+00 4.785508155822753906e+00
4.778942999999999941e+00 4.780333518981933594e+00
4.784174000000000149e+00 4.780333518981933594e+00
4.789375999999999856e+00 4.785508155822753906e+00
4.794634000000000285e+00 4.785508155822753906e+00
4.800341000000000413e+00 4.785508155822753906e+00
4.807972000000000357e+00 4.785508155822753906e+00
4.813235999999999848e+00 4.790682792663574219e+00
4.818407999999999802e+00 4.785508155822753906e+00
4.822138999999999953e+00 4.790682792663574219e+00
4.828009999999999913e+00 4.785508155822753906e+00
4.838487999999999900e+00 4.785508155822753906e+00
4.848213999999999579e+00 4.785508155822753906e+00
4.857249000000000372e+00 4.780333518981933594e+00
4.870006000000000057e+00 4.785508155822753906e+00
4.876736000000000182e+00 4.780333518981933594e+00
4.883458000000000077e+00 4.785508155822753906e+00
4.890871999999999886e+00 4.785508155822753906e+00
4.897700999999999638e+00 4.785508155822753906e+00
4.904831999999999859e+00 4.785508155822753906e+00
4.911667999999999701e+00 4.790682792663574219e+00
4.921501000000000126e+00 4.785508155822753906e+00
4.928135000000000154e+00 4.785508155822753906e+00
4.933514999999999873e+00 4.785508155822753906e+00
4.938763999999999932e+00 4.785508155822753906e+00
4.944041999999999604e+00 4.785508155822753906e+00
4.947748999999999953e+00 4.785508155822753906e+00
4.953054999999999986e+00 4.785508155822753906e+00
4.958254000000000161e+00 4.780333518981933594e+00
4.963554000000000244e+00 4.785508155822753906e+00
4.968804999999999694e+00 4.785508155822753906e+00
4.974118999999999957e+00 4.785508155822753906e+00
4.979365999999999737e+00 4.780333518981933594e+00
4.984761999999999915e+00 4.785508155822753906e+00
4.990090000000000359e+00 4.785508155822753906e+00
4.995763000000000176e+00 4.785508155822753906e+00
4.999563000000000201e+00 4.780333518981933594e+00
5.004915999999999698e+00 4.785508155822753906e+00
5.010246000000000421e+00 4.785508155822753906e+00
5.014381000000000199e+00 4.785508155822753906e+00
5.019652999999999921e+00 4.785508155822753906e+00
5.024956999999999674e+00 4.785508155822753906e+00
5.030636000000000330e+00 4.790682792663574219e+00
5.038593999999999795e+00 4.785508155822753906e+00
5.042354999999999698e+00 4.790682792663574219e+00
5.047672999999999632e+00 4.790682792663574219e+00
5.051543999999999812e+00 4.785508155822753906e+00
5.056833000000000133e+00 4.785508155822753906e+00
5.062114000000000225e+00 4.785508155822753906e+00
5.067461999999999911e+00 4.785508155822753906e+00
5.072834000000000287e+00 4.785508155822753906e+00
5.078128000000000419e+00 4.780333518981933594e+00
5.083489000000000146e+00 4.780333518981933594e+00
5.088820000000000121e+00 4.785508155822753906e+00
5.094185000000000407e+00 4.780333518981933594e+00
5.099503999999999593e+00 4.780333518981933594e+00
5.103377000000000052e+00 4.785508155822753906e+00
5.107152000000000136e+00 4.785508155822753906e+00
5.112512999999999863e+00 4.785508155822753906e+00
5.116349999999999731e+00 4.785508155822753906e+00
5.121672000000000224e+00 4.785508155822753906e+00
5.126953999999999567e+00 4.790682792663574219e+00
5.132297999999999583e+00 4.785508155822753906e+00
5.137599999999999945e+00 4.790682792663574219e+00
5.141420000000000101e+00 4.785508155822753906e+00
5.148773000000000266e+00 4.790682792663574219e+00
5.154514999999999958e+00 4.785508155822753906e+00
5.159849999999999604e+00 4.780333518981933594e+00
5.165258999999999823e+00 4.780333518981933594e+00
5.170673999999999992e+00 4.785508155822753906e+00
5.176032000000000188e+00 4.785508155822753906e+00
5.181499999999999773e+00 4.785508155822753906e+00
5.186866000000000199e+00 4.785508155822753906e+00
5.192262000000000377e+00 4.785508155822753906e+00
5.197638999999999676e+00 4.785508155822753906e+00
5.203063000000000216e+00 4.785508155822753906e+00
5.208797999999999817e+00 4.790682792663574219e+00
5.214212999999999987e+00 4.790682792663574219e+00
5.219579999999999664e+00 4.785508155822753906e+00
5.225592999999999932e+00 4.790682792663574219e+00
5.231405999999999779e+00 4.785508155822753906e+00
5.235178000000000331e+00 4.785508155822753906e+00
5.240644999999999776e+00 4.785508155822753906e+00
5.246023000000000103e+00 4.785508155822753906e+00
5.251489000000000296e+00 4.785508155822753906e+00
5.256865999999999595e+00 4.780333518981933594e+00
5.264381000000000199e+00 4.780333518981933594e+00
5.270167999999999964e+00 4.780333518981933594e+00
5.275538000000000061e+00 4.785508155822753906e+00
5.280954000000000370e+00 4.780333518981933594e+00
5.284759000000000206e+00 4.785508155822753906e+00
5.290205000000000268e+00 4.780333518981933594e+00
5.293955000000000410e+00 4.785508155822753906e+00
5.299352999999999980e+00 4.785508155822753906e+00
5.307211999999999819e+00 4.790682792663574219e+00
5.321132000000000417e+00 4.785508155822753906e+00
5.326324999999999754e+00 4.785508155822753906e+00
5.335491000000000206e+00 4.785508155822753906e+00
5.345455000000000290e+00 4.790682792663574219e+00
5.350954999999999906e+00 4.785508155822753906e+00
5.356333000000000233e+00 2.193037033081054688e+00
5.361756999999999884e+00 2.006752014160156250e+00
5.365553000000000239e+00 4.780333518981933594e+00
5.371201000000000114e+00 1.732498168945312500e+00
5.378459000000000323e+00 2.187862396240234375e+00
5.384039999999999715e+00 2.239608764648437500e+00
5.389434999999999754e+00 3.693669319152832031e+00
5.394949999999999690e+00 2.907131195068359375e+00
5.400427999999999784e+00 2.099894523620605469e+00
5.405837000000000003e+00 2.187862396240234375e+00
5.411300999999999917e+00 2.456941604614257812e+00
5.416768000000000249e+00 4.713064193725585938e+00
5.422171999999999770e+00 2.575957298278808594e+00
5.427571999999999619e+00 2.151640892028808594e+00
5.433055999999999663e+00 2.156815528869628906e+00
5.438475000000000392e+00 2.136116981506347656e+00
5.443920000000000314e+00 2.301703453063964844e+00
5.449335999999999736e+00 3.693669319152832031e+00
5.454924000000000106e+00 1.975704193115234375e+00
5.460391000000000439e+00 2.058497428894042969e+00
5.464159000000000432e+00 2.027450561523437500e+00
5.470367000000000424e+00 2.001577377319335938e+00
5.475792000000000215e+00 2.161990165710449219e+00
5.481300000000000061e+00 3.936875343322753906e+00
5.486761000000000443e+00 1.484118461608886719e+00
5.494386999999999688e+00 1.453070640563964844e+00
5.500087999999999866e+00 1.525514602661132812e+00
5.505524000000000306e+00 1.841164588928222656e+00
5.511042999999999914e+00 4.387064933776855469e+00
5.516519999999999868e+00 1.587610244750976562e+00
5.521969999999999601e+00 2.110243797302246094e+00
5.527396999999999672e+00 2.224084854125976562e+00
5.532924000000000397e+00 2.555258750915527344e+00
5.536753000000000036e+00 2.901956558227539062e+00
5.542214999999999669e+00 7.389764785766601562e-01
5.547674999999999912e+00 2.006752014160156250e+00
5.553264999999999674e+00 1.955005645751953125e+00
5.558716000000000435e+00 2.198211669921875000e+00
5.564212999999999631e+00 2.229259490966796875e+00
5.568177999999999628e+00 2.306878089904785156e+00
5.573697000000000124e+00 2.524210929870605469e+00
5.579121999999999915e+00 3.134813308715820312e+00
5.584634999999999572e+00 4.769984245300292969e+00
5.590119999999999756e+00 1.592784881591796875e+00
5.595547999999999966e+00 1.825640678405761719e+00
5.603030999999999651e+00 1.085674285888671875e+00
5.608798000000000172e+00 2.400020599365234375e+00
5.614311999999999969e+00 2.343100547790527344e+00
5.620035999999999810e+00 2.363799095153808594e+00
5.625479000000000340e+00 2.363799095153808594e+00
5.631041999999999881e+00 2.363799095153808594e+00
5.638024999999999842e+00 2.363799095153808594e+00
5.645063999999999638e+00 2.368973731994628906e+00
5.652130999999999794e+00 2.368973731994628906e+00
5.659132999999999747e+00 2.363799095153808594e+00
5.666244999999999976e+00 2.358624458312988281e+00
5.673249000000000208e+00 2.358624458312988281e+00
5.680304999999999715e+00 2.358624458312988281e+00
5.687358999999999831e+00 2.353449821472167969e+00
5.694427000000000127e+00 2.358624458312988281e+00
5.701481000000000243e+00 2.353449821472167969e+00
5.708486999999999867e+00 2.358624458312988281e+00
5.718611000000000111e+00 2.363799095153808594e+00
5.726250000000000284e+00 2.368973731994628906e+00
5.733220000000000205e+00 2.368973731994628906e+00
5.738709000000000060e+00 2.363799095153808594e+00
5.744270000000000209e+00 2.363799095153808594e+00
5.749763999999999875e+00 2.368973731994628906e+00
5.755319000000000074e+00 2.363799095153808594e+00
5.760924000000000156e+00 2.353449821472167969e+00
5.764796999999999727e+00 2.353449821472167969e+00
5.770396999999999998e+00 2.353449821472167969e+00
5.775907000000000124e+00 2.358624458312988281e+00
5.779781999999999975e+00 2.353449821472167969e+00
5.785349000000000075e+00 2.358624458312988281e+00
5.790904000000000273e+00 2.353449821472167969e+00
5.796414999999999651e+00 2.353449821472167969e+00
5.801938999999999957e+00 2.358624458312988281e+00
5.807478999999999836e+00 2.363799095153808594e+00
5.811365000000000336e+00 2.363799095153808594e+00
5.816855000000000331e+00 2.368973731994628906e+00
5.822359999999999758e+00 2.363799095153808594e+00
5.828012000000000192e+00 2.368973731994628906e+00
5.835848000000000368e+00 2.363799095153808594e+00
5.844759999999999955e+00 2.368973731994628906e+00
5.854224999999999568e+00 2.363799095153808594e+00
5.863274999999999793e+00 2.358624458312988281e+00
5.869114999999999860e+00 2.358624458312988281e+00
5.874787999999999677e+00 2.358624458312988281e+00
5.880406999999999940e+00 2.353449821472167969e+00
5.885970000000000368e+00 2.363799095153808594e+00
5.891594000000000442e+00 2.358624458312988281e+00
5.897130999999999901e+00 2.358624458312988281e+00
5.902758999999999645e+00 2.358624458312988281e+00
5.908371999999999957e+00 2.363799095153808594e+00
5.913991000000000220e+00 2.363799095153808594e+00
5.919539999999999580e+00 2.368973731994628906e+00
5.925238000000000227e+00 2.368973731994628906e+00
5.931085000000000385e+00 2.363799095153808594e+00
5.936649000000000065e+00 2.363799095153808594e+00
5.942212999999999745e+00 2.363799095153808594e+00
5.949761999999999773e+00 2.363799095153808594e+00
5.953865999999999659e+00 2.358624458312988281e+00
5.959407999999999817e+00 2.358624458312988281e+00
5.963409999999999656e+00 2.358624458312988281e+00
5.968951999999999813e+00 2.363799095153808594e+00
5.974561999999999706e+00 2.358624458312988281e+00
5.980178000000000438e+00 2.358624458312988281e+00
5.985736000000000168e+00 2.363799095153808594e+00
5.991371000000000002e+00 2.358624458312988281e+00
5.996940999999999633e+00 2.358624458312988281e+00
6.002514999999999823e+00 2.363799095153808594e+00
6.008092999999999684e+00 2.363799095153808594e+00
6.013742999999999839e+00 2.363799095153808594e+00
6.019302999999999848e+00 2.368973731994628906e+00
6.024956999999999674e+00 2.368973731994628906e+00
6.030796999999999741e+00 2.363799095153808594e+00
6.036392000000000202e+00 2.363799095153808594e+00
6.041979000000000433e+00 2.363799095153808594e+00
6.047589999999999577e+00 2.363799095153808594e+00
6.051548999999999623e+00 2.363799095153808594e+00
6.057113000000000191e+00 2.363799095153808594e+00
6.064652999999999849e+00 2.358624458312988281e+00
6.070377999999999830e+00 2.358624458312988281e+00
6.075953000000000159e+00 2.358624458312988281e+00
6.081603000000000314e+00 2.358624458312988281e+00
6.085600999999999594e+00 2.358624458312988281e+00
6.091340999999999894e+00 2.363799095153808594e+00
6.096934000000000076e+00 2.353449821472167969e+00
6.102552000000000199e+00 2.358624458312988281e+00
6.108158999999999672e+00 2.363799095153808594e+00
6.113845000000000418e+00 2.363799095153808594e+00
6.117791000000000423e+00 2.368973731994628906e+00
6.123463000000000100e+00 2.363799095153808594e+00
6.129118000000000066e+00 2.363799095153808594e+00
6.135032999999999959e+00 2.363799095153808594e+00
6.138944000000000401e+00 2.363799095153808594e+00
6.144597000000000087e+00 2.368973731994628906e+00
6.150273000000000323e+00 2.363799095153808594e+00
6.155884999999999607e+00 2.363799095153808594e+00
6.161580999999999975e+00 2.363799095153808594e+00
6.167228999999999850e+00 2.358624458312988281e+00
6.172927999999999749e+00 2.358624458312988281e+00
6.183194000000000301e+00 2.353449821472167969e+00
6.189000000000000057e+00 2.353449821472167969e+00
6.194708000000000325e+00 2.358624458312988281e+00
6.200427000000000355e+00 2.358624458312988281e+00
6.204348000000000418e+00 2.358624458312988281e+00
6.210028000000000326e+00 2.363799095153808594e+00
6.215695000000000192e+00 2.363799095153808594e+00
6.219738000000000433e+00 2.363799095153808594e+00
6.225418000000000340e+00 2.368973731994628906e+00
6.231162000000000312e+00 2.368973731994628906e+00
6.236989000000000338e+00 2.363799095153808594e+00
6.242668000000000106e+00 2.368973731994628906e+00
6.248323000000000071e+00 2.368973731994628906e+00
6.254048000000000052e+00 2.368973731994628906e+00
6.258014000000000188e+00 2.358624458312988281e+00
6.261929000000000300e+00 2.358624458312988281e+00
6.267595000000000027e+00 2.358624458312988281e+00
6.273321000000000147e+00 2.353449821472167969e+00
6.278985999999999734e+00 2.353449821472167969e+00
6.284717999999999805e+00 2.358624458312988281e+00
6.290456999999999965e+00 2.353449821472167969e+00
6.298271999999999871e+00 2.353449821472167969e+00
6.304177000000000142e+00 2.358624458312988281e+00
6.308341000000000420e+00 2.363799095153808594e+00
6.319704999999999906e+00 2.368973731994628906e+00
6.329598999999999975e+00 2.363799095153808594e+00
6.337431999999999732e+00 2.363799095153808594e+00
6.347660000000000302e+00 2.363799095153808594e+00
6.354950999999999794e+00 2.358624458312988281e+00
6.360775000000000290e+00 2.358624458312988281e+00
6.366494999999999571e+00 2.358624458312988281e+00
6.372314000000000256e+00 2.353449821472167969e+00
6.378039000000000236e+00 2.358624458312988281e+00
6.383837999999999901e+00 2.358624458312988281e+00
6.389554999999999652e+00 2.358624458312988281e+00
6.395434999999999981e+00 2.358624458312988281e+00
6.401239999999999597e+00 2.363799095153808594e+00
6.408962999999999965e+00 2.363799095153808594e+00
6.415085999999999622e+00 2.363799095153808594e+00
6.420899000000000356e+00 2.363799095153808594e+00
6.426626999999999867e+00 2.368973731994628906e+00
6.432368999999999559e+00 2.363799095153808594e+00
6.436575999999999631e+00 2.363799095153808594e+00
6.444033000000000122e+00 2.363799095153808594e+00
6.451495999999999675e+00 2.363799095153808594e+00
6.458928000000000225e+00 2.358624458312988281e+00
6.466421999999999670e+00 2.358624458312988281e+00
6.473974000000000117e+00 2.358624458312988281e+00
6.481453000000000131e+00 2.358624458312988281e+00
6.488884999999999792e+00 2.358624458312988281e+00
6.496395999999999837e+00 2.358624458312988281e+00
6.503908000000000023e+00 2.358624458312988281e+00
6.511401000000000217e+00 2.363799095153808594e+00
6.521948000000000079e+00 2.363799095153808594e+00
6.529735999999999763e+00 2.363799095153808594e+00
6.537353000000000414e+00 2.363799095153808594e+00
6.543603000000000058e+00 2.363799095153808594e+00
6.549377999999999922e+00 2.363799095153808594e+00
6.555297999999999625e+00 2.363799095153808594e+00
6.561116000000000170e+00 2.358624458312988281e+00
6.566875999999999713e+00 2.358624458312988281e+00
6.572842999999999769e+00 2.358624458312988281e+00
6.578611999999999682e+00 2.358624458312988281e+00
