1.170000000000000033e-03 2.508687019348144531e+00
4.616000000000000311e-03 2.508687019348144531e+00
8.104999999999999358e-03 2.508687019348144531e+00
1.153000000000000032e-02 2.508687019348144531e+00
1.505300000000000041e-02 2.503512382507324219e+00
1.858900000000000136e-02 2.508687019348144531e+00
2.188299999999999967e-02 2.503512382507324219e+00
2.533699999999999841e-02 2.503512382507324219e+00
2.878599999999999909e-02 2.503512382507324219e+00
3.207399999999999834e-02 2.503512382507324219e+00
3.553300000000000208e-02 2.508687019348144531e+00
3.899500000000000188e-02 2.503512382507324219e+00
4.243100000000000344e-02 2.498338699340820312e+00
4.589399999999999730e-02 2.498338699340820312e+00
5.612700000000000328e-02 2.493164062500000000e+00
5.974800000000000250e-02 2.498338699340820312e+00
6.317000000000000393e-02 2.498338699340820312e+00
6.661599999999999466e-02 2.503512382507324219e+00
6.991100000000000092e-02 2.503512382507324219e+00
7.336499999999999966e-02 2.498338699340820312e+00
7.683399999999999952e-02 2.498338699340820312e+00
8.012400000000000078e-02 2.498338699340820312e+00
8.357299999999999451e-02 2.498338699340820312e+00
8.700900000000000301e-02 2.503512382507324219e+00
9.034499999999999476e-02 2.503512382507324219e+00
9.377099999999999325e-02 2.503512382507324219e+00
9.720700000000000174e-02 2.503512382507324219e+00
1.005000000000000060e-01 2.508687019348144531e+00
1.039500000000000007e-01 2.503512382507324219e+00
1.074269999999999947e-01 2.508687019348144531e+00
1.107110000000000039e-01 2.503512382507324219e+00
1.141479999999999995e-01 2.503512382507324219e+00
1.177659999999999957e-01 2.503512382507324219e+00
1.212010000000000032e-01 2.508687019348144531e+00
1.244939999999999936e-01 2.503512382507324219e+00
1.279500000000000082e-01 2.503512382507324219e+00
1.314200000000000090e-01 2.503512382507324219e+00
1.346920000000000062e-01 2.503512382507324219e+00
1.381570000000000020e-01 2.503512382507324219e+00
1.415919999999999956e-01 2.503512382507324219e+00
1.449360000000000093e-01 2.498338699340820312e+00
1.483379999999999976e-01 2.498338699340820312e+00
1.518120000000000025e-01 2.498338699340820312e+00
1.551420000000000021e-01 2.503512382507324219e+00
1.586100000000000010e-01 2.498338699340820312e+00
1.620230000000000004e-01 2.498338699340820312e+00
1.713159999999999961e-01 2.498338699340820312e+00
1.756580000000000086e-01 2.493164062500000000e+00
1.795700000000000074e-01 2.498338699340820312e+00
1.834060000000000135e-01 2.498338699340820312e+00
1.869310000000000138e-01 2.498338699340820312e+00
1.903809999999999947e-01 2.498338699340820312e+00
1.936769999999999881e-01 2.503512382507324219e+00
1.971390000000000087e-01 2.503512382507324219e+00
2.005730000000000013e-01 2.503512382507324219e+00
2.040269999999999861e-01 2.503512382507324219e+00
2.076369999999999882e-01 2.503512382507324219e+00
2.109530000000000016e-01 2.503512382507324219e+00
2.143799999999999872e-01 2.503512382507324219e+00
2.183390000000000053e-01 2.503512382507324219e+00
2.217399999999999927e-01 2.503512382507324219e+00
2.252139999999999975e-01 2.503512382507324219e+00
2.285050000000000137e-01 2.503512382507324219e+00
2.319559999999999955e-01 2.508687019348144531e+00
2.353919999999999901e-01 2.508687019348144531e+00
2.386800000000000033e-01 2.508687019348144531e+00
2.421349999999999891e-01 2.503512382507324219e+00
2.456109999999999960e-01 2.503512382507324219e+00
2.490400000000000114e-01 2.498338699340820312e+00
2.525229999999999975e-01 2.503512382507324219e+00
2.559719999999999773e-01 2.498338699340820312e+00
2.596530000000000227e-01 2.498338699340820312e+00
2.631850000000000023e-01 2.498338699340820312e+00
2.664779999999999927e-01 2.498338699340820312e+00
2.699610000000000065e-01 2.498338699340820312e+00
2.733740000000000059e-01 2.493164062500000000e+00
2.768390000000000017e-01 2.498338699340820312e+00
2.801250000000000129e-01 2.493164062500000000e+00
2.838870000000000005e-01 2.493164062500000000e+00
2.933390000000000164e-01 2.498338699340820312e+00
2.969080000000000052e-01 2.503512382507324219e+00
3.003609999999999891e-01 2.503512382507324219e+00
3.038170000000000037e-01 2.503512382507324219e+00
3.071110000000000229e-01 2.503512382507324219e+00
3.105800000000000227e-01 2.508687019348144531e+00
3.140260000000000273e-01 2.503512382507324219e+00
3.176200000000000134e-01 2.503512382507324219e+00
3.209150000000000058e-01 2.508687019348144531e+00
3.243659999999999877e-01 2.508687019348144531e+00
3.279699999999999838e-01 2.508687019348144531e+00
3.314219999999999944e-01 2.508687019348144531e+00
3.347180000000000155e-01 2.508687019348144531e+00
3.381870000000000154e-01 2.508687019348144531e+00
3.416230000000000100e-01 2.503512382507324219e+00
3.450039999999999774e-01 2.498338699340820312e+00
3.484110000000000262e-01 2.498338699340820312e+00
3.517029999999999879e-01 2.503512382507324219e+00
3.551830000000000265e-01 2.498338699340820312e+00
3.586030000000000051e-01 2.493164062500000000e+00
3.619020000000000015e-01 2.493164062500000000e+00
3.653549999999999853e-01 2.493164062500000000e+00
3.689700000000000202e-01 2.493164062500000000e+00
3.725550000000000250e-01 2.493164062500000000e+00
3.760089999999999821e-01 2.493164062500000000e+00
3.793050000000000033e-01 2.493164062500000000e+00
3.827539999999999831e-01 2.487989425659179688e+00
3.862070000000000225e-01 2.493164062500000000e+00
3.894969999999999821e-01 2.493164062500000000e+00
3.929639999999999800e-01 2.498338699340820312e+00
3.964230000000000254e-01 2.503512382507324219e+00
4.056069999999999953e-01 2.508687019348144531e+00
4.095630000000000104e-01 2.508687019348144531e+00
4.132060000000000177e-01 2.508687019348144531e+00
4.164820000000000189e-01 2.508687019348144531e+00
4.199280000000000235e-01 2.513861656188964844e+00
4.233799999999999786e-01 2.508687019348144531e+00
4.268310000000000159e-01 2.508687019348144531e+00
4.301269999999999816e-01 2.508687019348144531e+00
4.335760000000000169e-01 2.508687019348144531e+00
4.368730000000000113e-01 2.508687019348144531e+00
4.403259999999999952e-01 2.503512382507324219e+00
4.438130000000000130e-01 2.493164062500000000e+00
4.471040000000000014e-01 2.493164062500000000e+00
4.505500000000000060e-01 2.498338699340820312e+00
4.540029999999999899e-01 2.498338699340820312e+00
4.576160000000000228e-01 2.493164062500000000e+00
4.609130000000000171e-01 2.493164062500000000e+00
4.643599999999999950e-01 2.498338699340820312e+00
4.679820000000000091e-01 2.493164062500000000e+00
4.712359999999999882e-01 2.498338699340820312e+00
4.747029999999999861e-01 2.498338699340820312e+00
4.781569999999999987e-01 2.493164062500000000e+00
4.816139999999999866e-01 2.498338699340820312e+00
4.849550000000000249e-01 2.498338699340820312e+00
4.883680000000000243e-01 2.498338699340820312e+00
4.918239999999999834e-01 2.503512382507324219e+00
4.951260000000000105e-01 2.513861656188964844e+00
4.985680000000000112e-01 2.508687019348144531e+00
5.019959999999999978e-01 2.508687019348144531e+00
5.053290000000000282e-01 2.508687019348144531e+00
5.087540000000000395e-01 2.508687019348144531e+00
5.122090000000000254e-01 2.508687019348144531e+00
5.155089999999999950e-01 2.508687019348144531e+00
5.254269999999999774e-01 2.508687019348144531e+00
5.291320000000000467e-01 2.508687019348144531e+00
5.326100000000000279e-01 2.503512382507324219e+00
5.360519999999999730e-01 2.503512382507324219e+00
5.395450000000000523e-01 2.503512382507324219e+00
5.429910000000000014e-01 2.498338699340820312e+00
5.463010000000000366e-01 2.493164062500000000e+00
5.497309999999999697e-01 2.493164062500000000e+00
5.531949999999999923e-01 2.493164062500000000e+00
5.564810000000000034e-01 2.493164062500000000e+00
5.599669999999999925e-01 2.493164062500000000e+00
5.633759999999999879e-01 2.498338699340820312e+00
5.668469999999999898e-01 2.498338699340820312e+00
5.704719999999999791e-01 2.503512382507324219e+00
5.738830000000000320e-01 2.503512382507324219e+00
5.773300000000000098e-01 2.503512382507324219e+00
5.807909999999999462e-01 2.503512382507324219e+00
5.844089999999999563e-01 2.503512382507324219e+00
5.888999999999999790e-01 2.503512382507324219e+00
5.925169999999999604e-01 2.508687019348144531e+00
5.959680000000000533e-01 2.508687019348144531e+00
5.994369999999999976e-01 2.508687019348144531e+00
6.027169999999999472e-01 2.508687019348144531e+00
6.061670000000000114e-01 2.508687019348144531e+00
6.096369999999999845e-01 2.503512382507324219e+00
6.129280000000000284e-01 2.503512382507324219e+00
6.163640000000000230e-01 2.503512382507324219e+00
6.198339999999999961e-01 2.508687019348144531e+00
6.231130000000000280e-01 2.508687019348144531e+00
6.265640000000000098e-01 2.508687019348144531e+00
6.300189999999999957e-01 2.508687019348144531e+00
6.333100000000000396e-01 2.508687019348144531e+00
6.432900000000000285e-01 2.498338699340820312e+00
6.469770000000000243e-01 2.498338699340820312e+00
6.502769999999999939e-01 2.498338699340820312e+00
6.537279999999999758e-01 2.503512382507324219e+00
6.571799999999999864e-01 2.503512382507324219e+00
6.605400000000000160e-01 2.503512382507324219e+00
6.642329999999999623e-01 2.503512382507324219e+00
6.676779999999999937e-01 2.503512382507324219e+00
6.711040000000000338e-01 2.508687019348144531e+00
6.745769999999999822e-01 2.503512382507324219e+00
6.782000000000000250e-01 2.503512382507324219e+00
6.814949999999999619e-01 2.498338699340820312e+00
6.849769999999999470e-01 2.503512382507324219e+00
6.883820000000000494e-01 2.508687019348144531e+00
6.916719999999999535e-01 2.503512382507324219e+00
6.951300000000000257e-01 2.508687019348144531e+00
6.985729999999999995e-01 2.503512382507324219e+00
7.020469999999999766e-01 2.508687019348144531e+00
7.056400000000000450e-01 2.508687019348144531e+00
7.090849999999999653e-01 2.508687019348144531e+00
7.125270000000000215e-01 2.508687019348144531e+00
7.159820000000000073e-01 2.503512382507324219e+00
7.192910000000000137e-01 2.508687019348144531e+00
7.227209999999999468e-01 2.513861656188964844e+00
7.261889999999999734e-01 2.508687019348144531e+00
7.295049999999999590e-01 2.508687019348144531e+00
7.329550000000000232e-01 2.508687019348144531e+00
7.364070000000000338e-01 2.508687019348144531e+00
7.396989999999999954e-01 2.513861656188964844e+00
7.431499999999999773e-01 2.508687019348144531e+00
7.466509999999999536e-01 2.503512382507324219e+00
7.553379999999999539e-01 2.503512382507324219e+00
7.590130000000000488e-01 2.498338699340820312e+00
7.626220000000000221e-01 2.503512382507324219e+00
7.659380000000000077e-01 2.503512382507324219e+00
7.693680000000000518e-01 2.498338699340820312e+00
7.726410000000000222e-01 2.498338699340820312e+00
7.761109999999999953e-01 2.498338699340820312e+00
7.795729999999999604e-01 2.498338699340820312e+00
7.830099999999999838e-01 2.493164062500000000e+00
7.863240000000000229e-01 2.498338699340820312e+00
7.897579999999999600e-01 2.493164062500000000e+00
7.932120000000000282e-01 2.503512382507324219e+00
7.965029999999999610e-01 2.508687019348144531e+00
7.999709999999999877e-01 2.508687019348144531e+00
8.034080000000000110e-01 2.513861656188964844e+00
8.067280000000000006e-01 2.508687019348144531e+00
8.101909999999999945e-01 2.508687019348144531e+00
8.136090000000000266e-01 2.508687019348144531e+00
8.169119999999999715e-01 2.508687019348144531e+00
8.203540000000000276e-01 2.508687019348144531e+00
8.238079999999999847e-01 2.513861656188964844e+00
8.271380000000000399e-01 2.508687019348144531e+00
8.305900000000000505e-01 2.513861656188964844e+00
8.338889999999999914e-01 2.513861656188964844e+00
8.373329999999999940e-01 2.508687019348144531e+00
8.407850000000000046e-01 2.508687019348144531e+00
8.440790000000000237e-01 2.508687019348144531e+00
8.475289999999999768e-01 2.503512382507324219e+00
8.509839999999999627e-01 2.503512382507324219e+00
8.544310000000000516e-01 2.503512382507324219e+00
8.578789999999999472e-01 2.503512382507324219e+00
8.613239999999999785e-01 2.498338699340820312e+00
8.650419999999999776e-01 2.498338699340820312e+00
8.746599999999999930e-01 2.498338699340820312e+00
8.784349999999999659e-01 2.498338699340820312e+00
8.817139999999999977e-01 2.498338699340820312e+00
8.851700000000000124e-01 2.498338699340820312e+00
8.886349999999999527e-01 2.498338699340820312e+00
8.919179999999999886e-01 2.503512382507324219e+00
8.953149999999999720e-01 2.508687019348144531e+00
8.987420000000000408e-01 2.513861656188964844e+00
9.022369999999999557e-01 2.513861656188964844e+00
9.146330000000000293e-01 2.513861656188964844e+00
9.218990000000000240e-01 2.513861656188964844e+00
9.253059999999999619e-01 2.508687019348144531e+00
9.290880000000000249e-01 2.513861656188964844e+00
9.345059999999999478e-01 2.513861656188964844e+00
9.381429999999999492e-01 2.513861656188964844e+00
9.415790000000000548e-01 2.508687019348144531e+00
9.449680000000000302e-01 2.503512382507324219e+00
9.483700000000000463e-01 2.498338699340820312e+00
9.518109999999999626e-01 2.498338699340820312e+00
9.551079999999999570e-01 2.498338699340820312e+00
9.585489999999999844e-01 2.498338699340820312e+00
9.620060000000000278e-01 2.498338699340820312e+00
9.653040000000000509e-01 2.498338699340820312e+00
9.687480000000000535e-01 2.498338699340820312e+00
9.722009999999999819e-01 2.498338699340820312e+00
9.754930000000000545e-01 2.498338699340820312e+00
9.790250000000000341e-01 2.498338699340820312e+00
9.889499999999999957e-01 2.498338699340820312e+00
9.924500000000000544e-01 2.508687019348144531e+00
9.960470000000000157e-01 2.513861656188964844e+00
9.994899999999999896e-01 2.513861656188964844e+00
1.003999000000000086e+00 2.513861656188964844e+00
1.008148999999999962e+00 2.513861656188964844e+00
1.012192999999999898e+00 2.513861656188964844e+00
1.016224999999999934e+00 2.508687019348144531e+00
1.020278999999999936e+00 2.513861656188964844e+00
1.024310000000000054e+00 2.513861656188964844e+00
1.028659999999999908e+00 2.508687019348144531e+00
1.032667999999999919e+00 2.503512382507324219e+00
1.036720000000000086e+00 2.503512382507324219e+00
1.040753999999999957e+00 2.508687019348144531e+00
1.044788999999999968e+00 2.503512382507324219e+00
1.048931999999999976e+00 2.498338699340820312e+00
1.052980000000000027e+00 2.498338699340820312e+00
1.057163999999999993e+00 2.498338699340820312e+00
1.061228999999999978e+00 2.498338699340820312e+00
1.065385999999999944e+00 2.498338699340820312e+00
1.069479999999999986e+00 2.498338699340820312e+00
1.073514000000000079e+00 2.503512382507324219e+00
1.077836999999999934e+00 2.508687019348144531e+00
1.081889000000000101e+00 2.503512382507324219e+00
1.085966999999999905e+00 2.503512382507324219e+00
1.090049000000000046e+00 2.503512382507324219e+00
1.094127000000000072e+00 2.508687019348144531e+00
1.103156999999999943e+00 2.508687019348144531e+00
1.109633000000000091e+00 2.513861656188964844e+00
1.113823000000000008e+00 2.508687019348144531e+00
1.117996999999999908e+00 2.508687019348144531e+00
1.122098999999999958e+00 2.508687019348144531e+00
1.126236000000000015e+00 2.508687019348144531e+00
1.130363000000000007e+00 2.508687019348144531e+00
1.134466999999999892e+00 2.508687019348144531e+00
1.138710000000000111e+00 2.513861656188964844e+00
1.142835000000000045e+00 2.503512382507324219e+00
1.147041999999999895e+00 2.498338699340820312e+00
1.151142000000000110e+00 2.498338699340820312e+00
1.155434999999999990e+00 2.503512382507324219e+00
1.159601000000000104e+00 2.503512382507324219e+00
1.163740999999999914e+00 2.508687019348144531e+00
1.167960000000000109e+00 2.503512382507324219e+00
1.172117000000000075e+00 2.508687019348144531e+00
1.176301999999999959e+00 2.503512382507324219e+00
1.180657999999999985e+00 2.503512382507324219e+00
1.184814999999999952e+00 2.503512382507324219e+00
1.189035000000000064e+00 2.508687019348144531e+00
1.193171999999999899e+00 2.508687019348144531e+00
1.197427000000000019e+00 2.508687019348144531e+00
1.201594999999999969e+00 2.508687019348144531e+00
1.205807999999999991e+00 2.508687019348144531e+00
1.209967999999999932e+00 2.508687019348144531e+00
1.214118999999999948e+00 2.508687019348144531e+00
1.223058999999999896e+00 2.508687019348144531e+00
1.229732999999999965e+00 2.508687019348144531e+00
1.233916999999999931e+00 2.508687019348144531e+00
1.238199000000000050e+00 2.508687019348144531e+00
1.242399000000000031e+00 2.513861656188964844e+00
1.246614000000000111e+00 2.508687019348144531e+00
1.250799999999999912e+00 2.503512382507324219e+00
1.255022000000000082e+00 2.508687019348144531e+00
1.259233000000000047e+00 2.503512382507324219e+00
1.263441000000000036e+00 2.508687019348144531e+00
1.267722999999999933e+00 2.508687019348144531e+00
1.271900999999999948e+00 2.508687019348144531e+00
1.276100999999999930e+00 2.508687019348144531e+00
1.280372000000000066e+00 2.503512382507324219e+00
1.284599999999999964e+00 2.498338699340820312e+00
1.288901000000000074e+00 2.498338699340820312e+00
1.293168000000000095e+00 2.503512382507324219e+00
1.297479999999999967e+00 2.508687019348144531e+00
1.301711000000000062e+00 2.508687019348144531e+00
1.305957000000000034e+00 2.508687019348144531e+00
1.310216000000000047e+00 2.508687019348144531e+00
1.314476999999999896e+00 2.508687019348144531e+00
1.318823999999999996e+00 2.508687019348144531e+00
1.323071000000000108e+00 2.513861656188964844e+00
1.327406000000000086e+00 2.513861656188964844e+00
1.331682999999999950e+00 2.513861656188964844e+00
1.336057999999999968e+00 2.513861656188964844e+00
1.347833999999999977e+00 2.508687019348144531e+00
1.352448000000000095e+00 2.508687019348144531e+00
1.356737000000000082e+00 2.503512382507324219e+00
1.361021999999999954e+00 2.503512382507324219e+00
1.365366999999999997e+00 2.498338699340820312e+00
1.369629999999999903e+00 2.498338699340820312e+00
1.373893000000000031e+00 2.498338699340820312e+00
1.377240999999999937e+00 2.498338699340820312e+00
1.381580999999999948e+00 2.498338699340820312e+00
1.385945999999999900e+00 2.498338699340820312e+00
1.390244000000000035e+00 2.503512382507324219e+00
1.394544000000000006e+00 2.508687019348144531e+00
1.398911999999999933e+00 2.508687019348144531e+00
1.403200000000000003e+00 2.508687019348144531e+00
1.407577000000000078e+00 2.513861656188964844e+00
1.411885999999999974e+00 2.513861656188964844e+00
1.416171999999999986e+00 2.513861656188964844e+00
1.420503000000000071e+00 2.513861656188964844e+00
1.424843000000000082e+00 2.513861656188964844e+00
1.429319999999999924e+00 2.513861656188964844e+00
1.433629999999999960e+00 2.513861656188964844e+00
1.438028000000000084e+00 2.513861656188964844e+00
1.442352000000000078e+00 2.508687019348144531e+00
1.446679000000000048e+00 2.503512382507324219e+00
1.450987000000000027e+00 2.498338699340820312e+00
1.455399000000000109e+00 2.498338699340820312e+00
1.459837000000000051e+00 2.503512382507324219e+00
1.471826000000000079e+00 2.498338699340820312e+00
1.476587000000000094e+00 2.503512382507324219e+00
1.481082000000000010e+00 2.498338699340820312e+00
1.485724000000000045e+00 2.498338699340820312e+00
1.490107000000000070e+00 2.503512382507324219e+00
1.494501000000000079e+00 2.513861656188964844e+00
1.498992000000000102e+00 2.513861656188964844e+00
1.503368000000000038e+00 2.513861656188964844e+00
1.507822999999999913e+00 2.513861656188964844e+00
1.512200999999999906e+00 2.513861656188964844e+00
1.516620000000000079e+00 2.513861656188964844e+00
1.521006999999999998e+00 2.519036293029785156e+00
1.525490000000000013e+00 2.513861656188964844e+00
1.529938000000000020e+00 2.513861656188964844e+00
1.534332999999999947e+00 2.508687019348144531e+00
1.538901000000000074e+00 2.513861656188964844e+00
1.543285999999999936e+00 2.503512382507324219e+00
1.547727000000000075e+00 2.498338699340820312e+00
1.552119000000000026e+00 2.498338699340820312e+00
1.556524999999999936e+00 2.498338699340820312e+00
1.560956999999999928e+00 2.498338699340820312e+00
1.565477999999999925e+00 2.493164062500000000e+00
1.569903999999999966e+00 2.498338699340820312e+00
1.574333999999999900e+00 2.503512382507324219e+00
1.578875000000000028e+00 2.508687019348144531e+00
1.583342000000000027e+00 2.508687019348144531e+00
1.605574999999999974e+00 2.508687019348144531e+00
1.611329000000000011e+00 2.513861656188964844e+00
1.615973000000000104e+00 2.513861656188964844e+00
1.620419000000000054e+00 2.513861656188964844e+00
1.624927999999999928e+00 2.508687019348144531e+00
1.629386999999999919e+00 2.508687019348144531e+00
1.633828999999999976e+00 2.508687019348144531e+00
1.638346000000000080e+00 2.508687019348144531e+00
1.642822999999999922e+00 2.503512382507324219e+00
1.647367999999999943e+00 2.503512382507324219e+00
1.651828999999999992e+00 2.498338699340820312e+00
1.656330999999999998e+00 2.503512382507324219e+00
1.660809999999999897e+00 2.508687019348144531e+00
1.665634999999999977e+00 2.503512382507324219e+00
1.670231999999999939e+00 2.508687019348144531e+00
1.674792999999999976e+00 2.508687019348144531e+00
1.679424999999999946e+00 2.508687019348144531e+00
1.683990000000000098e+00 2.508687019348144531e+00
1.688698000000000032e+00 2.508687019348144531e+00
1.693256000000000094e+00 2.508687019348144531e+00
1.697894000000000014e+00 2.508687019348144531e+00
1.702474999999999961e+00 2.508687019348144531e+00
1.707060999999999940e+00 2.508687019348144531e+00
1.711665999999999910e+00 2.513861656188964844e+00
1.716269000000000045e+00 2.508687019348144531e+00
1.728045000000000053e+00 2.513861656188964844e+00
1.733082999999999929e+00 2.508687019348144531e+00
1.737953999999999999e+00 2.513861656188964844e+00
1.742544000000000093e+00 2.508687019348144531e+00
1.747224000000000110e+00 2.508687019348144531e+00
1.751830999999999916e+00 2.508687019348144531e+00
1.756461999999999968e+00 2.508687019348144531e+00
1.761050000000000004e+00 2.508687019348144531e+00
1.765759000000000079e+00 2.508687019348144531e+00
1.770081999999999933e+00 2.503512382507324219e+00
1.773951000000000056e+00 2.508687019348144531e+00
1.777860999999999914e+00 2.508687019348144531e+00
1.781730000000000036e+00 2.503512382507324219e+00
1.784748999999999919e+00 2.503512382507324219e+00
1.788680000000000048e+00 2.503512382507324219e+00
1.792558000000000096e+00 2.503512382507324219e+00
1.796424999999999939e+00 2.508687019348144531e+00
1.800289999999999946e+00 2.513861656188964844e+00
1.804154000000000035e+00 2.513861656188964844e+00
1.808081999999999967e+00 2.508687019348144531e+00
1.811965999999999966e+00 2.513861656188964844e+00
1.815852000000000022e+00 2.513861656188964844e+00
1.819725000000000037e+00 2.513861656188964844e+00
1.823595000000000077e+00 2.513861656188964844e+00
1.827550999999999926e+00 2.513861656188964844e+00
1.831436999999999982e+00 2.513861656188964844e+00
1.835369999999999946e+00 2.513861656188964844e+00
1.839269000000000043e+00 2.519036293029785156e+00
1.847989000000000104e+00 2.508687019348144531e+00
1.852003000000000066e+00 2.508687019348144531e+00
1.855952999999999964e+00 2.508687019348144531e+00
1.859849000000000085e+00 2.508687019348144531e+00
1.863768000000000091e+00 2.508687019348144531e+00
1.867714000000000096e+00 2.508687019348144531e+00
1.871618999999999922e+00 2.498338699340820312e+00
1.875601000000000074e+00 2.498338699340820312e+00
1.879537999999999931e+00 2.503512382507324219e+00
1.883453999999999962e+00 2.503512382507324219e+00
1.887421999999999933e+00 2.503512382507324219e+00
1.891572999999999949e+00 2.503512382507324219e+00
1.895604000000000067e+00 2.513861656188964844e+00
1.899861000000000022e+00 2.513861656188964844e+00
1.903799000000000019e+00 2.513861656188964844e+00
1.907866999999999980e+00 2.513861656188964844e+00
1.916566999999999910e+00 2.513861656188964844e+00
1.922314000000000078e+00 2.513861656188964844e+00
1.927837999999999941e+00 2.519036293029785156e+00
1.932954000000000061e+00 2.513861656188964844e+00
1.937078999999999995e+00 2.513861656188964844e+00
1.941152999999999906e+00 2.508687019348144531e+00
1.946701000000000015e+00 2.508687019348144531e+00
1.950976999999999961e+00 2.503512382507324219e+00
1.954979000000000022e+00 2.503512382507324219e+00
1.958998000000000017e+00 2.503512382507324219e+00
1.968167000000000000e+00 2.503512382507324219e+00
1.972271000000000107e+00 2.503512382507324219e+00
1.976267999999999914e+00 2.503512382507324219e+00
1.980224999999999902e+00 2.498338699340820312e+00
1.984180999999999973e+00 2.503512382507324219e+00
1.988213999999999926e+00 2.503512382507324219e+00
1.992221000000000020e+00 2.508687019348144531e+00
1.996215000000000073e+00 2.513861656188964844e+00
2.000172000000000061e+00 2.513861656188964844e+00
2.004135000000000222e+00 2.519036293029785156e+00
2.008164999999999978e+00 2.513861656188964844e+00
2.012125000000000163e+00 2.519036293029785156e+00
2.015124999999999833e+00 2.513861656188964844e+00
2.019090999999999969e+00 2.513861656188964844e+00
2.022168999999999883e+00 2.513861656188964844e+00
2.026181999999999928e+00 2.513861656188964844e+00
2.030155000000000154e+00 2.513861656188964844e+00
2.034126999999999796e+00 2.513861656188964844e+00
2.038162999999999947e+00 2.513861656188964844e+00
2.042139000000000149e+00 2.508687019348144531e+00
2.046139000000000152e+00 2.503512382507324219e+00
2.050122000000000000e+00 2.503512382507324219e+00
2.054120000000000168e+00 2.503512382507324219e+00
2.058159999999999989e+00 2.503512382507324219e+00
2.062154000000000043e+00 2.503512382507324219e+00
2.066151000000000071e+00 2.498338699340820312e+00
2.070139000000000173e+00 2.498338699340820312e+00
2.079105999999999899e+00 2.503512382507324219e+00
2.083616999999999830e+00 2.503512382507324219e+00
2.086816999999999922e+00 2.508687019348144531e+00
2.090816999999999926e+00 2.503512382507324219e+00
2.095076999999999856e+00 2.513861656188964844e+00
2.099107000000000056e+00 2.513861656188964844e+00
2.103127999999999886e+00 2.519036293029785156e+00
2.107238999999999862e+00 2.513861656188964844e+00
2.111275000000000013e+00 2.519036293029785156e+00
2.115366999999999997e+00 2.513861656188964844e+00
2.119404999999999983e+00 2.513861656188964844e+00
2.123438999999999854e+00 2.513861656188964844e+00
2.127550999999999970e+00 2.513861656188964844e+00
2.131585999999999981e+00 2.513861656188964844e+00
2.135666000000000064e+00 2.513861656188964844e+00
2.139705000000000190e+00 2.513861656188964844e+00
2.142790999999999890e+00 2.508687019348144531e+00
2.146828999999999876e+00 2.503512382507324219e+00
2.150859000000000076e+00 2.503512382507324219e+00
2.154901999999999873e+00 2.503512382507324219e+00
2.157966000000000051e+00 2.503512382507324219e+00
2.161996999999999947e+00 2.508687019348144531e+00
2.166059999999999874e+00 2.508687019348144531e+00
2.170135999999999843e+00 2.508687019348144531e+00
2.174196999999999935e+00 2.508687019348144531e+00
2.178287999999999780e+00 2.508687019348144531e+00
2.182335000000000136e+00 2.508687019348144531e+00
2.191349999999999909e+00 2.513861656188964844e+00
2.195923000000000069e+00 2.513861656188964844e+00
2.199987000000000137e+00 2.513861656188964844e+00
2.204054000000000180e+00 2.513861656188964844e+00
2.208168999999999826e+00 2.513861656188964844e+00
2.212226999999999943e+00 2.513861656188964844e+00
2.216311000000000142e+00 2.508687019348144531e+00
2.220377000000000045e+00 2.513861656188964844e+00
2.224457999999999824e+00 2.508687019348144531e+00
2.228652999999999995e+00 2.513861656188964844e+00
2.232709999999999972e+00 2.508687019348144531e+00
2.236794000000000171e+00 2.513861656188964844e+00
2.240885000000000016e+00 2.513861656188964844e+00
2.245032000000000139e+00 2.503512382507324219e+00
2.249118999999999868e+00 2.503512382507324219e+00
2.253195999999999977e+00 2.508687019348144531e+00
2.257295000000000051e+00 2.508687019348144531e+00
2.261368000000000045e+00 2.508687019348144531e+00
2.265496999999999872e+00 2.508687019348144531e+00
2.268585999999999991e+00 2.508687019348144531e+00
2.272667999999999910e+00 2.508687019348144531e+00
2.275799999999999823e+00 2.508687019348144531e+00
2.279876999999999931e+00 2.508687019348144531e+00
2.282999999999999918e+00 2.508687019348144531e+00
2.287145000000000206e+00 2.508687019348144531e+00
2.291249000000000091e+00 2.508687019348144531e+00
2.295520999999999923e+00 2.508687019348144531e+00
2.299745999999999846e+00 2.508687019348144531e+00
2.308511000000000202e+00 2.513861656188964844e+00
2.312762000000000207e+00 2.508687019348144531e+00
2.316937999999999942e+00 2.513861656188964844e+00
2.321079999999999810e+00 2.508687019348144531e+00
2.325267000000000195e+00 2.513861656188964844e+00
2.328381999999999952e+00 2.513861656188964844e+00
2.332504000000000133e+00 2.513861656188964844e+00
2.336646000000000001e+00 2.519036293029785156e+00
2.339808000000000110e+00 2.519036293029785156e+00
2.343942000000000192e+00 2.513861656188964844e+00
2.348085000000000200e+00 2.508687019348144531e+00
2.351107999999999976e+00 2.508687019348144531e+00
2.354258999999999880e+00 2.508687019348144531e+00
2.358497999999999983e+00 2.508687019348144531e+00
2.362643999999999966e+00 2.508687019348144531e+00
2.366770999999999958e+00 2.503512382507324219e+00
2.370918000000000081e+00 2.508687019348144531e+00
2.375131999999999799e+00 2.503512382507324219e+00
2.379297999999999913e+00 2.503512382507324219e+00
2.383449999999999847e+00 2.503512382507324219e+00
2.387672999999999934e+00 2.503512382507324219e+00
2.390824999999999978e+00 2.503512382507324219e+00
2.393962999999999841e+00 2.508687019348144531e+00
2.398197000000000134e+00 2.508687019348144531e+00
2.402524999999999800e+00 2.513861656188964844e+00
2.406683999999999823e+00 2.513861656188964844e+00
2.410877000000000159e+00 2.508687019348144531e+00
2.413975999999999900e+00 2.513861656188964844e+00
2.418210000000000193e+00 2.513861656188964844e+00
2.427035000000000053e+00 2.513861656188964844e+00
2.431344999999999867e+00 2.513861656188964844e+00
2.435613000000000028e+00 2.519036293029785156e+00
2.439795000000000158e+00 2.513861656188964844e+00
2.443977999999999984e+00 2.513861656188964844e+00
2.448154000000000163e+00 2.508687019348144531e+00
2.452347000000000055e+00 2.508687019348144531e+00
2.456541999999999781e+00 2.503512382507324219e+00
2.460716999999999821e+00 2.503512382507324219e+00
2.464944000000000024e+00 2.503512382507324219e+00
2.469151999999999791e+00 2.503512382507324219e+00
2.473418999999999812e+00 2.503512382507324219e+00
2.478619999999999823e+00 2.503512382507324219e+00
2.483727000000000018e+00 2.498338699340820312e+00
2.488910999999999873e+00 2.503512382507324219e+00
2.494018000000000068e+00 2.508687019348144531e+00
2.499229999999999841e+00 2.513861656188964844e+00
2.504420999999999786e+00 2.513861656188964844e+00
2.509666000000000174e+00 2.513861656188964844e+00
2.514772999999999925e+00 2.513861656188964844e+00
2.519998000000000182e+00 2.513861656188964844e+00
2.525176000000000087e+00 2.513861656188964844e+00
2.530330000000000190e+00 2.519036293029785156e+00
2.535521000000000136e+00 2.519036293029785156e+00
2.546400999999999915e+00 2.513861656188964844e+00
2.553179000000000087e+00 2.503512382507324219e+00
2.558466999999999825e+00 2.503512382507324219e+00
2.563661000000000190e+00 2.503512382507324219e+00
2.567543999999999826e+00 2.503512382507324219e+00
2.573353000000000002e+00 2.503512382507324219e+00
2.578040000000000109e+00 2.498338699340820312e+00
2.582478000000000051e+00 2.503512382507324219e+00
2.586898000000000142e+00 2.508687019348144531e+00
2.591288000000000036e+00 2.513861656188964844e+00
2.594634000000000107e+00 2.519036293029785156e+00
2.599079000000000139e+00 2.513861656188964844e+00
2.602478000000000069e+00 2.519036293029785156e+00
2.606889999999999930e+00 2.513861656188964844e+00
2.611158999999999786e+00 2.519036293029785156e+00
2.615460000000000118e+00 2.513861656188964844e+00
2.619743000000000155e+00 2.519036293029785156e+00
2.623991999999999880e+00 2.513861656188964844e+00
2.628284999999999982e+00 2.513861656188964844e+00
2.632528999999999897e+00 2.513861656188964844e+00
2.636801000000000172e+00 2.513861656188964844e+00
2.639984000000000108e+00 2.513861656188964844e+00
2.644232000000000138e+00 2.508687019348144531e+00
2.648556999999999828e+00 2.503512382507324219e+00
2.652826000000000128e+00 2.503512382507324219e+00
2.657163000000000164e+00 2.503512382507324219e+00
2.661664000000000030e+00 2.508687019348144531e+00
2.670894999999999797e+00 2.508687019348144531e+00
2.675311000000000217e+00 2.503512382507324219e+00
2.679549000000000181e+00 2.508687019348144531e+00
2.683794999999999931e+00 2.503512382507324219e+00
2.688098000000000098e+00 2.508687019348144531e+00
2.692362000000000144e+00 2.508687019348144531e+00
2.696645999999999876e+00 2.513861656188964844e+00
2.700905999999999807e+00 2.519036293029785156e+00
2.705248000000000097e+00 2.519036293029785156e+00
2.709529999999999994e+00 2.513861656188964844e+00
2.713794000000000040e+00 2.508687019348144531e+00
2.718113999999999919e+00 2.513861656188964844e+00
2.722380999999999940e+00 2.513861656188964844e+00
2.726678000000000157e+00 2.513861656188964844e+00
2.730947000000000013e+00 2.508687019348144531e+00
2.735281000000000073e+00 2.513861656188964844e+00
2.739561999999999831e+00 2.508687019348144531e+00
2.742792999999999815e+00 2.503512382507324219e+00
2.747163000000000022e+00 2.503512382507324219e+00
2.751472999999999836e+00 2.508687019348144531e+00
2.755860000000000198e+00 2.508687019348144531e+00
2.760171000000000152e+00 2.508687019348144531e+00
2.763405999999999807e+00 2.508687019348144531e+00
2.767758999999999858e+00 2.503512382507324219e+00
2.772091000000000083e+00 2.513861656188964844e+00
2.776431999999999789e+00 2.508687019348144531e+00
2.785311999999999788e+00 2.503512382507324219e+00
2.789864999999999817e+00 2.503512382507324219e+00
2.794216000000000033e+00 2.513861656188964844e+00
2.798645000000000049e+00 2.513861656188964844e+00
2.802934000000000037e+00 2.513861656188964844e+00
2.807335999999999832e+00 2.513861656188964844e+00
2.810629000000000044e+00 2.513861656188964844e+00
2.815011999999999848e+00 2.508687019348144531e+00
2.819332000000000171e+00 2.513861656188964844e+00
2.823637999999999870e+00 2.508687019348144531e+00
2.827999999999999847e+00 2.513861656188964844e+00
2.832314999999999916e+00 2.513861656188964844e+00
2.836659000000000042e+00 2.519036293029785156e+00
2.840996000000000077e+00 2.513861656188964844e+00
2.845365999999999840e+00 2.508687019348144531e+00
2.848596000000000128e+00 2.508687019348144531e+00
2.852913000000000032e+00 2.508687019348144531e+00
2.857298999999999811e+00 2.508687019348144531e+00
2.861628000000000061e+00 2.508687019348144531e+00
2.865998999999999963e+00 2.508687019348144531e+00
2.870334000000000163e+00 2.508687019348144531e+00
2.873577000000000048e+00 2.508687019348144531e+00
2.878028000000000031e+00 2.503512382507324219e+00
2.882375000000000131e+00 2.503512382507324219e+00
2.886709000000000191e+00 2.503512382507324219e+00
2.889978999999999854e+00 2.503512382507324219e+00
2.894337000000000160e+00 2.508687019348144531e+00
2.903265000000000207e+00 2.508687019348144531e+00
2.908066999999999958e+00 2.513861656188964844e+00
2.912443000000000115e+00 2.513861656188964844e+00
2.922480999999999884e+00 2.513861656188964844e+00
2.931640999999999941e+00 2.519036293029785156e+00
2.938560999999999979e+00 2.519036293029785156e+00
2.942987000000000020e+00 2.513861656188964844e+00
2.949164999999999814e+00 2.513861656188964844e+00
2.953802000000000039e+00 2.508687019348144531e+00
2.958257000000000136e+00 2.508687019348144531e+00
2.962633999999999990e+00 2.503512382507324219e+00
2.967128000000000210e+00 2.503512382507324219e+00
2.971512000000000153e+00 2.503512382507324219e+00
2.975966999999999807e+00 2.503512382507324219e+00
2.980356000000000005e+00 2.503512382507324219e+00
2.984767999999999866e+00 2.503512382507324219e+00
2.989205999999999808e+00 2.503512382507324219e+00
2.993597999999999981e+00 2.513861656188964844e+00
2.998053000000000079e+00 2.508687019348144531e+00
3.002473999999999865e+00 2.519036293029785156e+00
3.006889999999999841e+00 2.519036293029785156e+00
3.011473000000000066e+00 2.519036293029785156e+00
3.020675999999999917e+00 2.519036293029785156e+00
3.025449000000000055e+00 2.519036293029785156e+00
3.029865000000000030e+00 2.519036293029785156e+00
3.034301000000000137e+00 2.519036293029785156e+00
3.038851000000000191e+00 2.519036293029785156e+00
3.043250000000000011e+00 2.508687019348144531e+00
3.047733000000000025e+00 2.503512382507324219e+00
3.052163000000000181e+00 2.503512382507324219e+00
3.056611999999999885e+00 2.498338699340820312e+00
3.061021999999999910e+00 2.503512382507324219e+00
3.065494000000000163e+00 2.498338699340820312e+00
3.069933999999999941e+00 2.498338699340820312e+00
3.074361999999999817e+00 2.503512382507324219e+00
3.078955000000000108e+00 2.498338699340820312e+00
3.083391000000000215e+00 2.503512382507324219e+00
3.086796000000000095e+00 2.508687019348144531e+00
3.091257000000000144e+00 2.508687019348144531e+00
3.094612999999999836e+00 2.519036293029785156e+00
3.099137999999999948e+00 2.513861656188964844e+00
3.103594999999999882e+00 2.519036293029785156e+00
3.108112999999999904e+00 2.513861656188964844e+00
3.112588000000000132e+00 2.519036293029785156e+00
3.117077999999999793e+00 2.513861656188964844e+00
3.120394999999999808e+00 2.519036293029785156e+00
3.124909000000000159e+00 2.519036293029785156e+00
3.128207999999999878e+00 2.513861656188964844e+00
3.137402999999999942e+00 2.508687019348144531e+00
3.142093000000000025e+00 2.508687019348144531e+00
3.146568999999999949e+00 2.503512382507324219e+00
3.151066999999999840e+00 2.503512382507324219e+00
3.155616000000000199e+00 2.503512382507324219e+00
3.160096999999999934e+00 2.503512382507324219e+00
3.164591999999999850e+00 2.498338699340820312e+00
3.169156000000000084e+00 2.503512382507324219e+00
3.173665999999999876e+00 2.508687019348144531e+00
3.178215999999999930e+00 2.508687019348144531e+00
3.182717999999999936e+00 2.508687019348144531e+00
3.187310000000000088e+00 2.508687019348144531e+00
3.191810999999999954e+00 2.508687019348144531e+00
3.196327999999999836e+00 2.513861656188964844e+00
3.200825000000000031e+00 2.513861656188964844e+00
3.205403000000000002e+00 2.519036293029785156e+00
3.209935999999999900e+00 2.513861656188964844e+00
3.214666999999999941e+00 2.508687019348144531e+00
3.219254999999999978e+00 2.513861656188964844e+00
3.223780000000000090e+00 2.513861656188964844e+00
3.227208000000000077e+00 2.508687019348144531e+00
3.231736000000000164e+00 2.513861656188964844e+00
3.236276999999999848e+00 2.513861656188964844e+00
3.240820999999999952e+00 2.513861656188964844e+00
3.245404999999999873e+00 2.503512382507324219e+00
3.254567000000000210e+00 2.503512382507324219e+00
3.259370000000000100e+00 2.508687019348144531e+00
3.263936999999999866e+00 2.508687019348144531e+00
3.268545000000000034e+00 2.508687019348144531e+00
3.273057000000000105e+00 2.508687019348144531e+00
3.277630999999999961e+00 2.508687019348144531e+00
3.282792000000000154e+00 2.508687019348144531e+00
3.288473999999999897e+00 2.508687019348144531e+00
3.294089000000000045e+00 2.508687019348144531e+00
3.299768999999999952e+00 2.508687019348144531e+00
3.305448000000000164e+00 2.513861656188964844e+00
3.311081000000000163e+00 2.513861656188964844e+00
3.316753999999999980e+00 2.508687019348144531e+00
3.322350000000000136e+00 2.513861656188964844e+00
3.328072000000000141e+00 2.508687019348144531e+00
3.333727000000000107e+00 2.513861656188964844e+00
3.339449999999999807e+00 2.519036293029785156e+00
3.345101000000000102e+00 2.508687019348144531e+00
3.350729999999999986e+00 2.503512382507324219e+00
3.356412000000000173e+00 2.503512382507324219e+00
3.362004999999999910e+00 2.508687019348144531e+00
3.371344999999999814e+00 2.503512382507324219e+00
3.380199999999999871e+00 2.503512382507324219e+00
3.384994999999999976e+00 2.503512382507324219e+00
3.388412000000000202e+00 2.503512382507324219e+00
3.392999000000000098e+00 2.508687019348144531e+00
3.396377000000000201e+00 2.508687019348144531e+00
3.400975999999999999e+00 2.508687019348144531e+00
3.404377999999999904e+00 2.513861656188964844e+00
3.409104999999999830e+00 2.508687019348144531e+00
3.413695999999999842e+00 2.513861656188964844e+00
3.418394999999999850e+00 2.513861656188964844e+00
3.423016000000000059e+00 2.513861656188964844e+00
3.427680000000000060e+00 2.519036293029785156e+00
3.432284999999999808e+00 2.513861656188964844e+00
3.436891000000000140e+00 2.519036293029785156e+00
3.441561000000000092e+00 2.513861656188964844e+00
3.446178999999999881e+00 2.508687019348144531e+00
3.450781999999999794e+00 2.508687019348144531e+00
3.455451000000000050e+00 2.508687019348144531e+00
3.460093000000000085e+00 2.513861656188964844e+00
3.464716000000000129e+00 2.503512382507324219e+00
3.469389000000000056e+00 2.503512382507324219e+00
3.474024000000000001e+00 2.503512382507324219e+00
3.478730000000000100e+00 2.503512382507324219e+00
3.483354999999999979e+00 2.503512382507324219e+00
3.488173999999999886e+00 2.503512382507324219e+00
3.499222000000000055e+00 2.513861656188964844e+00
3.504239000000000104e+00 2.513861656188964844e+00
3.507807000000000119e+00 2.513861656188964844e+00
3.512433999999999834e+00 2.513861656188964844e+00
3.517068000000000083e+00 2.519036293029785156e+00
3.521862000000000048e+00 2.519036293029785156e+00
3.526514999999999844e+00 2.513861656188964844e+00
3.531179999999999986e+00 2.513861656188964844e+00
3.535880999999999830e+00 2.519036293029785156e+00
3.540519000000000194e+00 2.519036293029785156e+00
3.545225999999999988e+00 2.513861656188964844e+00
3.549898000000000220e+00 2.503512382507324219e+00
3.554548000000000041e+00 2.503512382507324219e+00
3.559400000000000119e+00 2.503512382507324219e+00
3.562838000000000171e+00 2.498338699340820312e+00
3.567638000000000087e+00 2.503512382507324219e+00
3.572296999999999834e+00 2.508687019348144531e+00
3.576959000000000000e+00 2.503512382507324219e+00
3.581634999999999902e+00 2.498338699340820312e+00
3.586301000000000183e+00 2.503512382507324219e+00
3.590984000000000176e+00 2.503512382507324219e+00
3.594370000000000065e+00 2.508687019348144531e+00
3.599143000000000203e+00 2.513861656188964844e+00
3.603832000000000146e+00 2.519036293029785156e+00
3.608515000000000139e+00 2.513861656188964844e+00
3.617879999999999985e+00 2.513861656188964844e+00
3.622819999999999929e+00 2.519036293029785156e+00
3.627588999999999952e+00 2.513861656188964844e+00
3.632283000000000150e+00 2.508687019348144531e+00
3.636994000000000060e+00 2.513861656188964844e+00
3.640433999999999948e+00 2.508687019348144531e+00
3.645185000000000120e+00 2.503512382507324219e+00
3.649904999999999955e+00 2.498338699340820312e+00
3.653382999999999825e+00 2.503512382507324219e+00
3.658157999999999799e+00 2.503512382507324219e+00
3.662872000000000128e+00 2.503512382507324219e+00
3.667721999999999927e+00 2.503512382507324219e+00
3.672435000000000116e+00 2.508687019348144531e+00
3.677176999999999918e+00 2.508687019348144531e+00
3.681871999999999812e+00 2.508687019348144531e+00
3.686586000000000141e+00 2.508687019348144531e+00
3.691304000000000141e+00 2.508687019348144531e+00
3.696083999999999925e+00 2.513861656188964844e+00
3.700801999999999925e+00 2.513861656188964844e+00
3.705560000000000187e+00 2.519036293029785156e+00
3.710285999999999973e+00 2.513861656188964844e+00
3.715071000000000012e+00 2.513861656188964844e+00
3.719796999999999798e+00 2.508687019348144531e+00
3.724543000000000159e+00 2.513861656188964844e+00
3.734284999999999854e+00 2.508687019348144531e+00
3.739374999999999893e+00 2.508687019348144531e+00
3.742788000000000004e+00 2.503512382507324219e+00
3.747606999999999911e+00 2.498338699340820312e+00
3.752343999999999902e+00 2.503512382507324219e+00
3.757111000000000089e+00 2.503512382507324219e+00
3.761840999999999990e+00 2.503512382507324219e+00
3.766595000000000137e+00 2.508687019348144531e+00
3.771344000000000030e+00 2.503512382507324219e+00
3.776155999999999846e+00 2.508687019348144531e+00
3.779574999999999907e+00 2.503512382507324219e+00
3.784314999999999873e+00 2.508687019348144531e+00
3.789194000000000173e+00 2.508687019348144531e+00
3.793956000000000106e+00 2.513861656188964844e+00
3.798764999999999947e+00 2.513861656188964844e+00
3.803529999999999855e+00 2.513861656188964844e+00
3.808349000000000206e+00 2.508687019348144531e+00
3.813108999999999860e+00 2.503512382507324219e+00
3.817919999999999980e+00 2.513861656188964844e+00
3.821375000000000188e+00 2.508687019348144531e+00
3.826200000000000045e+00 2.508687019348144531e+00
3.830969000000000069e+00 2.508687019348144531e+00
3.835780000000000189e+00 2.513861656188964844e+00
3.840551000000000048e+00 2.513861656188964844e+00
3.843989999999999796e+00 2.513861656188964844e+00
3.853464999999999918e+00 2.508687019348144531e+00
3.858560999999999908e+00 2.508687019348144531e+00
3.863347000000000087e+00 2.508687019348144531e+00
3.868195000000000050e+00 2.503512382507324219e+00
3.873018000000000072e+00 2.508687019348144531e+00
3.877876000000000101e+00 2.508687019348144531e+00
3.882648999999999795e+00 2.503512382507324219e+00
3.886166999999999927e+00 2.503512382507324219e+00
3.890960000000000196e+00 2.503512382507324219e+00
3.895824999999999871e+00 2.508687019348144531e+00
3.900640999999999803e+00 2.508687019348144531e+00
3.905520999999999798e+00 2.513861656188964844e+00
3.910334000000000199e+00 2.508687019348144531e+00
3.913762000000000185e+00 2.508687019348144531e+00
3.918625000000000025e+00 2.508687019348144531e+00
3.928519999999999790e+00 2.513861656188964844e+00
3.935439999999999827e+00 2.519036293029785156e+00
3.944840999999999820e+00 2.513861656188964844e+00
3.950091000000000019e+00 2.508687019348144531e+00
3.956897999999999804e+00 2.503512382507324219e+00
3.961897000000000002e+00 2.508687019348144531e+00
3.971725999999999868e+00 2.503512382507324219e+00
3.976798000000000055e+00 2.503512382507324219e+00
3.981657999999999920e+00 2.498338699340820312e+00
3.986491000000000007e+00 2.503512382507324219e+00
3.991330000000000044e+00 2.503512382507324219e+00
3.994778000000000162e+00 2.508687019348144531e+00
3.998381000000000185e+00 2.508687019348144531e+00
4.003192999999999557e+00 2.508687019348144531e+00
4.008090000000000153e+00 2.513861656188964844e+00
4.012938000000000116e+00 2.513861656188964844e+00
4.017824000000000062e+00 2.519036293029785156e+00
4.022668999999999606e+00 2.513861656188964844e+00
4.027598000000000233e+00 2.513861656188964844e+00
4.032576999999999856e+00 2.513861656188964844e+00
4.037454999999999572e+00 2.513861656188964844e+00
4.042284000000000432e+00 2.513861656188964844e+00
4.047178999999999860e+00 2.503512382507324219e+00
4.052008999999999972e+00 2.503512382507324219e+00
4.056854000000000404e+00 2.498338699340820312e+00
4.060362999999999722e+00 2.498338699340820312e+00
4.065318000000000431e+00 2.498338699340820312e+00
4.070159000000000304e+00 2.503512382507324219e+00
4.075046999999999642e+00 2.503512382507324219e+00
4.079920000000000435e+00 2.498338699340820312e+00
4.088987000000000371e+00 2.498338699340820312e+00
4.095594000000000179e+00 2.508687019348144531e+00
4.101754999999999818e+00 2.513861656188964844e+00
4.107872999999999664e+00 2.513861656188964844e+00
4.113999999999999879e+00 2.513861656188964844e+00
4.120210000000000150e+00 2.513861656188964844e+00
4.126329000000000136e+00 2.513861656188964844e+00
4.132471999999999923e+00 2.513861656188964844e+00
4.138653999999999833e+00 2.513861656188964844e+00
4.144739000000000395e+00 2.503512382507324219e+00
4.150933000000000206e+00 2.498338699340820312e+00
4.157057000000000002e+00 2.498338699340820312e+00
4.163167999999999758e+00 2.503512382507324219e+00
4.169345999999999997e+00 2.498338699340820312e+00
4.175532999999999717e+00 2.503512382507324219e+00
4.181691999999999965e+00 2.503512382507324219e+00
4.187578000000000245e+00 2.508687019348144531e+00
4.192482000000000042e+00 2.508687019348144531e+00
4.197477000000000125e+00 2.513861656188964844e+00
4.200984000000000052e+00 2.513861656188964844e+00
4.210899999999999643e+00 2.513861656188964844e+00
4.216158000000000072e+00 2.513861656188964844e+00
4.221080999999999861e+00 2.513861656188964844e+00
4.224587999999999788e+00 2.508687019348144531e+00
4.228184999999999860e+00 2.508687019348144531e+00
4.231770000000000032e+00 2.508687019348144531e+00
4.236691000000000429e+00 2.508687019348144531e+00
4.241604999999999848e+00 2.508687019348144531e+00
4.246532000000000195e+00 2.503512382507324219e+00
4.251453999999999844e+00 2.503512382507324219e+00
4.256404999999999994e+00 2.498338699340820312e+00
4.261328999999999922e+00 2.503512382507324219e+00
4.266306000000000154e+00 2.503512382507324219e+00
4.271253999999999884e+00 2.503512382507324219e+00
4.274789000000000172e+00 2.508687019348144531e+00
4.278392000000000195e+00 2.508687019348144531e+00
4.283349000000000295e+00 2.508687019348144531e+00
4.286971000000000309e+00 2.503512382507324219e+00
4.291902000000000328e+00 2.508687019348144531e+00
4.296848999999999918e+00 2.513861656188964844e+00
4.300385999999999598e+00 2.513861656188964844e+00
4.305372000000000199e+00 2.508687019348144531e+00
4.310321000000000069e+00 2.508687019348144531e+00
4.315306999999999782e+00 2.508687019348144531e+00
4.320318999999999576e+00 2.513861656188964844e+00
4.330015000000000391e+00 2.508687019348144531e+00
4.335280000000000022e+00 2.508687019348144531e+00
4.340246999999999744e+00 2.508687019348144531e+00
4.345280999999999949e+00 2.508687019348144531e+00
4.350278000000000311e+00 2.508687019348144531e+00
4.355311000000000377e+00 2.508687019348144531e+00
4.360280000000000378e+00 2.503512382507324219e+00
4.365338999999999636e+00 2.503512382507324219e+00
4.370335999999999999e+00 2.508687019348144531e+00
4.375389000000000195e+00 2.508687019348144531e+00
4.380385000000000417e+00 2.503512382507324219e+00
4.385425999999999824e+00 2.508687019348144531e+00
4.390445999999999849e+00 2.498338699340820312e+00
4.395476999999999634e+00 2.508687019348144531e+00
4.400513000000000119e+00 2.508687019348144531e+00
4.405566999999999567e+00 2.508687019348144531e+00
4.410561999999999649e+00 2.508687019348144531e+00
4.415602999999999945e+00 2.508687019348144531e+00
4.420617000000000019e+00 2.513861656188964844e+00
4.425697000000000436e+00 2.508687019348144531e+00
4.430721000000000132e+00 2.513861656188964844e+00
4.435865999999999865e+00 2.513861656188964844e+00
4.445579999999999643e+00 2.508687019348144531e+00
4.450872999999999635e+00 2.503512382507324219e+00
4.455985000000000085e+00 2.503512382507324219e+00
4.461038000000000281e+00 2.503512382507324219e+00
4.466117999999999810e+00 2.503512382507324219e+00
4.471198000000000228e+00 2.503512382507324219e+00
4.474802000000000390e+00 2.503512382507324219e+00
4.479925999999999853e+00 2.498338699340820312e+00
4.485034999999999883e+00 2.498338699340820312e+00
4.490089000000000219e+00 2.498338699340820312e+00
4.495185000000000208e+00 2.508687019348144531e+00
4.498804999999999943e+00 2.508687019348144531e+00
4.502399999999999736e+00 2.508687019348144531e+00
4.507495999999999725e+00 2.508687019348144531e+00
4.512539000000000300e+00 2.513861656188964844e+00
4.517655999999999672e+00 2.513861656188964844e+00
4.522714999999999819e+00 2.513861656188964844e+00
4.527794000000000096e+00 2.513861656188964844e+00
4.531367999999999618e+00 2.508687019348144531e+00
4.536438000000000415e+00 2.513861656188964844e+00
4.541504999999999903e+00 2.508687019348144531e+00
4.546560000000000379e+00 2.503512382507324219e+00
4.551663999999999710e+00 2.508687019348144531e+00
4.561431999999999931e+00 2.498338699340820312e+00
4.566768999999999856e+00 2.498338699340820312e+00
4.571810000000000151e+00 2.498338699340820312e+00
4.575395000000000323e+00 2.498338699340820312e+00
4.578990000000000116e+00 2.503512382507324219e+00
4.582600000000000229e+00 2.498338699340820312e+00
4.587709000000000259e+00 2.503512382507324219e+00
4.592773000000000216e+00 2.503512382507324219e+00
4.597908999999999580e+00 2.508687019348144531e+00
4.602978000000000236e+00 2.513861656188964844e+00
4.608082999999999707e+00 2.513861656188964844e+00
4.613145000000000273e+00 2.513861656188964844e+00
4.618293999999999677e+00 2.513861656188964844e+00
4.623384999999999856e+00 2.513861656188964844e+00
4.628499999999999837e+00 2.513861656188964844e+00
4.633594000000000435e+00 2.513861656188964844e+00
4.637398000000000131e+00 2.513861656188964844e+00
4.642457000000000278e+00 2.508687019348144531e+00
4.647579999999999600e+00 2.498338699340820312e+00
4.652688000000000379e+00 2.498338699340820312e+00
4.657816999999999652e+00 2.498338699340820312e+00
4.662894999999999790e+00 2.498338699340820312e+00
4.668079999999999785e+00 2.498338699340820312e+00
4.678142000000000245e+00 2.493164062500000000e+00
4.683498000000000161e+00 2.498338699340820312e+00
4.688711999999999769e+00 2.503512382507324219e+00
4.693848000000000020e+00 2.513861656188964844e+00
4.699040000000000106e+00 2.508687019348144531e+00
4.704146999999999856e+00 2.513861656188964844e+00
4.709401999999999866e+00 2.513861656188964844e+00
4.714521999999999657e+00 2.513861656188964844e+00
4.719781000000000226e+00 2.513861656188964844e+00
4.724961000000000411e+00 2.508687019348144531e+00
4.730103999999999864e+00 2.508687019348144531e+00
4.735323000000000171e+00 2.508687019348144531e+00
4.740515000000000256e+00 2.508687019348144531e+00
4.745706000000000202e+00 2.498338699340820312e+00
4.750865000000000116e+00 2.498338699340820312e+00
4.756085999999999814e+00 2.498338699340820312e+00
4.761268000000000278e+00 2.498338699340820312e+00
4.766441000000000372e+00 2.503512382507324219e+00
4.771607000000000376e+00 2.503512382507324219e+00
4.776773000000000380e+00 2.503512382507324219e+00
4.781952000000000425e+00 2.498338699340820312e+00
4.787131999999999721e+00 2.508687019348144531e+00
4.797191999999999901e+00 2.513861656188964844e+00
4.802616000000000440e+00 2.513861656188964844e+00
4.807845000000000368e+00 2.513861656188964844e+00
4.813013999999999903e+00 2.508687019348144531e+00
4.818276000000000003e+00 2.508687019348144531e+00
4.823420999999999736e+00 2.508687019348144531e+00
4.828679000000000165e+00 2.508687019348144531e+00
4.833854999999999791e+00 2.508687019348144531e+00
4.837581000000000131e+00 2.508687019348144531e+00
4.842755999999999617e+00 2.508687019348144531e+00
4.847993999999999915e+00 2.498338699340820312e+00
4.853153999999999968e+00 2.498338699340820312e+00
4.858397000000000077e+00 2.503512382507324219e+00
4.863576000000000121e+00 2.498338699340820312e+00
4.868869000000000113e+00 2.508687019348144531e+00
4.874043000000000347e+00 2.503512382507324219e+00
4.879331999999999780e+00 2.503512382507324219e+00
4.884492999999999974e+00 2.503512382507324219e+00
4.889738000000000362e+00 2.503512382507324219e+00
4.895021999999999984e+00 2.503512382507324219e+00
4.900246000000000102e+00 2.508687019348144531e+00
4.905492999999999881e+00 2.508687019348144531e+00
4.915500999999999898e+00 2.508687019348144531e+00
4.920975000000000321e+00 2.508687019348144531e+00
4.926295999999999786e+00 2.508687019348144531e+00
4.936863999999999919e+00 2.508687019348144531e+00
4.946123000000000047e+00 2.508687019348144531e+00
4.954416000000000153e+00 2.503512382507324219e+00
4.961492999999999931e+00 2.503512382507324219e+00
4.966985000000000205e+00 2.503512382507324219e+00
4.972229999999999706e+00 2.498338699340820312e+00
4.977553999999999590e+00 2.498338699340820312e+00
4.982827999999999591e+00 2.493164062500000000e+00
4.988137000000000043e+00 2.498338699340820312e+00
4.993351999999999791e+00 2.503512382507324219e+00
4.998702999999999896e+00 2.508687019348144531e+00
5.003986000000000267e+00 2.508687019348144531e+00
5.009291000000000160e+00 2.503512382507324219e+00
5.014542999999999751e+00 2.503512382507324219e+00
5.018388999999999989e+00 2.513861656188964844e+00
5.028567999999999927e+00 2.508687019348144531e+00
5.034038999999999930e+00 2.513861656188964844e+00
5.039395999999999987e+00 2.513861656188964844e+00
5.044666999999999568e+00 2.508687019348144531e+00
5.049998000000000431e+00 2.503512382507324219e+00
5.055282000000000053e+00 2.503512382507324219e+00
5.060525000000000162e+00 2.498338699340820312e+00
5.065786000000000122e+00 2.493164062500000000e+00
5.071062000000000403e+00 2.498338699340820312e+00
5.076351999999999975e+00 2.493164062500000000e+00
5.081583000000000183e+00 2.493164062500000000e+00
5.086861999999999995e+00 2.498338699340820312e+00
5.092089999999999783e+00 2.498338699340820312e+00
5.097326999999999941e+00 2.503512382507324219e+00
5.102623999999999604e+00 2.508687019348144531e+00
5.107916000000000345e+00 2.513861656188964844e+00
5.113172999999999746e+00 2.513861656188964844e+00
5.118468000000000018e+00 2.508687019348144531e+00
5.122162999999999577e+00 2.508687019348144531e+00
5.127398999999999596e+00 2.508687019348144531e+00
5.132636999999999894e+00 2.513861656188964844e+00
5.142905999999999977e+00 2.513861656188964844e+00
5.148589000000000304e+00 2.493164062500000000e+00
5.153909999999999769e+00 2.498338699340820312e+00
5.159322999999999659e+00 2.493164062500000000e+00
5.164619000000000071e+00 2.498338699340820312e+00
5.169992999999999839e+00 2.498338699340820312e+00
5.175337999999999994e+00 2.493164062500000000e+00
5.180629999999999846e+00 2.498338699340820312e+00
5.185992999999999853e+00 2.498338699340820312e+00
5.191286999999999985e+00 2.503512382507324219e+00
5.196576999999999558e+00 2.508687019348144531e+00
5.201870000000000438e+00 2.513861656188964844e+00
5.207194999999999574e+00 2.513861656188964844e+00
5.212479000000000084e+00 2.508687019348144531e+00
5.217859999999999943e+00 2.508687019348144531e+00
5.223187000000000246e+00 2.508687019348144531e+00
5.226977999999999902e+00 2.508687019348144531e+00
5.232249000000000372e+00 2.503512382507324219e+00
5.237644000000000410e+00 2.503512382507324219e+00
5.242963999999999736e+00 2.503512382507324219e+00
5.248372999999999955e+00 2.493164062500000000e+00
5.258548000000000222e+00 2.493164062500000000e+00
5.264081000000000010e+00 2.493164062500000000e+00
5.267973999999999712e+00 2.498338699340820312e+00
5.273299999999999876e+00 2.503512382507324219e+00
5.278700999999999866e+00 2.503512382507324219e+00
5.284087999999999674e+00 2.503512382507324219e+00
5.289559999999999818e+00 2.498338699340820312e+00
5.294933000000000334e+00 2.508687019348144531e+00
5.300304999999999822e+00 2.508687019348144531e+00
5.305715000000000181e+00 2.508687019348144531e+00
5.311219000000000356e+00 2.513861656188964844e+00
5.316612000000000116e+00 2.503512382507324219e+00
5.320431000000000132e+00 2.503512382507324219e+00
5.324173000000000044e+00 2.503512382507324219e+00
5.329609999999999737e+00 2.503512382507324219e+00
5.333370999999999640e+00 2.508687019348144531e+00
5.338794000000000040e+00 2.503512382507324219e+00
5.342571999999999655e+00 2.498338699340820312e+00
5.347967999999999833e+00 2.493164062500000000e+00
5.353488999999999720e+00 2.498338699340820312e+00
5.358887000000000178e+00 2.503512382507324219e+00
5.364251000000000325e+00 2.498338699340820312e+00
5.374414999999999942e+00 2.503512382507324219e+00
5.380086999999999620e+00 2.503512382507324219e+00
5.385569000000000273e+00 2.498338699340820312e+00
5.390959999999999752e+00 2.498338699340820312e+00
5.396395000000000053e+00 2.503512382507324219e+00
5.401771000000000100e+00 2.508687019348144531e+00
5.407199999999999562e+00 2.503512382507324219e+00
5.412568000000000268e+00 2.503512382507324219e+00
5.416406000000000276e+00 2.508687019348144531e+00
5.420155000000000278e+00 2.508687019348144531e+00
5.425602999999999732e+00 2.508687019348144531e+00
5.430963000000000207e+00 2.503512382507324219e+00
5.436415000000000219e+00 2.503512382507324219e+00
5.441798000000000357e+00 2.508687019348144531e+00
5.447208999999999968e+00 2.498338699340820312e+00
5.450968999999999731e+00 2.503512382507324219e+00
5.456502999999999659e+00 2.503512382507324219e+00
5.461901000000000117e+00 2.503512382507324219e+00
5.467271000000000214e+00 2.498338699340820312e+00
5.472661000000000442e+00 2.493164062500000000e+00
5.478089999999999904e+00 2.503512382507324219e+00
5.483512000000000164e+00 2.493164062500000000e+00
5.493699999999999584e+00 2.498338699340820312e+00
5.499429000000000123e+00 2.503512382507324219e+00
5.504915999999999698e+00 2.508687019348144531e+00
5.510309000000000346e+00 2.503512382507324219e+00
5.515772000000000119e+00 2.503512382507324219e+00
5.521255000000000024e+00 2.508687019348144531e+00
5.526678999999999675e+00 2.508687019348144531e+00
5.532079999999999664e+00 2.508687019348144531e+00
5.537552999999999948e+00 2.513861656188964844e+00
5.542994000000000199e+00 2.503512382507324219e+00
5.548485999999999585e+00 2.498338699340820312e+00
5.553895999999999944e+00 2.498338699340820312e+00
5.559605999999999604e+00 2.498338699340820312e+00
5.565102999999999689e+00 2.493164062500000000e+00
5.570522999999999669e+00 2.493164062500000000e+00
5.575981999999999772e+00 2.498338699340820312e+00
5.581478999999999857e+00 2.493164062500000000e+00
5.586942999999999770e+00 2.493164062500000000e+00
5.592414999999999914e+00 2.498338699340820312e+00
5.597979999999999734e+00 2.498338699340820312e+00
5.601785999999999710e+00 2.503512382507324219e+00
5.613814999999999777e+00 2.508687019348144531e+00
5.620582999999999885e+00 2.508687019348144531e+00
5.624381999999999771e+00 2.508687019348144531e+00
5.629993999999999943e+00 2.508687019348144531e+00
5.635539999999999772e+00 2.508687019348144531e+00
5.640976000000000212e+00 2.508687019348144531e+00
5.644778999999999769e+00 2.498338699340820312e+00
5.650303000000000075e+00 2.493164062500000000e+00
5.655873999999999846e+00 2.493164062500000000e+00
5.661375999999999742e+00 2.493164062500000000e+00
5.666851999999999556e+00 2.493164062500000000e+00
5.672329999999999650e+00 2.493164062500000000e+00
5.677902999999999700e+00 2.493164062500000000e+00
5.683354999999999713e+00 2.493164062500000000e+00
5.688900000000000290e+00 2.493164062500000000e+00
5.694370000000000154e+00 2.503512382507324219e+00
5.699953999999999965e+00 2.508687019348144531e+00
5.705504000000000353e+00 2.508687019348144531e+00
5.710970999999999798e+00 2.508687019348144531e+00
5.714781000000000333e+00 2.508687019348144531e+00
5.720316999999999652e+00 2.508687019348144531e+00
5.725835000000000008e+00 2.508687019348144531e+00
5.736168000000000156e+00 2.503512382507324219e+00
5.741876999999999676e+00 2.498338699340820312e+00
5.747409000000000212e+00 2.493164062500000000e+00
5.752901999999999738e+00 2.555258750915527344e+00
5.758441999999999616e+00 4.764809608459472656e+00
5.764171000000000156e+00 4.785508155822753906e+00
5.769802999999999571e+00 4.785508155822753906e+00
5.775343999999999589e+00 4.790682792663574219e+00
5.780810999999999922e+00 4.790682792663574219e+00
5.786364999999999981e+00 4.790682792663574219e+00
5.791881000000000057e+00 4.795857429504394531e+00
5.797380000000000422e+00 4.795857429504394531e+00
5.801160999999999568e+00 4.795857429504394531e+00
5.806677999999999784e+00 4.795857429504394531e+00
5.812187999999999910e+00 4.795857429504394531e+00
5.817743000000000109e+00 4.790682792663574219e+00
5.823267000000000415e+00 4.795857429504394531e+00
5.828805000000000014e+00 4.790682792663574219e+00
5.834312999999999860e+00 4.795857429504394531e+00
5.839946000000000303e+00 4.790682792663574219e+00
5.843791999999999653e+00 4.785508155822753906e+00
5.854090000000000238e+00 4.785508155822753906e+00
5.859952999999999967e+00 4.790682792663574219e+00
5.865567999999999671e+00 4.790682792663574219e+00
5.871184999999999654e+00 4.790682792663574219e+00
5.876915999999999585e+00 4.790682792663574219e+00
5.882431000000000409e+00 4.790682792663574219e+00
5.886364999999999625e+00 4.790682792663574219e+00
5.891884000000000121e+00 4.790682792663574219e+00
5.897445000000000270e+00 4.795857429504394531e+00
5.903001999999999860e+00 4.790682792663574219e+00
5.908654000000000295e+00 4.790682792663574219e+00
5.914195999999999565e+00 4.790682792663574219e+00
5.919868000000000130e+00 4.790682792663574219e+00
5.925470999999999933e+00 4.795857429504394531e+00
5.931002000000000329e+00 4.795857429504394531e+00
5.941460000000000186e+00 4.790682792663574219e+00
5.948951000000000100e+00 4.790682792663574219e+00
5.957048999999999594e+00 4.790682792663574219e+00
5.971150999999999875e+00 4.790682792663574219e+00
5.978870999999999825e+00 4.790682792663574219e+00
5.984759000000000384e+00 4.785508155822753906e+00
5.990467999999999904e+00 4.790682792663574219e+00
5.996138000000000190e+00 4.790682792663574219e+00
6.001742000000000132e+00 4.795857429504394531e+00
6.007365000000000066e+00 4.795857429504394531e+00
6.012952000000000297e+00 4.790682792663574219e+00
6.018608999999999654e+00 4.795857429504394531e+00
6.024226999999999776e+00 4.795857429504394531e+00
6.029952999999999896e+00 4.795857429504394531e+00
6.035593000000000430e+00 4.795857429504394531e+00
6.041208000000000133e+00 4.795857429504394531e+00
6.046850000000000058e+00 4.790682792663574219e+00
6.052442000000000100e+00 4.790682792663574219e+00
6.056437999999999988e+00 4.785508155822753906e+00
6.062021999999999800e+00 4.790682792663574219e+00
6.067737000000000158e+00 4.790682792663574219e+00
6.073370999999999853e+00 4.785508155822753906e+00
6.079030000000000378e+00 4.790682792663574219e+00
