5.349999999999999938e-04 2.570782661437988281e+00
8.531999999999999654e-03 2.575957298278808594e+00
1.191200000000000071e-02 2.581131935119628906e+00
1.537400000000000051e-02 2.581131935119628906e+00
1.883100000000000052e-02 2.575957298278808594e+00
2.227300000000000113e-02 2.581131935119628906e+00
2.557299999999999851e-02 2.581131935119628906e+00
2.902400000000000119e-02 2.575957298278808594e+00
3.247699999999999892e-02 2.581131935119628906e+00
3.577799999999999730e-02 2.581131935119628906e+00
3.922500000000000292e-02 2.575957298278808594e+00
4.280199999999999977e-02 2.575957298278808594e+00
4.628199999999999675e-02 2.570782661437988281e+00
4.957600000000000201e-02 2.570782661437988281e+00
5.303200000000000275e-02 2.570782661437988281e+00
5.649599999999999761e-02 2.570782661437988281e+00
5.978399999999999687e-02 2.570782661437988281e+00
6.323099999999999554e-02 2.570782661437988281e+00
6.652500000000000080e-02 2.570782661437988281e+00
6.997499999999999554e-02 2.570782661437988281e+00
7.342400000000000315e-02 2.570782661437988281e+00
7.687800000000000189e-02 2.570782661437988281e+00
8.017299999999999427e-02 2.565608024597167969e+00
8.362799999999999401e-02 2.570782661437988281e+00
8.695799999999999363e-02 2.570782661437988281e+00
9.042000000000000037e-02 2.575957298278808594e+00
9.386899999999999411e-02 2.581131935119628906e+00
9.715400000000000424e-02 2.581131935119628906e+00
1.006200000000000011e-01 2.581131935119628906e+00
1.040589999999999987e-01 2.581131935119628906e+00
1.073469999999999980e-01 2.581131935119628906e+00
1.108090000000000047e-01 2.581131935119628906e+00
1.142490000000000033e-01 2.581131935119628906e+00
1.226799999999999974e-01 2.581131935119628906e+00
1.262040000000000106e-01 2.575957298278808594e+00
1.296529999999999905e-01 2.575957298278808594e+00
1.332659999999999956e-01 2.575957298278808594e+00
1.365550000000000097e-01 2.575957298278808594e+00
1.400049999999999906e-01 2.570782661437988281e+00
1.434630000000000072e-01 2.570782661437988281e+00
1.467469999999999886e-01 2.570782661437988281e+00
1.501969999999999972e-01 2.570782661437988281e+00
1.535050000000000026e-01 2.570782661437988281e+00
1.568029999999999979e-01 2.565608024597167969e+00
1.602530000000000066e-01 2.570782661437988281e+00
1.638620000000000076e-01 2.570782661437988281e+00
1.671509999999999940e-01 2.570782661437988281e+00
1.706040000000000056e-01 2.570782661437988281e+00
1.740579999999999905e-01 2.575957298278808594e+00
1.773480000000000056e-01 2.570782661437988281e+00
1.808420000000000027e-01 2.570782661437988281e+00
1.842880000000000074e-01 2.570782661437988281e+00
1.875920000000000087e-01 2.575957298278808594e+00
1.910540000000000016e-01 2.581131935119628906e+00
1.943400000000000127e-01 2.581131935119628906e+00
1.977909999999999946e-01 2.581131935119628906e+00
2.013929999999999887e-01 2.575957298278808594e+00
2.048590000000000133e-01 2.581131935119628906e+00
2.081250000000000044e-01 2.581131935119628906e+00
2.115930000000000033e-01 2.575957298278808594e+00
2.150390000000000079e-01 2.575957298278808594e+00
2.183289999999999953e-01 2.575957298278808594e+00
2.217860000000000109e-01 2.575957298278808594e+00
2.252369999999999928e-01 2.575957298278808594e+00
2.286849999999999994e-01 2.575957298278808594e+00
2.319819999999999938e-01 2.575957298278808594e+00
2.408420000000000005e-01 2.570782661437988281e+00
2.443849999999999911e-01 2.565608024597167969e+00
2.478750000000000120e-01 2.570782661437988281e+00
2.513170000000000126e-01 2.570782661437988281e+00
2.547570000000000112e-01 2.570782661437988281e+00
2.581950000000000078e-01 2.575957298278808594e+00
2.616559999999999997e-01 2.575957298278808594e+00
2.649469999999999881e-01 2.570782661437988281e+00
2.683929999999999927e-01 2.570782661437988281e+00
2.718479999999999785e-01 2.570782661437988281e+00
2.751439999999999997e-01 2.575957298278808594e+00
2.786330000000000195e-01 2.570782661437988281e+00
2.820779999999999954e-01 2.575957298278808594e+00
2.853760000000000185e-01 2.570782661437988281e+00
2.890240000000000031e-01 2.581131935119628906e+00
2.924510000000000165e-01 2.581131935119628906e+00
2.957400000000000029e-01 2.581131935119628906e+00
2.991789999999999727e-01 2.575957298278808594e+00
3.026269999999999794e-01 2.575957298278808594e+00
3.060860000000000247e-01 2.575957298278808594e+00
3.093759999999999843e-01 2.575957298278808594e+00
3.128330000000000277e-01 2.575957298278808594e+00
3.162900000000000156e-01 2.575957298278808594e+00
3.195810000000000040e-01 2.575957298278808594e+00
3.230330000000000146e-01 2.575957298278808594e+00
3.264880000000000004e-01 2.575957298278808594e+00
3.297869999999999968e-01 2.575957298278808594e+00
3.332359999999999767e-01 2.575957298278808594e+00
3.365279999999999938e-01 2.575957298278808594e+00
3.399860000000000104e-01 2.575957298278808594e+00
3.434280000000000110e-01 2.570782661437988281e+00
3.468919999999999781e-01 2.575957298278808594e+00
3.501779999999999893e-01 2.570782661437988281e+00
3.590360000000000218e-01 2.575957298278808594e+00
3.625840000000000174e-01 2.570782661437988281e+00
3.660519999999999885e-01 2.575957298278808594e+00
3.693409999999999749e-01 2.570782661437988281e+00
3.728350000000000275e-01 2.575957298278808594e+00
3.762900000000000134e-01 2.570782661437988281e+00
3.795789999999999997e-01 2.570782661437988281e+00
3.830379999999999896e-01 2.570782661437988281e+00
3.864850000000000230e-01 2.570782661437988281e+00
3.897820000000000173e-01 2.570782661437988281e+00
3.933920000000000194e-01 2.570782661437988281e+00
3.968409999999999993e-01 2.575957298278808594e+00
4.003010000000000179e-01 2.575957298278808594e+00
4.037450000000000205e-01 2.575957298278808594e+00
4.071770000000000111e-01 2.575957298278808594e+00
4.106549999999999923e-01 2.575957298278808594e+00
4.139390000000000014e-01 2.575957298278808594e+00
4.173859999999999792e-01 2.575957298278808594e+00
4.208479999999999999e-01 2.575957298278808594e+00
4.241360000000000130e-01 2.581131935119628906e+00
4.275769999999999849e-01 2.581131935119628906e+00
4.310430000000000095e-01 2.581131935119628906e+00
4.344859999999999833e-01 2.581131935119628906e+00
4.377889999999999837e-01 2.581131935119628906e+00
4.412460000000000271e-01 2.575957298278808594e+00
4.445239999999999747e-01 2.570782661437988281e+00
4.479730000000000101e-01 2.575957298278808594e+00
4.514279999999999959e-01 2.570782661437988281e+00
4.548820000000000086e-01 2.570782661437988281e+00
4.581729999999999969e-01 2.575957298278808594e+00
4.616210000000000035e-01 2.575957298278808594e+00
4.650770000000000182e-01 2.570782661437988281e+00
4.686330000000000218e-01 2.565608024597167969e+00
4.773890000000000078e-01 2.565608024597167969e+00
4.808660000000000156e-01 2.570782661437988281e+00
4.842810000000000170e-01 2.570782661437988281e+00
4.875780000000000114e-01 2.570782661437988281e+00
4.910359999999999725e-01 2.575957298278808594e+00
4.944819999999999771e-01 2.575957298278808594e+00
4.977719999999999922e-01 2.575957298278808594e+00
5.012349999999999861e-01 2.575957298278808594e+00
5.046850000000000502e-01 2.575957298278808594e+00
5.079630000000000534e-01 2.586306571960449219e+00
5.114300000000000512e-01 2.581131935119628906e+00
5.148789999999999756e-01 2.581131935119628906e+00
5.181700000000000195e-01 2.581131935119628906e+00
5.216260000000000341e-01 2.581131935119628906e+00
5.250850000000000239e-01 2.586306571960449219e+00
5.283780000000000143e-01 2.581131935119628906e+00
5.318260000000000209e-01 2.581131935119628906e+00
5.352810000000000068e-01 2.581131935119628906e+00
5.385780000000000012e-01 2.575957298278808594e+00
5.420270000000000366e-01 2.575957298278808594e+00
5.454870000000000552e-01 2.575957298278808594e+00
5.487790000000000168e-01 2.570782661437988281e+00
5.522270000000000234e-01 2.565608024597167969e+00
5.555250000000000465e-01 2.570782661437988281e+00
5.589749999999999996e-01 2.570782661437988281e+00
5.624599999999999600e-01 2.570782661437988281e+00
5.657579999999999831e-01 2.570782661437988281e+00
5.692049999999999610e-01 2.570782661437988281e+00
5.726630000000000331e-01 2.570782661437988281e+00
5.759530000000000483e-01 2.565608024597167969e+00
5.794030000000000014e-01 2.570782661437988281e+00
5.829560000000000297e-01 2.570782661437988281e+00
5.916810000000000125e-01 2.575957298278808594e+00
5.952779999999999738e-01 2.581131935119628906e+00
5.985679999999999890e-01 2.581131935119628906e+00
6.020140000000000491e-01 2.581131935119628906e+00
6.054770000000000429e-01 2.581131935119628906e+00
6.089069999999999760e-01 2.581131935119628906e+00
6.123650000000000482e-01 2.581131935119628906e+00
6.158160000000000300e-01 2.581131935119628906e+00
6.192689999999999584e-01 2.581131935119628906e+00
6.225669999999999815e-01 2.586306571960449219e+00
6.260210000000000496e-01 2.581131935119628906e+00
6.294779999999999820e-01 2.581131935119628906e+00
6.330759999999999721e-01 2.581131935119628906e+00
6.363760000000000527e-01 2.575957298278808594e+00
6.398279999999999523e-01 2.570782661437988281e+00
6.434320000000000039e-01 2.570782661437988281e+00
6.468960000000000266e-01 2.570782661437988281e+00
6.503309999999999924e-01 2.570782661437988281e+00
6.537840000000000318e-01 2.570782661437988281e+00
6.572729999999999961e-01 2.570782661437988281e+00
6.605739999999999945e-01 2.570782661437988281e+00
6.640169999999999684e-01 2.570782661437988281e+00
6.674710000000000365e-01 2.570782661437988281e+00
6.707720000000000349e-01 2.565608024597167969e+00
6.742179999999999840e-01 2.570782661437988281e+00
6.776680000000000481e-01 2.575957298278808594e+00
6.809720000000000217e-01 2.575957298278808594e+00
6.844130000000000491e-01 2.570782661437988281e+00
6.878689999999999527e-01 2.575957298278808594e+00
6.913280000000000536e-01 2.586306571960449219e+00
6.947740000000000027e-01 2.581131935119628906e+00
7.033599999999999852e-01 2.581131935119628906e+00
7.068640000000000478e-01 2.586306571960449219e+00
7.104439999999999644e-01 2.581131935119628906e+00
7.141699999999999715e-01 2.586306571960449219e+00
7.176240000000000396e-01 2.575957298278808594e+00
7.210830000000000295e-01 2.581131935119628906e+00
7.243770000000000486e-01 2.581131935119628906e+00
7.278280000000000305e-01 2.575957298278808594e+00
7.398919999999999941e-01 2.570782661437988281e+00
7.467279999999999474e-01 2.565608024597167969e+00
7.501379999999999715e-01 2.570782661437988281e+00
7.536549999999999638e-01 2.570782661437988281e+00
7.595709999999999962e-01 2.575957298278808594e+00
7.631850000000000023e-01 2.570782661437988281e+00
7.666349999999999554e-01 2.575957298278808594e+00
7.699249999999999705e-01 2.570782661437988281e+00
7.733759999999999524e-01 2.575957298278808594e+00
7.768220000000000125e-01 2.575957298278808594e+00
7.802740000000000231e-01 2.570782661437988281e+00
7.838979999999999837e-01 2.575957298278808594e+00
7.873369999999999536e-01 2.575957298278808594e+00
7.907980000000000009e-01 2.581131935119628906e+00
7.942329999999999668e-01 2.581131935119628906e+00
7.975259999999999572e-01 2.581131935119628906e+00
8.009830000000000005e-01 2.575957298278808594e+00
8.044259999999999744e-01 2.575957298278808594e+00
8.078800000000000425e-01 2.581131935119628906e+00
8.114780000000000326e-01 2.575957298278808594e+00
8.201469999999999594e-01 2.575957298278808594e+00
8.235860000000000403e-01 2.575957298278808594e+00
8.270410000000000261e-01 2.575957298278808594e+00
8.303310000000000413e-01 2.575957298278808594e+00
8.337769999999999904e-01 2.575957298278808594e+00
8.372300000000000297e-01 2.575957298278808594e+00
8.405310000000000281e-01 2.570782661437988281e+00
8.439710000000000267e-01 2.570782661437988281e+00
8.474589999999999623e-01 2.570782661437988281e+00
8.507590000000000430e-01 2.570782661437988281e+00
8.542039999999999633e-01 2.570782661437988281e+00
8.576610000000000067e-01 2.570782661437988281e+00
8.609550000000000258e-01 2.570782661437988281e+00
8.644039999999999502e-01 2.570782661437988281e+00
8.678609999999999935e-01 2.570782661437988281e+00
8.713109999999999467e-01 2.570782661437988281e+00
8.747540000000000315e-01 2.575957298278808594e+00
8.782159999999999966e-01 2.575957298278808594e+00
8.816779999999999617e-01 2.575957298278808594e+00
8.849650000000000016e-01 2.570782661437988281e+00
8.884170000000000122e-01 2.570782661437988281e+00
8.918709999999999694e-01 2.575957298278808594e+00
8.951649999999999885e-01 2.575957298278808594e+00
8.986210000000000031e-01 2.575957298278808594e+00
9.020749999999999602e-01 2.575957298278808594e+00
9.053670000000000329e-01 2.575957298278808594e+00
9.088150000000000395e-01 2.575957298278808594e+00
9.120949999999999891e-01 2.575957298278808594e+00
9.154120000000000035e-01 2.575957298278808594e+00
9.188629999999999853e-01 2.575957298278808594e+00
9.224510000000000209e-01 2.575957298278808594e+00
9.309840000000000337e-01 2.575957298278808594e+00
9.344179999999999708e-01 2.575957298278808594e+00
9.378819999999999935e-01 2.575957298278808594e+00
9.413310000000000288e-01 2.575957298278808594e+00
9.448100000000000387e-01 2.575957298278808594e+00
9.482650000000000245e-01 2.570782661437988281e+00
9.515559999999999574e-01 2.575957298278808594e+00
9.550149999999999473e-01 2.570782661437988281e+00
9.584599999999999786e-01 2.575957298278808594e+00
9.617580000000000018e-01 2.570782661437988281e+00
9.652140000000000164e-01 2.575957298278808594e+00
9.686630000000000518e-01 2.570782661437988281e+00
9.719520000000000381e-01 2.570782661437988281e+00
9.754009999999999625e-01 2.570782661437988281e+00
9.788599999999999524e-01 2.565608024597167969e+00
9.821569999999999467e-01 2.565608024597167969e+00
9.856080000000000396e-01 2.565608024597167969e+00
9.890590000000000215e-01 2.570782661437988281e+00
9.923520000000000119e-01 2.575957298278808594e+00
9.958080000000000265e-01 2.575957298278808594e+00
9.992630000000000123e-01 2.581131935119628906e+00
1.002550000000000052e+00 2.575957298278808594e+00
1.006002999999999981e+00 2.575957298278808594e+00
1.010089999999999932e+00 2.581131935119628906e+00
1.014691000000000010e+00 2.581131935119628906e+00
1.018780000000000019e+00 2.581131935119628906e+00
1.022915000000000019e+00 2.581131935119628906e+00
1.026961999999999930e+00 2.581131935119628906e+00
1.031115999999999921e+00 2.581131935119628906e+00
1.035185999999999940e+00 2.581131935119628906e+00
1.045395999999999992e+00 2.570782661437988281e+00
1.049944999999999906e+00 2.570782661437988281e+00
1.054208000000000034e+00 2.565608024597167969e+00
1.058291000000000093e+00 2.570782661437988281e+00
1.062461000000000100e+00 2.565608024597167969e+00
1.066556000000000060e+00 2.565608024597167969e+00
1.070732000000000017e+00 2.570782661437988281e+00
1.074832999999999927e+00 2.570782661437988281e+00
1.078939000000000092e+00 2.570782661437988281e+00
1.083131000000000066e+00 2.570782661437988281e+00
1.087218999999999935e+00 2.565608024597167969e+00
1.091369000000000034e+00 2.570782661437988281e+00
1.095477999999999952e+00 2.575957298278808594e+00
1.099583999999999895e+00 2.581131935119628906e+00
1.103771999999999975e+00 2.581131935119628906e+00
1.107885999999999926e+00 2.581131935119628906e+00
1.112054000000000098e+00 2.581131935119628906e+00
1.116578000000000070e+00 2.581131935119628906e+00
1.120784000000000002e+00 2.575957298278808594e+00
1.124927000000000010e+00 2.581131935119628906e+00
1.129051999999999945e+00 2.581131935119628906e+00
1.133261000000000074e+00 2.581131935119628906e+00
1.137393000000000098e+00 2.575957298278808594e+00
1.141526000000000041e+00 2.570782661437988281e+00
1.145677999999999974e+00 2.570782661437988281e+00
1.149828000000000072e+00 2.570782661437988281e+00
1.154411999999999994e+00 2.565608024597167969e+00
1.165877999999999970e+00 2.565608024597167969e+00
1.170028000000000068e+00 2.565608024597167969e+00
1.174325000000000063e+00 2.565608024597167969e+00
1.178484000000000087e+00 2.570782661437988281e+00
1.182728000000000002e+00 2.570782661437988281e+00
1.186887999999999943e+00 2.570782661437988281e+00
1.191159000000000079e+00 2.581131935119628906e+00
1.195340999999999987e+00 2.575957298278808594e+00
1.199502000000000068e+00 2.581131935119628906e+00
1.203737000000000057e+00 2.575957298278808594e+00
1.207921999999999940e+00 2.575957298278808594e+00
1.212145000000000028e+00 2.575957298278808594e+00
1.216412000000000049e+00 2.581131935119628906e+00
1.220703000000000094e+00 2.575957298278808594e+00
1.224898000000000042e+00 2.575957298278808594e+00
1.229100000000000081e+00 2.575957298278808594e+00
1.233368999999999938e+00 2.575957298278808594e+00
1.237591000000000108e+00 2.575957298278808594e+00
1.241780000000000106e+00 2.570782661437988281e+00
1.246008000000000004e+00 2.570782661437988281e+00
1.250207999999999986e+00 2.570782661437988281e+00
1.254534000000000038e+00 2.570782661437988281e+00
1.258761000000000019e+00 2.570782661437988281e+00
1.263058999999999932e+00 2.570782661437988281e+00
1.267258999999999913e+00 2.570782661437988281e+00
1.271771999999999903e+00 2.570782661437988281e+00
1.283255000000000035e+00 2.570782661437988281e+00
1.287687999999999944e+00 2.570782661437988281e+00
1.291976000000000013e+00 2.575957298278808594e+00
1.296240999999999977e+00 2.581131935119628906e+00
1.300573999999999897e+00 2.575957298278808594e+00
1.304829000000000017e+00 2.575957298278808594e+00
1.309093999999999980e+00 2.575957298278808594e+00
1.313447000000000031e+00 2.575957298278808594e+00
1.317790000000000017e+00 2.575957298278808594e+00
1.322094000000000102e+00 2.575957298278808594e+00
1.326367000000000074e+00 2.575957298278808594e+00
1.330753000000000075e+00 2.575957298278808594e+00
1.335040999999999922e+00 2.570782661437988281e+00
1.339296999999999960e+00 2.570782661437988281e+00
1.343698999999999977e+00 2.570782661437988281e+00
1.348044999999999938e+00 2.570782661437988281e+00
1.352349000000000023e+00 2.570782661437988281e+00
1.356646000000000019e+00 2.570782661437988281e+00
1.360989000000000004e+00 2.575957298278808594e+00
1.365294000000000008e+00 2.570782661437988281e+00
1.370460000000000012e+00 2.570782661437988281e+00
1.374776999999999916e+00 2.570782661437988281e+00
1.379075000000000051e+00 2.570782661437988281e+00
1.383458999999999994e+00 2.570782661437988281e+00
1.387734000000000023e+00 2.565608024597167969e+00
1.392382000000000009e+00 2.575957298278808594e+00
1.404045999999999905e+00 2.570782661437988281e+00
1.408458999999999905e+00 2.575957298278808594e+00
1.412865999999999955e+00 2.575957298278808594e+00
1.417426999999999992e+00 2.575957298278808594e+00
1.421891999999999934e+00 2.575957298278808594e+00
1.426296000000000008e+00 2.575957298278808594e+00
1.430790000000000006e+00 2.575957298278808594e+00
1.435210000000000097e+00 2.575957298278808594e+00
1.439573999999999909e+00 2.575957298278808594e+00
1.444174999999999986e+00 2.575957298278808594e+00
1.448604999999999920e+00 2.570782661437988281e+00
1.453125000000000000e+00 2.570782661437988281e+00
1.457502000000000075e+00 2.570782661437988281e+00
1.461943999999999910e+00 2.570782661437988281e+00
1.466385000000000050e+00 2.570782661437988281e+00
1.470839999999999925e+00 2.570782661437988281e+00
1.475284999999999958e+00 2.565608024597167969e+00
1.479757999999999907e+00 2.570782661437988281e+00
1.484324999999999894e+00 2.570782661437988281e+00
1.488788999999999918e+00 2.570782661437988281e+00
1.493276000000000048e+00 2.570782661437988281e+00
1.497711000000000015e+00 2.575957298278808594e+00
1.502178000000000013e+00 2.575957298278808594e+00
1.506628999999999996e+00 2.575957298278808594e+00
1.511131000000000002e+00 2.575957298278808594e+00
1.519852999999999899e+00 2.575957298278808594e+00
1.525408000000000097e+00 2.575957298278808594e+00
1.530038999999999927e+00 2.575957298278808594e+00
1.534675000000000011e+00 2.581131935119628906e+00
1.539155000000000051e+00 2.575957298278808594e+00
1.543681000000000081e+00 2.575957298278808594e+00
1.548186999999999980e+00 2.570782661437988281e+00
1.552759000000000000e+00 2.570782661437988281e+00
1.557258999999999949e+00 2.570782661437988281e+00
1.561768999999999963e+00 2.570782661437988281e+00
1.566237000000000101e+00 2.565608024597167969e+00
1.570799999999999974e+00 2.565608024597167969e+00
1.575298000000000087e+00 2.565608024597167969e+00
1.579803000000000068e+00 2.570782661437988281e+00
1.584446000000000021e+00 2.565608024597167969e+00
1.588970999999999911e+00 2.570782661437988281e+00
1.593558999999999948e+00 2.575957298278808594e+00
1.598063000000000011e+00 2.575957298278808594e+00
1.602624999999999966e+00 2.575957298278808594e+00
1.607139000000000095e+00 2.575957298278808594e+00
1.611669000000000018e+00 2.575957298278808594e+00
1.616200000000000081e+00 2.575957298278808594e+00
1.620840999999999976e+00 2.575957298278808594e+00
1.625663999999999998e+00 2.581131935119628906e+00
1.630198999999999954e+00 2.575957298278808594e+00
1.639069000000000109e+00 2.575957298278808594e+00
1.644357000000000069e+00 2.570782661437988281e+00
1.648800999999999961e+00 2.565608024597167969e+00
1.652654000000000067e+00 2.565608024597167969e+00
1.656476000000000059e+00 2.565608024597167969e+00
1.660304999999999920e+00 2.565608024597167969e+00
1.664144000000000068e+00 2.570782661437988281e+00
1.667955999999999994e+00 2.565608024597167969e+00
1.671812000000000076e+00 2.565608024597167969e+00
1.675634000000000068e+00 2.565608024597167969e+00
1.679475000000000051e+00 2.570782661437988281e+00
1.683365999999999918e+00 2.570782661437988281e+00
1.687205000000000066e+00 2.570782661437988281e+00
1.690217999999999998e+00 2.575957298278808594e+00
1.694155999999999995e+00 2.575957298278808594e+00
1.697999000000000036e+00 2.575957298278808594e+00
1.701842999999999995e+00 2.575957298278808594e+00
1.705696000000000101e+00 2.575957298278808594e+00
1.709530999999999912e+00 2.581131935119628906e+00
1.713427999999999951e+00 2.575957298278808594e+00
1.717570000000000041e+00 2.581131935119628906e+00
1.721432999999999991e+00 2.581131935119628906e+00
1.725524999999999975e+00 2.575957298278808594e+00
1.729465000000000030e+00 2.570782661437988281e+00
1.741764000000000090e+00 2.570782661437988281e+00
1.747873000000000010e+00 2.565608024597167969e+00
1.759582999999999897e+00 2.565608024597167969e+00
1.763687000000000005e+00 2.565608024597167969e+00
1.769111000000000100e+00 2.570782661437988281e+00
1.773301999999999934e+00 2.570782661437988281e+00
1.777145999999999892e+00 2.570782661437988281e+00
1.781088999999999922e+00 2.570782661437988281e+00
1.784947999999999979e+00 2.570782661437988281e+00
1.788786999999999905e+00 2.570782661437988281e+00
1.792718000000000034e+00 2.575957298278808594e+00
1.796570000000000000e+00 2.581131935119628906e+00
1.800473999999999908e+00 2.581131935119628906e+00
1.804329999999999989e+00 2.575957298278808594e+00
1.808176000000000005e+00 2.575957298278808594e+00
1.812063999999999897e+00 2.570782661437988281e+00
1.815954999999999986e+00 2.570782661437988281e+00
1.819804999999999895e+00 2.570782661437988281e+00
1.823806999999999956e+00 2.570782661437988281e+00
1.827790000000000026e+00 2.575957298278808594e+00
1.831690999999999958e+00 2.575957298278808594e+00
1.835547000000000040e+00 2.570782661437988281e+00
1.839402999999999899e+00 2.570782661437988281e+00
1.843307000000000029e+00 2.570782661437988281e+00
1.847183999999999937e+00 2.565608024597167969e+00
1.851105000000000000e+00 2.570782661437988281e+00
1.854972999999999983e+00 2.570782661437988281e+00
1.858840000000000048e+00 2.570782661437988281e+00
1.862865999999999911e+00 2.570782661437988281e+00
1.870716000000000045e+00 2.570782661437988281e+00
1.874684999999999935e+00 2.570782661437988281e+00
1.878563999999999901e+00 2.570782661437988281e+00
1.882554000000000061e+00 2.570782661437988281e+00
1.886443000000000092e+00 2.570782661437988281e+00
1.890328000000000008e+00 2.570782661437988281e+00
1.894239999999999924e+00 2.575957298278808594e+00
1.898179999999999978e+00 2.570782661437988281e+00
1.902104000000000017e+00 2.570782661437988281e+00
1.906015000000000015e+00 2.575957298278808594e+00
1.909909999999999997e+00 2.570782661437988281e+00
1.913913999999999893e+00 2.575957298278808594e+00
1.917817000000000105e+00 2.570782661437988281e+00
1.921748999999999929e+00 2.570782661437988281e+00
1.925650000000000084e+00 2.575957298278808594e+00
1.929645000000000055e+00 2.570782661437988281e+00
1.933634000000000075e+00 2.575957298278808594e+00
1.937542000000000098e+00 2.575957298278808594e+00
1.941505999999999954e+00 2.570782661437988281e+00
1.945416000000000034e+00 2.570782661437988281e+00
1.949330999999999925e+00 2.570782661437988281e+00
1.953292999999999946e+00 2.570782661437988281e+00
1.957205000000000084e+00 2.570782661437988281e+00
1.961203000000000030e+00 2.570782661437988281e+00
1.965181000000000067e+00 2.570782661437988281e+00
1.969103999999999965e+00 2.570782661437988281e+00
1.972247000000000083e+00 2.570782661437988281e+00
1.976185000000000080e+00 2.570782661437988281e+00
1.984383999999999926e+00 2.565608024597167969e+00
1.988529999999999909e+00 2.570782661437988281e+00
1.992572999999999928e+00 2.570782661437988281e+00
1.996558999999999973e+00 2.570782661437988281e+00
2.000579999999999803e+00 2.575957298278808594e+00
2.003633999999999915e+00 2.575957298278808594e+00
2.007578999999999780e+00 2.575957298278808594e+00
2.011563999999999908e+00 2.570782661437988281e+00
2.015562000000000076e+00 2.575957298278808594e+00
2.019521999999999817e+00 2.570782661437988281e+00
2.023534000000000166e+00 2.575957298278808594e+00
2.027492000000000072e+00 2.575957298278808594e+00
2.031571000000000016e+00 2.575957298278808594e+00
2.035547999999999913e+00 2.575957298278808594e+00
2.039515000000000189e+00 2.575957298278808594e+00
2.043517000000000028e+00 2.570782661437988281e+00
2.047489000000000114e+00 2.570782661437988281e+00
2.051461000000000201e+00 2.570782661437988281e+00
2.055432000000000148e+00 2.570782661437988281e+00
2.059403999999999790e+00 2.570782661437988281e+00
2.063498000000000054e+00 2.565608024597167969e+00
2.067480999999999902e+00 2.565608024597167969e+00
2.071470999999999840e+00 2.565608024597167969e+00
2.075454999999999828e+00 2.565608024597167969e+00
2.079422000000000104e+00 2.565608024597167969e+00
2.083489999999999842e+00 2.565608024597167969e+00
2.087486999999999870e+00 2.565608024597167969e+00
2.091479000000000088e+00 2.570782661437988281e+00
2.099667000000000172e+00 2.570782661437988281e+00
2.103943999999999814e+00 2.575957298278808594e+00
2.107946999999999793e+00 2.575957298278808594e+00
2.111988999999999894e+00 2.575957298278808594e+00
2.116026000000000185e+00 2.575957298278808594e+00
2.120030999999999999e+00 2.575957298278808594e+00
2.124108999999999803e+00 2.575957298278808594e+00
2.128115999999999897e+00 2.575957298278808594e+00
2.132223000000000201e+00 2.575957298278808594e+00
2.136235000000000106e+00 2.575957298278808594e+00
2.140273999999999788e+00 2.570782661437988281e+00
2.144388999999999879e+00 2.570782661437988281e+00
2.148419000000000079e+00 2.565608024597167969e+00
2.152518999999999849e+00 2.565608024597167969e+00
2.156540999999999819e+00 2.565608024597167969e+00
2.160625000000000018e+00 2.570782661437988281e+00
2.164644000000000013e+00 2.565608024597167969e+00
2.168674000000000213e+00 2.570782661437988281e+00
2.172772999999999843e+00 2.565608024597167969e+00
2.175847000000000087e+00 2.565608024597167969e+00
2.179857000000000156e+00 2.565608024597167969e+00
2.183997000000000188e+00 2.565608024597167969e+00
2.188020999999999994e+00 2.570782661437988281e+00
2.192053000000000029e+00 2.575957298278808594e+00
2.196086999999999900e+00 2.575957298278808594e+00
2.200121000000000215e+00 2.575957298278808594e+00
2.204206000000000110e+00 2.575957298278808594e+00
2.208261999999999947e+00 2.575957298278808594e+00
2.216486000000000178e+00 2.575957298278808594e+00
2.220785999999999927e+00 2.575957298278808594e+00
2.224851999999999830e+00 2.575957298278808594e+00
2.228911000000000087e+00 2.570782661437988281e+00
2.233096999999999888e+00 2.570782661437988281e+00
2.237169000000000185e+00 2.570782661437988281e+00
2.241328000000000209e+00 2.565608024597167969e+00
2.244422999999999835e+00 2.565608024597167969e+00
2.248480999999999952e+00 2.565608024597167969e+00
2.251621999999999790e+00 2.565608024597167969e+00
2.255682999999999883e+00 2.565608024597167969e+00
2.258827000000000140e+00 2.565608024597167969e+00
2.262979000000000074e+00 2.565608024597167969e+00
2.267053000000000207e+00 2.565608024597167969e+00
2.271201000000000025e+00 2.565608024597167969e+00
2.275284999999999780e+00 2.565608024597167969e+00
2.279380999999999879e+00 2.570782661437988281e+00
2.282629000000000019e+00 2.570782661437988281e+00
2.286693000000000087e+00 2.570782661437988281e+00
2.289832000000000090e+00 2.570782661437988281e+00
2.294010999999999800e+00 2.575957298278808594e+00
2.298125000000000195e+00 2.570782661437988281e+00
2.301254999999999828e+00 2.575957298278808594e+00
2.305344999999999978e+00 2.575957298278808594e+00
2.308462000000000014e+00 2.575957298278808594e+00
2.312616999999999923e+00 2.575957298278808594e+00
2.315819999999999990e+00 2.570782661437988281e+00
2.319933999999999941e+00 2.570782661437988281e+00
2.328393000000000157e+00 2.570782661437988281e+00
2.332756999999999969e+00 2.570782661437988281e+00
2.335907000000000178e+00 2.570782661437988281e+00
2.339050999999999991e+00 2.565608024597167969e+00
2.343230000000000146e+00 2.565608024597167969e+00
2.347388000000000030e+00 2.570782661437988281e+00
2.351541999999999799e+00 2.565608024597167969e+00
2.356555000000000177e+00 2.570782661437988281e+00
2.361609000000000069e+00 2.570782661437988281e+00
2.366677000000000142e+00 2.565608024597167969e+00
2.371757000000000115e+00 2.570782661437988281e+00
2.376751000000000058e+00 2.570782661437988281e+00
2.381822000000000106e+00 2.570782661437988281e+00
2.386846999999999941e+00 2.565608024597167969e+00
2.391875000000000195e+00 2.575957298278808594e+00
2.396895999999999916e+00 2.575957298278808594e+00
2.401987000000000094e+00 2.570782661437988281e+00
2.407033000000000200e+00 2.570782661437988281e+00
2.412084000000000117e+00 2.570782661437988281e+00
2.417189000000000032e+00 2.570782661437988281e+00
2.422251000000000154e+00 2.570782661437988281e+00
2.427286000000000055e+00 2.570782661437988281e+00
2.432370000000000143e+00 2.570782661437988281e+00
2.443620999999999821e+00 2.570782661437988281e+00
2.449148000000000103e+00 2.570782661437988281e+00
2.453911999999999871e+00 2.565608024597167969e+00
2.457038999999999973e+00 2.570782661437988281e+00
2.461263000000000201e+00 2.570782661437988281e+00
2.465440000000000076e+00 2.570782661437988281e+00
2.469609000000000165e+00 2.565608024597167969e+00
2.472875000000000156e+00 2.570782661437988281e+00
2.477050000000000196e+00 2.565608024597167969e+00
2.480242000000000058e+00 2.565608024597167969e+00
2.484484000000000137e+00 2.565608024597167969e+00
2.488669999999999938e+00 2.570782661437988281e+00
2.492922000000000082e+00 2.570782661437988281e+00
2.497116000000000113e+00 2.570782661437988281e+00
2.500245000000000051e+00 2.570782661437988281e+00
2.504484000000000155e+00 2.570782661437988281e+00
2.508685999999999972e+00 2.570782661437988281e+00
2.512954000000000132e+00 2.570782661437988281e+00
2.517193999999999932e+00 2.570782661437988281e+00
2.521402999999999839e+00 2.570782661437988281e+00
2.525608000000000075e+00 2.575957298278808594e+00
2.529802000000000106e+00 2.575957298278808594e+00
2.534173000000000009e+00 2.575957298278808594e+00
2.538422999999999874e+00 2.575957298278808594e+00
2.541644999999999932e+00 2.570782661437988281e+00
2.545853000000000144e+00 2.570782661437988281e+00
2.550063000000000191e+00 2.570782661437988281e+00
2.554409999999999847e+00 2.570782661437988281e+00
2.562650000000000095e+00 2.570782661437988281e+00
2.567288000000000014e+00 2.565608024597167969e+00
2.571560999999999986e+00 2.565608024597167969e+00
2.575810999999999851e+00 2.565608024597167969e+00
2.580062999999999995e+00 2.565608024597167969e+00
2.584363000000000188e+00 2.565608024597167969e+00
2.588607000000000102e+00 2.565608024597167969e+00
2.592954000000000203e+00 2.570782661437988281e+00
2.597208999999999879e+00 2.570782661437988281e+00
2.600464999999999804e+00 2.570782661437988281e+00
2.604710999999999999e+00 2.570782661437988281e+00
2.608953000000000078e+00 2.575957298278808594e+00
2.613319999999999865e+00 2.570782661437988281e+00
2.617579999999999796e+00 2.575957298278808594e+00
2.621850999999999932e+00 2.575957298278808594e+00
2.626116999999999813e+00 2.575957298278808594e+00
2.630431000000000186e+00 2.575957298278808594e+00
2.634708999999999968e+00 2.570782661437988281e+00
2.639016999999999946e+00 2.570782661437988281e+00
2.643334999999999990e+00 2.570782661437988281e+00
2.647619999999999862e+00 2.570782661437988281e+00
2.652028000000000052e+00 2.570782661437988281e+00
2.655282000000000142e+00 2.565608024597167969e+00
2.659562000000000204e+00 2.565608024597167969e+00
2.662830000000000030e+00 2.565608024597167969e+00
2.667101999999999862e+00 2.565608024597167969e+00
2.671387000000000178e+00 2.565608024597167969e+00
2.679575999999999958e+00 2.570782661437988281e+00
2.684241000000000099e+00 2.565608024597167969e+00
2.687434000000000101e+00 2.565608024597167969e+00
2.691737999999999964e+00 2.570782661437988281e+00
2.696018000000000026e+00 2.575957298278808594e+00
2.700381000000000142e+00 2.575957298278808594e+00
2.704668999999999990e+00 2.575957298278808594e+00
2.708957999999999977e+00 2.570782661437988281e+00
2.712266000000000066e+00 2.575957298278808594e+00
2.716562000000000143e+00 2.575957298278808594e+00
2.720933000000000046e+00 2.575957298278808594e+00
2.725239000000000189e+00 2.575957298278808594e+00
2.728441999999999812e+00 2.575957298278808594e+00
2.736904000000000003e+00 2.570782661437988281e+00
2.743781999999999943e+00 2.565608024597167969e+00
2.751370999999999789e+00 2.565608024597167969e+00
2.755825999999999887e+00 2.565608024597167969e+00
2.761960999999999888e+00 2.565608024597167969e+00
2.766424999999999912e+00 2.565608024597167969e+00
2.769677000000000167e+00 2.565608024597167969e+00
2.774172999999999778e+00 2.565608024597167969e+00
2.778529999999999944e+00 2.570782661437988281e+00
2.781871999999999900e+00 2.570782661437988281e+00
2.786236000000000157e+00 2.565608024597167969e+00
2.794899000000000022e+00 2.570782661437988281e+00
2.799422999999999995e+00 2.570782661437988281e+00
2.803882999999999903e+00 2.570782661437988281e+00
2.808253999999999806e+00 2.575957298278808594e+00
2.812755000000000116e+00 2.575957298278808594e+00
2.817174000000000067e+00 2.570782661437988281e+00
2.821575999999999862e+00 2.570782661437988281e+00
2.824870999999999910e+00 2.570782661437988281e+00
2.829222999999999821e+00 2.570782661437988281e+00
2.833673999999999804e+00 2.570782661437988281e+00
2.838041000000000036e+00 2.570782661437988281e+00
2.842477999999999838e+00 2.565608024597167969e+00
2.846852999999999856e+00 2.565608024597167969e+00
2.851302000000000003e+00 2.565608024597167969e+00
2.855679999999999996e+00 2.565608024597167969e+00
2.860043000000000113e+00 2.565608024597167969e+00
2.864510000000000112e+00 2.565608024597167969e+00
2.868879000000000179e+00 2.565608024597167969e+00
2.873307000000000055e+00 2.570782661437988281e+00
2.877689000000000163e+00 2.565608024597167969e+00
2.882096000000000213e+00 2.565608024597167969e+00
2.885445999999999955e+00 2.565608024597167969e+00
2.889829999999999899e+00 2.570782661437988281e+00
2.893266999999999811e+00 2.575957298278808594e+00
2.897635000000000183e+00 2.575957298278808594e+00
2.906127000000000127e+00 2.570782661437988281e+00
2.910769000000000162e+00 2.570782661437988281e+00
2.915176999999999907e+00 2.570782661437988281e+00
2.919662999999999897e+00 2.570782661437988281e+00
2.924119000000000135e+00 2.570782661437988281e+00
2.928525000000000045e+00 2.570782661437988281e+00
2.931909999999999794e+00 2.570782661437988281e+00
2.936393999999999949e+00 2.570782661437988281e+00
2.940866000000000202e+00 2.565608024597167969e+00
2.944250999999999951e+00 2.570782661437988281e+00
2.948655000000000026e+00 2.565608024597167969e+00
2.953224000000000071e+00 2.570782661437988281e+00
2.957632999999999956e+00 2.570782661437988281e+00
2.962060000000000137e+00 2.565608024597167969e+00
2.966470000000000162e+00 2.565608024597167969e+00
2.970957999999999988e+00 2.565608024597167969e+00
2.974247000000000085e+00 2.565608024597167969e+00
2.978652999999999995e+00 2.570782661437988281e+00
2.983138999999999985e+00 2.565608024597167969e+00
2.986429999999999918e+00 2.565608024597167969e+00
2.990899000000000196e+00 2.570782661437988281e+00
2.995331999999999883e+00 2.570782661437988281e+00
2.999769000000000130e+00 2.570782661437988281e+00
3.004300000000000193e+00 2.570782661437988281e+00
3.008739999999999970e+00 2.570782661437988281e+00
3.013240000000000141e+00 2.570782661437988281e+00
3.021637999999999824e+00 2.570782661437988281e+00
3.026168000000000191e+00 2.570782661437988281e+00
3.030768000000000129e+00 2.575957298278808594e+00
3.035254999999999814e+00 2.570782661437988281e+00
3.039708000000000077e+00 2.570782661437988281e+00
3.044256999999999991e+00 2.565608024597167969e+00
3.048744999999999816e+00 2.565608024597167969e+00
3.053331000000000017e+00 2.565608024597167969e+00
3.057798000000000016e+00 2.565608024597167969e+00
3.062275000000000080e+00 2.570782661437988281e+00
3.066739000000000104e+00 2.570782661437988281e+00
3.071283000000000207e+00 2.565608024597167969e+00
3.075800999999999785e+00 2.565608024597167969e+00
3.080257000000000023e+00 2.565608024597167969e+00
3.084763000000000144e+00 2.565608024597167969e+00
3.088102000000000125e+00 2.565608024597167969e+00
3.092655999999999850e+00 2.570782661437988281e+00
3.097150000000000070e+00 2.570782661437988281e+00
3.100448000000000093e+00 2.570782661437988281e+00
3.104915999999999787e+00 2.565608024597167969e+00
3.108251000000000097e+00 2.570782661437988281e+00
3.112792999999999921e+00 2.570782661437988281e+00
3.117291999999999952e+00 2.570782661437988281e+00
3.121801000000000048e+00 2.575957298278808594e+00
3.126311999999999980e+00 2.575957298278808594e+00
3.129630999999999830e+00 2.575957298278808594e+00
3.134237000000000162e+00 2.570782661437988281e+00
3.142640000000000100e+00 2.575957298278808594e+00
3.147225000000000161e+00 2.570782661437988281e+00
3.151934999999999931e+00 2.570782661437988281e+00
3.156512000000000207e+00 2.565608024597167969e+00
3.162150000000000016e+00 2.565608024597167969e+00
3.167844000000000104e+00 2.565608024597167969e+00
3.173547999999999814e+00 2.565608024597167969e+00
3.179136999999999880e+00 2.565608024597167969e+00
3.184784000000000059e+00 2.565608024597167969e+00
3.190380999999999911e+00 2.570782661437988281e+00
3.196028999999999787e+00 2.570782661437988281e+00
3.201690999999999843e+00 2.575957298278808594e+00
3.207286999999999999e+00 2.575957298278808594e+00
3.212877999999999901e+00 2.570782661437988281e+00
3.218487000000000098e+00 2.570782661437988281e+00
3.224165000000000170e+00 2.570782661437988281e+00
3.229779999999999873e+00 2.570782661437988281e+00
3.235529000000000099e+00 2.570782661437988281e+00
3.241197000000000106e+00 2.565608024597167969e+00
3.246811999999999809e+00 2.565608024597167969e+00
3.252479000000000120e+00 2.565608024597167969e+00
3.262534000000000045e+00 2.565608024597167969e+00
3.267161999999999900e+00 2.565608024597167969e+00
3.271749999999999936e+00 2.565608024597167969e+00
3.276299999999999990e+00 2.565608024597167969e+00
3.279678999999999789e+00 2.565608024597167969e+00
3.284299999999999997e+00 2.565608024597167969e+00
3.287653999999999854e+00 2.570782661437988281e+00
3.292291000000000079e+00 2.570782661437988281e+00
3.296867000000000214e+00 2.570782661437988281e+00
3.301506999999999969e+00 2.575957298278808594e+00
3.304816999999999894e+00 2.570782661437988281e+00
3.309409000000000045e+00 2.570782661437988281e+00
3.314134999999999831e+00 2.570782661437988281e+00
3.318719999999999892e+00 2.570782661437988281e+00
3.323376999999999803e+00 2.570782661437988281e+00
3.327964999999999840e+00 2.570782661437988281e+00
3.332577999999999818e+00 2.570782661437988281e+00
3.337171000000000110e+00 2.570782661437988281e+00
3.341755000000000031e+00 2.565608024597167969e+00
3.346356999999999804e+00 2.565608024597167969e+00
3.351042000000000076e+00 2.565608024597167969e+00
3.355678999999999856e+00 2.565608024597167969e+00
3.360288999999999859e+00 2.565608024597167969e+00
3.364933999999999870e+00 2.565608024597167969e+00
3.369546999999999848e+00 2.565608024597167969e+00
3.374321000000000126e+00 2.565608024597167969e+00
3.383112999999999815e+00 2.570782661437988281e+00
3.388128000000000029e+00 2.565608024597167969e+00
3.391631999999999980e+00 2.570782661437988281e+00
3.396328000000000014e+00 2.570782661437988281e+00
3.401013999999999982e+00 2.570782661437988281e+00
3.404421999999999837e+00 2.570782661437988281e+00
3.409050000000000136e+00 2.570782661437988281e+00
3.413766999999999996e+00 2.570782661437988281e+00
3.418400000000000105e+00 2.570782661437988281e+00
3.423100999999999949e+00 2.570782661437988281e+00
3.427722000000000158e+00 2.570782661437988281e+00
3.432380999999999904e+00 2.570782661437988281e+00
3.437031999999999865e+00 2.565608024597167969e+00
3.441675000000000040e+00 2.565608024597167969e+00
3.446308000000000149e+00 2.570782661437988281e+00
3.451042000000000165e+00 2.565608024597167969e+00
3.455735999999999919e+00 2.565608024597167969e+00
3.460428999999999977e+00 2.565608024597167969e+00
3.463870000000000005e+00 2.565608024597167969e+00
3.468528000000000056e+00 2.570782661437988281e+00
3.473233000000000015e+00 2.565608024597167969e+00
3.476665000000000116e+00 2.565608024597167969e+00
3.481349999999999945e+00 2.565608024597167969e+00
3.486013999999999946e+00 2.565608024597167969e+00
3.489466999999999874e+00 2.570782661437988281e+00
3.498264999999999958e+00 2.570782661437988281e+00
3.503340000000000121e+00 2.570782661437988281e+00
3.508017000000000163e+00 2.570782661437988281e+00
3.512792000000000137e+00 2.565608024597167969e+00
3.517443999999999793e+00 2.570782661437988281e+00
3.522213999999999956e+00 2.570782661437988281e+00
3.526883000000000212e+00 2.570782661437988281e+00
3.531661000000000161e+00 2.570782661437988281e+00
3.536359000000000030e+00 2.575957298278808594e+00
3.541103999999999807e+00 2.570782661437988281e+00
3.545783999999999825e+00 2.565608024597167969e+00
3.550565999999999889e+00 2.565608024597167969e+00
3.555394000000000165e+00 2.565608024597167969e+00
3.560081999999999969e+00 2.565608024597167969e+00
3.564843000000000206e+00 2.565608024597167969e+00
3.568303999999999920e+00 2.565608024597167969e+00
3.573081999999999869e+00 2.565608024597167969e+00
3.577801000000000009e+00 2.560433387756347656e+00
3.581258000000000052e+00 2.565608024597167969e+00
3.584709000000000145e+00 2.560433387756347656e+00
3.589405000000000179e+00 2.565608024597167969e+00
3.594183999999999823e+00 2.570782661437988281e+00
3.598897000000000013e+00 2.570782661437988281e+00
3.603676999999999797e+00 2.565608024597167969e+00
3.612629000000000090e+00 2.570782661437988281e+00
3.617522000000000126e+00 2.570782661437988281e+00
3.622389000000000081e+00 2.570782661437988281e+00
3.627113000000000032e+00 2.570782661437988281e+00
3.631860000000000088e+00 2.570782661437988281e+00
3.636601000000000194e+00 2.570782661437988281e+00
3.641417000000000126e+00 2.570782661437988281e+00
3.644826999999999817e+00 2.565608024597167969e+00
3.648277000000000214e+00 2.565608024597167969e+00
3.653071999999999875e+00 2.565608024597167969e+00
3.657950000000000035e+00 2.565608024597167969e+00
3.662835999999999981e+00 2.565608024597167969e+00
3.667578999999999922e+00 2.565608024597167969e+00
3.672416999999999820e+00 2.565608024597167969e+00
3.675866000000000078e+00 2.565608024597167969e+00
3.680632999999999821e+00 2.560433387756347656e+00
3.685381000000000018e+00 2.560433387756347656e+00
3.688817999999999930e+00 2.565608024597167969e+00
3.693637999999999977e+00 2.565608024597167969e+00
3.698392000000000124e+00 2.565608024597167969e+00
3.703205000000000080e+00 2.570782661437988281e+00
3.708002000000000020e+00 2.570782661437988281e+00
3.712851999999999819e+00 2.570782661437988281e+00
3.717613000000000056e+00 2.575957298278808594e+00
3.722493000000000052e+00 2.570782661437988281e+00
3.734804000000000013e+00 2.570782661437988281e+00
3.744848000000000177e+00 2.565608024597167969e+00
3.753909999999999858e+00 2.560433387756347656e+00
3.761258000000000212e+00 2.565608024597167969e+00
3.768314000000000163e+00 2.565608024597167969e+00
3.773560999999999943e+00 2.560433387756347656e+00
3.778354000000000212e+00 2.560433387756347656e+00
3.783259000000000150e+00 2.565608024597167969e+00
3.788095999999999908e+00 2.565608024597167969e+00
3.792993000000000059e+00 2.570782661437988281e+00
3.796438999999999897e+00 2.570782661437988281e+00
3.801333000000000073e+00 2.570782661437988281e+00
3.806219000000000019e+00 2.570782661437988281e+00
3.811101999999999990e+00 2.570782661437988281e+00
3.815903000000000045e+00 2.570782661437988281e+00
3.820790000000000131e+00 2.570782661437988281e+00
3.825626999999999889e+00 2.570782661437988281e+00
3.830508000000000024e+00 2.565608024597167969e+00
3.835323999999999955e+00 2.565608024597167969e+00
3.838859999999999939e+00 2.565608024597167969e+00
3.847604000000000024e+00 2.565608024597167969e+00
3.852749999999999897e+00 2.560433387756347656e+00
3.856244999999999923e+00 2.565608024597167969e+00
3.861183000000000032e+00 2.565608024597167969e+00
3.864685000000000148e+00 2.565608024597167969e+00
3.869495000000000129e+00 2.565608024597167969e+00
3.874372000000000149e+00 2.565608024597167969e+00
3.879179999999999851e+00 2.565608024597167969e+00
3.884072000000000191e+00 2.565608024597167969e+00
3.888902999999999999e+00 2.565608024597167969e+00
3.893787000000000109e+00 2.570782661437988281e+00
3.898606000000000016e+00 2.570782661437988281e+00
3.903515000000000068e+00 2.570782661437988281e+00
3.908354999999999801e+00 2.570782661437988281e+00
3.913229999999999986e+00 2.565608024597167969e+00
3.918048000000000197e+00 2.565608024597167969e+00
3.923033999999999910e+00 2.570782661437988281e+00
3.927856999999999932e+00 2.570782661437988281e+00
3.932691000000000159e+00 2.565608024597167969e+00
3.936227999999999838e+00 2.565608024597167969e+00
3.941193999999999864e+00 2.565608024597167969e+00
3.946048999999999918e+00 2.565608024597167969e+00
3.950985000000000191e+00 2.565608024597167969e+00
3.955851000000000006e+00 2.565608024597167969e+00
3.965253999999999834e+00 2.565608024597167969e+00
3.970326000000000022e+00 2.565608024597167969e+00
3.975436000000000192e+00 2.565608024597167969e+00
3.980316000000000187e+00 2.565608024597167969e+00
3.983836999999999851e+00 2.560433387756347656e+00
3.988678000000000168e+00 2.570782661437988281e+00
3.992264000000000035e+00 2.570782661437988281e+00
3.997107999999999883e+00 2.570782661437988281e+00
4.001990000000000158e+00 2.570782661437988281e+00
4.006953000000000209e+00 2.565608024597167969e+00
4.011836999999999875e+00 2.570782661437988281e+00
4.016688000000000258e+00 2.570782661437988281e+00
4.021645000000000358e+00 2.570782661437988281e+00
4.026495999999999853e+00 2.565608024597167969e+00
4.031420999999999921e+00 2.565608024597167969e+00
4.036272000000000304e+00 2.565608024597167969e+00
4.039820999999999884e+00 2.565608024597167969e+00
4.043421999999999628e+00 2.565608024597167969e+00
4.048267000000000060e+00 2.565608024597167969e+00
4.051847999999999672e+00 2.565608024597167969e+00
4.056748999999999938e+00 2.565608024597167969e+00
4.061670999999999587e+00 2.565608024597167969e+00
4.066582000000000363e+00 2.565608024597167969e+00
4.071537000000000184e+00 2.565608024597167969e+00
4.076519000000000226e+00 2.565608024597167969e+00
4.087437000000000431e+00 2.560433387756347656e+00
4.092492000000000019e+00 2.565608024597167969e+00
4.097641000000000311e+00 2.570782661437988281e+00
4.102395999999999709e+00 2.565608024597167969e+00
4.107451000000000185e+00 2.570782661437988281e+00
4.112424999999999997e+00 2.565608024597167969e+00
4.117347999999999786e+00 2.565608024597167969e+00
4.122347000000000428e+00 2.570782661437988281e+00
4.127276000000000167e+00 2.570782661437988281e+00
4.132211999999999996e+00 2.570782661437988281e+00
4.137163000000000146e+00 2.570782661437988281e+00
4.142122999999999777e+00 2.565608024597167969e+00
4.145679000000000336e+00 2.565608024597167969e+00
4.150641000000000247e+00 2.565608024597167969e+00
4.155613999999999919e+00 2.565608024597167969e+00
4.160593999999999681e+00 2.565608024597167969e+00
4.165504999999999569e+00 2.565608024597167969e+00
4.170532999999999824e+00 2.560433387756347656e+00
4.175466000000000122e+00 2.565608024597167969e+00
4.180429000000000173e+00 2.560433387756347656e+00
4.185341000000000200e+00 2.560433387756347656e+00
4.190267000000000408e+00 2.565608024597167969e+00
4.193844999999999601e+00 2.565608024597167969e+00
4.202837999999999852e+00 2.565608024597167969e+00
4.208118999999999943e+00 2.570782661437988281e+00
4.213167999999999580e+00 2.570782661437988281e+00
4.218132999999999910e+00 2.570782661437988281e+00
4.223188999999999638e+00 2.570782661437988281e+00
4.228152999999999828e+00 2.570782661437988281e+00
4.233189000000000313e+00 2.570782661437988281e+00
4.238166999999999796e+00 2.570782661437988281e+00
4.243216000000000321e+00 2.565608024597167969e+00
4.248192999999999664e+00 2.565608024597167969e+00
4.251864000000000310e+00 2.565608024597167969e+00
4.255463999999999913e+00 2.565608024597167969e+00
4.259065999999999796e+00 2.565608024597167969e+00
4.264108000000000231e+00 2.560433387756347656e+00
4.269108000000000125e+00 2.560433387756347656e+00
4.274293000000000120e+00 2.560433387756347656e+00
4.279275000000000162e+00 2.565608024597167969e+00
4.284322000000000408e+00 2.565608024597167969e+00
4.289369999999999905e+00 2.565608024597167969e+00
4.293065999999999605e+00 2.570782661437988281e+00
4.298104999999999620e+00 2.570782661437988281e+00
4.303164999999999907e+00 2.565608024597167969e+00
4.308182000000000400e+00 2.570782661437988281e+00
4.313248999999999889e+00 2.570782661437988281e+00
4.322511000000000436e+00 2.570782661437988281e+00
4.327702000000000382e+00 2.570782661437988281e+00
4.332737999999999978e+00 2.570782661437988281e+00
4.337785000000000224e+00 2.570782661437988281e+00
4.342890999999999835e+00 2.565608024597167969e+00
4.347903999999999769e+00 2.565608024597167969e+00
4.353025999999999840e+00 2.560433387756347656e+00
4.356667999999999985e+00 2.560433387756347656e+00
4.360268999999999728e+00 2.560433387756347656e+00
4.365344000000000335e+00 2.560433387756347656e+00
4.370421000000000333e+00 2.560433387756347656e+00
4.375528000000000084e+00 2.565608024597167969e+00
4.380616999999999983e+00 2.570782661437988281e+00
4.385655999999999999e+00 2.565608024597167969e+00
4.390776999999999930e+00 2.570782661437988281e+00
4.395807999999999716e+00 2.570782661437988281e+00
4.400910999999999795e+00 2.570782661437988281e+00
4.405966000000000271e+00 2.570782661437988281e+00
4.411049000000000220e+00 2.570782661437988281e+00
4.414649999999999963e+00 2.570782661437988281e+00
4.418254000000000126e+00 2.565608024597167969e+00
4.423360999999999876e+00 2.565608024597167969e+00
4.428416999999999604e+00 2.565608024597167969e+00
4.433847000000000094e+00 2.565608024597167969e+00
4.443283000000000094e+00 2.560433387756347656e+00
4.448351999999999862e+00 2.560433387756347656e+00
4.453477999999999604e+00 2.560433387756347656e+00
4.458563999999999972e+00 2.565608024597167969e+00
4.462250000000000050e+00 2.560433387756347656e+00
4.465854000000000212e+00 2.565608024597167969e+00
4.469458000000000375e+00 2.565608024597167969e+00
4.474696999999999925e+00 2.565608024597167969e+00
4.479892999999999681e+00 2.565608024597167969e+00
4.483667999999999765e+00 2.560433387756347656e+00
4.487276999999999738e+00 2.565608024597167969e+00
4.492388000000000048e+00 2.570782661437988281e+00
4.497454000000000285e+00 2.565608024597167969e+00
4.502538000000000373e+00 2.565608024597167969e+00
4.507640999999999565e+00 2.570782661437988281e+00
4.511269000000000418e+00 2.570782661437988281e+00
4.516363000000000127e+00 2.565608024597167969e+00
4.521517000000000230e+00 2.565608024597167969e+00
4.526600000000000179e+00 2.565608024597167969e+00
4.530279000000000167e+00 2.565608024597167969e+00
4.535408999999999580e+00 2.565608024597167969e+00
4.540573000000000192e+00 2.565608024597167969e+00
4.545679999999999943e+00 2.565608024597167969e+00
4.554672000000000054e+00 2.565608024597167969e+00
4.559860999999999720e+00 2.565608024597167969e+00
4.565118000000000009e+00 2.565608024597167969e+00
4.570198000000000427e+00 2.565608024597167969e+00
4.573849000000000053e+00 2.565608024597167969e+00
4.578985999999999557e+00 2.565608024597167969e+00
4.584169000000000160e+00 2.560433387756347656e+00
4.589269999999999960e+00 2.565608024597167969e+00
4.594428999999999874e+00 2.565608024597167969e+00
4.599541999999999575e+00 2.565608024597167969e+00
4.604707999999999579e+00 2.565608024597167969e+00
4.609799999999999898e+00 2.565608024597167969e+00
4.615096999999999561e+00 2.565608024597167969e+00
4.620209000000000010e+00 2.565608024597167969e+00
4.625375000000000014e+00 2.570782661437988281e+00
4.630550999999999640e+00 2.570782661437988281e+00
4.635665999999999620e+00 2.570782661437988281e+00
4.640836000000000183e+00 2.570782661437988281e+00
4.644522000000000261e+00 2.565608024597167969e+00
4.649606999999999601e+00 2.565608024597167969e+00
4.654821000000000097e+00 2.565608024597167969e+00
4.659965999999999831e+00 2.565608024597167969e+00
4.665189999999999948e+00 2.565608024597167969e+00
4.676351000000000369e+00 2.555258750915527344e+00
4.683430999999999678e+00 2.560433387756347656e+00
4.689970999999999890e+00 2.565608024597167969e+00
4.696660999999999753e+00 2.570782661437988281e+00
4.703203000000000245e+00 2.565608024597167969e+00
4.709748000000000268e+00 2.570782661437988281e+00
4.716467999999999883e+00 2.565608024597167969e+00
4.722998999999999725e+00 2.570782661437988281e+00
4.729542000000000357e+00 2.570782661437988281e+00
4.736241999999999841e+00 2.570782661437988281e+00
4.742812999999999946e+00 2.565608024597167969e+00
4.756179999999999630e+00 2.565608024597167969e+00
4.770705000000000418e+00 2.555258750915527344e+00
4.777013000000000176e+00 2.560433387756347656e+00
4.785093999999999959e+00 2.560433387756347656e+00
4.796386000000000038e+00 2.570782661437988281e+00
4.800048000000000314e+00 2.570782661437988281e+00
4.805318999999999896e+00 2.570782661437988281e+00
4.810615000000000308e+00 2.570782661437988281e+00
4.815826999999999636e+00 2.570782661437988281e+00
4.821158999999999750e+00 2.570782661437988281e+00
4.826384000000000007e+00 2.565608024597167969e+00
4.830091000000000356e+00 2.570782661437988281e+00
4.833846000000000309e+00 2.565608024597167969e+00
4.837448000000000192e+00 2.565608024597167969e+00
4.842686999999999742e+00 2.565608024597167969e+00
4.847908000000000328e+00 2.560433387756347656e+00
4.851619999999999600e+00 2.560433387756347656e+00
4.856849999999999667e+00 2.565608024597167969e+00
4.862077000000000204e+00 2.560433387756347656e+00
4.867309999999999803e+00 2.560433387756347656e+00
4.872537000000000340e+00 2.560433387756347656e+00
4.876250999999999891e+00 2.565608024597167969e+00
4.881507000000000041e+00 2.565608024597167969e+00
4.886791999999999803e+00 2.565608024597167969e+00
4.890435000000000088e+00 2.565608024597167969e+00
4.895650999999999975e+00 2.570782661437988281e+00
4.904821000000000097e+00 2.565608024597167969e+00
4.910448999999999842e+00 2.570782661437988281e+00
4.915738000000000163e+00 2.565608024597167969e+00
4.919476999999999656e+00 2.565608024597167969e+00
4.924851999999999563e+00 2.570782661437988281e+00
4.930137000000000214e+00 2.565608024597167969e+00
4.935528999999999833e+00 2.565608024597167969e+00
4.939245999999999803e+00 2.565608024597167969e+00
4.944558999999999926e+00 2.560433387756347656e+00
4.949849000000000387e+00 2.560433387756347656e+00
4.955314999999999692e+00 2.565608024597167969e+00
4.960682000000000258e+00 2.560433387756347656e+00
4.965982000000000340e+00 2.565608024597167969e+00
4.971337000000000117e+00 2.565608024597167969e+00
4.975094000000000349e+00 2.565608024597167969e+00
4.980329000000000228e+00 2.565608024597167969e+00
4.985638999999999932e+00 2.565608024597167969e+00
4.991101999999999705e+00 2.570782661437988281e+00
4.994869999999999699e+00 2.565608024597167969e+00
5.000136000000000358e+00 2.570782661437988281e+00
5.005475999999999814e+00 2.570782661437988281e+00
5.010817000000000299e+00 2.565608024597167969e+00
5.020253000000000299e+00 2.565608024597167969e+00
5.025778999999999996e+00 2.565608024597167969e+00
5.031104000000000021e+00 2.570782661437988281e+00
5.036386000000000251e+00 2.565608024597167969e+00
5.041741000000000028e+00 2.560433387756347656e+00
5.047003000000000128e+00 2.560433387756347656e+00
5.052298000000000400e+00 2.560433387756347656e+00
5.057572999999999652e+00 2.565608024597167969e+00
5.062864000000000253e+00 2.565608024597167969e+00
5.068146999999999736e+00 2.565608024597167969e+00
5.073483000000000409e+00 2.565608024597167969e+00
5.078761000000000081e+00 2.560433387756347656e+00
5.084109999999999907e+00 2.560433387756347656e+00
5.087862000000000329e+00 2.565608024597167969e+00
5.093242000000000047e+00 2.565608024597167969e+00
5.098520999999999859e+00 2.565608024597167969e+00
5.103870999999999825e+00 2.565608024597167969e+00
5.107630000000000337e+00 2.565608024597167969e+00
5.112938999999999901e+00 2.565608024597167969e+00
5.116673999999999722e+00 2.565608024597167969e+00
5.121959000000000373e+00 2.570782661437988281e+00
5.127271000000000356e+00 2.570782661437988281e+00
5.136641000000000012e+00 2.570782661437988281e+00
5.142174999999999940e+00 2.565608024597167969e+00
5.147457000000000171e+00 2.565608024597167969e+00
5.152789000000000286e+00 2.560433387756347656e+00
5.158108999999999611e+00 2.565608024597167969e+00
5.163521000000000249e+00 2.565608024597167969e+00
5.168838000000000044e+00 2.565608024597167969e+00
5.172647000000000439e+00 2.560433387756347656e+00
5.177964000000000233e+00 2.560433387756347656e+00
5.183366000000000362e+00 2.560433387756347656e+00
5.188691000000000386e+00 2.565608024597167969e+00
5.194116000000000177e+00 2.570782661437988281e+00
5.197855999999999810e+00 2.565608024597167969e+00
5.203248000000000317e+00 2.565608024597167969e+00
5.207053000000000154e+00 2.565608024597167969e+00
5.212387999999999799e+00 2.570782661437988281e+00
5.217725999999999864e+00 2.570782661437988281e+00
5.223213000000000328e+00 2.570782661437988281e+00
5.228703000000000323e+00 2.570782661437988281e+00
5.234106999999999843e+00 2.570782661437988281e+00
5.237899999999999778e+00 2.570782661437988281e+00
5.243295999999999957e+00 2.565608024597167969e+00
5.252847000000000044e+00 2.565608024597167969e+00
5.258422999999999625e+00 2.560433387756347656e+00
5.263810999999999574e+00 2.560433387756347656e+00
5.269184000000000090e+00 2.560433387756347656e+00
5.274592000000000169e+00 2.560433387756347656e+00
5.279963000000000406e+00 2.560433387756347656e+00
5.285484000000000293e+00 2.560433387756347656e+00
5.290909000000000084e+00 2.565608024597167969e+00
5.296326999999999785e+00 2.570782661437988281e+00
5.301771999999999707e+00 2.565608024597167969e+00
5.307157000000000124e+00 2.565608024597167969e+00
5.312536999999999843e+00 2.565608024597167969e+00
5.317900999999999989e+00 2.570782661437988281e+00
5.323335000000000150e+00 2.570782661437988281e+00
5.328719000000000428e+00 2.570782661437988281e+00
5.334175000000000111e+00 2.570782661437988281e+00
5.339580999999999911e+00 2.565608024597167969e+00
5.343465000000000131e+00 2.560433387756347656e+00
5.348836000000000368e+00 2.560433387756347656e+00
5.352662999999999727e+00 2.560433387756347656e+00
5.358061000000000185e+00 2.560433387756347656e+00
5.363870000000000360e+00 2.560433387756347656e+00
5.375525999999999804e+00 2.560433387756347656e+00
5.380963999999999636e+00 2.565608024597167969e+00
5.386372999999999855e+00 2.560433387756347656e+00
5.391848999999999670e+00 2.565608024597167969e+00
5.395665000000000155e+00 2.570782661437988281e+00
5.401145999999999781e+00 2.570782661437988281e+00
5.406557000000000279e+00 2.570782661437988281e+00
5.412024999999999864e+00 2.570782661437988281e+00
5.417442999999999564e+00 2.570782661437988281e+00
5.422914999999999708e+00 2.565608024597167969e+00
5.428379999999999761e+00 2.565608024597167969e+00
5.432272000000000212e+00 2.565608024597167969e+00
5.437698000000000143e+00 2.570782661437988281e+00
5.443194000000000088e+00 2.560433387756347656e+00
5.448629000000000389e+00 2.560433387756347656e+00
5.454114999999999824e+00 2.560433387756347656e+00
5.459554999999999936e+00 2.560433387756347656e+00
5.465100999999999765e+00 2.560433387756347656e+00
5.470616999999999841e+00 2.565608024597167969e+00
5.476102000000000025e+00 2.560433387756347656e+00
5.485535999999999746e+00 2.565608024597167969e+00
5.491140999999999828e+00 2.565608024597167969e+00
5.496599999999999930e+00 2.570782661437988281e+00
5.502118000000000286e+00 2.565608024597167969e+00
5.507572999999999830e+00 2.565608024597167969e+00
5.513110000000000177e+00 2.565608024597167969e+00
5.518602999999999703e+00 2.565608024597167969e+00
5.524136999999999631e+00 2.565608024597167969e+00
5.529594999999999594e+00 2.565608024597167969e+00
5.535180999999999685e+00 2.565608024597167969e+00
5.540720000000000312e+00 2.560433387756347656e+00
5.546211999999999698e+00 2.560433387756347656e+00
5.551777999999999658e+00 2.560433387756347656e+00
5.557267000000000401e+00 2.560433387756347656e+00
5.562744999999999607e+00 2.565608024597167969e+00
5.568457000000000434e+00 2.565608024597167969e+00
5.574271999999999672e+00 2.565608024597167969e+00
5.579748999999999626e+00 2.560433387756347656e+00
5.585360999999999798e+00 2.565608024597167969e+00
5.590923000000000087e+00 2.565608024597167969e+00
5.600324999999999775e+00 2.565608024597167969e+00
5.606291999999999831e+00 2.565608024597167969e+00
5.611871999999999971e+00 2.565608024597167969e+00
5.617371999999999588e+00 2.565608024597167969e+00
5.621240000000000236e+00 2.565608024597167969e+00
5.626744000000000412e+00 2.565608024597167969e+00
5.632273999999999781e+00 2.565608024597167969e+00
5.637768999999999586e+00 2.570782661437988281e+00
5.643362999999999907e+00 2.565608024597167969e+00
5.648880000000000123e+00 2.565608024597167969e+00
5.654473000000000305e+00 2.565608024597167969e+00
5.659993000000000052e+00 2.565608024597167969e+00
5.665604000000000084e+00 2.560433387756347656e+00
5.669450999999999574e+00 2.565608024597167969e+00
5.675093999999999639e+00 2.560433387756347656e+00
5.680674999999999919e+00 2.560433387756347656e+00
5.686211000000000126e+00 2.560433387756347656e+00
5.691777000000000086e+00 2.565608024597167969e+00
5.697301999999999644e+00 2.565608024597167969e+00
5.702827000000000091e+00 2.565608024597167969e+00
5.708701999999999721e+00 2.565608024597167969e+00
5.718001000000000111e+00 2.570782661437988281e+00
5.723754999999999704e+00 2.570782661437988281e+00
5.729275000000000340e+00 2.565608024597167969e+00
5.734873000000000332e+00 2.570782661437988281e+00
5.740456000000000003e+00 2.565608024597167969e+00
5.745986000000000260e+00 2.565608024597167969e+00
5.755973000000000006e+00 2.560433387756347656e+00
5.766109000000000151e+00 2.560433387756347656e+00
5.774981000000000364e+00 2.560433387756347656e+00
5.780827999999999633e+00 2.560433387756347656e+00
5.787914999999999921e+00 2.555258750915527344e+00
5.793662999999999563e+00 2.565608024597167969e+00
5.799253000000000213e+00 2.570782661437988281e+00
5.804948000000000441e+00 2.565608024597167969e+00
5.810681999999999903e+00 2.565608024597167969e+00
5.816288000000000125e+00 2.565608024597167969e+00
5.822013000000000105e+00 2.565608024597167969e+00
5.831732999999999834e+00 2.565608024597167969e+00
5.837532000000000387e+00 2.570782661437988281e+00
5.843229000000000006e+00 2.565608024597167969e+00
5.847020999999999802e+00 2.560433387756347656e+00
5.852636000000000394e+00 2.555258750915527344e+00
5.858229999999999826e+00 2.560433387756347656e+00
5.863912000000000013e+00 2.560433387756347656e+00
5.869508999999999865e+00 2.560433387756347656e+00
5.875238999999999656e+00 2.555258750915527344e+00
5.880891000000000091e+00 2.555258750915527344e+00
5.886493999999999893e+00 2.565608024597167969e+00
5.892116999999999827e+00 2.570782661437988281e+00
5.897740999999999900e+00 2.570782661437988281e+00
5.903412000000000326e+00 2.570782661437988281e+00
5.909017000000000408e+00 2.565608024597167969e+00
5.914724999999999788e+00 2.565608024597167969e+00
5.920393999999999934e+00 2.570782661437988281e+00
5.926006000000000107e+00 2.565608024597167969e+00
5.931689999999999685e+00 2.565608024597167969e+00
5.937318999999999569e+00 2.565608024597167969e+00
5.947180000000000355e+00 2.560433387756347656e+00
5.953021999999999814e+00 2.560433387756347656e+00
5.958637999999999657e+00 2.560433387756347656e+00
5.964342000000000255e+00 2.560433387756347656e+00
5.970016000000000211e+00 2.560433387756347656e+00
5.975721000000000060e+00 2.565608024597167969e+00
5.981429999999999580e+00 2.560433387756347656e+00
5.987064000000000163e+00 2.560433387756347656e+00
5.992729999999999890e+00 2.565608024597167969e+00
5.998376999999999626e+00 2.570782661437988281e+00
6.004103999999999886e+00 2.570782661437988281e+00
6.008041000000000409e+00 2.570782661437988281e+00
6.013740000000000308e+00 2.565608024597167969e+00
6.019411999999999985e+00 2.565608024597167969e+00
6.025369000000000419e+00 2.565608024597167969e+00
6.031117000000000061e+00 2.565608024597167969e+00
6.036762999999999657e+00 2.565608024597167969e+00
6.042448000000000263e+00 2.560433387756347656e+00
6.048104999999999620e+00 2.555258750915527344e+00
6.053836999999999691e+00 2.565608024597167969e+00
6.063743999999999801e+00 2.560433387756347656e+00
6.069679999999999964e+00 2.560433387756347656e+00
6.075536999999999743e+00 2.560433387756347656e+00
6.081305000000000405e+00 2.560433387756347656e+00
6.086973000000000411e+00 2.565608024597167969e+00
6.092673999999999701e+00 2.565608024597167969e+00
6.098347000000000406e+00 2.565608024597167969e+00
6.104079999999999728e+00 2.565608024597167969e+00
6.109759000000000384e+00 2.565608024597167969e+00
6.115650999999999726e+00 2.565608024597167969e+00
6.121461000000000041e+00 2.565608024597167969e+00
6.127137000000000278e+00 2.565608024597167969e+00
6.132836000000000176e+00 2.565608024597167969e+00
6.138542000000000165e+00 2.565608024597167969e+00
6.144287000000000276e+00 2.565608024597167969e+00
6.149987999999999566e+00 2.560433387756347656e+00
6.154067000000000398e+00 2.560433387756347656e+00
6.159745000000000026e+00 2.565608024597167969e+00
6.165551999999999921e+00 2.560433387756347656e+00
6.169461000000000084e+00 2.560433387756347656e+00
6.179524999999999935e+00 2.565608024597167969e+00
6.185539000000000343e+00 2.555258750915527344e+00
6.189455999999999847e+00 2.565608024597167969e+00
6.195246000000000031e+00 2.565608024597167969e+00
6.201011000000000273e+00 2.565608024597167969e+00
6.206743999999999595e+00 2.565608024597167969e+00
6.212487000000000315e+00 2.565608024597167969e+00
6.218232000000000426e+00 2.565608024597167969e+00
6.224160999999999611e+00 2.570782661437988281e+00
6.229870000000000019e+00 2.565608024597167969e+00
6.235778999999999961e+00 2.565608024597167969e+00
6.241558999999999635e+00 2.565608024597167969e+00
6.247283999999999615e+00 2.560433387756347656e+00
6.253034000000000425e+00 2.560433387756347656e+00
6.258782000000000068e+00 2.565608024597167969e+00
6.262824000000000169e+00 2.560433387756347656e+00
6.268557000000000379e+00 2.560433387756347656e+00
6.274352999999999625e+00 2.560433387756347656e+00
6.280078999999999745e+00 2.555258750915527344e+00
6.285872000000000348e+00 2.555258750915527344e+00
6.295738000000000056e+00 2.565608024597167969e+00
6.301795000000000258e+00 2.565608024597167969e+00
6.307554999999999801e+00 2.565608024597167969e+00
6.313380999999999688e+00 2.570782661437988281e+00
6.319139999999999979e+00 2.565608024597167969e+00
6.325007000000000268e+00 2.565608024597167969e+00
6.330849999999999866e+00 2.565608024597167969e+00
6.336618999999999780e+00 2.565608024597167969e+00
6.342392000000000252e+00 2.565608024597167969e+00
6.348161000000000165e+00 2.560433387756347656e+00
6.354000000000000092e+00 2.555258750915527344e+00
6.359777000000000236e+00 2.560433387756347656e+00
6.365734999999999921e+00 2.555258750915527344e+00
6.371565999999999619e+00 2.555258750915527344e+00
6.377317999999999820e+00 2.555258750915527344e+00
6.383126999999999995e+00 2.560433387756347656e+00
6.388919999999999710e+00 2.565608024597167969e+00
6.394738000000000255e+00 2.565608024597167969e+00
6.400579999999999714e+00 2.565608024597167969e+00
6.406380000000000408e+00 2.570782661437988281e+00
6.416267000000000387e+00 2.565608024597167969e+00
6.422302000000000177e+00 2.565608024597167969e+00
6.428270999999999624e+00 2.565608024597167969e+00
6.434127000000000152e+00 2.565608024597167969e+00
6.439900999999999875e+00 2.565608024597167969e+00
6.444043999999999883e+00 2.560433387756347656e+00
6.449832999999999927e+00 2.560433387756347656e+00
6.455724000000000018e+00 2.555258750915527344e+00
6.461599999999999788e+00 2.555258750915527344e+00
6.467412000000000383e+00 2.555258750915527344e+00
6.473279999999999923e+00 2.560433387756347656e+00
6.479055999999999926e+00 2.560433387756347656e+00
6.484906999999999755e+00 2.560433387756347656e+00
6.490772999999999904e+00 2.565608024597167969e+00
6.496591999999999700e+00 2.565608024597167969e+00
6.502403000000000155e+00 2.565608024597167969e+00
6.508213999999999722e+00 2.565608024597167969e+00
6.512274999999999814e+00 2.565608024597167969e+00
6.518091000000000079e+00 2.565608024597167969e+00
6.523966999999999850e+00 2.565608024597167969e+00
6.534139999999999837e+00 2.565608024597167969e+00
6.540212000000000359e+00 2.560433387756347656e+00
6.546185999999999616e+00 2.560433387756347656e+00
6.552121999999999780e+00 2.555258750915527344e+00
6.558003000000000249e+00 2.560433387756347656e+00
6.562083999999999584e+00 2.560433387756347656e+00
6.567966000000000193e+00 2.560433387756347656e+00
6.572043999999999997e+00 2.565608024597167969e+00
6.577925999999999718e+00 2.560433387756347656e+00
6.582036999999999694e+00 2.560433387756347656e+00
6.587896999999999892e+00 2.560433387756347656e+00
6.593816999999999595e+00 2.565608024597167969e+00
6.599700000000000344e+00 2.565608024597167969e+00
6.605718000000000423e+00 2.565608024597167969e+00
6.611610999999999905e+00 2.565608024597167969e+00
6.617428999999999562e+00 2.565608024597167969e+00
6.623363000000000334e+00 2.565608024597167969e+00
6.629236999999999824e+00 2.565608024597167969e+00
6.635175000000000267e+00 2.565608024597167969e+00
6.641084000000000209e+00 2.565608024597167969e+00
6.651171999999999862e+00 2.560433387756347656e+00
6.657274000000000136e+00 2.560433387756347656e+00
6.663162999999999947e+00 2.560433387756347656e+00
6.669062000000000268e+00 2.560433387756347656e+00
6.675035000000000274e+00 2.560433387756347656e+00
6.679090999999999667e+00 2.560433387756347656e+00
6.685045999999999822e+00 2.555258750915527344e+00
6.689052000000000220e+00 2.565608024597167969e+00
6.695006000000000235e+00 2.565608024597167969e+00
6.700971000000000011e+00 2.560433387756347656e+00
6.706888000000000183e+00 2.565608024597167969e+00
6.712786999999999615e+00 2.560433387756347656e+00
6.716866999999999699e+00 2.565608024597167969e+00
6.722790999999999961e+00 2.565608024597167969e+00
6.728791000000000189e+00 2.565608024597167969e+00
6.734844999999999970e+00 2.565608024597167969e+00
6.740904999999999703e+00 2.565608024597167969e+00
6.746825000000000294e+00 2.560433387756347656e+00
6.750888999999999918e+00 2.560433387756347656e+00
6.761358999999999675e+00 2.565608024597167969e+00
6.771205000000000140e+00 2.555258750915527344e+00
6.782085999999999615e+00 2.560433387756347656e+00
6.791907000000000139e+00 2.560433387756347656e+00
6.798217000000000176e+00 2.565608024597167969e+00
6.804193999999999853e+00 2.565608024597167969e+00
6.810075000000000323e+00 2.565608024597167969e+00
6.816097000000000072e+00 2.565608024597167969e+00
6.822115000000000151e+00 2.565608024597167969e+00
6.828018000000000143e+00 2.565608024597167969e+00
6.834004000000000190e+00 2.565608024597167969e+00
6.839914000000000271e+00 2.565608024597167969e+00
6.846010999999999846e+00 2.565608024597167969e+00
6.850036000000000236e+00 2.555258750915527344e+00
6.855990000000000251e+00 2.560433387756347656e+00
6.861957999999999558e+00 2.555258750915527344e+00
6.867867999999999640e+00 2.555258750915527344e+00
6.873836999999999975e+00 2.560433387756347656e+00
6.877887999999999558e+00 2.560433387756347656e+00
6.883886000000000394e+00 2.555258750915527344e+00
6.889897999999999634e+00 2.560433387756347656e+00
6.899847000000000286e+00 2.565608024597167969e+00
6.906164999999999665e+00 2.565608024597167969e+00
6.912189999999999834e+00 2.565608024597167969e+00
6.918147000000000268e+00 2.565608024597167969e+00
6.922261999999999915e+00 2.565608024597167969e+00
6.928199000000000218e+00 2.565608024597167969e+00
6.934286000000000172e+00 2.565608024597167969e+00
6.940311000000000341e+00 2.560433387756347656e+00
6.946348999999999663e+00 2.555258750915527344e+00
6.952347999999999750e+00 2.555258750915527344e+00
6.958336000000000077e+00 2.560433387756347656e+00
6.964381999999999628e+00 2.550084114074707031e+00
6.970391000000000226e+00 2.555258750915527344e+00
6.974491999999999692e+00 2.560433387756347656e+00
6.980528999999999762e+00 2.560433387756347656e+00
6.986527999999999849e+00 2.560433387756347656e+00
6.992530999999999608e+00 2.565608024597167969e+00
6.998523999999999745e+00 2.565608024597167969e+00
7.004563000000000095e+00 2.565608024597167969e+00
7.012688999999999950e+00 2.565608024597167969e+00
7.019064000000000192e+00 2.565608024597167969e+00
7.025123999999999924e+00 2.565608024597167969e+00
7.031193000000000026e+00 2.565608024597167969e+00
7.037201999999999735e+00 2.560433387756347656e+00
7.043476000000000070e+00 2.555258750915527344e+00
7.049500000000000099e+00 2.555258750915527344e+00
7.053692999999999991e+00 2.555258750915527344e+00
7.059725000000000250e+00 2.560433387756347656e+00
7.065966999999999665e+00 2.560433387756347656e+00
7.072049999999999947e+00 2.560433387756347656e+00
7.078078999999999787e+00 2.560433387756347656e+00
7.084166999999999881e+00 2.560433387756347656e+00
7.090184999999999960e+00 2.565608024597167969e+00
7.096275999999999584e+00 2.565608024597167969e+00
7.102332999999999785e+00 2.565608024597167969e+00
7.108362999999999765e+00 2.565608024597167969e+00
7.114455000000000418e+00 2.565608024597167969e+00
7.120548999999999573e+00 2.565608024597167969e+00
7.124816000000000038e+00 2.565608024597167969e+00
7.137080000000000091e+00 2.560433387756347656e+00
7.143169000000000324e+00 2.560433387756347656e+00
7.147287000000000390e+00 2.560433387756347656e+00
7.153325999999999851e+00 2.560433387756347656e+00
7.159377000000000102e+00 2.565608024597167969e+00
7.165550999999999782e+00 2.560433387756347656e+00
7.169673999999999658e+00 2.560433387756347656e+00
7.175786000000000442e+00 2.560433387756347656e+00
7.181906999999999819e+00 2.560433387756347656e+00
7.187979999999999592e+00 2.555258750915527344e+00
7.194115000000000038e+00 2.560433387756347656e+00
7.198254000000000374e+00 2.565608024597167969e+00
7.204372000000000220e+00 2.565608024597167969e+00
7.210492000000000345e+00 2.560433387756347656e+00
7.216555999999999749e+00 2.565608024597167969e+00
7.220638000000000112e+00 2.565608024597167969e+00
7.226869999999999905e+00 2.565608024597167969e+00
7.232967999999999620e+00 2.565608024597167969e+00
7.237114000000000047e+00 2.565608024597167969e+00
7.243269999999999875e+00 2.565608024597167969e+00
7.253289999999999793e+00 2.560433387756347656e+00
7.259559000000000317e+00 2.560433387756347656e+00
7.265766000000000169e+00 2.560433387756347656e+00
7.269866000000000383e+00 2.560433387756347656e+00
7.274085999999999608e+00 2.555258750915527344e+00
7.280121000000000286e+00 2.555258750915527344e+00
7.286304999999999588e+00 2.550084114074707031e+00
7.292374999999999829e+00 2.565608024597167969e+00
7.296459999999999724e+00 2.565608024597167969e+00
7.302546000000000426e+00 2.560433387756347656e+00
7.308614000000000388e+00 2.565608024597167969e+00
7.314738000000000184e+00 2.565608024597167969e+00
7.318827999999999889e+00 2.565608024597167969e+00
7.324939999999999785e+00 2.565608024597167969e+00
7.331072999999999951e+00 2.565608024597167969e+00
7.337136000000000102e+00 2.565608024597167969e+00
7.343224000000000196e+00 2.560433387756347656e+00
7.349355000000000082e+00 2.560433387756347656e+00
7.355518000000000001e+00 2.555258750915527344e+00
7.361689000000000149e+00 2.550084114074707031e+00
7.371794000000000402e+00 2.555258750915527344e+00
7.378167999999999616e+00 2.555258750915527344e+00
7.384396999999999878e+00 2.555258750915527344e+00
7.390570000000000306e+00 2.555258750915527344e+00
7.396657000000000259e+00 2.565608024597167969e+00
7.402766999999999875e+00 2.565608024597167969e+00
7.408866999999999869e+00 2.565608024597167969e+00
7.413041999999999909e+00 2.565608024597167969e+00
7.417245000000000310e+00 2.565608024597167969e+00
7.421458999999999584e+00 2.565608024597167969e+00
7.427628000000000341e+00 2.565608024597167969e+00
7.433790000000000120e+00 2.565608024597167969e+00
7.439911999999999637e+00 2.565608024597167969e+00
7.446113999999999677e+00 2.555258750915527344e+00
7.452428000000000274e+00 2.550084114074707031e+00
7.458555999999999742e+00 2.555258750915527344e+00
7.464726999999999890e+00 2.555258750915527344e+00
7.470925000000000260e+00 2.555258750915527344e+00
7.475068000000000268e+00 2.555258750915527344e+00
7.485377999999999865e+00 2.560433387756347656e+00
7.491799000000000319e+00 2.565608024597167969e+00
7.497952999999999868e+00 2.565608024597167969e+00
7.504140999999999728e+00 2.565608024597167969e+00
7.510276000000000174e+00 2.565608024597167969e+00
7.516536000000000328e+00 2.565608024597167969e+00
7.522702999999999918e+00 2.565608024597167969e+00
7.526880000000000237e+00 2.560433387756347656e+00
7.533110999999999891e+00 2.565608024597167969e+00
7.539248999999999867e+00 2.560433387756347656e+00
7.545442000000000426e+00 2.555258750915527344e+00
7.551731000000000193e+00 2.560433387756347656e+00
7.557928000000000424e+00 2.679449081420898438e+00
7.564116000000000284e+00 2.886432647705078125e+00
7.570270999999999972e+00 4.785508155822753906e+00
7.576495000000000424e+00 4.785508155822753906e+00
7.580649000000000193e+00 4.790682792663574219e+00
7.584853999999999985e+00 4.790682792663574219e+00
7.591040999999999705e+00 4.790682792663574219e+00
7.601367999999999903e+00 4.795857429504394531e+00
7.607768000000000086e+00 4.790682792663574219e+00
7.614023000000000430e+00 4.790682792663574219e+00
7.620195999999999970e+00 4.790682792663574219e+00
7.626451000000000313e+00 4.790682792663574219e+00
7.630646999999999736e+00 4.790682792663574219e+00
7.636813000000000073e+00 4.790682792663574219e+00
7.643027000000000015e+00 4.790682792663574219e+00
7.649218000000000295e+00 4.790682792663574219e+00
7.653483999999999732e+00 4.790682792663574219e+00
7.657677999999999763e+00 4.785508155822753906e+00
7.661896999999999736e+00 4.785508155822753906e+00
7.668078999999999645e+00 4.785508155822753906e+00
7.674331999999999709e+00 4.790682792663574219e+00
7.680606000000000044e+00 4.790682792663574219e+00
7.686804000000000414e+00 4.790682792663574219e+00
7.693051999999999779e+00 4.790682792663574219e+00
7.699259999999999771e+00 4.790682792663574219e+00
7.705515000000000114e+00 4.790682792663574219e+00
7.716098999999999819e+00 4.790682792663574219e+00
7.722519000000000133e+00 4.795857429504394531e+00
7.728792999999999580e+00 4.790682792663574219e+00
7.735065999999999775e+00 4.795857429504394531e+00
7.741331999999999880e+00 4.785508155822753906e+00
7.747542000000000151e+00 4.790682792663574219e+00
7.751837000000000089e+00 4.790682792663574219e+00
7.758145999999999987e+00 4.785508155822753906e+00
7.769125999999999976e+00 4.790682792663574219e+00
7.781371000000000038e+00 4.785508155822753906e+00
7.788687999999999612e+00 4.790682792663574219e+00
7.797090999999999994e+00 4.790682792663574219e+00
7.803567000000000142e+00 4.785508155822753906e+00
7.809801000000000215e+00 4.790682792663574219e+00
7.816175000000000317e+00 4.790682792663574219e+00
7.822447999999999624e+00 4.795857429504394531e+00
7.830485999999999613e+00 4.795857429504394531e+00
7.836923999999999779e+00 4.790682792663574219e+00
7.843194000000000443e+00 4.790682792663574219e+00
7.847439999999999749e+00 4.790682792663574219e+00
7.853832999999999842e+00 4.790682792663574219e+00
7.860115999999999659e+00 4.785508155822753906e+00
7.866598999999999897e+00 4.785508155822753906e+00
7.872918999999999556e+00 4.785508155822753906e+00
7.879232000000000014e+00 4.785508155822753906e+00
7.885572999999999944e+00 4.785508155822753906e+00
7.891949000000000325e+00 4.790682792663574219e+00
7.898304999999999687e+00 4.790682792663574219e+00
7.904689000000000298e+00 4.790682792663574219e+00
7.911037999999999570e+00 4.790682792663574219e+00
7.917368999999999879e+00 4.795857429504394531e+00
7.923782000000000103e+00 4.795857429504394531e+00
7.930138000000000353e+00 4.790682792663574219e+00
7.936543999999999599e+00 4.795857429504394531e+00
