6.600000000000000506e-05 2.291354179382324219e+00
3.043000000000000132e-03 2.291354179382324219e+00
6.028000000000000372e-03 2.291354179382324219e+00
8.869000000000000147e-03 2.291354179382324219e+00
1.170799999999999966e-02 2.291354179382324219e+00
1.456200000000000029e-02 2.291354179382324219e+00
1.722800000000000026e-02 2.291354179382324219e+00
1.992800000000000127e-02 2.291354179382324219e+00
2.274599999999999886e-02 2.296528816223144531e+00
2.574999999999999858e-02 2.296528816223144531e+00
2.843400000000000094e-02 2.301703453063964844e+00
3.111299999999999830e-02 2.301703453063964844e+00
3.380799999999999778e-02 2.301703453063964844e+00
3.648200000000000054e-02 2.301703453063964844e+00
3.965899999999999981e-02 2.306878089904785156e+00
4.250000000000000305e-02 2.301703453063964844e+00
4.533399999999999930e-02 2.301703453063964844e+00
4.801400000000000112e-02 2.306878089904785156e+00
5.069900000000000101e-02 2.301703453063964844e+00
5.354500000000000232e-02 2.301703453063964844e+00
5.622699999999999920e-02 2.301703453063964844e+00
6.229400000000000215e-02 2.301703453063964844e+00
6.511500000000000621e-02 2.301703453063964844e+00
6.826899999999999635e-02 2.301703453063964844e+00
7.110099999999999754e-02 2.296528816223144531e+00
7.395699999999999497e-02 2.296528816223144531e+00
7.662900000000000267e-02 2.291354179382324219e+00
7.931399999999999562e-02 2.296528816223144531e+00
8.215300000000000380e-02 2.296528816223144531e+00
8.483799999999999675e-02 2.291354179382324219e+00
8.755300000000000582e-02 2.291354179382324219e+00
9.036199999999999788e-02 2.291354179382324219e+00
9.304800000000000570e-02 2.291354179382324219e+00
9.589100000000000401e-02 2.291354179382324219e+00
9.872899999999999732e-02 2.296528816223144531e+00
1.014029999999999931e-01 2.291354179382324219e+00
1.040920000000000040e-01 2.291354179382324219e+00
1.069269999999999943e-01 2.296528816223144531e+00
1.152009999999999978e-01 2.296528816223144531e+00
1.254260000000000097e-01 2.301703453063964844e+00
1.363129999999999897e-01 2.306878089904785156e+00
1.392869999999999941e-01 2.301703453063964844e+00
1.421330000000000093e-01 2.301703453063964844e+00
1.449860000000000038e-01 2.301703453063964844e+00
1.476530000000000065e-01 2.306878089904785156e+00
1.503400000000000014e-01 2.301703453063964844e+00
1.530209999999999904e-01 2.296528816223144531e+00
1.558720000000000105e-01 2.296528816223144531e+00
1.586980000000000057e-01 2.301703453063964844e+00
1.615320000000000089e-01 2.296528816223144531e+00
1.643850000000000033e-01 2.301703453063964844e+00
1.670570000000000110e-01 2.301703453063964844e+00
1.726739999999999942e-01 2.301703453063964844e+00
1.754840000000000011e-01 2.291354179382324219e+00
1.783490000000000075e-01 2.291354179382324219e+00
1.811780000000000057e-01 2.291354179382324219e+00
1.838760000000000117e-01 2.291354179382324219e+00
1.867070000000000118e-01 2.291354179382324219e+00
1.895209999999999950e-01 2.296528816223144531e+00
1.923630000000000062e-01 2.291354179382324219e+00
1.950560000000000072e-01 2.296528816223144531e+00
1.978840000000000043e-01 2.296528816223144531e+00
2.007180000000000075e-01 2.291354179382324219e+00
2.034169999999999867e-01 2.296528816223144531e+00
2.060859999999999914e-01 2.296528816223144531e+00
2.089330000000000076e-01 2.296528816223144531e+00
2.117719999999999880e-01 2.296528816223144531e+00
2.144590000000000107e-01 2.301703453063964844e+00
2.172939999999999872e-01 2.296528816223144531e+00
2.201299999999999923e-01 2.296528816223144531e+00
2.228169999999999873e-01 2.301703453063964844e+00
2.255320000000000102e-01 2.301703453063964844e+00
2.283330000000000082e-01 2.301703453063964844e+00
2.310500000000000054e-01 2.301703453063964844e+00
2.337519999999999876e-01 2.301703453063964844e+00
2.364189999999999903e-01 2.301703453063964844e+00
2.391079999999999872e-01 2.301703453063964844e+00
2.419459999999999944e-01 2.301703453063964844e+00
2.446359999999999923e-01 2.296528816223144531e+00
2.473140000000000061e-01 2.301703453063964844e+00
2.501519999999999855e-01 2.301703453063964844e+00
2.528380000000000072e-01 2.296528816223144531e+00
2.556669999999999776e-01 2.301703453063964844e+00
2.585160000000000236e-01 2.301703453063964844e+00
2.613579999999999792e-01 2.296528816223144531e+00
2.641910000000000092e-01 2.296528816223144531e+00
2.670509999999999828e-01 2.301703453063964844e+00
2.698690000000000255e-01 2.301703453063964844e+00
2.727049999999999752e-01 2.296528816223144531e+00
2.755529999999999924e-01 2.296528816223144531e+00
2.782270000000000021e-01 2.296528816223144531e+00
2.809110000000000218e-01 2.296528816223144531e+00
2.869760000000000089e-01 2.296528816223144531e+00
2.899610000000000243e-01 2.296528816223144531e+00
2.926480000000000192e-01 2.296528816223144531e+00
2.953359999999999874e-01 2.296528816223144531e+00
2.980160000000000031e-01 2.301703453063964844e+00
3.006989999999999941e-01 2.296528816223144531e+00
3.035530000000000173e-01 2.296528816223144531e+00
3.062199999999999922e-01 2.296528816223144531e+00
3.089089999999999892e-01 2.296528816223144531e+00
3.117460000000000231e-01 2.296528816223144531e+00
3.144270000000000120e-01 2.296528816223144531e+00
3.169569999999999887e-01 2.296528816223144531e+00
3.196309999999999985e-01 2.296528816223144531e+00
3.223230000000000262e-01 2.296528816223144531e+00
3.252050000000000218e-01 2.301703453063964844e+00
3.278829999999999800e-01 2.301703453063964844e+00
3.307269999999999932e-01 2.301703453063964844e+00
3.334329999999999794e-01 2.301703453063964844e+00
3.360929999999999751e-01 2.301703453063964844e+00
3.389329999999999843e-01 2.301703453063964844e+00
3.417760000000000242e-01 2.301703453063964844e+00
3.444639999999999924e-01 2.296528816223144531e+00
3.472979999999999956e-01 2.301703453063964844e+00
3.501319999999999988e-01 2.296528816223144531e+00
3.528129999999999877e-01 2.301703453063964844e+00
3.555010000000000114e-01 2.301703453063964844e+00
3.583419999999999939e-01 2.296528816223144531e+00
3.610340000000000216e-01 2.301703453063964844e+00
3.637190000000000145e-01 2.301703453063964844e+00
3.665559999999999929e-01 2.301703453063964844e+00
3.692289999999999739e-01 2.301703453063964844e+00
3.719169999999999976e-01 2.301703453063964844e+00
3.747869999999999813e-01 2.301703453063964844e+00
3.775789999999999980e-01 2.296528816223144531e+00
3.802679999999999949e-01 2.296528816223144531e+00
3.831140000000000101e-01 2.296528816223144531e+00
3.859560000000000213e-01 2.296528816223144531e+00
3.886669999999999847e-01 2.296528816223144531e+00
3.940839999999999899e-01 2.296528816223144531e+00
3.969150000000000178e-01 2.296528816223144531e+00
3.997620000000000062e-01 2.296528816223144531e+00
4.024440000000000239e-01 2.296528816223144531e+00
4.051279999999999881e-01 2.296528816223144531e+00
4.078330000000000011e-01 2.296528816223144531e+00
4.104960000000000275e-01 2.291354179382324219e+00
4.133479999999999932e-01 2.296528816223144531e+00
4.160429999999999962e-01 2.296528816223144531e+00
4.187040000000000206e-01 2.291354179382324219e+00
4.214169999999999860e-01 2.301703453063964844e+00
4.241050000000000098e-01 2.301703453063964844e+00
4.269430000000000169e-01 2.296528816223144531e+00
4.296209999999999751e-01 2.296528816223144531e+00
4.323119999999999741e-01 2.301703453063964844e+00
4.351479999999999793e-01 2.301703453063964844e+00
4.378310000000000257e-01 2.301703453063964844e+00
4.405140000000000167e-01 2.301703453063964844e+00
4.433750000000000191e-01 2.301703453063964844e+00
4.460399999999999920e-01 2.301703453063964844e+00
4.487249999999999850e-01 2.301703453063964844e+00
4.514119999999999799e-01 2.301703453063964844e+00
4.540980000000000016e-01 2.301703453063964844e+00
4.569340000000000068e-01 2.301703453063964844e+00
4.596100000000000185e-01 2.301703453063964844e+00
4.622959999999999847e-01 2.301703453063964844e+00
4.651370000000000227e-01 2.301703453063964844e+00
4.678209999999999869e-01 2.301703453063964844e+00
4.705070000000000086e-01 2.301703453063964844e+00
4.733550000000000257e-01 2.301703453063964844e+00
4.760260000000000047e-01 2.296528816223144531e+00
4.787259999999999849e-01 2.296528816223144531e+00
4.816960000000000131e-01 2.296528816223144531e+00
4.845430000000000015e-01 2.296528816223144531e+00
4.872319999999999984e-01 2.296528816223144531e+00
4.900619999999999976e-01 2.296528816223144531e+00
4.928980000000000028e-01 2.291354179382324219e+00
4.957500000000000240e-01 2.291354179382324219e+00
5.013870000000000271e-01 2.296528816223144531e+00
5.043130000000000113e-01 2.291354179382324219e+00
5.071729999999999849e-01 2.296528816223144531e+00
5.098510000000000542e-01 2.291354179382324219e+00
5.125450000000000284e-01 2.291354179382324219e+00
5.152189999999999825e-01 2.296528816223144531e+00
5.179030000000000022e-01 2.291354179382324219e+00
5.206260000000000332e-01 2.296528816223144531e+00
5.233670000000000266e-01 2.301703453063964844e+00
5.261470000000000313e-01 2.296528816223144531e+00
5.288270000000000470e-01 2.301703453063964844e+00
5.315109999999999557e-01 2.306878089904785156e+00
5.343560000000000532e-01 2.301703453063964844e+00
5.372130000000000516e-01 2.301703453063964844e+00
5.400289999999999813e-01 2.306878089904785156e+00
5.428819999999999757e-01 2.301703453063964844e+00
5.510519999999999863e-01 2.301703453063964844e+00
5.588859999999999939e-01 2.301703453063964844e+00
5.630270000000000552e-01 2.301703453063964844e+00
5.684679999999999733e-01 2.301703453063964844e+00
5.712960000000000260e-01 2.296528816223144531e+00
5.743099999999999872e-01 2.296528816223144531e+00
5.771309999999999496e-01 2.286179542541503906e+00
5.798339999999999606e-01 2.291354179382324219e+00
5.826360000000000428e-01 2.291354179382324219e+00
5.853310000000000457e-01 2.291354179382324219e+00
5.880119999999999791e-01 2.291354179382324219e+00
5.906930000000000236e-01 2.291354179382324219e+00
5.935489999999999933e-01 2.291354179382324219e+00
5.962199999999999722e-01 2.291354179382324219e+00
5.988970000000000127e-01 2.296528816223144531e+00
6.017379999999999951e-01 2.296528816223144531e+00
6.044300000000000228e-01 2.296528816223144531e+00
6.095679999999999987e-01 2.296528816223144531e+00
6.125420000000000309e-01 2.296528816223144531e+00
6.152739999999999876e-01 2.301703453063964844e+00
6.181159999999999988e-01 2.296528816223144531e+00
6.209540000000000060e-01 2.296528816223144531e+00
6.236399999999999721e-01 2.301703453063964844e+00
6.264809999999999546e-01 2.301703453063964844e+00
6.293100000000000360e-01 2.301703453063964844e+00
6.321510000000000185e-01 2.301703453063964844e+00
6.348340000000000094e-01 2.301703453063964844e+00
6.375170000000000003e-01 2.306878089904785156e+00
6.403600000000000403e-01 2.301703453063964844e+00
6.430439999999999490e-01 2.301703453063964844e+00
6.458779999999999522e-01 2.301703453063964844e+00
6.487220000000000208e-01 2.306878089904785156e+00
6.515600000000000280e-01 2.306878089904785156e+00
6.542409999999999615e-01 2.301703453063964844e+00
6.569289999999999852e-01 2.306878089904785156e+00
6.596079999999999721e-01 2.301703453063964844e+00
6.622970000000000246e-01 2.301703453063964844e+00
6.651350000000000318e-01 2.301703453063964844e+00
6.678159999999999652e-01 2.301703453063964844e+00
6.704989999999999561e-01 2.296528816223144531e+00
6.733590000000000408e-01 2.296528816223144531e+00
6.761880000000000113e-01 2.296528816223144531e+00
6.788640000000000230e-01 2.291354179382324219e+00
6.816940000000000222e-01 2.296528816223144531e+00
6.845440000000000413e-01 2.291354179382324219e+00
6.872260000000000035e-01 2.291354179382324219e+00
6.899039999999999617e-01 2.296528816223144531e+00
6.927480000000000304e-01 2.291354179382324219e+00
6.954390000000000294e-01 2.291354179382324219e+00
6.981220000000000203e-01 2.296528816223144531e+00
7.009609999999999452e-01 2.296528816223144531e+00
7.036529999999999729e-01 2.296528816223144531e+00
7.063289999999999846e-01 2.296528816223144531e+00
7.090429999999999788e-01 2.296528816223144531e+00
7.117400000000000393e-01 2.296528816223144531e+00
7.145850000000000257e-01 2.301703453063964844e+00
7.172899999999999832e-01 2.296528816223144531e+00
7.228670000000000373e-01 2.301703453063964844e+00
7.256860000000000532e-01 2.301703453063964844e+00
7.285340000000000149e-01 2.301703453063964844e+00
7.312130000000000019e-01 2.306878089904785156e+00
7.339099999999999513e-01 2.301703453063964844e+00
7.367390000000000327e-01 2.301703453063964844e+00
7.394159999999999622e-01 2.301703453063964844e+00
7.421010000000000106e-01 2.301703453063964844e+00
7.449590000000000378e-01 2.301703453063964844e+00
7.476270000000000415e-01 2.301703453063964844e+00
7.503119999999999790e-01 2.301703453063964844e+00
7.531600000000000517e-01 2.301703453063964844e+00
7.558470000000000466e-01 2.301703453063964844e+00
7.586709999999999843e-01 2.301703453063964844e+00
7.615140000000000242e-01 2.296528816223144531e+00
7.643520000000000314e-01 2.301703453063964844e+00
7.670320000000000471e-01 2.301703453063964844e+00
7.697159999999999558e-01 2.296528816223144531e+00
7.725659999999999750e-01 2.296528816223144531e+00
7.752409999999999579e-01 2.296528816223144531e+00
7.780820000000000514e-01 2.291354179382324219e+00
7.809479999999999755e-01 2.296528816223144531e+00
7.837680000000000202e-01 2.296528816223144531e+00
7.864489999999999537e-01 2.296528816223144531e+00
7.889749999999999819e-01 2.301703453063964844e+00
7.916570000000000551e-01 2.296528816223144531e+00
7.944919999999999760e-01 2.296528816223144531e+00
7.973360000000000447e-01 2.301703453063964844e+00
8.001859999999999529e-01 2.301703453063964844e+00
8.028680000000000261e-01 2.296528816223144531e+00
8.057349999999999790e-01 2.296528816223144531e+00
8.084209999999999452e-01 2.296528816223144531e+00
8.110939999999999817e-01 2.296528816223144531e+00
8.139380000000000503e-01 2.296528816223144531e+00
8.166139999999999510e-01 2.296528816223144531e+00
8.193049999999999500e-01 2.296528816223144531e+00
8.221420000000000394e-01 2.296528816223144531e+00
8.248240000000000016e-01 2.296528816223144531e+00
8.301399999999999890e-01 2.301703453063964844e+00
8.330920000000000547e-01 2.301703453063964844e+00
8.361049999999999871e-01 2.301703453063964844e+00
8.389389999999999903e-01 2.301703453063964844e+00
8.416130000000000555e-01 2.301703453063964844e+00
8.443030000000000257e-01 2.301703453063964844e+00
8.471360000000000001e-01 2.301703453063964844e+00
8.498259999999999703e-01 2.301703453063964844e+00
8.525019999999999820e-01 2.301703453063964844e+00
8.553530000000000300e-01 2.301703453063964844e+00
8.580229999999999801e-01 2.301703453063964844e+00
8.617099999999999760e-01 2.301703453063964844e+00
8.645589999999999664e-01 2.301703453063964844e+00
8.672349999999999781e-01 2.301703453063964844e+00
8.699210000000000553e-01 2.301703453063964844e+00
8.726030000000000175e-01 2.301703453063964844e+00
8.753060000000000285e-01 2.296528816223144531e+00
8.781339999999999701e-01 2.296528816223144531e+00
8.808399999999999563e-01 2.301703453063964844e+00
8.836530000000000218e-01 2.296528816223144531e+00
8.864950000000000330e-01 2.296528816223144531e+00
8.893320000000000114e-01 2.296528816223144531e+00
8.921909999999999563e-01 2.296528816223144531e+00
8.948660000000000503e-01 2.296528816223144531e+00
8.977030000000000287e-01 2.296528816223144531e+00
9.004189999999999694e-01 2.296528816223144531e+00
9.031050000000000466e-01 2.296528816223144531e+00
9.058300000000000241e-01 2.296528816223144531e+00
9.085119999999999862e-01 2.291354179382324219e+00
9.113409999999999567e-01 2.291354179382324219e+00
9.141890000000000294e-01 2.296528816223144531e+00
9.168709999999999916e-01 2.296528816223144531e+00
9.197089999999999987e-01 2.296528816223144531e+00
9.225529999999999564e-01 2.301703453063964844e+00
9.252340000000000009e-01 2.301703453063964844e+00
9.279199999999999671e-01 2.301703453063964844e+00
9.306020000000000403e-01 2.301703453063964844e+00
9.333460000000000090e-01 2.301703453063964844e+00
9.361260000000000137e-01 2.301703453063964844e+00
9.414310000000000178e-01 2.301703453063964844e+00
9.442380000000000217e-01 2.301703453063964844e+00
9.470880000000000409e-01 2.301703453063964844e+00
9.499220000000000441e-01 2.301703453063964844e+00
9.527619999999999978e-01 2.301703453063964844e+00
9.554500000000000215e-01 2.301703453063964844e+00
9.582789999999999919e-01 2.301703453063964844e+00
9.611220000000000319e-01 2.301703453063964844e+00
9.638210000000000388e-01 2.306878089904785156e+00
9.664899999999999602e-01 2.301703453063964844e+00
9.693310000000000537e-01 2.301703453063964844e+00
9.720109999999999584e-01 2.301703453063964844e+00
9.747080000000000188e-01 2.301703453063964844e+00
9.775380000000000180e-01 2.296528816223144531e+00
9.802170000000000050e-01 2.296528816223144531e+00
9.828989999999999672e-01 2.301703453063964844e+00
9.857420000000000071e-01 2.296528816223144531e+00
9.884260000000000268e-01 2.296528816223144531e+00
9.911069999999999602e-01 2.296528816223144531e+00
9.939580000000000082e-01 2.296528816223144531e+00
9.966779999999999529e-01 2.296528816223144531e+00
9.995079999999999520e-01 2.296528816223144531e+00
1.002702999999999900e+00 2.291354179382324219e+00
1.006721999999999895e+00 2.296528816223144531e+00
1.010987999999999998e+00 2.291354179382324219e+00
1.015274999999999928e+00 2.472465515136718750e+00
1.019929000000000086e+00 4.780333518981933594e+00
1.024262999999999924e+00 4.780333518981933594e+00
1.028513999999999928e+00 4.785508155822753906e+00
1.032758999999999983e+00 4.790682792663574219e+00
1.037009000000000070e+00 4.790682792663574219e+00
1.041388999999999898e+00 4.785508155822753906e+00
1.045700999999999992e+00 4.785508155822753906e+00
1.053107999999999933e+00 4.785508155822753906e+00
1.057604999999999906e+00 4.790682792663574219e+00
1.061895999999999951e+00 1.525514602661132812e+00
1.066278000000000059e+00 1.716974258422851562e+00
1.070556999999999981e+00 1.623831748962402344e+00
1.074856999999999951e+00 1.561737060546875000e+00
1.079145000000000021e+00 1.530689239501953125e+00
1.083560000000000079e+00 1.577260971069335938e+00
1.087854000000000099e+00 4.780333518981933594e+00
1.092152000000000012e+00 1.882561683654785156e+00
1.096506999999999898e+00 1.727323532104492188e+00
1.100800000000000001e+00 1.649704933166503906e+00
1.105124999999999913e+00 1.592784881591796875e+00
1.109428999999999998e+00 1.556562423706054688e+00
1.113939000000000012e+00 1.535863876342773438e+00
1.124405000000000099e+00 1.525514602661132812e+00
1.129164000000000057e+00 1.706625938415527344e+00
1.134287000000000045e+00 1.903260231018066406e+00
1.146355000000000013e+00 1.468594551086425781e+00
1.155796000000000046e+00 1.551387786865234375e+00
1.169729999999999936e+00 1.535863876342773438e+00
1.174093000000000053e+00 1.530689239501953125e+00
1.178387999999999991e+00 1.525514602661132812e+00
1.182984999999999953e+00 1.525514602661132812e+00
1.186995999999999940e+00 1.520339965820312500e+00
1.191294000000000075e+00 1.515165328979492188e+00
1.195732999999999935e+00 1.504816055297851562e+00
1.200029999999999930e+00 1.499641418457031250e+00
1.204410999999999898e+00 1.494466781616210938e+00
1.208719000000000099e+00 1.504816055297851562e+00
1.213008000000000086e+00 8.993892669677734375e-01
1.217316000000000065e+00 1.572086334228515625e+00
1.221611999999999920e+00 1.504816055297851562e+00
1.225996000000000086e+00 1.473769187927246094e+00
1.229206000000000021e+00 1.463419914245605469e+00
1.233011999999999997e+00 1.458245277404785156e+00
1.237343000000000082e+00 1.447896003723144531e+00
1.241649000000000003e+00 1.442721366882324219e+00
1.246091000000000060e+00 1.432372093200683594e+00
1.250412000000000079e+00 1.422022819519042969e+00
1.254769000000000023e+00 1.447896003723144531e+00
1.259112999999999927e+00 8.942146301269531250e-01
1.263520999999999894e+00 1.691102027893066406e+00
1.267857999999999929e+00 1.587610244750976562e+00
1.272278999999999938e+00 1.535863876342773438e+00
1.279794000000000098e+00 1.489292144775390625e+00
1.284186999999999967e+00 1.478943824768066406e+00
1.288586999999999927e+00 1.473769187927246094e+00
1.292948999999999904e+00 1.473769187927246094e+00
1.297333000000000069e+00 1.473769187927246094e+00
1.301717999999999931e+00 1.468594551086425781e+00
1.306157000000000012e+00 1.468594551086425781e+00
1.310564999999999980e+00 1.468594551086425781e+00
1.314980999999999955e+00 1.463419914245605469e+00
1.319353999999999916e+00 1.463419914245605469e+00
1.323800000000000088e+00 1.675578117370605469e+00
1.328235000000000054e+00 4.697540283203125000e+00
1.332621000000000056e+00 1.644530296325683594e+00
1.337016999999999900e+00 1.784244537353515625e+00
1.341409999999999991e+00 1.706625938415527344e+00
1.345903000000000072e+00 1.654879570007324219e+00
1.350392999999999954e+00 1.623831748962402344e+00
1.354810000000000070e+00 1.592784881591796875e+00
1.359207000000000054e+00 1.577260971069335938e+00
1.363734000000000002e+00 1.566911697387695312e+00
1.368149000000000060e+00 1.561737060546875000e+00
1.372546000000000044e+00 2.120593070983886719e+00
1.376954999999999929e+00 1.691102027893066406e+00
1.381367000000000012e+00 1.618657112121582031e+00
1.385939000000000032e+00 1.551387786865234375e+00
1.393647999999999998e+00 1.520339965820312500e+00
1.397725000000000106e+00 1.520339965820312500e+00
1.401507999999999976e+00 1.401324272155761719e+00
1.405370999999999926e+00 1.370277404785156250e+00
1.409140000000000059e+00 1.365102767944335938e+00
1.412960999999999911e+00 1.365102767944335938e+00
1.416754000000000069e+00 1.044277191162109375e+00
1.420533999999999963e+00 1.473769187927246094e+00
1.424333999999999989e+00 1.416848182678222656e+00
1.428147000000000055e+00 1.406498908996582031e+00
1.431945999999999941e+00 1.406498908996582031e+00
1.435808999999999891e+00 1.406498908996582031e+00
1.439605000000000024e+00 1.406498908996582031e+00
1.442576999999999998e+00 1.411673545837402344e+00
1.445832999999999924e+00 1.411673545837402344e+00
1.449645999999999990e+00 1.411673545837402344e+00
1.453518000000000088e+00 1.411673545837402344e+00
1.457327000000000039e+00 1.416848182678222656e+00
1.461160000000000014e+00 1.411673545837402344e+00
1.464976999999999974e+00 1.416848182678222656e+00
1.468779999999999974e+00 1.411673545837402344e+00
1.472580000000000000e+00 1.406498908996582031e+00
1.476396999999999959e+00 1.401324272155761719e+00
1.480255000000000098e+00 1.401324272155761719e+00
1.484123000000000081e+00 1.396149635314941406e+00
1.487973999999999908e+00 1.396149635314941406e+00
1.491786999999999974e+00 1.396149635314941406e+00
1.495651000000000064e+00 1.396149635314941406e+00
1.499495999999999940e+00 1.396149635314941406e+00
1.505908000000000024e+00 1.396149635314941406e+00
1.509166000000000007e+00 1.396149635314941406e+00
1.513006000000000073e+00 1.396149635314941406e+00
1.516863999999999990e+00 1.494466781616210938e+00
1.520691999999999933e+00 4.759634971618652344e+00
1.524540999999999924e+00 4.687191009521484375e+00
1.528415000000000079e+00 2.146466255187988281e+00
1.532272000000000078e+00 1.892910957336425781e+00
1.536148000000000069e+00 1.867037773132324219e+00
1.540003000000000011e+00 1.830815315246582031e+00
1.543908000000000058e+00 1.789419174194335938e+00
1.547751000000000099e+00 1.763545989990234375e+00
1.554791000000000034e+00 1.722148895263671875e+00
1.564966999999999997e+00 1.789419174194335938e+00
1.569868000000000041e+00 2.027450561523437500e+00
1.573817999999999939e+00 4.780333518981933594e+00
1.577687999999999979e+00 1.525514602661132812e+00
1.581553999999999904e+00 1.867037773132324219e+00
1.585503000000000107e+00 1.898085594177246094e+00
1.589407999999999932e+00 1.867037773132324219e+00
1.593337000000000003e+00 1.830815315246582031e+00
1.597250000000000059e+00 1.804943084716796875e+00
1.601115000000000066e+00 1.784244537353515625e+00
1.605018000000000056e+00 1.763545989990234375e+00
1.608910000000000062e+00 1.742847442626953125e+00
1.616292000000000062e+00 1.722148895263671875e+00
1.620190999999999937e+00 1.706625938415527344e+00
1.624176000000000064e+00 1.711799621582031250e+00
1.627200999999999897e+00 1.701451301574707031e+00
1.630557999999999952e+00 1.701451301574707031e+00
1.634473999999999982e+00 1.696276664733886719e+00
1.638374999999999915e+00 1.691102027893066406e+00
1.642284000000000077e+00 1.691102027893066406e+00
1.646187999999999985e+00 2.327576637268066406e+00
1.650093000000000032e+00 1.344404220581054688e+00
1.654074000000000044e+00 1.789419174194335938e+00
1.657963999999999993e+00 1.706625938415527344e+00
1.661005000000000065e+00 1.649704933166503906e+00
1.664398999999999962e+00 1.623831748962402344e+00
1.668306999999999984e+00 1.582435607910156250e+00
1.672223999999999933e+00 1.561737060546875000e+00
1.676176000000000110e+00 1.546213150024414062e+00
1.680163999999999991e+00 1.535863876342773438e+00
1.684158999999999962e+00 1.530689239501953125e+00
1.687170000000000059e+00 1.520339965820312500e+00
1.690568000000000071e+00 1.515165328979492188e+00
1.693618000000000068e+00 1.473769187927246094e+00
1.697020999999999891e+00 1.489292144775390625e+00
1.700946999999999987e+00 1.515165328979492188e+00
1.704892000000000074e+00 1.535863876342773438e+00
1.708838000000000079e+00 1.546213150024414062e+00
1.712812000000000001e+00 1.551387786865234375e+00
1.716812999999999922e+00 1.551387786865234375e+00
1.720839000000000008e+00 1.551387786865234375e+00
1.727060999999999957e+00 1.556562423706054688e+00
1.730958999999999914e+00 1.556562423706054688e+00
1.734981000000000106e+00 1.551387786865234375e+00
1.738976000000000077e+00 1.546213150024414062e+00
1.742979000000000056e+00 1.535863876342773438e+00
1.746995999999999993e+00 1.525514602661132812e+00
1.750988999999999907e+00 1.504816055297851562e+00
1.755001000000000033e+00 1.494466781616210938e+00
1.759012999999999938e+00 1.478943824768066406e+00
1.763018999999999892e+00 1.473769187927246094e+00
1.767039999999999944e+00 1.468594551086425781e+00
1.771068000000000087e+00 1.525514602661132812e+00
1.775098999999999982e+00 6.044368743896484375e-01
1.778199000000000085e+00 1.660054206848144531e+00
1.781608999999999998e+00 1.597959518432617188e+00
1.785705000000000098e+00 1.530689239501953125e+00
1.789964000000000111e+00 1.494466781616210938e+00
1.793865000000000043e+00 1.468594551086425781e+00
1.796985999999999972e+00 1.458245277404785156e+00
1.800421000000000049e+00 1.447896003723144531e+00
1.804464000000000068e+00 1.437546730041503906e+00
1.808492999999999906e+00 1.432372093200683594e+00
1.812553000000000081e+00 1.422022819519042969e+00
1.816621999999999959e+00 1.422022819519042969e+00
1.820677000000000101e+00 1.416848182678222656e+00
1.824756000000000045e+00 1.422022819519042969e+00
1.828854999999999897e+00 1.411673545837402344e+00
1.835434999999999928e+00 2.017101287841796875e+00
1.838373000000000035e+00 1.478943824768066406e+00
1.841809999999999947e+00 1.432372093200683594e+00
1.844967000000000024e+00 1.406498908996582031e+00
1.848448000000000091e+00 1.406498908996582031e+00
1.852516000000000052e+00 1.396149635314941406e+00
1.856573000000000029e+00 1.396149635314941406e+00
1.860630999999999924e+00 1.390974998474121094e+00
1.864748000000000072e+00 1.396149635314941406e+00
1.868829999999999991e+00 1.390974998474121094e+00
1.872902999999999984e+00 1.390974998474121094e+00
1.876981999999999928e+00 1.385800361633300781e+00
1.881096000000000101e+00 1.380625724792480469e+00
1.884222000000000063e+00 1.375451087951660156e+00
1.887710999999999917e+00 1.375451087951660156e+00
1.891831999999999958e+00 1.370277404785156250e+00
1.895991999999999900e+00 1.365102767944335938e+00
1.900112999999999941e+00 1.359928131103515625e+00
1.904260999999999981e+00 1.354753494262695312e+00
1.908342999999999900e+00 1.349578857421875000e+00
1.912460000000000049e+00 1.344404220581054688e+00
1.916565000000000074e+00 1.370277404785156250e+00
1.920678000000000107e+00 2.161990165710449219e+00
1.924786000000000108e+00 4.785508155822753906e+00
1.928874999999999895e+00 1.561737060546875000e+00
1.932994000000000101e+00 1.898085594177246094e+00
1.937132000000000076e+00 1.872212409973144531e+00
1.941365000000000007e+00 1.820466995239257812e+00
1.947651999999999939e+00 1.763545989990234375e+00
1.951756000000000046e+00 1.737672805786132812e+00
1.955951999999999913e+00 1.716974258422851562e+00
1.960064000000000028e+00 1.701451301574707031e+00
1.963181000000000065e+00 1.691102027893066406e+00
1.966771000000000047e+00 1.680752754211425781e+00
1.970901999999999932e+00 1.665228843688964844e+00
1.975057999999999980e+00 1.654879570007324219e+00
1.978207000000000049e+00 1.644530296325683594e+00
1.981799000000000088e+00 1.644530296325683594e+00
1.986012000000000111e+00 1.634181022644042969e+00
1.990142999999999995e+00 1.634181022644042969e+00
1.994312000000000085e+00 1.623831748962402344e+00
1.998509000000000091e+00 1.623831748962402344e+00
2.002654000000000156e+00 1.618657112121582031e+00
2.006810999999999900e+00 1.618657112121582031e+00
2.010965999999999809e+00 1.613482475280761719e+00
2.015168000000000070e+00 1.639355659484863281e+00
2.019324999999999815e+00 2.244783401489257812e+00
2.023554999999999993e+00 3.279702186584472656e+00
2.027719999999999967e+00 1.804943084716796875e+00
2.031899000000000122e+00 1.742847442626953125e+00
2.036125999999999880e+00 1.691102027893066406e+00
2.039452999999999960e+00 1.649704933166503906e+00
2.043102000000000196e+00 1.629006385803222656e+00
2.047270000000000145e+00 1.597959518432617188e+00
2.051485000000000003e+00 1.577260971069335938e+00
2.059394000000000169e+00 1.556562423706054688e+00
2.063648000000000149e+00 1.551387786865234375e+00
2.066769999999999996e+00 1.551387786865234375e+00
2.070333999999999897e+00 1.546213150024414062e+00
2.074533999999999878e+00 1.535863876342773438e+00
2.078714000000000173e+00 1.535863876342773438e+00
2.082889000000000213e+00 1.535863876342773438e+00
2.087091000000000030e+00 1.535863876342773438e+00
2.091308000000000167e+00 1.535863876342773438e+00
2.094441000000000219e+00 1.530689239501953125e+00
2.098034999999999872e+00 1.535863876342773438e+00
2.102755000000000152e+00 1.530689239501953125e+00
2.107797999999999838e+00 1.535863876342773438e+00
2.116092000000000084e+00 1.530689239501953125e+00
2.124743000000000048e+00 1.359928131103515625e+00
2.134237000000000162e+00 1.427197456359863281e+00
2.144864999999999799e+00 1.349578857421875000e+00
2.155409999999999826e+00 2.422161102294921875e-01
2.160877000000000159e+00 1.401324272155761719e+00
2.168559000000000125e+00 1.706625938415527344e+00
2.173874000000000084e+00 2.363799095153808594e+00
2.178984999999999950e+00 3.440114021301269531e+00
2.184175000000000200e+00 3.259003639221191406e+00
2.189259999999999984e+00 1.546213150024414062e+00
2.194494000000000167e+00 6.924057006835937500e-01
2.199669000000000096e+00 1.008055686950683594e+00
2.204804999999999904e+00 1.675578117370605469e+00
2.209923999999999999e+00 2.156815528869628906e+00
2.215087000000000028e+00 2.291354179382324219e+00
2.220216999999999885e+00 2.317227363586425781e+00
2.225394000000000094e+00 2.291354179382324219e+00
2.230579999999999785e+00 2.286179542541503906e+00
2.235736999999999863e+00 2.317227363586425781e+00
2.240890999999999966e+00 2.317227363586425781e+00
2.246118000000000059e+00 2.317227363586425781e+00
2.251231999999999900e+00 2.317227363586425781e+00
2.256476000000000148e+00 2.317227363586425781e+00
2.261648999999999798e+00 2.312052726745605469e+00
2.266913999999999874e+00 2.317227363586425781e+00
2.272094000000000058e+00 2.312052726745605469e+00
2.280746000000000162e+00 2.306878089904785156e+00
2.285860000000000003e+00 2.306878089904785156e+00
2.291069999999999940e+00 2.312052726745605469e+00
2.296387999999999874e+00 2.312052726745605469e+00
2.301674999999999915e+00 2.312052726745605469e+00
2.304959000000000202e+00 2.312052726745605469e+00
2.308673000000000197e+00 2.317227363586425781e+00
2.312996000000000052e+00 2.312052726745605469e+00
2.317304000000000030e+00 2.312052726745605469e+00
2.321600999999999804e+00 2.317227363586425781e+00
2.325972999999999846e+00 2.317227363586425781e+00
2.329162999999999872e+00 2.322402000427246094e+00
2.332939999999999792e+00 2.322402000427246094e+00
2.337276000000000131e+00 2.317227363586425781e+00
2.341603999999999797e+00 2.317227363586425781e+00
2.345975999999999839e+00 2.312052726745605469e+00
2.350325999999999915e+00 2.317227363586425781e+00
2.354655999999999860e+00 2.317227363586425781e+00
2.358978000000000019e+00 2.317227363586425781e+00
2.363351000000000202e+00 2.317227363586425781e+00
2.367712000000000039e+00 2.317227363586425781e+00
2.372046000000000099e+00 2.317227363586425781e+00
2.376452000000000009e+00 2.312052726745605469e+00
2.380834000000000117e+00 2.312052726745605469e+00
2.385186000000000028e+00 2.312052726745605469e+00
2.391659999999999897e+00 2.312052726745605469e+00
2.395976000000000106e+00 2.312052726745605469e+00
2.400339999999999918e+00 2.317227363586425781e+00
2.404685999999999879e+00 2.312052726745605469e+00
2.409015999999999824e+00 2.317227363586425781e+00
2.413434000000000079e+00 2.312052726745605469e+00
2.417778000000000205e+00 2.312052726745605469e+00
2.422112999999999960e+00 2.312052726745605469e+00
2.426499999999999879e+00 2.317227363586425781e+00
2.430851000000000095e+00 2.317227363586425781e+00
2.435213000000000072e+00 2.317227363586425781e+00
2.439544999999999852e+00 2.317227363586425781e+00
2.443948999999999927e+00 2.317227363586425781e+00
2.448323999999999945e+00 2.317227363586425781e+00
2.452662999999999816e+00 2.317227363586425781e+00
2.457014000000000031e+00 2.317227363586425781e+00
2.461358999999999853e+00 2.317227363586425781e+00
2.465765000000000207e+00 2.322402000427246094e+00
2.470129000000000019e+00 2.317227363586425781e+00
2.474495999999999807e+00 2.317227363586425781e+00
2.478845999999999883e+00 2.312052726745605469e+00
2.483292000000000055e+00 2.317227363586425781e+00
2.487622000000000000e+00 2.312052726745605469e+00
2.491973000000000216e+00 2.317227363586425781e+00
2.496560999999999808e+00 2.317227363586425781e+00
2.503016999999999825e+00 2.312052726745605469e+00
2.507422000000000040e+00 2.312052726745605469e+00
2.511821999999999999e+00 2.306878089904785156e+00
2.516280000000000072e+00 2.312052726745605469e+00
2.520669999999999966e+00 2.306878089904785156e+00
2.525078000000000156e+00 2.317227363586425781e+00
2.529474000000000000e+00 2.317227363586425781e+00
2.533949999999999925e+00 2.317227363586425781e+00
2.538346999999999909e+00 2.322402000427246094e+00
2.541622999999999966e+00 2.317227363586425781e+00
2.545476999999999990e+00 2.317227363586425781e+00
2.548833000000000126e+00 2.317227363586425781e+00
2.552811999999999859e+00 2.322402000427246094e+00
2.563000999999999863e+00 2.317227363586425781e+00
2.568067999999999795e+00 2.322402000427246094e+00
2.572376999999999914e+00 2.317227363586425781e+00
2.575579999999999981e+00 2.312052726745605469e+00
2.579469000000000012e+00 2.312052726745605469e+00
2.585144999999999804e+00 2.317227363586425781e+00
2.589567000000000174e+00 2.312052726745605469e+00
2.594056999999999835e+00 2.312052726745605469e+00
2.598494000000000081e+00 2.312052726745605469e+00
2.601790999999999965e+00 2.306878089904785156e+00
2.605719000000000118e+00 2.312052726745605469e+00
2.612235999999999780e+00 2.306878089904785156e+00
2.616613000000000078e+00 2.312052726745605469e+00
2.621036999999999839e+00 2.306878089904785156e+00
2.625556000000000001e+00 2.317227363586425781e+00
2.629980999999999902e+00 2.317227363586425781e+00
2.634468000000000032e+00 2.322402000427246094e+00
2.638901999999999859e+00 2.322402000427246094e+00
2.643396000000000079e+00 2.322402000427246094e+00
2.647826999999999931e+00 2.322402000427246094e+00
2.652245000000000186e+00 2.317227363586425781e+00
2.656787000000000010e+00 2.322402000427246094e+00
2.661245999999999778e+00 2.322402000427246094e+00
2.665776999999999841e+00 2.322402000427246094e+00
2.670253999999999905e+00 2.317227363586425781e+00
2.674725000000000019e+00 2.317227363586425781e+00
2.679177999999999837e+00 2.312052726745605469e+00
2.683723000000000081e+00 2.306878089904785156e+00
2.688220999999999972e+00 2.312052726745605469e+00
2.692670999999999815e+00 2.306878089904785156e+00
2.697176999999999936e+00 2.306878089904785156e+00
2.701626000000000083e+00 2.306878089904785156e+00
2.706148000000000220e+00 2.312052726745605469e+00
2.710643000000000136e+00 2.306878089904785156e+00
2.715148000000000117e+00 2.312052726745605469e+00
2.719644000000000172e+00 2.312052726745605469e+00
2.725718999999999781e+00 2.317227363586425781e+00
2.730213000000000001e+00 2.322402000427246094e+00
2.734738000000000113e+00 2.317227363586425781e+00
2.739227000000000078e+00 2.317227363586425781e+00
2.743759999999999977e+00 2.317227363586425781e+00
2.748276000000000163e+00 2.322402000427246094e+00
2.751583999999999808e+00 2.317227363586425781e+00
2.755583999999999811e+00 2.317227363586425781e+00
2.760073000000000221e+00 2.317227363586425781e+00
2.764590000000000103e+00 2.317227363586425781e+00
2.769085000000000019e+00 2.317227363586425781e+00
2.773646999999999974e+00 2.317227363586425781e+00
2.778162000000000020e+00 2.312052726745605469e+00
2.782678999999999903e+00 2.312052726745605469e+00
2.787211000000000105e+00 2.306878089904785156e+00
2.791739000000000193e+00 2.312052726745605469e+00
2.796400999999999915e+00 2.306878089904785156e+00
2.799637000000000153e+00 2.312052726745605469e+00
2.803688999999999876e+00 2.312052726745605469e+00
2.807007000000000030e+00 2.317227363586425781e+00
2.810947000000000084e+00 2.312052726745605469e+00
2.815532000000000146e+00 2.312052726745605469e+00
2.820066999999999879e+00 2.312052726745605469e+00
2.824596000000000107e+00 2.322402000427246094e+00
2.829115999999999964e+00 2.317227363586425781e+00
2.833711999999999787e+00 2.322402000427246094e+00
2.839815000000000200e+00 2.322402000427246094e+00
2.844416999999999973e+00 2.317227363586425781e+00
2.848986000000000018e+00 2.317227363586425781e+00
2.853584000000000120e+00 2.317227363586425781e+00
2.858119999999999994e+00 2.317227363586425781e+00
2.862659999999999982e+00 2.317227363586425781e+00
2.865981999999999807e+00 2.317227363586425781e+00
2.869968000000000075e+00 2.317227363586425781e+00
2.874519999999999964e+00 2.312052726745605469e+00
2.879061000000000092e+00 2.306878089904785156e+00
2.882378000000000107e+00 2.312052726745605469e+00
2.886423999999999879e+00 2.312052726745605469e+00
2.890979999999999883e+00 2.312052726745605469e+00
2.895605000000000206e+00 2.312052726745605469e+00
2.900859000000000076e+00 2.317227363586425781e+00
2.904854999999999965e+00 2.312052726745605469e+00
2.909453000000000067e+00 2.317227363586425781e+00
2.912770000000000081e+00 2.312052726745605469e+00
2.916809000000000207e+00 2.317227363586425781e+00
2.921380999999999784e+00 2.312052726745605469e+00
2.926010000000000222e+00 2.317227363586425781e+00
2.930568000000000062e+00 2.317227363586425781e+00
2.935189999999999966e+00 2.317227363586425781e+00
2.939756000000000036e+00 2.317227363586425781e+00
2.944390999999999980e+00 2.312052726745605469e+00
2.950673000000000101e+00 2.317227363586425781e+00
2.955280000000000129e+00 2.317227363586425781e+00
2.959862000000000215e+00 2.317227363586425781e+00
2.964513999999999871e+00 2.317227363586425781e+00
2.969094000000000122e+00 2.317227363586425781e+00
2.973754000000000008e+00 2.317227363586425781e+00
2.978365000000000151e+00 2.312052726745605469e+00
2.982997000000000121e+00 2.312052726745605469e+00
2.987607999999999819e+00 2.312052726745605469e+00
2.992211000000000176e+00 2.317227363586425781e+00
2.995610000000000106e+00 2.312052726745605469e+00
2.999805999999999973e+00 2.317227363586425781e+00
3.004446999999999868e+00 2.306878089904785156e+00
3.009093000000000018e+00 2.312052726745605469e+00
3.013761999999999830e+00 2.306878089904785156e+00
3.018415000000000070e+00 2.306878089904785156e+00
3.023031000000000024e+00 2.312052726745605469e+00
3.026387000000000160e+00 2.317227363586425781e+00
3.030421000000000031e+00 2.317227363586425781e+00
3.035080999999999918e+00 2.317227363586425781e+00
3.039712999999999887e+00 2.317227363586425781e+00
3.044423999999999797e+00 2.317227363586425781e+00
3.049052999999999791e+00 2.317227363586425781e+00
3.053729000000000138e+00 2.317227363586425781e+00
3.058752999999999833e+00 2.322402000427246094e+00
3.065252000000000088e+00 2.322402000427246094e+00
3.069910000000000139e+00 2.317227363586425781e+00
3.074568000000000190e+00 2.317227363586425781e+00
3.079193000000000069e+00 2.312052726745605469e+00
3.083965000000000067e+00 2.312052726745605469e+00
3.088605999999999963e+00 2.312052726745605469e+00
3.091982999999999926e+00 2.312052726745605469e+00
3.096137000000000139e+00 2.312052726745605469e+00
3.100870000000000015e+00 2.306878089904785156e+00
3.104204999999999881e+00 2.306878089904785156e+00
3.108283999999999825e+00 2.306878089904785156e+00
3.115025999999999851e+00 2.306878089904785156e+00
3.120214999999999961e+00 2.312052726745605469e+00
3.127934000000000214e+00 2.312052726745605469e+00
3.134576000000000029e+00 2.317227363586425781e+00
3.144036999999999971e+00 2.317227363586425781e+00
3.148991000000000096e+00 2.317227363586425781e+00
3.153789000000000176e+00 2.317227363586425781e+00
3.158491999999999855e+00 2.317227363586425781e+00
3.163209999999999855e+00 2.317227363586425781e+00
3.168013000000000190e+00 2.317227363586425781e+00
3.174237999999999893e+00 2.317227363586425781e+00
3.178922000000000025e+00 2.306878089904785156e+00
3.183705999999999925e+00 2.306878089904785156e+00
3.188404999999999934e+00 2.306878089904785156e+00
3.193096000000000156e+00 2.306878089904785156e+00
3.197810000000000041e+00 2.306878089904785156e+00
3.202646999999999800e+00 2.306878089904785156e+00
3.207276999999999934e+00 2.312052726745605469e+00
3.211974000000000107e+00 2.306878089904785156e+00
3.216816999999999815e+00 2.312052726745605469e+00
3.221522999999999914e+00 2.317227363586425781e+00
3.226497999999999866e+00 2.317227363586425781e+00
3.231129999999999836e+00 2.317227363586425781e+00
3.235949999999999882e+00 2.317227363586425781e+00
3.240664000000000211e+00 2.317227363586425781e+00
3.245413999999999799e+00 2.317227363586425781e+00
3.250176000000000176e+00 2.322402000427246094e+00
3.253594999999999793e+00 2.317227363586425781e+00
3.256432999999999911e+00 2.322402000427246094e+00
3.259271000000000029e+00 2.317227363586425781e+00
3.262103999999999893e+00 2.317227363586425781e+00
3.266325000000000145e+00 2.322402000427246094e+00
3.269769000000000148e+00 2.317227363586425781e+00
3.274007999999999807e+00 2.312052726745605469e+00
3.278735000000000177e+00 2.306878089904785156e+00
3.285765000000000047e+00 2.312052726745605469e+00
3.290421999999999958e+00 2.312052726745605469e+00
3.295221000000000178e+00 2.306878089904785156e+00
3.299906000000000006e+00 2.312052726745605469e+00
3.303933999999999926e+00 2.312052726745605469e+00
3.308975000000000222e+00 2.317227363586425781e+00
3.313817999999999930e+00 2.312052726745605469e+00
3.318602999999999970e+00 2.312052726745605469e+00
3.323326999999999920e+00 2.317227363586425781e+00
3.326484999999999914e+00 2.317227363586425781e+00
3.331278000000000183e+00 2.322402000427246094e+00
3.336189000000000071e+00 2.317227363586425781e+00
3.341013999999999928e+00 2.317227363586425781e+00
3.345915000000000195e+00 2.317227363586425781e+00
3.350715000000000110e+00 2.317227363586425781e+00
3.355519000000000140e+00 2.317227363586425781e+00
3.360313999999999801e+00 2.317227363586425781e+00
3.363773000000000124e+00 2.317227363586425781e+00
3.368015000000000203e+00 2.317227363586425781e+00
3.372818999999999789e+00 2.312052726745605469e+00
3.377650000000000041e+00 2.306878089904785156e+00
3.382442999999999866e+00 2.312052726745605469e+00
3.387253999999999987e+00 2.312052726745605469e+00
3.392185000000000006e+00 2.312052726745605469e+00
3.398833000000000215e+00 2.317227363586425781e+00
3.403769000000000045e+00 2.312052726745605469e+00
3.408579000000000025e+00 2.317227363586425781e+00
3.413435000000000219e+00 2.312052726745605469e+00
3.418239999999999945e+00 2.312052726745605469e+00
3.423074999999999868e+00 2.317227363586425781e+00
3.427884999999999849e+00 2.317227363586425781e+00
3.432700000000000085e+00 2.317227363586425781e+00
3.437516000000000016e+00 2.317227363586425781e+00
3.442347999999999963e+00 2.317227363586425781e+00
3.447173999999999960e+00 2.317227363586425781e+00
3.452005999999999908e+00 2.317227363586425781e+00
3.456885000000000208e+00 2.317227363586425781e+00
3.461689999999999934e+00 2.317227363586425781e+00
3.466581999999999830e+00 2.317227363586425781e+00
3.471407999999999827e+00 2.317227363586425781e+00
3.476316000000000184e+00 2.317227363586425781e+00
3.481186999999999809e+00 2.317227363586425781e+00
3.486073000000000199e+00 2.312052726745605469e+00
3.490895000000000081e+00 2.317227363586425781e+00
3.495789999999999953e+00 2.312052726745605469e+00
3.500649000000000122e+00 2.317227363586425781e+00
3.507598999999999911e+00 2.312052726745605469e+00
3.512443000000000204e+00 2.306878089904785156e+00
3.517355999999999927e+00 2.312052726745605469e+00
3.522234999999999783e+00 2.312052726745605469e+00
3.527098000000000066e+00 2.317227363586425781e+00
3.531932999999999989e+00 2.322402000427246094e+00
3.536906000000000105e+00 2.317227363586425781e+00
3.541752999999999929e+00 2.317227363586425781e+00
3.546698000000000128e+00 2.317227363586425781e+00
3.551584000000000074e+00 2.317227363586425781e+00
3.556607000000000074e+00 2.322402000427246094e+00
3.567159999999999886e+00 2.322402000427246094e+00
3.575334999999999930e+00 2.317227363586425781e+00
3.580912000000000095e+00 2.317227363586425781e+00
3.587746999999999797e+00 2.312052726745605469e+00
3.592670000000000030e+00 2.312052726745605469e+00
3.597631999999999941e+00 2.312052726745605469e+00
3.602580000000000116e+00 2.312052726745605469e+00
3.607514000000000109e+00 2.312052726745605469e+00
3.612499999999999822e+00 2.306878089904785156e+00
3.619315999999999978e+00 2.306878089904785156e+00
3.624150000000000205e+00 2.312052726745605469e+00
3.629052000000000167e+00 2.317227363586425781e+00
3.632576999999999945e+00 2.317227363586425781e+00
3.637026999999999788e+00 2.317227363586425781e+00
3.641926999999999914e+00 2.317227363586425781e+00
3.646920000000000162e+00 2.317227363586425781e+00
3.651854000000000156e+00 2.322402000427246094e+00
3.656851000000000074e+00 2.322402000427246094e+00
3.661760999999999822e+00 2.317227363586425781e+00
3.666758000000000184e+00 2.322402000427246094e+00
3.671669000000000072e+00 2.317227363586425781e+00
3.676651000000000113e+00 2.312052726745605469e+00
3.681591000000000058e+00 2.312052726745605469e+00
3.686603999999999992e+00 2.306878089904785156e+00
3.691539000000000126e+00 2.306878089904785156e+00
3.696565000000000101e+00 2.306878089904785156e+00
3.701529999999999987e+00 2.312052726745605469e+00
3.706538999999999806e+00 2.312052726745605469e+00
3.711586000000000052e+00 2.306878089904785156e+00
3.716514999999999791e+00 2.312052726745605469e+00
3.721487000000000211e+00 2.312052726745605469e+00
3.728600999999999832e+00 2.322402000427246094e+00
3.731951000000000018e+00 2.322402000427246094e+00
3.736394999999999911e+00 2.317227363586425781e+00
3.741340999999999806e+00 2.322402000427246094e+00
3.746386999999999912e+00 2.322402000427246094e+00
3.751380999999999855e+00 2.322402000427246094e+00
3.756384000000000167e+00 2.317227363586425781e+00
3.761357999999999979e+00 2.317227363586425781e+00
3.766372000000000053e+00 2.322402000427246094e+00
3.771383999999999848e+00 2.317227363586425781e+00
3.776448999999999945e+00 2.312052726745605469e+00
3.779977999999999838e+00 2.306878089904785156e+00
3.784424000000000010e+00 2.312052726745605469e+00
3.789404999999999912e+00 2.312052726745605469e+00
3.794448000000000043e+00 2.306878089904785156e+00
3.799424000000000134e+00 2.312052726745605469e+00
3.804498999999999853e+00 2.306878089904785156e+00
3.809474999999999945e+00 2.431068420410156250e+00
3.814525000000000166e+00 4.780333518981933594e+00
3.819516000000000133e+00 4.785508155822753906e+00
3.824539000000000133e+00 4.790682792663574219e+00
3.829508999999999830e+00 4.785508155822753906e+00
3.836651999999999951e+00 4.790682792663574219e+00
3.841525999999999996e+00 4.790682792663574219e+00
3.846604999999999830e+00 4.785508155822753906e+00
3.851620000000000044e+00 4.785508155822753906e+00
3.856688000000000116e+00 4.780333518981933594e+00
3.861683999999999894e+00 4.785508155822753906e+00
3.866743000000000041e+00 4.780333518981933594e+00
3.871811999999999809e+00 4.780333518981933594e+00
3.876882999999999857e+00 4.754461288452148438e+00
3.881895000000000095e+00 1.649704933166503906e+00
3.886978000000000044e+00 1.458245277404785156e+00
3.891976000000000102e+00 1.411673545837402344e+00
3.897047000000000150e+00 1.344404220581054688e+00
3.902770999999999990e+00 1.913609504699707031e+00
3.907286000000000037e+00 1.535863876342773438e+00
3.912303000000000086e+00 1.173642158508300781e+00
3.917349999999999888e+00 1.142595291137695312e+00
3.922381999999999813e+00 2.198211669921875000e+00
3.925971000000000100e+00 1.344404220581054688e+00
3.928958000000000172e+00 1.473769187927246094e+00
3.933549999999999880e+00 1.525514602661132812e+00
3.938682000000000016e+00 1.349578857421875000e+00
3.943871999999999822e+00 1.189166069030761719e+00
3.950327999999999840e+00 1.121896743774414062e+00
3.955473000000000017e+00 1.111547470092773438e+00
3.960541999999999785e+00 1.106372833251953125e+00
3.965589000000000031e+00 4.785508155822753906e+00
3.970629000000000186e+00 4.785508155822753906e+00
3.975693999999999839e+00 4.785508155822753906e+00
3.980739999999999945e+00 4.780333518981933594e+00
3.985889999999999933e+00 4.785508155822753906e+00
3.990972000000000186e+00 4.785508155822753906e+00
3.996106000000000158e+00 4.785508155822753906e+00
4.001157000000000075e+00 4.785508155822753906e+00
4.006287000000000376e+00 4.785508155822753906e+00
4.011351000000000333e+00 4.785508155822753906e+00
4.016499999999999737e+00 4.785508155822753906e+00
4.021619000000000277e+00 4.785508155822753906e+00
4.026748000000000438e+00 4.785508155822753906e+00
4.031820999999999877e+00 4.785508155822753906e+00
4.036965000000000359e+00 4.785508155822753906e+00
4.040620999999999796e+00 4.785508155822753906e+00
4.043758999999999659e+00 4.785508155822753906e+00
4.048293000000000141e+00 4.785508155822753906e+00
4.053447000000000244e+00 4.785508155822753906e+00
4.058610999999999969e+00 4.790682792663574219e+00
4.065305000000000391e+00 4.785508155822753906e+00
4.070405000000000051e+00 4.790682792663574219e+00
4.075528000000000262e+00 4.785508155822753906e+00
4.080623000000000111e+00 4.785508155822753906e+00
4.085771000000000264e+00 4.780333518981933594e+00
4.089390999999999998e+00 4.780333518981933594e+00
4.093993000000000215e+00 4.785508155822753906e+00
4.099110999999999727e+00 4.780333518981933594e+00
4.104276999999999731e+00 4.780333518981933594e+00
4.109383000000000230e+00 4.780333518981933594e+00
4.114557999999999716e+00 4.780333518981933594e+00
4.123803999999999803e+00 4.780333518981933594e+00
4.128574999999999662e+00 4.785508155822753906e+00
4.133820000000000050e+00 4.785508155822753906e+00
4.139058999999999600e+00 4.785508155822753906e+00
4.146745000000000125e+00 4.790682792663574219e+00
4.153483999999999732e+00 4.785508155822753906e+00
4.161717000000000333e+00 4.790682792663574219e+00
4.173888999999999960e+00 4.785508155822753906e+00
4.178860000000000241e+00 4.785508155822753906e+00
4.184109000000000300e+00 4.780333518981933594e+00
4.189340999999999759e+00 4.780333518981933594e+00
4.194567000000000156e+00 4.780333518981933594e+00
4.199728999999999601e+00 4.785508155822753906e+00
4.204949000000000048e+00 4.780333518981933594e+00
4.210117999999999583e+00 4.785508155822753906e+00
4.215301000000000187e+00 4.780333518981933594e+00
4.218926999999999872e+00 4.785508155822753906e+00
4.223621999999999765e+00 4.785508155822753906e+00
4.228811000000000320e+00 4.790682792663574219e+00
4.234094999999999942e+00 4.790682792663574219e+00
4.237790000000000390e+00 4.785508155822753906e+00
4.242412999999999990e+00 4.790682792663574219e+00
4.247666999999999859e+00 4.790682792663574219e+00
4.252875000000000405e+00 4.785508155822753906e+00
4.258080999999999783e+00 4.790682792663574219e+00
4.261802000000000312e+00 4.790682792663574219e+00
4.264942999999999707e+00 4.790682792663574219e+00
4.269612999999999658e+00 4.785508155822753906e+00
4.274862999999999857e+00 4.780333518981933594e+00
4.280090000000000394e+00 4.785508155822753906e+00
4.286927999999999628e+00 4.785508155822753906e+00
4.292192000000000007e+00 4.785508155822753906e+00
4.297428000000000026e+00 4.780333518981933594e+00
4.302601000000000120e+00 4.780333518981933594e+00
4.307809999999999917e+00 4.780333518981933594e+00
4.312993999999999772e+00 4.785508155822753906e+00
4.318220000000000169e+00 4.785508155822753906e+00
4.323514000000000301e+00 4.785508155822753906e+00
4.327183999999999919e+00 4.785508155822753906e+00
4.331814999999999749e+00 4.785508155822753906e+00
4.337172999999999945e+00 4.790682792663574219e+00
4.342385000000000161e+00 4.785508155822753906e+00
4.347604999999999720e+00 4.790682792663574219e+00
4.352844000000000158e+00 4.785508155822753906e+00
4.358082999999999707e+00 4.785508155822753906e+00
4.363344999999999807e+00 4.785508155822753906e+00
4.368637999999999799e+00 4.785508155822753906e+00
4.373922999999999561e+00 4.780333518981933594e+00
4.379159999999999719e+00 4.780333518981933594e+00
4.384458999999999662e+00 4.785508155822753906e+00
4.389739999999999753e+00 4.785508155822753906e+00
4.395350999999999786e+00 4.785508155822753906e+00
4.401693999999999996e+00 4.785508155822753906e+00
4.407108000000000025e+00 4.785508155822753906e+00
4.410752999999999702e+00 4.785508155822753906e+00
4.415459000000000245e+00 4.785508155822753906e+00
4.419173999999999936e+00 4.785508155822753906e+00
4.423945999999999934e+00 4.790682792663574219e+00
4.429306999999999661e+00 4.785508155822753906e+00
4.434660000000000046e+00 4.785508155822753906e+00
4.438393999999999728e+00 4.785508155822753906e+00
4.443112000000000172e+00 4.785508155822753906e+00
4.448408999999999835e+00 4.785508155822753906e+00
4.453774000000000122e+00 4.785508155822753906e+00
4.459068000000000254e+00 4.785508155822753906e+00
4.464432000000000400e+00 4.785508155822753906e+00
4.469730000000000203e+00 4.785508155822753906e+00
4.475055000000000227e+00 4.780333518981933594e+00
4.480350999999999750e+00 4.785508155822753906e+00
4.485617999999999661e+00 4.780333518981933594e+00
4.490902000000000172e+00 4.785508155822753906e+00
4.496259000000000228e+00 4.780333518981933594e+00
4.501528999999999670e+00 4.785508155822753906e+00
4.507287999999999961e+00 4.785508155822753906e+00
4.513873000000000246e+00 4.785508155822753906e+00
4.517554999999999765e+00 4.780333518981933594e+00
4.522306000000000381e+00 4.785508155822753906e+00
4.527598000000000233e+00 4.785508155822753906e+00
4.532898999999999567e+00 4.785508155822753906e+00
4.536605999999999916e+00 4.785508155822753906e+00
4.539743999999999780e+00 4.785508155822753906e+00
4.544533999999999629e+00 4.785508155822753906e+00
4.549826999999999622e+00 4.785508155822753906e+00
4.555125999999999564e+00 4.785508155822753906e+00
4.562816999999999901e+00 4.790682792663574219e+00
4.569638999999999562e+00 4.790682792663574219e+00
4.575755000000000017e+00 4.785508155822753906e+00
4.582106999999999708e+00 4.780333518981933594e+00
4.587633000000000294e+00 4.785508155822753906e+00
4.592938000000000187e+00 4.785508155822753906e+00
4.598252999999999702e+00 4.785508155822753906e+00
4.603653000000000439e+00 4.785508155822753906e+00
4.608963000000000143e+00 4.780333518981933594e+00
4.614357000000000042e+00 4.780333518981933594e+00
4.619710999999999679e+00 4.780333518981933594e+00
4.626951000000000036e+00 4.785508155822753906e+00
4.630519999999999747e+00 4.785508155822753906e+00
4.635316000000000436e+00 4.785508155822753906e+00
4.640665000000000262e+00 4.785508155822753906e+00
4.646105000000000373e+00 4.790682792663574219e+00
4.651447000000000109e+00 4.790682792663574219e+00
4.656914999999999694e+00 4.790682792663574219e+00
4.662245000000000417e+00 4.785508155822753906e+00
4.665998000000000090e+00 4.785508155822753906e+00
4.670817000000000441e+00 4.785508155822753906e+00
4.676242000000000232e+00 4.785508155822753906e+00
4.681589999999999918e+00 4.785508155822753906e+00
4.687005000000000088e+00 4.785508155822753906e+00
4.692333999999999783e+00 4.785508155822753906e+00
4.697691999999999979e+00 4.780333518981933594e+00
4.703026000000000373e+00 4.780333518981933594e+00
4.708350000000000257e+00 4.780333518981933594e+00
4.713780999999999999e+00 4.780333518981933594e+00
4.719127000000000294e+00 4.780333518981933594e+00
4.724609000000000059e+00 4.785508155822753906e+00
4.729981999999999687e+00 4.790682792663574219e+00
4.737586000000000297e+00 4.790682792663574219e+00
4.741138000000000297e+00 4.785508155822753906e+00
4.746020999999999823e+00 4.785508155822753906e+00
4.751369999999999649e+00 4.790682792663574219e+00
4.755161000000000193e+00 4.785508155822753906e+00
4.759984000000000215e+00 4.790682792663574219e+00
4.765360000000000262e+00 4.785508155822753906e+00
4.770718999999999710e+00 4.785508155822753906e+00
4.776165999999999912e+00 4.785508155822753906e+00
4.781532999999999589e+00 4.785508155822753906e+00
4.786964000000000219e+00 4.785508155822753906e+00
4.792352000000000167e+00 4.780333518981933594e+00
4.797727000000000075e+00 4.780333518981933594e+00
4.803110000000000213e+00 4.785508155822753906e+00
4.808550000000000324e+00 4.780333518981933594e+00
4.813985999999999876e+00 4.785508155822753906e+00
4.819353000000000442e+00 4.780333518981933594e+00
4.824844999999999828e+00 4.790682792663574219e+00
4.828608000000000011e+00 4.785508155822753906e+00
4.833527000000000129e+00 4.785508155822753906e+00
4.838956999999999731e+00 4.790682792663574219e+00
4.844846999999999682e+00 4.785508155822753906e+00
4.851382000000000083e+00 4.790682792663574219e+00
4.856931000000000331e+00 4.785508155822753906e+00
4.862351000000000312e+00 4.785508155822753906e+00
4.867773999999999823e+00 4.785508155822753906e+00
4.873187999999999853e+00 4.780333518981933594e+00
4.876978000000000257e+00 4.780333518981933594e+00
4.881839000000000262e+00 4.780333518981933594e+00
4.887330000000000396e+00 4.785508155822753906e+00
4.892742000000000147e+00 4.785508155822753906e+00
4.898181000000000118e+00 4.785508155822753906e+00
4.903660999999999603e+00 4.785508155822753906e+00
4.909086000000000283e+00 4.785508155822753906e+00
4.914562000000000097e+00 4.785508155822753906e+00
4.919984999999999609e+00 4.785508155822753906e+00
4.925508999999999915e+00 4.785508155822753906e+00
4.930990999999999680e+00 4.785508155822753906e+00
4.936510000000000176e+00 4.790682792663574219e+00
4.941993000000000080e+00 4.785508155822753906e+00
4.947496000000000116e+00 4.785508155822753906e+00
4.952956999999999610e+00 4.785508155822753906e+00
4.956768000000000285e+00 4.785508155822753906e+00
4.963752999999999638e+00 4.785508155822753906e+00
4.969261999999999624e+00 4.785508155822753906e+00
4.974795000000000300e+00 4.785508155822753906e+00
4.980247000000000313e+00 4.780333518981933594e+00
4.985726999999999798e+00 4.785508155822753906e+00
4.989567000000000085e+00 4.780333518981933594e+00
4.994544999999999568e+00 4.785508155822753906e+00
5.000030999999999892e+00 4.785508155822753906e+00
5.005536000000000207e+00 4.785508155822753906e+00
5.011007000000000211e+00 4.785508155822753906e+00
5.016580000000000261e+00 4.785508155822753906e+00
5.022067999999999977e+00 4.785508155822753906e+00
5.027631999999999657e+00 4.785508155822753906e+00
5.033121000000000400e+00 4.785508155822753906e+00
5.038641000000000147e+00 4.785508155822753906e+00
5.044742000000000282e+00 4.785508155822753906e+00
5.050229999999999997e+00 4.785508155822753906e+00
5.055748999999999604e+00 4.785508155822753906e+00
5.059565000000000090e+00 4.785508155822753906e+00
5.064551999999999943e+00 4.785508155822753906e+00
5.070059999999999789e+00 4.785508155822753906e+00
5.077204000000000050e+00 4.785508155822753906e+00
5.082733000000000168e+00 4.780333518981933594e+00
5.088251999999999775e+00 4.785508155822753906e+00
5.093873999999999569e+00 4.785508155822753906e+00
5.099366999999999983e+00 4.785508155822753906e+00
5.104955999999999605e+00 4.780333518981933594e+00
5.110482000000000191e+00 4.780333518981933594e+00
5.115982999999999947e+00 4.780333518981933594e+00
5.123283999999999949e+00 4.790682792663574219e+00
5.133218000000000281e+00 4.785508155822753906e+00
5.145393999999999579e+00 4.785508155822753906e+00
5.155521000000000242e+00 4.785508155822753906e+00
5.161020999999999859e+00 4.785508155822753906e+00
5.166674999999999685e+00 4.790682792663574219e+00
5.172241999999999784e+00 4.780333518981933594e+00
5.177872999999999948e+00 4.780333518981933594e+00
5.183469999999999800e+00 4.785508155822753906e+00
5.191272999999999804e+00 4.785508155822753906e+00
5.196856000000000364e+00 4.780333518981933594e+00
5.202410999999999675e+00 4.780333518981933594e+00
5.207976000000000383e+00 4.780333518981933594e+00
5.213614999999999888e+00 4.785508155822753906e+00
5.219168999999999947e+00 4.780333518981933594e+00
5.224846999999999575e+00 4.785508155822753906e+00
5.230418000000000234e+00 4.785508155822753906e+00
5.236007999999999996e+00 4.785508155822753906e+00
5.241570000000000285e+00 4.790682792663574219e+00
5.247207000000000399e+00 4.785508155822753906e+00
5.252763999999999989e+00 4.790682792663574219e+00
5.256567000000000434e+00 4.790682792663574219e+00
5.261601999999999890e+00 4.785508155822753906e+00
5.267244999999999955e+00 4.790682792663574219e+00
5.272814999999999586e+00 4.785508155822753906e+00
5.278430000000000177e+00 4.785508155822753906e+00
5.284068000000000431e+00 4.785508155822753906e+00
5.289658000000000193e+00 4.785508155822753906e+00
5.295293000000000028e+00 4.780333518981933594e+00
5.302780000000000271e+00 4.780333518981933594e+00
5.308208999999999733e+00 4.780333518981933594e+00
5.313873000000000069e+00 4.780333518981933594e+00
5.319465000000000110e+00 4.780333518981933594e+00
