9.899999999999999404e-05 2.648401260375976562e+00
3.893999999999999892e-03 2.638051986694335938e+00
7.065000000000000099e-03 2.638051986694335938e+00
1.037199999999999928e-02 2.638051986694335938e+00
1.365899999999999927e-02 2.638051986694335938e+00
1.694400000000000073e-02 2.638051986694335938e+00
2.008499999999999869e-02 2.638051986694335938e+00
2.322499999999999912e-02 2.632877349853515625e+00
2.621199999999999919e-02 2.638051986694335938e+00
2.949600000000000138e-02 2.638051986694335938e+00
3.267300000000000065e-02 2.638051986694335938e+00
3.595399999999999985e-02 2.638051986694335938e+00
3.913200000000000012e-02 2.643226623535156250e+00
4.224200000000000177e-02 2.648401260375976562e+00
4.556700000000000333e-02 2.643226623535156250e+00
4.869500000000000217e-02 2.648401260375976562e+00
5.182900000000000007e-02 2.648401260375976562e+00
5.513500000000000345e-02 2.648401260375976562e+00
5.827500000000000041e-02 2.648401260375976562e+00
6.159499999999999698e-02 2.648401260375976562e+00
6.472200000000000175e-02 2.648401260375976562e+00
6.786499999999999477e-02 2.648401260375976562e+00
7.117300000000000015e-02 2.648401260375976562e+00
7.514600000000000446e-02 2.648401260375976562e+00
8.055700000000000360e-02 2.648401260375976562e+00
8.384700000000000486e-02 2.648401260375976562e+00
8.715000000000000524e-02 2.643226623535156250e+00
9.029500000000000026e-02 2.638051986694335938e+00
9.345199999999999341e-02 2.638051986694335938e+00
9.673099999999999754e-02 2.632877349853515625e+00
9.987899999999999556e-02 2.632877349853515625e+00
1.033290000000000042e-01 2.638051986694335938e+00
1.064699999999999952e-01 2.638051986694335938e+00
1.096329999999999943e-01 2.638051986694335938e+00
1.129089999999999955e-01 2.632877349853515625e+00
1.160489999999999994e-01 2.638051986694335938e+00
1.193459999999999938e-01 2.638051986694335938e+00
1.225030000000000008e-01 2.638051986694335938e+00
1.256420000000000037e-01 2.638051986694335938e+00
1.289349999999999941e-01 2.638051986694335938e+00
1.320770000000000000e-01 2.638051986694335938e+00
1.352220000000000089e-01 2.643226623535156250e+00
1.385160000000000002e-01 2.643226623535156250e+00
1.416689999999999894e-01 2.648401260375976562e+00
1.449729999999999908e-01 2.648401260375976562e+00
1.481069999999999887e-01 2.648401260375976562e+00
1.514330000000000120e-01 2.653575897216796875e+00
1.547000000000000042e-01 2.648401260375976562e+00
1.578430000000000111e-01 2.648401260375976562e+00
1.611690000000000067e-01 2.648401260375976562e+00
1.642859999999999876e-01 2.648401260375976562e+00
1.674809999999999910e-01 2.648401260375976562e+00
1.707899999999999974e-01 2.648401260375976562e+00
1.739080000000000070e-01 2.648401260375976562e+00
1.770619999999999972e-01 2.648401260375976562e+00
1.803710000000000035e-01 2.648401260375976562e+00
1.870010000000000006e-01 2.648401260375976562e+00
1.902919999999999889e-01 2.643226623535156250e+00
1.937719999999999998e-01 2.638051986694335938e+00
2.001660000000000106e-01 2.638051986694335938e+00
2.063200000000000034e-01 2.632877349853515625e+00
2.165700000000000125e-01 2.638051986694335938e+00
2.254670000000000007e-01 2.638051986694335938e+00
2.303699999999999914e-01 2.643226623535156250e+00
2.338399999999999923e-01 2.643226623535156250e+00
2.371560000000000057e-01 2.643226623535156250e+00
2.402980000000000116e-01 2.648401260375976562e+00
2.434610000000000107e-01 2.648401260375976562e+00
2.467620000000000091e-01 2.648401260375976562e+00
2.498960000000000070e-01 2.648401260375976562e+00
2.533480000000000176e-01 2.648401260375976562e+00
2.564939999999999998e-01 2.643226623535156250e+00
2.596530000000000227e-01 2.643226623535156250e+00
2.628150000000000208e-01 2.643226623535156250e+00
2.661180000000000212e-01 2.648401260375976562e+00
2.692950000000000066e-01 2.643226623535156250e+00
2.724509999999999987e-01 2.643226623535156250e+00
2.757290000000000019e-01 2.643226623535156250e+00
2.788769999999999860e-01 2.643226623535156250e+00
2.820159999999999889e-01 2.643226623535156250e+00
2.853149999999999853e-01 2.648401260375976562e+00
2.884610000000000229e-01 2.643226623535156250e+00
2.921219999999999928e-01 2.638051986694335938e+00
2.976429999999999909e-01 2.638051986694335938e+00
3.009839999999999738e-01 2.643226623535156250e+00
3.041079999999999894e-01 2.643226623535156250e+00
3.072500000000000231e-01 2.643226623535156250e+00
3.106079999999999952e-01 2.643226623535156250e+00
3.137059999999999849e-01 2.638051986694335938e+00
3.168320000000000025e-01 2.643226623535156250e+00
3.201359999999999761e-01 2.643226623535156250e+00
3.234239999999999893e-01 2.643226623535156250e+00
3.267200000000000104e-01 2.638051986694335938e+00
3.298639999999999906e-01 2.643226623535156250e+00
3.330130000000000035e-01 2.643226623535156250e+00
3.361589999999999856e-01 2.643226623535156250e+00
3.393090000000000273e-01 2.648401260375976562e+00
3.424579999999999846e-01 2.643226623535156250e+00
3.457470000000000265e-01 2.643226623535156250e+00
3.488879999999999759e-01 2.648401260375976562e+00
3.520349999999999868e-01 2.648401260375976562e+00
3.553509999999999724e-01 2.643226623535156250e+00
3.585099999999999953e-01 2.648401260375976562e+00
3.616489999999999982e-01 2.648401260375976562e+00
3.649510000000000254e-01 2.643226623535156250e+00
3.680999999999999828e-01 2.648401260375976562e+00
3.714020000000000099e-01 2.648401260375976562e+00
3.746929999999999983e-01 2.648401260375976562e+00
3.778279999999999972e-01 2.648401260375976562e+00
3.811450000000000116e-01 2.648401260375976562e+00
3.842720000000000025e-01 2.653575897216796875e+00
3.873909999999999854e-01 2.648401260375976562e+00
3.907149999999999790e-01 2.643226623535156250e+00
3.938800000000000079e-01 2.638051986694335938e+00
3.971569999999999823e-01 2.643226623535156250e+00
4.003099999999999992e-01 2.643226623535156250e+00
4.062299999999999800e-01 2.643226623535156250e+00
4.094709999999999739e-01 2.638051986694335938e+00
4.126440000000000108e-01 2.638051986694335938e+00
4.159649999999999737e-01 2.638051986694335938e+00
4.190849999999999853e-01 2.643226623535156250e+00
4.222299999999999942e-01 2.638051986694335938e+00
4.255590000000000206e-01 2.638051986694335938e+00
4.286690000000000222e-01 2.638051986694335938e+00
4.319709999999999939e-01 2.632877349853515625e+00
4.351189999999999780e-01 2.638051986694335938e+00
4.382610000000000117e-01 2.643226623535156250e+00
4.415799999999999725e-01 2.648401260375976562e+00
4.448559999999999737e-01 2.643226623535156250e+00
4.481559999999999988e-01 2.648401260375976562e+00
4.514639999999999764e-01 2.648401260375976562e+00
4.546339999999999826e-01 2.643226623535156250e+00
4.579570000000000030e-01 2.643226623535156250e+00
4.610989999999999811e-01 2.648401260375976562e+00
4.642180000000000195e-01 2.648401260375976562e+00
4.672089999999999854e-01 2.648401260375976562e+00
4.703499999999999903e-01 2.648401260375976562e+00
4.736480000000000135e-01 2.648401260375976562e+00
4.769680000000000031e-01 2.648401260375976562e+00
4.800920000000000187e-01 2.648401260375976562e+00
4.832400000000000029e-01 2.648401260375976562e+00
4.865450000000000053e-01 2.648401260375976562e+00
4.896849999999999814e-01 2.643226623535156250e+00
4.928239999999999843e-01 2.643226623535156250e+00
4.961369999999999947e-01 2.643226623535156250e+00
4.992730000000000223e-01 2.643226623535156250e+00
5.025730000000000475e-01 2.643226623535156250e+00
5.057190000000000296e-01 2.643226623535156250e+00
5.088399999999999590e-01 2.638051986694335938e+00
5.121539999999999981e-01 2.638051986694335938e+00
5.182290000000000507e-01 2.638051986694335938e+00
5.214750000000000218e-01 2.638051986694335938e+00
5.300920000000000076e-01 2.638051986694335938e+00
5.372609999999999886e-01 2.638051986694335938e+00
5.404590000000000227e-01 2.643226623535156250e+00
5.437269999999999603e-01 2.643226623535156250e+00
5.494830000000000547e-01 2.648401260375976562e+00
5.526520000000000321e-01 2.648401260375976562e+00
5.559589999999999810e-01 2.648401260375976562e+00
5.590840000000000254e-01 2.648401260375976562e+00
5.622390000000000443e-01 2.653575897216796875e+00
5.655219999999999692e-01 2.648401260375976562e+00
5.686879999999999713e-01 2.653575897216796875e+00
5.719689999999999497e-01 2.648401260375976562e+00
5.752639999999999976e-01 2.648401260375976562e+00
5.785799999999999832e-01 2.648401260375976562e+00
5.817069999999999741e-01 2.648401260375976562e+00
5.848470000000000057e-01 2.648401260375976562e+00
5.881300000000000416e-01 2.648401260375976562e+00
5.913040000000000518e-01 2.643226623535156250e+00
5.944359999999999644e-01 2.638051986694335938e+00
5.977350000000000163e-01 2.638051986694335938e+00
6.008890000000000065e-01 2.638051986694335938e+00
6.040149999999999686e-01 2.638051986694335938e+00
6.073389999999999622e-01 2.638051986694335938e+00
6.105199999999999516e-01 2.632877349853515625e+00
6.137590000000000545e-01 2.638051986694335938e+00
6.169029999999999792e-01 2.638051986694335938e+00
6.200419999999999821e-01 2.638051986694335938e+00
6.233410000000000339e-01 2.638051986694335938e+00
6.264669999999999961e-01 2.638051986694335938e+00
6.328350000000000364e-01 2.638051986694335938e+00
6.363060000000000382e-01 2.643226623535156250e+00
6.394450000000000411e-01 2.648401260375976562e+00
6.427800000000000180e-01 2.648401260375976562e+00
6.460719999999999796e-01 2.648401260375976562e+00
6.493889999999999940e-01 2.648401260375976562e+00
6.525260000000000504e-01 2.648401260375976562e+00
6.556650000000000533e-01 2.653575897216796875e+00
6.589610000000000190e-01 2.648401260375976562e+00
6.622599999999999598e-01 2.648401260375976562e+00
6.655609999999999582e-01 2.648401260375976562e+00
6.686999999999999611e-01 2.648401260375976562e+00
6.718619999999999592e-01 2.648401260375976562e+00
6.751430000000000486e-01 2.648401260375976562e+00
6.782869999999999733e-01 2.648401260375976562e+00
6.815860000000000252e-01 2.648401260375976562e+00
6.847309999999999786e-01 2.648401260375976562e+00
6.880110000000000392e-01 2.643226623535156250e+00
6.913240000000000496e-01 2.638051986694335938e+00
6.944679999999999742e-01 2.638051986694335938e+00
6.975999999999999979e-01 2.638051986694335938e+00
7.006000000000000005e-01 2.638051986694335938e+00
7.037400000000000322e-01 2.638051986694335938e+00
7.068820000000000103e-01 2.638051986694335938e+00
7.100340000000000540e-01 2.638051986694335938e+00
7.133300000000000196e-01 2.638051986694335938e+00
7.164679999999999938e-01 2.638051986694335938e+00
7.196029999999999927e-01 2.643226623535156250e+00
7.229010000000000158e-01 2.638051986694335938e+00
7.260459999999999692e-01 2.643226623535156250e+00
7.293789999999999996e-01 2.643226623535156250e+00
7.328270000000000062e-01 2.643226623535156250e+00
7.361290000000000333e-01 2.643226623535156250e+00
7.434450000000000225e-01 2.648401260375976562e+00
7.468749999999999556e-01 2.648401260375976562e+00
7.501879999999999660e-01 2.648401260375976562e+00
7.534889999999999644e-01 2.648401260375976562e+00
7.567850000000000410e-01 2.653575897216796875e+00
7.600789999999999491e-01 2.648401260375976562e+00
7.635269999999999557e-01 2.643226623535156250e+00
7.669749999999999623e-01 2.648401260375976562e+00
7.702689999999999815e-01 2.648401260375976562e+00
7.737249999999999961e-01 2.648401260375976562e+00
7.771799999999999820e-01 2.648401260375976562e+00
7.806220000000000381e-01 2.648401260375976562e+00
7.839150000000000285e-01 2.648401260375976562e+00
7.873940000000000383e-01 2.648401260375976562e+00
7.908429999999999627e-01 2.643226623535156250e+00
7.941219999999999946e-01 2.638051986694335938e+00
7.975670000000000259e-01 2.638051986694335938e+00
8.010260000000000158e-01 2.643226623535156250e+00
8.043190000000000062e-01 2.643226623535156250e+00
8.074639999999999596e-01 2.643226623535156250e+00
8.107750000000000234e-01 2.643226623535156250e+00
8.142120000000000468e-01 2.643226623535156250e+00
8.175090000000000412e-01 2.643226623535156250e+00
8.208180000000000476e-01 2.643226623535156250e+00
8.241000000000000547e-01 2.643226623535156250e+00
8.274340000000000028e-01 2.643226623535156250e+00
8.306890000000000107e-01 2.643226623535156250e+00
8.338100000000000511e-01 2.643226623535156250e+00
8.368330000000000490e-01 2.643226623535156250e+00
8.401380000000000514e-01 2.648401260375976562e+00
8.434350000000000458e-01 2.648401260375976562e+00
8.467350000000000154e-01 2.648401260375976562e+00
8.525989999999999958e-01 2.648401260375976562e+00
8.557550000000000434e-01 2.648401260375976562e+00
8.589160000000000128e-01 2.653575897216796875e+00
8.620640000000000525e-01 2.648401260375976562e+00
8.652039999999999731e-01 2.653575897216796875e+00
8.681849999999999845e-01 2.653575897216796875e+00
8.713340000000000529e-01 2.648401260375976562e+00
8.744739999999999736e-01 2.653575897216796875e+00
8.776270000000000460e-01 2.648401260375976562e+00
8.809350000000000236e-01 2.653575897216796875e+00
8.840609999999999857e-01 2.653575897216796875e+00
8.873149999999999649e-01 2.648401260375976562e+00
8.906479999999999952e-01 2.648401260375976562e+00
8.937859999999999694e-01 2.648401260375976562e+00
8.969449999999999923e-01 2.648401260375976562e+00
9.000770000000000159e-01 2.648401260375976562e+00
9.032329999999999526e-01 2.648401260375976562e+00
9.065220000000000500e-01 2.648401260375976562e+00
9.096610000000000529e-01 2.648401260375976562e+00
9.128110000000000390e-01 2.648401260375976562e+00
9.157899999999999929e-01 2.648401260375976562e+00
9.189450000000000118e-01 2.648401260375976562e+00
9.220800000000000107e-01 2.648401260375976562e+00
9.252270000000000216e-01 2.648401260375976562e+00
9.285269999999999913e-01 2.658750534057617188e+00
9.317370000000000374e-01 2.648401260375976562e+00
9.350110000000000365e-01 2.648401260375976562e+00
9.383120000000000349e-01 2.648401260375976562e+00
9.414500000000000091e-01 2.653575897216796875e+00
9.447499999999999787e-01 2.648401260375976562e+00
9.478860000000000063e-01 2.653575897216796875e+00
9.510399999999999965e-01 2.653575897216796875e+00
9.543319999999999581e-01 2.648401260375976562e+00
9.574730000000000185e-01 2.653575897216796875e+00
9.633749999999999813e-01 2.648401260375976562e+00
9.666620000000000212e-01 2.653575897216796875e+00
9.698160000000000114e-01 2.653575897216796875e+00
9.732819999999999805e-01 2.653575897216796875e+00
9.764070000000000249e-01 2.653575897216796875e+00
9.794030000000000236e-01 2.653575897216796875e+00
9.825519999999999810e-01 2.653575897216796875e+00
9.856909999999999838e-01 2.658750534057617188e+00
9.888230000000000075e-01 2.648401260375976562e+00
9.921470000000000011e-01 2.648401260375976562e+00
9.952919999999999545e-01 2.648401260375976562e+00
9.984269999999999534e-01 2.653575897216796875e+00
1.001724000000000059e+00 2.653575897216796875e+00
1.006380999999999970e+00 2.658750534057617188e+00
1.010529000000000011e+00 3.057194709777832031e+00
1.014610000000000012e+00 4.775158882141113281e+00
1.018682000000000087e+00 2.120593070983886719e+00
1.022955999999999976e+00 2.156815528869628906e+00
1.027018999999999904e+00 2.146466255187988281e+00
1.031172999999999895e+00 2.120593070983886719e+00
1.035252000000000061e+00 2.094719886779785156e+00
1.039333999999999980e+00 2.079195976257324219e+00
1.043471999999999955e+00 2.110243797302246094e+00
1.047555000000000014e+00 4.795857429504394531e+00
1.051652999999999949e+00 4.795857429504394531e+00
1.055746999999999991e+00 4.795857429504394531e+00
1.059832000000000107e+00 2.084370613098144531e+00
1.063905000000000101e+00 2.249958038330078125e+00
1.067987000000000020e+00 2.234434127807617188e+00
1.072133000000000003e+00 2.182687759399414062e+00
1.078918000000000044e+00 2.094719886779785156e+00
1.083266000000000062e+00 2.068846702575683594e+00
1.087374000000000063e+00 2.053322792053222656e+00
1.091665000000000108e+00 2.042974472045898438e+00
1.095793999999999935e+00 2.042974472045898438e+00
1.099917000000000034e+00 2.068846702575683594e+00
1.104043000000000108e+00 4.785508155822753906e+00
1.108162000000000091e+00 1.841164588928222656e+00
1.112322000000000033e+00 1.939481735229492188e+00
1.116460999999999926e+00 1.944656372070312500e+00
1.120651999999999981e+00 1.960180282592773438e+00
1.124787999999999899e+00 1.980878829956054688e+00
1.128970000000000029e+00 1.991228103637695312e+00
1.133186000000000027e+00 2.032625198364257812e+00
1.137331000000000092e+00 2.627702713012695312e+00
1.141486000000000001e+00 4.588873863220214844e+00
1.145640999999999909e+00 2.017101287841796875e+00
1.149786999999999892e+00 2.068846702575683594e+00
1.153936999999999991e+00 2.084370613098144531e+00
1.158090999999999982e+00 2.689798355102539062e+00
1.162282999999999955e+00 2.017101287841796875e+00
1.166450999999999905e+00 2.089545249938964844e+00
1.170671999999999935e+00 2.120593070983886719e+00
1.174846999999999975e+00 2.125767707824707031e+00
1.179017999999999899e+00 2.125767707824707031e+00
1.183324000000000042e+00 2.125767707824707031e+00
1.194480999999999904e+00 2.115418434143066406e+00
1.200194999999999901e+00 2.099894523620605469e+00
1.210993999999999904e+00 2.089545249938964844e+00
1.215449999999999919e+00 2.079195976257324219e+00
1.228787000000000074e+00 3.998970031738281250e+00
1.242658999999999958e+00 4.795857429504394531e+00
1.247047999999999934e+00 4.801032066345214844e+00
1.251336000000000004e+00 4.801032066345214844e+00
1.254566999999999988e+00 2.017101287841796875e+00
1.258599999999999941e+00 2.136116981506347656e+00
1.262899999999999912e+00 2.089545249938964844e+00
1.267111000000000098e+00 2.048149108886718750e+00
1.271417000000000019e+00 2.027450561523437500e+00
1.275628999999999902e+00 2.006752014160156250e+00
1.279843000000000064e+00 1.991228103637695312e+00
1.284064000000000094e+00 1.980878829956054688e+00
1.288294999999999968e+00 1.970529556274414062e+00
1.292596999999999996e+00 1.965354919433593750e+00
1.296823000000000059e+00 1.955005645751953125e+00
1.301230000000000109e+00 1.960180282592773438e+00
1.305830999999999964e+00 1.955005645751953125e+00
1.313099999999999934e+00 2.410369873046875000e+00
1.317356999999999889e+00 4.759634971618652344e+00
1.321620999999999935e+00 1.980878829956054688e+00
1.325887000000000038e+00 2.022275924682617188e+00
1.330206999999999917e+00 2.011926651000976562e+00
1.334462999999999955e+00 2.001577377319335938e+00
1.338727000000000000e+00 1.991228103637695312e+00
1.343086999999999920e+00 2.001577377319335938e+00
1.347342999999999957e+00 2.705322265625000000e+00
1.351637999999999895e+00 1.634181022644042969e+00
1.355898999999999965e+00 2.048149108886718750e+00
1.360192999999999985e+00 2.063672065734863281e+00
1.364476000000000022e+00 2.068846702575683594e+00
1.368754000000000026e+00 2.084370613098144531e+00
1.373113000000000028e+00 2.084370613098144531e+00
1.377423000000000064e+00 2.089545249938964844e+00
1.381734999999999935e+00 2.094719886779785156e+00
1.386020999999999948e+00 2.099894523620605469e+00
1.390316000000000107e+00 2.094719886779785156e+00
1.394621000000000111e+00 2.094719886779785156e+00
1.398946999999999941e+00 2.099894523620605469e+00
1.403340000000000032e+00 2.099894523620605469e+00
1.407643999999999895e+00 2.105069160461425781e+00
1.411982000000000070e+00 2.105069160461425781e+00
1.416298999999999975e+00 2.110243797302246094e+00
1.423667000000000016e+00 2.110243797302246094e+00
1.428169999999999940e+00 2.115418434143066406e+00
1.432633999999999963e+00 2.130942344665527344e+00
1.436962000000000073e+00 2.327576637268066406e+00
1.441367999999999983e+00 2.477640151977539062e+00
1.445708999999999911e+00 4.785508155822753906e+00
1.450056999999999929e+00 1.965354919433593750e+00
1.454398999999999997e+00 2.105069160461425781e+00
1.458749000000000073e+00 2.156815528869628906e+00
1.463179000000000007e+00 2.156815528869628906e+00
1.467546000000000017e+00 2.156815528869628906e+00
1.471924000000000010e+00 2.156815528869628906e+00
1.476285000000000069e+00 2.156815528869628906e+00
1.480714000000000086e+00 2.161990165710449219e+00
1.485085999999999906e+00 2.161990165710449219e+00
1.489451000000000080e+00 2.156815528869628906e+00
1.493826000000000098e+00 2.156815528869628906e+00
1.498189999999999911e+00 2.156815528869628906e+00
1.502690999999999999e+00 2.156815528869628906e+00
1.507073000000000107e+00 2.161990165710449219e+00
1.511524000000000090e+00 2.161990165710449219e+00
1.515927999999999942e+00 2.161990165710449219e+00
1.520326000000000066e+00 2.161990165710449219e+00
1.524709000000000092e+00 2.182687759399414062e+00
1.532383000000000051e+00 3.114114761352539062e+00
1.537956000000000101e+00 2.239608764648437500e+00
1.543663999999999925e+00 2.244783401489257812e+00
1.553911999999999960e+00 2.193037033081054688e+00
1.557657999999999987e+00 2.389671325683593750e+00
1.561474000000000029e+00 4.764809608459472656e+00
1.565264999999999906e+00 4.795857429504394531e+00
1.569045999999999941e+00 4.795857429504394531e+00
1.572926000000000046e+00 4.801032066345214844e+00
1.577061999999999964e+00 4.801032066345214844e+00
1.580950000000000077e+00 2.845035552978515625e+00
1.584756999999999971e+00 2.198211669921875000e+00
1.588562000000000030e+00 2.198211669921875000e+00
1.592467999999999995e+00 2.187862396240234375e+00
1.596275000000000110e+00 2.172338485717773438e+00
1.600089000000000095e+00 2.156815528869628906e+00
1.603915999999999897e+00 2.146466255187988281e+00
1.607715999999999923e+00 2.136116981506347656e+00
1.610714999999999897e+00 2.130942344665527344e+00
1.614262000000000086e+00 2.125767707824707031e+00
1.617286999999999919e+00 2.125767707824707031e+00
1.620875999999999983e+00 2.120593070983886719e+00
1.624686000000000075e+00 2.115418434143066406e+00
1.628506000000000009e+00 2.110243797302246094e+00
1.632390999999999925e+00 2.115418434143066406e+00
1.636208000000000107e+00 2.105069160461425781e+00
1.640020999999999951e+00 2.110243797302246094e+00
1.643847999999999976e+00 2.110243797302246094e+00
1.647672999999999943e+00 2.105069160461425781e+00
1.651516999999999902e+00 2.105069160461425781e+00
1.655348999999999959e+00 2.099894523620605469e+00
1.659197000000000033e+00 2.094719886779785156e+00
1.664997999999999978e+00 2.094719886779785156e+00
1.668849999999999945e+00 2.089545249938964844e+00
1.672763999999999918e+00 2.089545249938964844e+00
1.676603999999999983e+00 2.084370613098144531e+00
1.680503000000000080e+00 2.084370613098144531e+00
1.684369000000000005e+00 2.079195976257324219e+00
1.688210999999999906e+00 2.079195976257324219e+00
1.692069000000000045e+00 2.074021339416503906e+00
1.695940999999999921e+00 2.074021339416503906e+00
1.699799000000000060e+00 2.068846702575683594e+00
1.703675000000000050e+00 2.074021339416503906e+00
1.707537000000000083e+00 2.068846702575683594e+00
1.711465999999999932e+00 2.074021339416503906e+00
1.715335999999999972e+00 2.074021339416503906e+00
1.719201999999999897e+00 2.074021339416503906e+00
1.723139999999999894e+00 2.079195976257324219e+00
1.727023999999999893e+00 2.079195976257324219e+00
1.730950999999999906e+00 2.084370613098144531e+00
1.734825999999999979e+00 2.089545249938964844e+00
1.738701999999999970e+00 2.094719886779785156e+00
1.742671000000000081e+00 2.099894523620605469e+00
1.745722999999999914e+00 2.099894523620605469e+00
1.749352000000000018e+00 2.105069160461425781e+00
1.753298000000000023e+00 2.110243797302246094e+00
1.757203000000000070e+00 2.110243797302246094e+00
1.761147999999999936e+00 2.110243797302246094e+00
1.765036999999999967e+00 2.115418434143066406e+00
1.768912000000000040e+00 2.115418434143066406e+00
1.772880999999999929e+00 2.141291618347167969e+00
1.778718000000000021e+00 4.764809608459472656e+00
1.782562999999999898e+00 2.017101287841796875e+00
1.786456000000000044e+00 2.120593070983886719e+00
1.789520999999999917e+00 2.110243797302246094e+00
1.793220000000000036e+00 2.105069160461425781e+00
1.797131000000000034e+00 2.094719886779785156e+00
1.801093000000000055e+00 2.089545249938964844e+00
1.805039999999999978e+00 2.089545249938964844e+00
1.808956999999999926e+00 2.094719886779785156e+00
1.812950999999999979e+00 2.094719886779785156e+00
1.816870999999999903e+00 2.094719886779785156e+00
1.819882000000000000e+00 2.099894523620605469e+00
1.823612999999999928e+00 2.099894523620605469e+00
1.827538000000000107e+00 2.099894523620605469e+00
1.831479000000000079e+00 2.105069160461425781e+00
1.835417000000000076e+00 2.110243797302246094e+00
1.839358999999999966e+00 2.120593070983886719e+00
1.843331999999999971e+00 2.125767707824707031e+00
1.847263000000000099e+00 2.130942344665527344e+00
1.851274000000000086e+00 2.130942344665527344e+00
1.854311999999999960e+00 2.130942344665527344e+00
1.857974999999999932e+00 2.130942344665527344e+00
1.861931999999999920e+00 2.130942344665527344e+00
1.865879999999999983e+00 2.136116981506347656e+00
1.869828000000000046e+00 2.156815528869628906e+00
1.873768000000000100e+00 2.710496902465820312e+00
1.877742999999999940e+00 2.513861656188964844e+00
1.881707000000000019e+00 2.099894523620605469e+00
1.887583000000000011e+00 2.130942344665527344e+00
1.891596000000000055e+00 2.136116981506347656e+00
1.895556999999999936e+00 2.141291618347167969e+00
1.899540999999999924e+00 2.151640892028808594e+00
1.903502999999999945e+00 2.156815528869628906e+00
1.907480999999999982e+00 2.156815528869628906e+00
1.911475000000000035e+00 2.156815528869628906e+00
1.915459999999999940e+00 2.156815528869628906e+00
1.919432000000000027e+00 2.156815528869628906e+00
1.923418999999999990e+00 2.161990165710449219e+00
1.927394999999999969e+00 2.167163848876953125e+00
1.931397999999999948e+00 2.161990165710449219e+00
1.934515999999999902e+00 2.161990165710449219e+00
1.938229999999999897e+00 2.167163848876953125e+00
1.942239999999999966e+00 2.177513122558593750e+00
1.945321000000000078e+00 2.177513122558593750e+00
1.949022999999999950e+00 2.187862396240234375e+00
1.953084999999999960e+00 2.213735580444335938e+00
1.957087000000000021e+00 2.487989425659179688e+00
1.961132000000000097e+00 2.896781921386718750e+00
1.965122999999999953e+00 3.538431167602539062e+00
1.969141999999999948e+00 4.780333518981933594e+00
1.973197000000000090e+00 2.322402000427246094e+00
1.976286999999999905e+00 2.213735580444335938e+00
1.979122000000000048e+00 2.270656585693359375e+00
1.982936999999999950e+00 2.286179542541503906e+00
1.986947000000000019e+00 2.296528816223144531e+00
1.991028999999999938e+00 2.296528816223144531e+00
1.996960999999999986e+00 2.301703453063964844e+00
2.000078999999999940e+00 2.312052726745605469e+00
2.003975000000000062e+00 2.317227363586425781e+00
2.008045000000000080e+00 2.322402000427246094e+00
2.012100000000000222e+00 2.322402000427246094e+00
2.016164999999999985e+00 2.332751274108886719e+00
2.020217999999999847e+00 2.332751274108886719e+00
2.023244000000000042e+00 2.332751274108886719e+00
2.027029999999999887e+00 2.337925910949707031e+00
2.031158000000000019e+00 2.337925910949707031e+00
2.035241000000000078e+00 2.343100547790527344e+00
2.039305999999999841e+00 2.343100547790527344e+00
2.042492000000000196e+00 2.343100547790527344e+00
2.046314999999999884e+00 2.332751274108886719e+00
2.050375999999999976e+00 2.332751274108886719e+00
2.054425999999999863e+00 2.343100547790527344e+00
2.058479000000000170e+00 2.343100547790527344e+00
2.062650000000000095e+00 2.229259490966796875e+00
2.066707000000000072e+00 1.939481735229492188e+00
2.070825000000000138e+00 1.804943084716796875e+00
2.074894000000000016e+00 4.123160362243652344e+00
2.078971000000000124e+00 2.301703453063964844e+00
2.083111000000000157e+00 2.462116241455078125e+00
2.087194999999999911e+00 2.534560203552246094e+00
2.091331999999999969e+00 2.565608024597167969e+00
2.095425999999999789e+00 2.591481208801269531e+00
2.099511000000000127e+00 2.601830482482910156e+00
2.103620999999999963e+00 2.617353439331054688e+00
2.109736999999999973e+00 2.772591590881347656e+00
2.113922000000000079e+00 4.785508155822753906e+00
2.118012999999999924e+00 4.790682792663574219e+00
2.122116000000000113e+00 4.780333518981933594e+00
2.126208000000000098e+00 2.048149108886718750e+00
2.130304999999999893e+00 2.125767707824707031e+00
2.134393000000000207e+00 2.099894523620605469e+00
2.137529999999999930e+00 2.079195976257324219e+00
2.141395000000000159e+00 2.074021339416503906e+00
2.145506000000000135e+00 2.074021339416503906e+00
2.149604000000000070e+00 2.074021339416503906e+00
2.153697999999999890e+00 2.084370613098144531e+00
2.157811000000000146e+00 2.094719886779785156e+00
2.161966000000000054e+00 2.099894523620605469e+00
2.166077000000000030e+00 2.110243797302246094e+00
2.170185000000000031e+00 2.125767707824707031e+00
2.174287000000000081e+00 2.136116981506347656e+00
2.178408000000000122e+00 2.146466255187988281e+00
2.182602999999999849e+00 2.161990165710449219e+00
2.186710999999999849e+00 2.177513122558593750e+00
2.190894000000000119e+00 2.255132675170898438e+00
2.195037000000000127e+00 2.358624458312988281e+00
2.199158999999999864e+00 4.775158882141113281e+00
2.203361000000000125e+00 2.312052726745605469e+00
2.206503000000000103e+00 2.130942344665527344e+00
2.210770999999999820e+00 2.141291618347167969e+00
2.219707000000000097e+00 2.156815528869628906e+00
2.226948999999999845e+00 2.161990165710449219e+00
2.236934999999999896e+00 2.177513122558593750e+00
2.245246999999999993e+00 2.193037033081054688e+00
2.257280999999999871e+00 2.203386306762695312e+00
2.262307999999999986e+00 2.198211669921875000e+00
2.267272000000000176e+00 2.208560943603515625e+00
2.272282000000000135e+00 2.208560943603515625e+00
2.277251000000000136e+00 2.306878089904785156e+00
2.282239999999999824e+00 4.785508155822753906e+00
2.287195000000000089e+00 2.084370613098144531e+00
2.292206000000000188e+00 2.048149108886718750e+00
2.297171000000000074e+00 2.037799835205078125e+00
2.302178000000000058e+00 2.042974472045898438e+00
2.307138000000000133e+00 2.048149108886718750e+00
2.312218000000000107e+00 2.058497428894042969e+00
2.317194000000000198e+00 2.068846702575683594e+00
2.322197000000000067e+00 2.079195976257324219e+00
2.327188000000000034e+00 2.089545249938964844e+00
2.332218000000000124e+00 2.099894523620605469e+00
2.337299999999999933e+00 2.110243797302246094e+00
2.343500000000000139e+00 2.125767707824707031e+00
2.347609999999999975e+00 2.130942344665527344e+00
2.351847999999999939e+00 2.136116981506347656e+00
2.356049000000000060e+00 2.136116981506347656e+00
2.360257999999999967e+00 2.130942344665527344e+00
2.364479999999999915e+00 2.136116981506347656e+00
2.368701000000000167e+00 2.141291618347167969e+00
2.372980999999999785e+00 2.141291618347167969e+00
2.377191999999999972e+00 2.146466255187988281e+00
2.381428000000000100e+00 2.151640892028808594e+00
2.385667000000000204e+00 2.161990165710449219e+00
2.389895999999999798e+00 2.337925910949707031e+00
2.394102000000000174e+00 2.565608024597167969e+00
2.398322999999999983e+00 1.773895263671875000e+00
2.402630999999999961e+00 2.172338485717773438e+00
2.406852999999999909e+00 2.203386306762695312e+00
2.411176000000000208e+00 2.213735580444335938e+00
2.415407000000000082e+00 2.218910217285156250e+00
2.419652999999999832e+00 2.234434127807617188e+00
2.423881999999999870e+00 2.234434127807617188e+00
2.428117999999999999e+00 2.234434127807617188e+00
2.432355999999999963e+00 2.234434127807617188e+00
2.436681999999999793e+00 2.234434127807617188e+00
2.439900999999999875e+00 2.239608764648437500e+00
2.443988000000000049e+00 2.239608764648437500e+00
2.448234999999999939e+00 2.234434127807617188e+00
2.454457999999999807e+00 2.239608764648437500e+00
2.458721999999999852e+00 2.234434127807617188e+00
2.463064000000000142e+00 2.234434127807617188e+00
2.466295000000000126e+00 2.234434127807617188e+00
2.470283999999999924e+00 2.234434127807617188e+00
2.473492999999999942e+00 2.234434127807617188e+00
2.477463000000000193e+00 2.229259490966796875e+00
2.480713999999999864e+00 2.229259490966796875e+00
2.483693000000000151e+00 2.234434127807617188e+00
2.487683000000000089e+00 2.234434127807617188e+00
2.490895000000000081e+00 2.224084854125976562e+00
2.493883999999999990e+00 2.224084854125976562e+00
2.497898999999999869e+00 2.224084854125976562e+00
2.502193000000000112e+00 2.224084854125976562e+00
2.506458999999999993e+00 2.224084854125976562e+00
2.509681000000000051e+00 2.224084854125976562e+00
2.513892999999999933e+00 2.224084854125976562e+00
2.518184000000000200e+00 2.224084854125976562e+00
2.522482999999999809e+00 2.218910217285156250e+00
2.526809000000000083e+00 2.224084854125976562e+00
2.533694999999999808e+00 2.224084854125976562e+00
2.543194999999999872e+00 2.363799095153808594e+00
2.551960999999999924e+00 3.108940124511718750e+00
2.556395999999999891e+00 4.759634971618652344e+00
2.560808999999999891e+00 1.639355659484863281e+00
2.566978000000000204e+00 2.239608764648437500e+00
2.571272000000000002e+00 2.281004905700683594e+00
2.575601999999999947e+00 2.296528816223144531e+00
2.579908000000000090e+00 2.301703453063964844e+00
2.584210000000000118e+00 2.312052726745605469e+00
2.588516999999999957e+00 2.312052726745605469e+00
2.592907999999999991e+00 2.317227363586425781e+00
2.597218999999999944e+00 2.317227363586425781e+00
2.601542999999999939e+00 2.322402000427246094e+00
2.605865000000000098e+00 2.327576637268066406e+00
2.610186999999999813e+00 2.327576637268066406e+00
2.614536999999999889e+00 2.327576637268066406e+00
2.618857000000000212e+00 2.337925910949707031e+00
2.623288000000000064e+00 2.343100547790527344e+00
2.627609999999999779e+00 2.343100547790527344e+00
2.631953000000000209e+00 2.348275184631347656e+00
2.636284999999999989e+00 2.353449821472167969e+00
2.640697999999999990e+00 2.363799095153808594e+00
2.645027999999999935e+00 2.368973731994628906e+00
2.649357000000000184e+00 2.368973731994628906e+00
2.653770000000000184e+00 2.374148368835449219e+00
2.658116999999999841e+00 2.379323005676269531e+00
2.662466999999999917e+00 2.379323005676269531e+00
2.665747000000000089e+00 2.384497642517089844e+00
2.668749000000000038e+00 2.384497642517089844e+00
2.672924000000000078e+00 2.384497642517089844e+00
2.679311999999999916e+00 2.389671325683593750e+00
2.683750999999999998e+00 2.394845962524414062e+00
2.688102999999999909e+00 2.394845962524414062e+00
2.692489000000000132e+00 2.389671325683593750e+00
2.696854000000000084e+00 2.389671325683593750e+00
2.700089000000000183e+00 2.394845962524414062e+00
2.704258999999999968e+00 2.400020599365234375e+00
2.708632000000000151e+00 2.400020599365234375e+00
2.713071999999999928e+00 2.472465515136718750e+00
2.716340999999999894e+00 3.093416213989257812e+00
2.720511999999999819e+00 2.477640151977539062e+00
2.724895000000000067e+00 4.785508155822753906e+00
2.729261000000000159e+00 2.638051986694335938e+00
2.733694999999999986e+00 2.565608024597167969e+00
2.738070000000000004e+00 2.306878089904785156e+00
2.742468999999999824e+00 2.327576637268066406e+00
2.746844999999999981e+00 2.337925910949707031e+00
2.750097999999999931e+00 2.348275184631347656e+00
2.754356000000000027e+00 2.348275184631347656e+00
2.758751999999999871e+00 2.353449821472167969e+00
2.763199999999999878e+00 2.353449821472167969e+00
2.766496000000000066e+00 2.353449821472167969e+00
2.769490999999999925e+00 2.358624458312988281e+00
2.773697999999999997e+00 2.358624458312988281e+00
2.778090000000000170e+00 2.358624458312988281e+00
2.782500000000000195e+00 2.353449821472167969e+00
2.786916000000000171e+00 2.353449821472167969e+00
2.793406000000000056e+00 2.348275184631347656e+00
2.797699999999999854e+00 2.353449821472167969e+00
2.802131999999999845e+00 2.353449821472167969e+00
2.806545999999999985e+00 2.353449821472167969e+00
2.811036000000000090e+00 2.353449821472167969e+00
2.815500999999999809e+00 2.358624458312988281e+00
2.819929000000000130e+00 2.363799095153808594e+00
2.824358999999999842e+00 2.368973731994628906e+00
2.828800000000000203e+00 2.368973731994628906e+00
2.833469000000000015e+00 2.374148368835449219e+00
2.837962999999999791e+00 2.379323005676269531e+00
2.842471000000000192e+00 2.389671325683593750e+00
2.845946000000000087e+00 2.389671325683593750e+00
2.850356999999999807e+00 2.394845962524414062e+00
2.855602000000000196e+00 2.400020599365234375e+00
2.860100999999999782e+00 2.400020599365234375e+00
2.864634000000000125e+00 2.400020599365234375e+00
2.869142000000000081e+00 2.405195236206054688e+00
2.873714000000000102e+00 2.410369873046875000e+00
2.878200999999999787e+00 2.415544509887695312e+00
2.882816000000000045e+00 2.415544509887695312e+00
2.887351999999999919e+00 2.436243057250976562e+00
2.891859000000000179e+00 2.989924430847167969e+00
2.896355999999999931e+00 4.754461288452148438e+00
2.903164999999999996e+00 2.146466255187988281e+00
2.907773999999999859e+00 2.244783401489257812e+00
2.912319999999999798e+00 2.265481948852539062e+00
2.916873999999999967e+00 2.275830268859863281e+00
2.921443000000000012e+00 2.281004905700683594e+00
2.925946999999999854e+00 2.275830268859863281e+00
2.930515999999999899e+00 2.265481948852539062e+00
2.935071999999999903e+00 2.270656585693359375e+00
2.939617999999999842e+00 2.498338699340820312e+00
2.944137000000000004e+00 4.795857429504394531e+00
2.948641999999999985e+00 1.908434867858886719e+00
2.953250999999999848e+00 2.063672065734863281e+00
2.957797999999999927e+00 2.094719886779785156e+00
2.962302000000000213e+00 2.125767707824707031e+00
2.966809000000000029e+00 2.151640892028808594e+00
2.971442000000000139e+00 2.177513122558593750e+00
2.975998999999999839e+00 2.193037033081054688e+00
2.980588000000000015e+00 2.208560943603515625e+00
2.983941999999999872e+00 2.224084854125976562e+00
2.988252999999999826e+00 2.234434127807617188e+00
2.992874000000000034e+00 2.239608764648437500e+00
2.997412000000000187e+00 2.255132675170898438e+00
3.001999000000000084e+00 2.270656585693359375e+00
3.006565000000000154e+00 2.281004905700683594e+00
3.011432000000000109e+00 2.291354179382324219e+00
3.018712999999999980e+00 2.301703453063964844e+00
3.023254000000000108e+00 2.312052726745605469e+00
3.027810999999999808e+00 2.317227363586425781e+00
3.032401000000000124e+00 2.322402000427246094e+00
3.036977999999999955e+00 2.327576637268066406e+00
3.041652000000000022e+00 2.337925910949707031e+00
3.047257999999999800e+00 2.348275184631347656e+00
3.052963999999999789e+00 2.353449821472167969e+00
3.057846000000000064e+00 2.363799095153808594e+00
3.063730000000000064e+00 2.363799095153808594e+00
3.068563999999999847e+00 2.368973731994628906e+00
3.072648000000000046e+00 2.374148368835449219e+00
3.078340999999999994e+00 2.379323005676269531e+00
3.083380000000000010e+00 2.384497642517089844e+00
3.089119999999999866e+00 2.384497642517089844e+00
3.093932000000000127e+00 2.379323005676269531e+00
3.099708999999999826e+00 2.379323005676269531e+00
3.106279999999999930e+00 2.384497642517089844e+00
3.111924000000000134e+00 2.384497642517089844e+00
3.117519999999999847e+00 2.384497642517089844e+00
3.123149000000000175e+00 2.384497642517089844e+00
3.131787000000000099e+00 2.389671325683593750e+00
3.137560999999999822e+00 2.389671325683593750e+00
3.143318999999999974e+00 2.400020599365234375e+00
3.148134999999999906e+00 2.400020599365234375e+00
3.152801999999999882e+00 2.400020599365234375e+00
3.157401000000000124e+00 2.400020599365234375e+00
3.162040000000000184e+00 2.405195236206054688e+00
3.166643999999999792e+00 2.405195236206054688e+00
3.171311000000000213e+00 2.405195236206054688e+00
3.175936000000000092e+00 2.405195236206054688e+00
3.179298999999999875e+00 2.400020599365234375e+00
3.183769999999999989e+00 2.405195236206054688e+00
3.188388000000000222e+00 2.405195236206054688e+00
3.193087999999999926e+00 2.400020599365234375e+00
3.197719000000000200e+00 2.400020599365234375e+00
3.202317999999999998e+00 2.400020599365234375e+00
3.206939000000000206e+00 2.394845962524414062e+00
3.215495999999999910e+00 2.400020599365234375e+00
3.220267999999999908e+00 2.400020599365234375e+00
3.227853000000000083e+00 2.400020599365234375e+00
3.235959999999999948e+00 2.400020599365234375e+00
3.245194999999999830e+00 2.405195236206054688e+00
3.251774999999999860e+00 2.405195236206054688e+00
3.256257000000000179e+00 2.405195236206054688e+00
3.260978000000000154e+00 2.405195236206054688e+00
3.265601000000000198e+00 2.410369873046875000e+00
3.270217999999999847e+00 2.420719146728515625e+00
3.274830000000000130e+00 2.498338699340820312e+00
3.279466000000000214e+00 4.237001419067382812e+00
3.284084000000000003e+00 2.017101287841796875e+00
3.288691000000000031e+00 2.130942344665527344e+00
3.293376999999999999e+00 2.156815528869628906e+00
3.298017999999999894e+00 2.177513122558593750e+00
3.302664000000000044e+00 2.193037033081054688e+00
3.307297999999999849e+00 2.208560943603515625e+00
3.311955999999999900e+00 2.213735580444335938e+00
3.316593999999999820e+00 2.224084854125976562e+00
3.321296999999999944e+00 2.229259490966796875e+00
3.324667999999999957e+00 2.239608764648437500e+00
3.329031000000000073e+00 2.239608764648437500e+00
3.332491999999999788e+00 2.249958038330078125e+00
3.336876999999999871e+00 2.281004905700683594e+00
3.340307999999999833e+00 4.790682792663574219e+00
3.344756999999999980e+00 4.795857429504394531e+00
3.349422000000000121e+00 4.801032066345214844e+00
3.354077000000000197e+00 1.892910957336425781e+00
3.360618999999999801e+00 2.099894523620605469e+00
3.365336000000000105e+00 1.975704193115234375e+00
3.370010000000000172e+00 1.949831008911132812e+00
3.374668999999999919e+00 1.949831008911132812e+00
3.379335999999999895e+00 1.960180282592773438e+00
3.384037000000000184e+00 1.980878829956054688e+00
3.388713999999999782e+00 1.991228103637695312e+00
3.393467999999999929e+00 2.001577377319335938e+00
3.398141999999999996e+00 2.017101287841796875e+00
3.402877999999999847e+00 2.032625198364257812e+00
3.407567999999999930e+00 2.048149108886718750e+00
3.412275999999999865e+00 2.053322792053222656e+00
3.416952999999999907e+00 2.063672065734863281e+00
3.421689999999999898e+00 2.068846702575683594e+00
3.425091000000000108e+00 2.079195976257324219e+00
3.429497000000000018e+00 2.084370613098144531e+00
3.434194000000000191e+00 2.094719886779785156e+00
3.438893999999999895e+00 2.105069160461425781e+00
3.443656999999999968e+00 2.115418434143066406e+00
3.447096000000000160e+00 2.120593070983886719e+00
3.451602999999999977e+00 2.125767707824707031e+00
3.456306999999999796e+00 2.130942344665527344e+00
3.461088000000000164e+00 2.130942344665527344e+00
3.465808000000000000e+00 2.141291618347167969e+00
3.472351000000000187e+00 2.146466255187988281e+00
3.477085999999999899e+00 2.156815528869628906e+00
3.481828000000000145e+00 2.156815528869628906e+00
3.486533999999999800e+00 2.167163848876953125e+00
3.491308000000000078e+00 2.161990165710449219e+00
3.496011000000000202e+00 2.167163848876953125e+00
3.500808000000000142e+00 2.172338485717773438e+00
3.505530999999999953e+00 2.177513122558593750e+00
3.510244999999999838e+00 2.182687759399414062e+00
3.514975999999999878e+00 2.187862396240234375e+00
3.519725000000000215e+00 2.193037033081054688e+00
3.524459999999999926e+00 2.198211669921875000e+00
3.531803000000000026e+00 2.198211669921875000e+00
3.538037000000000099e+00 2.208560943603515625e+00
3.548074000000000172e+00 2.224084854125976562e+00
3.554199999999999804e+00 2.234434127807617188e+00
3.558971000000000107e+00 2.239608764648437500e+00
3.562551000000000023e+00 2.239608764648437500e+00
3.567066000000000070e+00 2.249958038330078125e+00
3.571883000000000141e+00 2.255132675170898438e+00
3.576681000000000221e+00 2.265481948852539062e+00
3.583292000000000144e+00 2.270656585693359375e+00
3.588068999999999953e+00 2.275830268859863281e+00
3.592934000000000072e+00 2.275830268859863281e+00
3.597694000000000170e+00 2.281004905700683594e+00
3.602472999999999814e+00 2.286179542541503906e+00
3.607234000000000052e+00 2.291354179382324219e+00
3.610729000000000077e+00 2.296528816223144531e+00
3.615250000000000075e+00 2.296528816223144531e+00
3.620026000000000188e+00 2.296528816223144531e+00
3.624829000000000079e+00 2.296528816223144531e+00
3.629592999999999847e+00 2.301703453063964844e+00
3.634370000000000100e+00 2.306878089904785156e+00
3.639152999999999860e+00 2.312052726745605469e+00
3.643997999999999848e+00 2.327576637268066406e+00
3.647513000000000005e+00 2.539734840393066406e+00
3.652038999999999813e+00 4.790682792663574219e+00
3.656823000000000157e+00 2.136116981506347656e+00
3.660315999999999903e+00 2.006752014160156250e+00
3.664995999999999921e+00 2.027450561523437500e+00
3.669798999999999811e+00 2.037799835205078125e+00
3.674582000000000015e+00 2.037799835205078125e+00
3.679373000000000005e+00 2.037799835205078125e+00
3.684184000000000125e+00 2.042974472045898438e+00
3.689074999999999882e+00 2.037799835205078125e+00
3.695686999999999944e+00 2.037799835205078125e+00
3.700600999999999807e+00 2.048149108886718750e+00
3.704105999999999899e+00 2.053322792053222656e+00
3.708645999999999887e+00 2.058497428894042969e+00
3.713508000000000031e+00 2.063672065734863281e+00
3.718304999999999971e+00 2.074021339416503906e+00
3.723463000000000189e+00 2.094719886779785156e+00
3.728117999999999821e+00 2.125767707824707031e+00
3.731707999999999803e+00 2.363799095153808594e+00
3.736263999999999807e+00 2.824337959289550781e+00
3.741152000000000033e+00 4.785508155822753906e+00
3.745976999999999890e+00 1.825640678405761719e+00
3.749495000000000022e+00 2.105069160461425781e+00
3.754106000000000165e+00 2.141291618347167969e+00
3.758948999999999874e+00 2.141291618347167969e+00
3.763830000000000009e+00 2.146466255187988281e+00
3.768679000000000112e+00 2.161990165710449219e+00
3.773598999999999926e+00 2.177513122558593750e+00
3.778478999999999921e+00 2.187862396240234375e+00
3.783374999999999932e+00 2.193037033081054688e+00
3.786901999999999990e+00 2.198211669921875000e+00
3.791586000000000123e+00 2.198211669921875000e+00
3.796457999999999888e+00 2.203386306762695312e+00
3.801359000000000155e+00 2.208560943603515625e+00
3.806570999999999927e+00 2.213735580444335938e+00
3.812943000000000193e+00 2.218910217285156250e+00
3.817705000000000126e+00 2.234434127807617188e+00
3.822618999999999989e+00 2.239608764648437500e+00
3.827542999999999918e+00 2.244783401489257812e+00
3.832425999999999888e+00 2.255132675170898438e+00
3.837302999999999908e+00 2.260307312011718750e+00
3.842178000000000093e+00 2.265481948852539062e+00
3.847042000000000073e+00 2.275830268859863281e+00
3.851932000000000134e+00 2.281004905700683594e+00
3.856863999999999848e+00 2.286179542541503906e+00
3.861759000000000164e+00 2.291354179382324219e+00
3.866630999999999929e+00 2.291354179382324219e+00
3.871560999999999808e+00 2.291354179382324219e+00
3.876466999999999885e+00 2.296528816223144531e+00
3.881407999999999969e+00 2.296528816223144531e+00
3.886293999999999915e+00 2.296528816223144531e+00
3.891253999999999991e+00 2.296528816223144531e+00
3.896142999999999912e+00 2.296528816223144531e+00
3.901083999999999996e+00 2.301703453063964844e+00
3.905972000000000222e+00 2.296528816223144531e+00
3.909524999999999917e+00 2.301703453063964844e+00
3.914258999999999933e+00 2.301703453063964844e+00
3.919172999999999796e+00 2.301703453063964844e+00
3.925920000000000076e+00 2.301703453063964844e+00
3.930989999999999984e+00 2.306878089904785156e+00
3.935925999999999814e+00 2.306878089904785156e+00
3.940925000000000011e+00 2.327576637268066406e+00
3.945835999999999899e+00 2.943353652954101562e+00
3.950823000000000196e+00 4.754461288452148438e+00
3.955783999999999967e+00 2.596655845642089844e+00
3.959330000000000016e+00 2.368973731994628906e+00
3.964043999999999901e+00 2.384497642517089844e+00
3.968951999999999813e+00 2.394845962524414062e+00
3.973974999999999813e+00 2.394845962524414062e+00
3.978905999999999832e+00 2.394845962524414062e+00
3.983886000000000038e+00 2.389671325683593750e+00
3.988839000000000024e+00 2.389671325683593750e+00
3.993866000000000138e+00 2.384497642517089844e+00
3.998810999999999893e+00 2.384497642517089844e+00
4.003816999999999737e+00 2.384497642517089844e+00
4.008752999999999567e+00 2.384497642517089844e+00
4.013766000000000389e+00 2.384497642517089844e+00
4.018724999999999881e+00 2.384497642517089844e+00
4.022285000000000110e+00 2.384497642517089844e+00
4.026983000000000423e+00 2.384497642517089844e+00
4.031975000000000087e+00 2.389671325683593750e+00
4.038718000000000252e+00 2.389671325683593750e+00
4.043776000000000259e+00 2.400020599365234375e+00
4.047341000000000300e+00 2.400020599365234375e+00
4.052032999999999774e+00 2.400020599365234375e+00
4.057000000000000384e+00 2.405195236206054688e+00
4.061989999999999768e+00 2.405195236206054688e+00
4.066951000000000427e+00 2.405195236206054688e+00
4.071908999999999779e+00 2.410369873046875000e+00
4.076876000000000388e+00 2.415544509887695312e+00
4.081889000000000323e+00 2.415544509887695312e+00
4.086850000000000094e+00 2.420719146728515625e+00
4.091877000000000209e+00 2.415544509887695312e+00
4.096841000000000399e+00 2.415544509887695312e+00
4.101842000000000432e+00 2.420719146728515625e+00
4.106862999999999708e+00 2.420719146728515625e+00
4.111851999999999840e+00 2.420719146728515625e+00
4.116830000000000211e+00 2.425893783569335938e+00
4.121878999999999849e+00 2.420719146728515625e+00
4.126886999999999972e+00 2.425893783569335938e+00
4.131928000000000267e+00 2.425893783569335938e+00
4.135499000000000258e+00 2.431068420410156250e+00
4.140296000000000198e+00 2.436243057250976562e+00
4.147533000000000136e+00 2.441417694091796875e+00
4.152478999999999587e+00 2.441417694091796875e+00
4.157519999999999882e+00 2.441417694091796875e+00
4.162557999999999758e+00 2.451766967773437500e+00
4.167570000000000441e+00 2.456941604614257812e+00
4.172609999999999708e+00 2.456941604614257812e+00
4.177611999999999881e+00 2.456941604614257812e+00
4.182679000000000258e+00 2.462116241455078125e+00
4.187710000000000043e+00 2.462116241455078125e+00
4.192719999999999558e+00 2.462116241455078125e+00
4.197752999999999624e+00 2.456941604614257812e+00
4.202818999999999861e+00 2.462116241455078125e+00
4.207836000000000354e+00 2.456941604614257812e+00
4.215094999999999814e+00 2.456941604614257812e+00
4.225111000000000061e+00 2.462116241455078125e+00
4.233576000000000228e+00 2.462116241455078125e+00
4.243852999999999653e+00 2.482814788818359375e+00
4.250094999999999956e+00 3.010622978210449219e+00
4.257894000000000290e+00 4.790682792663574219e+00
4.262906000000000084e+00 2.436243057250976562e+00
4.266522000000000148e+00 2.374148368835449219e+00
4.271411999999999765e+00 2.456941604614257812e+00
4.276469999999999771e+00 2.477640151977539062e+00
4.281610999999999834e+00 2.487989425659179688e+00
4.286680999999999742e+00 2.519036293029785156e+00
4.291827999999999754e+00 3.155511856079101562e+00
4.296921000000000213e+00 1.049451828002929688e+00
4.302007999999999832e+00 2.187862396240234375e+00
4.307081000000000159e+00 2.224084854125976562e+00
4.312183000000000099e+00 2.249958038330078125e+00
4.317264999999999908e+00 2.260307312011718750e+00
4.322346999999999717e+00 2.270656585693359375e+00
4.327425999999999995e+00 2.286179542541503906e+00
4.332520999999999844e+00 2.296528816223144531e+00
4.337612000000000023e+00 2.301703453063964844e+00
4.342686999999999742e+00 2.317227363586425781e+00
4.346302999999999805e+00 2.317227363586425781e+00
4.351193999999999562e+00 2.322402000427246094e+00
4.356296999999999642e+00 2.327576637268066406e+00
4.359866000000000241e+00 2.337925910949707031e+00
4.363307999999999964e+00 2.343100547790527344e+00
4.370529000000000330e+00 2.348275184631347656e+00
4.375563999999999787e+00 2.343100547790527344e+00
4.380716999999999750e+00 2.348275184631347656e+00
4.385819999999999830e+00 2.358624458312988281e+00
4.390965999999999703e+00 2.358624458312988281e+00
4.396067000000000391e+00 2.353449821472167969e+00
4.401226999999999556e+00 2.363799095153808594e+00
4.406323000000000434e+00 2.358624458312988281e+00
4.411489999999999689e+00 2.363799095153808594e+00
4.416606999999999950e+00 2.368973731994628906e+00
4.421787000000000134e+00 2.374148368835449219e+00
4.426878999999999564e+00 2.374148368835449219e+00
4.431986000000000203e+00 2.379323005676269531e+00
4.437119000000000035e+00 2.379323005676269531e+00
4.442262999999999629e+00 2.384497642517089844e+00
4.447375000000000078e+00 2.384497642517089844e+00
4.452492999999999590e+00 2.389671325683593750e+00
4.457626000000000310e+00 2.384497642517089844e+00
4.462769999999999904e+00 2.389671325683593750e+00
4.467884999999999884e+00 2.384497642517089844e+00
4.473074999999999690e+00 2.389671325683593750e+00
4.478220999999999563e+00 2.389671325683593750e+00
4.485225999999999935e+00 2.389671325683593750e+00
4.490437000000000012e+00 2.384497642517089844e+00
4.495618000000000336e+00 2.384497642517089844e+00
4.500829999999999664e+00 2.389671325683593750e+00
4.506008999999999709e+00 2.384497642517089844e+00
4.511226999999999876e+00 2.389671325683593750e+00
4.514910000000000423e+00 2.389671325683593750e+00
4.519783999999999580e+00 2.394845962524414062e+00
4.524989999999999846e+00 2.389671325683593750e+00
4.530166999999999611e+00 2.389671325683593750e+00
4.537215999999999916e+00 2.394845962524414062e+00
4.546526000000000067e+00 2.405195236206054688e+00
4.554635000000000211e+00 2.969225883483886719e+00
4.560342999999999591e+00 2.415544509887695312e+00
4.565568999999999988e+00 2.198211669921875000e+00
4.570875000000000021e+00 2.317227363586425781e+00
4.576140999999999792e+00 2.348275184631347656e+00
4.581451999999999636e+00 2.374148368835449219e+00
4.586692000000000213e+00 2.400020599365234375e+00
4.591986999999999597e+00 2.410369873046875000e+00
4.599038000000000181e+00 2.420719146728515625e+00
4.604364999999999597e+00 2.441417694091796875e+00
4.609570999999999863e+00 2.446592330932617188e+00
4.614774999999999849e+00 2.451766967773437500e+00
4.620009999999999728e+00 2.456941604614257812e+00
4.625233999999999845e+00 2.462116241455078125e+00
4.630497000000000085e+00 2.462116241455078125e+00
4.635718999999999923e+00 2.467290878295898438e+00
4.641065000000000218e+00 2.472465515136718750e+00
4.646294000000000146e+00 2.472465515136718750e+00
4.651580000000000048e+00 2.477640151977539062e+00
4.656804000000000165e+00 2.477640151977539062e+00
4.662077000000000027e+00 2.472465515136718750e+00
4.667294000000000054e+00 2.482814788818359375e+00
4.672553999999999874e+00 2.482814788818359375e+00
4.677766000000000091e+00 2.482814788818359375e+00
4.683114999999999917e+00 2.487989425659179688e+00
4.688329000000000413e+00 2.482814788818359375e+00
4.693590999999999624e+00 2.482814788818359375e+00
4.698793000000000220e+00 2.524210929870605469e+00
4.704155000000000086e+00 3.129638671875000000e+00
4.709473000000000020e+00 4.097287178039550781e+00
4.716630999999999574e+00 2.249958038330078125e+00
4.721815000000000317e+00 2.275830268859863281e+00
4.727063000000000237e+00 2.296528816223144531e+00
4.732292000000000165e+00 2.312052726745605469e+00
4.737517000000000422e+00 2.322402000427246094e+00
4.742772999999999683e+00 2.348275184631347656e+00
4.748002999999999751e+00 2.358624458312988281e+00
4.753341999999999956e+00 2.374148368835449219e+00
4.758583999999999925e+00 2.379323005676269531e+00
4.763899000000000328e+00 2.389671325683593750e+00
4.769153000000000198e+00 2.400020599365234375e+00
4.772916999999999632e+00 2.405195236206054688e+00
4.777961000000000347e+00 2.410369873046875000e+00
4.783272000000000190e+00 2.410369873046875000e+00
4.788530999999999871e+00 2.415544509887695312e+00
4.793883000000000116e+00 2.410369873046875000e+00
4.799173999999999829e+00 2.415544509887695312e+00
4.804477000000000331e+00 2.420719146728515625e+00
4.809755000000000003e+00 2.425893783569335938e+00
4.815032000000000423e+00 2.425893783569335938e+00
4.818662999999999919e+00 2.431068420410156250e+00
4.823738999999999777e+00 2.431068420410156250e+00
4.830904000000000309e+00 2.431068420410156250e+00
4.836237999999999815e+00 2.436243057250976562e+00
4.841565000000000119e+00 2.446592330932617188e+00
4.846879999999999633e+00 2.451766967773437500e+00
4.852200999999999986e+00 2.451766967773437500e+00
4.857482000000000077e+00 2.451766967773437500e+00
4.862786999999999971e+00 2.456941604614257812e+00
4.868072999999999873e+00 2.456941604614257812e+00
4.873452999999999591e+00 2.462116241455078125e+00
4.878733999999999682e+00 2.456941604614257812e+00
4.882469999999999644e+00 2.456941604614257812e+00
4.887510999999999939e+00 2.456941604614257812e+00
4.892860999999999905e+00 2.451766967773437500e+00
4.898160999999999987e+00 2.446592330932617188e+00
4.903514999999999624e+00 2.446592330932617188e+00
4.908822999999999936e+00 2.446592330932617188e+00
4.914221000000000394e+00 2.441417694091796875e+00
4.919514999999999638e+00 2.451766967773437500e+00
4.924808999999999770e+00 2.446592330932617188e+00
4.930145999999999695e+00 2.446592330932617188e+00
4.935482000000000369e+00 2.456941604614257812e+00
4.942684999999999995e+00 2.462116241455078125e+00
4.948071999999999804e+00 2.456941604614257812e+00
4.953476000000000212e+00 2.451766967773437500e+00
4.958795000000000286e+00 2.436243057250976562e+00
4.964189000000000185e+00 2.762242317199707031e+00
4.969515999999999600e+00 4.511255264282226562e+00
4.974825000000000053e+00 4.749286651611328125e+00
4.980150000000000077e+00 1.566911697387695312e+00
4.985484999999999722e+00 2.058497428894042969e+00
4.990883000000000180e+00 2.172338485717773438e+00
4.996199999999999974e+00 2.172338485717773438e+00
5.000534000000000034e+00 2.177513122558593750e+00
5.005658999999999637e+00 2.182687759399414062e+00
5.011044000000000054e+00 2.187862396240234375e+00
5.016370000000000218e+00 2.193037033081054688e+00
5.020146999999999693e+00 2.182687759399414062e+00
5.025390999999999941e+00 2.156815528869628906e+00
5.030787000000000120e+00 2.084370613098144531e+00
5.036132000000000275e+00 1.980878829956054688e+00
5.041553000000000395e+00 1.887736320495605469e+00
5.046923999999999744e+00 1.841164588928222656e+00
5.054504999999999804e+00 1.618657112121582031e+00
5.059736000000000011e+00 2.094719886779785156e+00
5.065069000000000266e+00 2.218910217285156250e+00
5.070479999999999876e+00 2.260307312011718750e+00
5.075877000000000194e+00 2.270656585693359375e+00
5.081298999999999566e+00 2.084370613098144531e+00
5.086674999999999613e+00 1.748022079467773438e+00
5.092042000000000179e+00 1.660054206848144531e+00
5.097438000000000358e+00 1.934308052062988281e+00
5.102848999999999968e+00 2.627702713012695312e+00
5.108221000000000345e+00 3.579828262329101562e+00
5.113663999999999987e+00 4.180081367492675781e+00
5.119061999999999557e+00 4.180081367492675781e+00
5.124505000000000088e+00 3.724717140197753906e+00
5.129895999999999567e+00 3.031321525573730469e+00
5.135252999999999624e+00 2.555258750915527344e+00
5.140708000000000055e+00 2.156815528869628906e+00
5.146099999999999675e+00 1.975704193115234375e+00
5.151800999999999853e+00 1.722148895263671875e+00
5.157066000000000372e+00 1.551387786865234375e+00
5.162555000000000227e+00 1.556562423706054688e+00
5.169736000000000331e+00 1.711799621582031250e+00
5.175245999999999569e+00 1.996402740478515625e+00
5.180799999999999628e+00 2.187862396240234375e+00
5.186217000000000077e+00 2.332751274108886719e+00
5.191703999999999652e+00 2.420719146728515625e+00
5.197117000000000431e+00 2.462116241455078125e+00
5.202571999999999974e+00 2.462116241455078125e+00
5.207990999999999815e+00 2.456941604614257812e+00
5.213498000000000410e+00 2.446592330932617188e+00
5.217311999999999728e+00 2.436243057250976562e+00
5.222862000000000116e+00 2.436243057250976562e+00
5.229924999999999713e+00 2.451766967773437500e+00
5.237410999999999817e+00 2.467290878295898438e+00
5.242933999999999983e+00 2.477640151977539062e+00
5.251801999999999637e+00 2.477640151977539062e+00
5.270745999999999931e+00 2.482814788818359375e+00
5.276493999999999573e+00 2.529385566711425781e+00
5.283940000000000303e+00 2.477640151977539062e+00
5.289428000000000019e+00 2.482814788818359375e+00
5.294887000000000121e+00 2.472465515136718750e+00
5.300310999999999773e+00 2.472465515136718750e+00
5.305759000000000114e+00 2.472465515136718750e+00
5.311288000000000231e+00 2.472465515136718750e+00
5.315114000000000338e+00 2.472465515136718750e+00
5.320293000000000383e+00 2.477640151977539062e+00
5.325745000000000395e+00 2.524210929870605469e+00
5.331319999999999837e+00 3.217606544494628906e+00
5.336783999999999750e+00 3.652272224426269531e+00
5.342257000000000033e+00 8.890399932861328125e-01
5.346106999999999942e+00 2.803639411926269531e+00
5.349700000000000344e+00 2.368973731994628906e+00
5.353299999999999947e+00 2.389671325683593750e+00
5.358553999999999817e+00 2.405195236206054688e+00
5.364084000000000074e+00 2.420719146728515625e+00
5.367939999999999934e+00 2.436243057250976562e+00
5.373238999999999876e+00 2.446592330932617188e+00
5.378722999999999921e+00 2.451766967773437500e+00
5.384278000000000119e+00 2.446592330932617188e+00
5.389829999999999899e+00 2.446592330932617188e+00
5.397273000000000209e+00 2.420719146728515625e+00
5.402684999999999960e+00 2.218910217285156250e+00
5.408184000000000324e+00 1.737672805786132812e+00
5.413729000000000013e+00 1.603133201599121094e+00
5.419215999999999589e+00 2.146466255187988281e+00
5.424813000000000329e+00 3.874779701232910156e+00
5.430316999999999616e+00 4.733762741088867188e+00
5.435804000000000080e+00 4.361191749572753906e+00
5.441385999999999612e+00 1.064975738525390625e+00
5.446915999999999869e+00 4.285011291503906250e-01
5.452434000000000225e+00 8.838653564453125000e-01
5.458020000000000316e+00 1.670403480529785156e+00
5.463616000000000028e+00 2.182687759399414062e+00
5.469147999999999676e+00 2.343100547790527344e+00
5.474723000000000006e+00 2.586306571960449219e+00
5.480252000000000123e+00 3.879954338073730469e+00
5.485755000000000159e+00 4.785508155822753906e+00
5.491346000000000060e+00 1.815292358398437500e+00
5.496864000000000416e+00 2.487989425659179688e+00
5.500708000000000375e+00 2.301703453063964844e+00
5.504296000000000078e+00 2.322402000427246094e+00
5.511830999999999925e+00 2.353449821472167969e+00
5.517318000000000389e+00 2.368973731994628906e+00
5.522870000000000168e+00 2.384497642517089844e+00
5.526729999999999698e+00 2.394845962524414062e+00
5.532094999999999985e+00 2.400020599365234375e+00
5.537678999999999796e+00 2.405195236206054688e+00
5.545817999999999692e+00 2.415544509887695312e+00
5.557263999999999982e+00 2.415544509887695312e+00
5.566629999999999967e+00 2.405195236206054688e+00
5.572269999999999612e+00 2.400020599365234375e+00
5.577854000000000312e+00 2.353449821472167969e+00
5.583533000000000079e+00 2.275830268859863281e+00
5.589089999999999669e+00 2.198211669921875000e+00
5.594738000000000433e+00 2.151640892028808594e+00
5.600299999999999834e+00 2.187862396240234375e+00
5.605883000000000393e+00 2.296528816223144531e+00
5.611519999999999619e+00 2.431068420410156250e+00
5.617088999999999999e+00 2.555258750915527344e+00
5.624820999999999849e+00 2.607005119323730469e+00
5.630524000000000306e+00 2.513861656188964844e+00
5.636103999999999559e+00 2.286179542541503906e+00
5.641753999999999714e+00 1.923958778381347656e+00
5.647338000000000413e+00 1.515165328979492188e+00
5.652955999999999648e+00 1.080499649047851562e+00
5.658540000000000347e+00 7.648496627807617188e-01
5.664171999999999763e+00 8.528175354003906250e-01
5.669755000000000322e+00 1.370277404785156250e+00
5.675341999999999665e+00 2.161990165710449219e+00
5.681011999999999951e+00 3.259003639221191406e+00
5.684922000000000253e+00 4.278398513793945312e+00
5.690255999999999759e+00 4.697540283203125000e+00
5.695871000000000350e+00 4.723413467407226562e+00
5.701531000000000127e+00 4.728588104248046875e+00
5.707126999999999839e+00 4.733762741088867188e+00
5.712750999999999912e+00 4.723413467407226562e+00
5.718366999999999756e+00 4.682016372680664062e+00
5.722280999999999729e+00 4.107636451721191406e+00
5.727653000000000105e+00 3.559129714965820312e+00
5.735625999999999891e+00 2.767416954040527344e+00
5.741230999999999973e+00 2.011926651000976562e+00
5.745131999999999906e+00 1.706625938415527344e+00
5.750558999999999976e+00 2.301703453063964844e+00
5.756175999999999959e+00 1.722148895263671875e+00
5.761910999999999561e+00 1.716974258422851562e+00
5.767542999999999864e+00 1.841164588928222656e+00
5.773184999999999789e+00 1.991228103637695312e+00
5.778831000000000273e+00 2.203386306762695312e+00
5.784556000000000253e+00 2.363799095153808594e+00
5.790189999999999948e+00 2.472465515136718750e+00
5.794103999999999921e+00 2.519036293029785156e+00
5.799493000000000009e+00 2.513861656188964844e+00
5.805164999999999687e+00 2.524210929870605469e+00
5.810858999999999774e+00 2.446592330932617188e+00
5.816494999999999749e+00 2.451766967773437500e+00
5.822144999999999904e+00 2.472465515136718750e+00
5.827815000000000190e+00 2.477640151977539062e+00
5.833543999999999841e+00 2.472465515136718750e+00
5.839190000000000325e+00 2.477640151977539062e+00
5.844911999999999885e+00 2.487989425659179688e+00
5.852439999999999642e+00 2.487989425659179688e+00
5.858158999999999672e+00 2.487989425659179688e+00
5.863938000000000095e+00 2.487989425659179688e+00
5.869607000000000241e+00 2.487989425659179688e+00
5.875308000000000419e+00 2.487989425659179688e+00
5.881046999999999692e+00 2.487989425659179688e+00
5.886732000000000298e+00 2.482814788818359375e+00
5.892428999999999917e+00 2.477640151977539062e+00
5.898132999999999626e+00 2.472465515136718750e+00
5.903902999999999679e+00 2.472465515136718750e+00
5.909588000000000285e+00 2.477640151977539062e+00
5.913492999999999888e+00 2.472465515136718750e+00
5.918994999999999784e+00 2.477640151977539062e+00
5.924769999999999648e+00 2.472465515136718750e+00
5.930513999999999619e+00 2.477640151977539062e+00
5.936228999999999978e+00 2.477640151977539062e+00
5.942052999999999585e+00 2.487989425659179688e+00
5.947777999999999565e+00 2.482814788818359375e+00
5.953548999999999758e+00 2.487989425659179688e+00
5.959241999999999706e+00 2.487989425659179688e+00
5.967164999999999608e+00 2.482814788818359375e+00
5.972952000000000261e+00 2.482814788818359375e+00
5.978676000000000101e+00 2.482814788818359375e+00
5.984479000000000326e+00 2.482814788818359375e+00
5.990211000000000396e+00 2.477640151977539062e+00
5.995923999999999587e+00 2.472465515136718750e+00
6.001718000000000330e+00 2.472465515136718750e+00
6.007430000000000270e+00 2.472465515136718750e+00
6.013215999999999894e+00 2.477640151977539062e+00
6.018933999999999784e+00 2.472465515136718750e+00
6.022882000000000069e+00 2.477640151977539062e+00
6.028361000000000303e+00 2.482814788818359375e+00
6.034170999999999729e+00 2.477640151977539062e+00
6.038133000000000195e+00 2.482814788818359375e+00
6.041884999999999728e+00 2.482814788818359375e+00
6.047375999999999863e+00 2.487989425659179688e+00
6.053141000000000105e+00 2.482814788818359375e+00
6.058862000000000414e+00 2.482814788818359375e+00
6.064701000000000342e+00 2.477640151977539062e+00
6.070496999999999588e+00 2.482814788818359375e+00
6.076283000000000101e+00 2.482814788818359375e+00
6.084077999999999875e+00 2.477640151977539062e+00
6.089705000000000368e+00 2.477640151977539062e+00
6.095441000000000109e+00 2.472465515136718750e+00
6.101242000000000054e+00 2.477640151977539062e+00
6.107020999999999589e+00 2.477640151977539062e+00
6.112803999999999682e+00 2.477640151977539062e+00
6.118555999999999884e+00 2.477640151977539062e+00
6.124408999999999992e+00 2.477640151977539062e+00
6.130202999999999847e+00 2.477640151977539062e+00
6.135950000000000237e+00 2.477640151977539062e+00
6.139929999999999666e+00 2.477640151977539062e+00
6.145618999999999943e+00 2.477640151977539062e+00
6.151486000000000232e+00 2.482814788818359375e+00
6.157258999999999816e+00 2.482814788818359375e+00
6.163038000000000238e+00 2.482814788818359375e+00
6.168828999999999674e+00 2.482814788818359375e+00
6.172881000000000284e+00 2.482814788818359375e+00
6.178396000000000221e+00 2.482814788818359375e+00
6.184255000000000280e+00 2.482814788818359375e+00
6.190080000000000027e+00 2.482814788818359375e+00
6.197862999999999900e+00 2.477640151977539062e+00
6.203644999999999854e+00 2.477640151977539062e+00
6.209468000000000210e+00 2.472465515136718750e+00
6.215297999999999767e+00 2.472465515136718750e+00
6.223444999999999894e+00 2.472465515136718750e+00
6.231789000000000023e+00 2.472465515136718750e+00
6.240790999999999755e+00 2.477640151977539062e+00
6.252233999999999625e+00 2.482814788818359375e+00
6.258675000000000210e+00 2.482814788818359375e+00
6.264574999999999783e+00 2.487989425659179688e+00
6.270389999999999908e+00 2.482814788818359375e+00
6.276218000000000075e+00 2.487989425659179688e+00
6.282128000000000156e+00 2.482814788818359375e+00
6.287962000000000273e+00 2.482814788818359375e+00
6.293835999999999764e+00 2.477640151977539062e+00
6.299660000000000259e+00 2.472465515136718750e+00
6.305533999999999750e+00 2.472465515136718750e+00
6.313330999999999804e+00 2.472465515136718750e+00
6.319079999999999586e+00 2.472465515136718750e+00
6.324989999999999668e+00 2.472465515136718750e+00
6.330921000000000021e+00 2.467290878295898438e+00
6.336767000000000039e+00 2.472465515136718750e+00
6.342677000000000120e+00 2.477640151977539062e+00
6.348535000000000039e+00 2.482814788818359375e+00
6.354446000000000261e+00 2.482814788818359375e+00
6.360305000000000319e+00 2.487989425659179688e+00
6.366190999999999711e+00 2.482814788818359375e+00
6.372105999999999604e+00 2.487989425659179688e+00
6.377956000000000181e+00 2.482814788818359375e+00
6.383893999999999735e+00 2.482814788818359375e+00
6.389785999999999966e+00 2.477640151977539062e+00
6.395674999999999777e+00 2.467290878295898438e+00
6.401634999999999742e+00 2.472465515136718750e+00
6.407504999999999562e+00 2.467290878295898438e+00
6.413505999999999929e+00 2.472465515136718750e+00
6.419383999999999979e+00 2.472465515136718750e+00
6.427215000000000344e+00 2.472465515136718750e+00
6.433158999999999850e+00 2.472465515136718750e+00
6.439147000000000176e+00 2.477640151977539062e+00
6.445081000000000060e+00 2.482814788818359375e+00
6.451023000000000174e+00 2.487989425659179688e+00
6.456925000000000026e+00 2.482814788818359375e+00
6.462856999999999630e+00 2.482814788818359375e+00
6.468759000000000370e+00 2.487989425659179688e+00
6.474696999999999925e+00 2.482814788818359375e+00
6.480648000000000408e+00 2.477640151977539062e+00
6.486559999999999881e+00 2.482814788818359375e+00
6.492466000000000292e+00 2.472465515136718750e+00
6.498345999999999734e+00 2.472465515136718750e+00
6.504311000000000398e+00 2.472465515136718750e+00
6.510212000000000110e+00 2.467290878295898438e+00
6.516130999999999673e+00 2.472465515136718750e+00
6.522211000000000425e+00 2.472465515136718750e+00
6.528165000000000440e+00 2.477640151977539062e+00
6.534167000000000058e+00 2.477640151977539062e+00
6.542157999999999696e+00 2.482814788818359375e+00
6.551277999999999935e+00 2.487989425659179688e+00
6.560952000000000339e+00 2.482814788818359375e+00
6.571957000000000271e+00 2.482814788818359375e+00
6.577859000000000123e+00 2.482814788818359375e+00
6.583921000000000134e+00 2.477640151977539062e+00
6.589850000000000207e+00 2.477640151977539062e+00
6.595824000000000353e+00 2.472465515136718750e+00
6.601835000000000342e+00 2.477640151977539062e+00
6.607795999999999559e+00 2.477640151977539062e+00
6.611908999999999814e+00 2.477640151977539062e+00
6.615662000000000376e+00 2.472465515136718750e+00
6.621484999999999843e+00 2.477640151977539062e+00
6.627435000000000187e+00 2.472465515136718750e+00
6.633478000000000208e+00 2.472465515136718750e+00
6.639445000000000263e+00 2.477640151977539062e+00
6.645425000000000360e+00 2.482814788818359375e+00
6.651454000000000200e+00 2.482814788818359375e+00
6.659294000000000047e+00 2.482814788818359375e+00
6.665244000000000391e+00 2.482814788818359375e+00
6.671286000000000271e+00 2.482814788818359375e+00
6.677310000000000301e+00 2.482814788818359375e+00
6.683259999999999756e+00 2.482814788818359375e+00
6.689239999999999853e+00 2.482814788818359375e+00
6.695272000000000112e+00 2.472465515136718750e+00
6.701284000000000241e+00 2.472465515136718750e+00
6.707252999999999687e+00 2.472465515136718750e+00
6.713275000000000325e+00 2.477640151977539062e+00
6.719248000000000332e+00 2.477640151977539062e+00
6.725290000000000212e+00 2.472465515136718750e+00
6.731334999999999624e+00 2.472465515136718750e+00
6.737340999999999802e+00 2.472465515136718750e+00
6.743314999999999948e+00 2.477640151977539062e+00
6.749312999999999896e+00 2.477640151977539062e+00
6.755429999999999602e+00 2.477640151977539062e+00
6.761508000000000074e+00 2.477640151977539062e+00
6.767565000000000275e+00 2.482814788818359375e+00
6.775525000000000020e+00 2.482814788818359375e+00
6.781775999999999804e+00 2.477640151977539062e+00
6.787804999999999644e+00 2.482814788818359375e+00
6.793903000000000247e+00 2.477640151977539062e+00
6.799920000000000186e+00 2.472465515136718750e+00
6.805931000000000175e+00 2.472465515136718750e+00
6.812014999999999709e+00 2.472465515136718750e+00
6.816122000000000014e+00 2.467290878295898438e+00
6.821963000000000221e+00 2.467290878295898438e+00
6.827975999999999601e+00 2.467290878295898438e+00
6.834094000000000335e+00 2.467290878295898438e+00
6.840114999999999945e+00 2.477640151977539062e+00
6.846131999999999884e+00 2.477640151977539062e+00
6.852229999999999599e+00 2.477640151977539062e+00
6.858274999999999899e+00 2.487989425659179688e+00
6.864381999999999984e+00 2.482814788818359375e+00
6.870438000000000045e+00 2.482814788818359375e+00
6.876412000000000191e+00 2.482814788818359375e+00
6.882539999999999658e+00 2.482814788818359375e+00
6.890549000000000035e+00 2.472465515136718750e+00
6.896411999999999765e+00 2.467290878295898438e+00
6.902487999999999957e+00 2.472465515136718750e+00
6.908521000000000356e+00 2.467290878295898438e+00
6.912696000000000396e+00 2.467290878295898438e+00
6.918486999999999831e+00 2.472465515136718750e+00
6.924655999999999700e+00 2.467290878295898438e+00
6.930787999999999727e+00 2.472465515136718750e+00
6.934929000000000343e+00 2.472465515136718750e+00
6.940824000000000105e+00 2.477640151977539062e+00
6.944929000000000130e+00 2.482814788818359375e+00
6.950822999999999752e+00 2.482814788818359375e+00
6.956894000000000133e+00 2.482814788818359375e+00
6.962989999999999569e+00 2.482814788818359375e+00
6.969059999999999810e+00 2.482814788818359375e+00
6.975211999999999968e+00 2.482814788818359375e+00
6.981378999999999557e+00 2.477640151977539062e+00
6.987474999999999881e+00 2.477640151977539062e+00
6.993621000000000087e+00 2.467290878295898438e+00
6.999732999999999983e+00 2.467290878295898438e+00
7.007749999999999702e+00 2.467290878295898438e+00
7.013764000000000109e+00 2.467290878295898438e+00
7.019846000000000252e+00 2.472465515136718750e+00
7.025932000000000066e+00 2.472465515136718750e+00
7.032128000000000156e+00 2.472465515136718750e+00
7.038248000000000282e+00 2.472465515136718750e+00
7.044425000000000381e+00 2.482814788818359375e+00
7.050608999999999682e+00 2.482814788818359375e+00
7.056733000000000366e+00 2.487989425659179688e+00
7.062844000000000122e+00 2.482814788818359375e+00
7.068970000000000198e+00 2.477640151977539062e+00
7.075139000000000067e+00 2.477640151977539062e+00
7.081328000000000067e+00 2.477640151977539062e+00
7.087487999999999566e+00 2.477640151977539062e+00
7.093694000000000166e+00 2.472465515136718750e+00
7.099812000000000012e+00 2.467290878295898438e+00
7.105934000000000417e+00 2.472465515136718750e+00
7.110102999999999618e+00 2.472465515136718750e+00
7.116051999999999822e+00 2.472465515136718750e+00
7.124050000000000438e+00 2.472465515136718750e+00
7.130263000000000240e+00 2.472465515136718750e+00
7.136377000000000415e+00 2.477640151977539062e+00
7.142513000000000112e+00 2.482814788818359375e+00
7.148662999999999990e+00 2.482814788818359375e+00
7.154919999999999725e+00 2.477640151977539062e+00
7.161114999999999675e+00 2.477640151977539062e+00
7.167284000000000432e+00 2.477640151977539062e+00
7.173427000000000220e+00 2.482814788818359375e+00
7.179594999999999949e+00 2.477640151977539062e+00
7.185730999999999646e+00 2.477640151977539062e+00
7.191963000000000328e+00 2.477640151977539062e+00
7.196150000000000269e+00 2.472465515136718750e+00
7.202141000000000126e+00 2.472465515136718750e+00
7.208300000000000374e+00 2.472465515136718750e+00
7.214535999999999838e+00 2.472465515136718750e+00
7.220753000000000199e+00 2.477640151977539062e+00
7.224891000000000396e+00 2.472465515136718750e+00
7.233014999999999972e+00 2.467290878295898438e+00
7.243826999999999572e+00 2.472465515136718750e+00
7.253760999999999903e+00 2.477640151977539062e+00
7.268847000000000058e+00 2.482814788818359375e+00
7.281263000000000041e+00 2.482814788818359375e+00
7.287322999999999773e+00 2.482814788818359375e+00
7.293584000000000067e+00 2.472465515136718750e+00
7.299773000000000067e+00 2.472465515136718750e+00
7.305926000000000364e+00 2.472465515136718750e+00
7.312180999999999820e+00 2.472465515136718750e+00
7.318367000000000289e+00 2.472465515136718750e+00
7.324669000000000096e+00 2.472465515136718750e+00
7.330929000000000251e+00 2.467290878295898438e+00
7.337106000000000350e+00 2.472465515136718750e+00
7.343313000000000201e+00 2.477640151977539062e+00
7.349751999999999619e+00 2.477640151977539062e+00
7.360376999999999725e+00 2.487989425659179688e+00
7.366558000000000384e+00 2.482814788818359375e+00
7.372775999999999996e+00 2.487989425659179688e+00
7.379037000000000290e+00 2.482814788818359375e+00
7.385269000000000084e+00 2.487989425659179688e+00
7.391604000000000063e+00 2.477640151977539062e+00
7.397809999999999775e+00 2.472465515136718750e+00
7.402101000000000042e+00 2.467290878295898438e+00
7.408066999999999958e+00 2.472465515136718750e+00
7.414335000000000342e+00 2.467290878295898438e+00
7.420605000000000118e+00 2.472465515136718750e+00
7.426844000000000001e+00 2.467290878295898438e+00
7.433082999999999885e+00 2.467290878295898438e+00
7.439302999999999777e+00 2.477640151977539062e+00
7.445577000000000112e+00 2.482814788818359375e+00
7.451887000000000150e+00 2.487989425659179688e+00
7.458109999999999573e+00 2.482814788818359375e+00
7.464432000000000400e+00 2.482814788818359375e+00
7.472611999999999810e+00 2.487989425659179688e+00
7.478714000000000084e+00 2.482814788818359375e+00
7.485026000000000401e+00 2.477640151977539062e+00
7.491352000000000011e+00 2.472465515136718750e+00
7.497592000000000034e+00 2.472465515136718750e+00
7.501884000000000441e+00 2.472465515136718750e+00
7.507877999999999830e+00 2.472465515136718750e+00
7.514184000000000196e+00 2.472465515136718750e+00
7.520484999999999864e+00 2.472465515136718750e+00
7.524754999999999860e+00 2.472465515136718750e+00
7.530808999999999642e+00 2.477640151977539062e+00
7.537073999999999607e+00 2.477640151977539062e+00
7.543351000000000361e+00 2.482814788818359375e+00
7.552376999999999896e+00 2.482814788818359375e+00
7.562105999999999995e+00 2.482814788818359375e+00
7.571875999999999607e+00 2.477640151977539062e+00
7.579609999999999737e+00 2.477640151977539062e+00
7.587911000000000072e+00 2.482814788818359375e+00
7.594355000000000189e+00 2.472465515136718750e+00
7.600759000000000043e+00 2.472465515136718750e+00
7.607084999999999653e+00 2.472465515136718750e+00
7.613413000000000430e+00 2.487989425659179688e+00
7.619753000000000220e+00 2.570782661437988281e+00
7.626051999999999609e+00 4.656143188476562500e+00
7.630289999999999573e+00 4.790682792663574219e+00
7.636440000000000339e+00 4.790682792663574219e+00
7.640717000000000425e+00 4.801032066345214844e+00
7.646779999999999688e+00 4.801032066345214844e+00
7.653124000000000038e+00 4.795857429504394531e+00
7.659459000000000017e+00 4.801032066345214844e+00
7.663688999999999751e+00 4.795857429504394531e+00
7.669788999999999746e+00 4.795857429504394531e+00
7.676115000000000244e+00 4.795857429504394531e+00
7.682510999999999868e+00 4.795857429504394531e+00
7.688869999999999649e+00 4.790682792663574219e+00
7.695349000000000217e+00 4.795857429504394531e+00
7.703653000000000084e+00 4.790682792663574219e+00
7.709821999999999953e+00 4.790682792663574219e+00
7.716274000000000299e+00 4.790682792663574219e+00
7.722566999999999737e+00 4.790682792663574219e+00
7.728927999999999798e+00 4.795857429504394531e+00
7.735380000000000145e+00 4.790682792663574219e+00
7.741850000000000342e+00 4.795857429504394531e+00
7.746097999999999928e+00 4.795857429504394531e+00
7.752289000000000208e+00 4.795857429504394531e+00
7.758657000000000359e+00 4.795857429504394531e+00
7.765137000000000178e+00 4.795857429504394531e+00
7.771583999999999826e+00 4.795857429504394531e+00
7.777961000000000347e+00 4.801032066345214844e+00
7.784396000000000093e+00 4.801032066345214844e+00
7.790836999999999790e+00 4.790682792663574219e+00
7.797208999999999612e+00 4.790682792663574219e+00
7.803603999999999985e+00 4.790682792663574219e+00
7.809969999999999857e+00 4.790682792663574219e+00
7.818332999999999977e+00 4.790682792663574219e+00
7.824708000000000219e+00 4.790682792663574219e+00
7.831129999999999924e+00 4.790682792663574219e+00
7.837566999999999950e+00 4.790682792663574219e+00
7.844039000000000428e+00 4.795857429504394531e+00
7.850388999999999839e+00 4.795857429504394531e+00
7.856755999999999851e+00 4.795857429504394531e+00
7.863139999999999574e+00 4.801032066345214844e+00
7.869532999999999667e+00 4.795857429504394531e+00
7.875904000000000238e+00 4.801032066345214844e+00
7.882344999999999935e+00 4.801032066345214844e+00
7.888702000000000325e+00 4.801032066345214844e+00
7.895188000000000095e+00 4.790682792663574219e+00
7.901657000000000153e+00 4.790682792663574219e+00
7.905917999999999779e+00 4.790682792663574219e+00
7.912111000000000338e+00 4.790682792663574219e+00
7.918504999999999683e+00 4.790682792663574219e+00
7.925012999999999863e+00 4.790682792663574219e+00
7.933360000000000412e+00 4.790682792663574219e+00
7.939612000000000336e+00 4.795857429504394531e+00
7.946088999999999736e+00 4.801032066345214844e+00
7.952562999999999604e+00 4.801032066345214844e+00
7.959022000000000041e+00 4.795857429504394531e+00
7.965554000000000023e+00 4.795857429504394531e+00
7.972081000000000195e+00 4.801032066345214844e+00
7.978519999999999612e+00 4.801032066345214844e+00
7.985031000000000212e+00 4.795857429504394531e+00
7.991541999999999923e+00 4.790682792663574219e+00
7.995910000000000295e+00 4.790682792663574219e+00
8.002264999999999517e+00 4.790682792663574219e+00
8.008691999999999922e+00 4.790682792663574219e+00
8.015212999999999255e+00 4.785508155822753906e+00
8.019501999999999242e+00 4.790682792663574219e+00
8.025733000000000672e+00 4.795857429504394531e+00
8.032282000000000366e+00 4.790682792663574219e+00
8.038690000000000779e+00 4.790682792663574219e+00
8.045208000000000581e+00 4.795857429504394531e+00
8.051603999999999317e+00 4.801032066345214844e+00
8.058037000000000560e+00 4.801032066345214844e+00
8.064536000000000371e+00 4.801032066345214844e+00
8.071071999999999136e+00 4.795857429504394531e+00
8.077505999999999631e+00 4.790682792663574219e+00
8.084011999999999531e+00 4.795857429504394531e+00
8.090486000000000288e+00 4.790682792663574219e+00
8.096963000000000577e+00 4.790682792663574219e+00
8.103441999999999368e+00 4.785508155822753906e+00
8.109890000000000043e+00 4.795857429504394531e+00
8.116343000000000529e+00 4.790682792663574219e+00
8.122825000000000628e+00 4.790682792663574219e+00
8.129272000000000276e+00 4.790682792663574219e+00
8.135780999999999707e+00 4.790682792663574219e+00
8.142300999999999789e+00 4.801032066345214844e+00
8.148863999999999663e+00 4.795857429504394531e+00
8.155423000000000755e+00 4.795857429504394531e+00
8.163847999999999772e+00 4.795857429504394531e+00
8.170249000000000095e+00 4.795857429504394531e+00
8.176764000000000365e+00 4.795857429504394531e+00
8.183253999999999806e+00 4.795857429504394531e+00
8.189750999999999337e+00 4.790682792663574219e+00
8.196220000000000283e+00 4.795857429504394531e+00
8.202844999999999942e+00 4.790682792663574219e+00
8.209300000000000708e+00 4.795857429504394531e+00
8.213741999999999877e+00 4.790682792663574219e+00
8.219984999999999431e+00 4.790682792663574219e+00
8.226513000000000631e+00 4.790682792663574219e+00
8.233085000000000875e+00 4.790682792663574219e+00
8.243693000000000382e+00 4.795857429504394531e+00
8.250235999999999237e+00 4.795857429504394531e+00
8.259617999999999682e+00 4.795857429504394531e+00
8.268605000000000871e+00 4.795857429504394531e+00
8.279412000000000660e+00 4.801032066345214844e+00
8.292408999999999253e+00 4.795857429504394531e+00
8.298761999999999972e+00 4.795857429504394531e+00
8.305379000000000289e+00 4.795857429504394531e+00
8.312001999999999668e+00 4.790682792663574219e+00
8.316363000000000838e+00 4.790682792663574219e+00
8.322786000000000683e+00 4.790682792663574219e+00
8.329285999999999746e+00 4.790682792663574219e+00
8.335917999999999495e+00 4.785508155822753906e+00
8.342498000000000857e+00 4.795857429504394531e+00
8.349016999999999911e+00 4.795857429504394531e+00
8.355601999999999308e+00 4.795857429504394531e+00
8.362220999999999904e+00 4.801032066345214844e+00
8.368743999999999517e+00 4.801032066345214844e+00
8.375355000000000771e+00 4.795857429504394531e+00
8.381947999999999510e+00 4.795857429504394531e+00
8.388495000000000701e+00 4.795857429504394531e+00
8.395118999999999332e+00 4.790682792663574219e+00
8.403606999999999161e+00 4.790682792663574219e+00
8.410054999999999836e+00 4.790682792663574219e+00
8.416645000000000820e+00 4.790682792663574219e+00
8.423177000000000803e+00 4.790682792663574219e+00
8.429703999999999198e+00 4.790682792663574219e+00
8.436230999999999369e+00 4.790682792663574219e+00
8.442811000000000732e+00 4.795857429504394531e+00
8.449362000000000705e+00 4.795857429504394531e+00
8.455990999999999147e+00 4.801032066345214844e+00
8.460295999999999594e+00 4.801032066345214844e+00
8.464510999999999896e+00 4.801032066345214844e+00
8.470855000000000246e+00 4.801032066345214844e+00
8.477396999999999849e+00 4.795857429504394531e+00
8.484021999999999508e+00 4.795857429504394531e+00
8.490678000000000836e+00 4.790682792663574219e+00
8.497230999999999312e+00 4.790682792663574219e+00
8.503883999999999332e+00 4.790682792663574219e+00
8.510522999999999172e+00 4.790682792663574219e+00
8.519066999999999723e+00 4.790682792663574219e+00
8.525793000000000177e+00 4.790682792663574219e+00
8.532455000000000567e+00 4.790682792663574219e+00
8.539037999999999684e+00 4.795857429504394531e+00
8.545704999999999885e+00 4.801032066345214844e+00
8.552742999999999540e+00 4.801032066345214844e+00
8.562727999999999895e+00 4.795857429504394531e+00
8.570472000000000534e+00 4.801032066345214844e+00
8.578991999999999507e+00 4.790682792663574219e+00
8.585810000000000386e+00 4.795857429504394531e+00
8.592494000000000298e+00 4.790682792663574219e+00
8.599080999999999975e+00 4.790682792663574219e+00
8.605786000000000158e+00 4.790682792663574219e+00
8.612465999999999511e+00 4.790682792663574219e+00
8.619073999999999458e+00 4.790682792663574219e+00
8.625759000000000398e+00 4.790682792663574219e+00
8.634365999999999985e+00 4.790682792663574219e+00
8.641126999999999114e+00 4.795857429504394531e+00
8.647812000000000054e+00 4.801032066345214844e+00
8.652222000000000079e+00 4.795857429504394531e+00
8.658689999999999998e+00 4.795857429504394531e+00
8.665430000000000632e+00 4.795857429504394531e+00
8.672159000000000617e+00 4.795857429504394531e+00
8.678838000000000719e+00 4.795857429504394531e+00
8.685629999999999740e+00 4.795857429504394531e+00
8.692370000000000374e+00 4.790682792663574219e+00
8.699052000000000007e+00 4.790682792663574219e+00
8.705814999999999415e+00 4.795857429504394531e+00
8.712612999999999275e+00 4.795857429504394531e+00
8.719594999999999985e+00 4.795857429504394531e+00
8.726292000000000826e+00 4.790682792663574219e+00
8.732915000000000205e+00 4.790682792663574219e+00
8.739582999999999657e+00 4.795857429504394531e+00
8.746513000000000204e+00 4.795857429504394531e+00
8.755620999999999654e+00 4.795857429504394531e+00
8.762119000000000213e+00 4.795857429504394531e+00
8.768824999999999648e+00 4.795857429504394531e+00
8.775563999999999254e+00 4.795857429504394531e+00
8.782275999999999527e+00 4.801032066345214844e+00
8.786694000000000671e+00 4.795857429504394531e+00
8.793126000000000886e+00 4.795857429504394531e+00
8.799787999999999499e+00 4.795857429504394531e+00
8.806435000000000457e+00 4.790682792663574219e+00
8.813119999999999621e+00 4.790682792663574219e+00
8.819829000000000363e+00 4.790682792663574219e+00
8.826499000000000095e+00 4.790682792663574219e+00
8.830906999999999840e+00 4.790682792663574219e+00
8.835110999999999493e+00 4.790682792663574219e+00
8.841606999999999772e+00 4.795857429504394531e+00
8.848269000000000162e+00 4.795857429504394531e+00
8.855076000000000391e+00 4.795857429504394531e+00
