1.453000000000000081e-03 2.793290138244628906e+00
4.297999999999999737e-03 2.793290138244628906e+00
6.841999999999999992e-03 2.793290138244628906e+00
9.558000000000000523e-03 2.793290138244628906e+00
1.389100000000000057e-02 2.793290138244628906e+00
1.673699999999999841e-02 2.793290138244628906e+00
1.926200000000000134e-02 2.793290138244628906e+00
2.178799999999999834e-02 2.793290138244628906e+00
2.432700000000000140e-02 2.793290138244628906e+00
2.685500000000000040e-02 2.793290138244628906e+00
2.937899999999999887e-02 2.793290138244628906e+00
3.191599999999999993e-02 2.793290138244628906e+00
3.445600000000000052e-02 2.788115501403808594e+00
3.713999999999999940e-02 2.788115501403808594e+00
3.965199999999999975e-02 2.788115501403808594e+00
4.219200000000000034e-02 2.793290138244628906e+00
4.488899999999999835e-02 2.782940864562988281e+00
4.740500000000000269e-02 2.782940864562988281e+00
5.009299999999999864e-02 2.782940864562988281e+00
5.262000000000000011e-02 2.782940864562988281e+00
5.530999999999999805e-02 2.788115501403808594e+00
5.783900000000000152e-02 2.788115501403808594e+00
6.052500000000000241e-02 2.788115501403808594e+00
6.312099999999999655e-02 2.788115501403808594e+00
6.559800000000000353e-02 2.788115501403808594e+00
6.828099999999999448e-02 2.782940864562988281e+00
7.079799999999999982e-02 2.782940864562988281e+00
7.321900000000000630e-02 2.788115501403808594e+00
7.998099999999999654e-02 2.782940864562988281e+00
8.742600000000000371e-02 2.788115501403808594e+00
9.001599999999999879e-02 2.782940864562988281e+00
9.605800000000000449e-02 2.788115501403808594e+00
1.018600000000000061e-01 2.788115501403808594e+00
1.077560000000000046e-01 2.788115501403808594e+00
1.132589999999999986e-01 2.793290138244628906e+00
1.161859999999999976e-01 2.793290138244628906e+00
1.202820000000000000e-01 2.793290138244628906e+00
1.228090000000000015e-01 2.793290138244628906e+00
1.255080000000000084e-01 2.793290138244628906e+00
1.280229999999999979e-01 2.793290138244628906e+00
1.307129999999999959e-01 2.793290138244628906e+00
1.332619999999999916e-01 2.793290138244628906e+00
1.359380000000000033e-01 2.793290138244628906e+00
1.384740000000000137e-01 2.793290138244628906e+00
1.410019999999999885e-01 2.793290138244628906e+00
1.433929999999999927e-01 2.793290138244628906e+00
1.460639999999999994e-01 2.788115501403808594e+00
1.485940000000000039e-01 2.788115501403808594e+00
1.509790000000000021e-01 2.788115501403808594e+00
1.533940000000000026e-01 2.788115501403808594e+00
1.560640000000000083e-01 2.788115501403808594e+00
1.585900000000000087e-01 2.788115501403808594e+00
1.609619999999999940e-01 2.788115501403808594e+00
1.635149999999999937e-01 2.788115501403808594e+00
1.660290000000000099e-01 2.788115501403808594e+00
1.685909999999999909e-01 2.788115501403808594e+00
1.709710000000000119e-01 2.788115501403808594e+00
1.735109999999999986e-01 2.788115501403808594e+00
1.760329999999999950e-01 2.788115501403808594e+00
1.787169999999999870e-01 2.782940864562988281e+00
1.812489999999999934e-01 2.782940864562988281e+00
1.839469999999999994e-01 2.782940864562988281e+00
1.864679999999999949e-01 2.782940864562988281e+00
1.890000000000000013e-01 2.782940864562988281e+00
1.916819999999999913e-01 2.782940864562988281e+00
1.942240000000000077e-01 2.788115501403808594e+00
1.969009999999999927e-01 2.793290138244628906e+00
1.994279999999999942e-01 2.793290138244628906e+00
2.021169999999999911e-01 2.793290138244628906e+00
2.046530000000000016e-01 2.788115501403808594e+00
2.073399999999999965e-01 2.793290138244628906e+00
2.100120000000000042e-01 2.793290138244628906e+00
2.127010000000000012e-01 2.788115501403808594e+00
2.152380000000000126e-01 2.793290138244628906e+00
2.179139999999999966e-01 2.793290138244628906e+00
2.204440000000000011e-01 2.793290138244628906e+00
2.245089999999999864e-01 2.793290138244628906e+00
2.271819999999999951e-01 2.793290138244628906e+00
2.298749999999999960e-01 2.793290138244628906e+00
2.324070000000000025e-01 2.793290138244628906e+00
2.350990000000000024e-01 2.793290138244628906e+00
2.376199999999999979e-01 2.793290138244628906e+00
2.403019999999999878e-01 2.793290138244628906e+00
2.429139999999999910e-01 2.793290138244628906e+00
2.456669999999999965e-01 2.788115501403808594e+00
2.482119999999999882e-01 2.788115501403808594e+00
2.508909999999999751e-01 2.788115501403808594e+00
2.534350000000000214e-01 2.782940864562988281e+00
2.561080000000000023e-01 2.788115501403808594e+00
2.586359999999999770e-01 2.788115501403808594e+00
2.613300000000000067e-01 2.788115501403808594e+00
2.639020000000000254e-01 2.782940864562988281e+00
2.664159999999999862e-01 2.782940864562988281e+00
2.691080000000000139e-01 2.782940864562988281e+00
2.716379999999999906e-01 2.782940864562988281e+00
2.743369999999999975e-01 2.782940864562988281e+00
2.768610000000000237e-01 2.782940864562988281e+00
2.793849999999999945e-01 2.782940864562988281e+00
2.819220000000000059e-01 2.782940864562988281e+00
2.844499999999999806e-01 2.782940864562988281e+00
2.871420000000000083e-01 2.777766227722167969e+00
2.896679999999999811e-01 2.782940864562988281e+00
2.921949999999999825e-01 2.782940864562988281e+00
2.947440000000000060e-01 2.788115501403808594e+00
2.972679999999999767e-01 2.793290138244628906e+00
2.997949999999999782e-01 2.793290138244628906e+00
3.023250000000000104e-01 2.793290138244628906e+00
3.048580000000000179e-01 2.788115501403808594e+00
3.073870000000000213e-01 2.793290138244628906e+00
3.099230000000000040e-01 2.793290138244628906e+00
3.124540000000000095e-01 2.793290138244628906e+00
3.149830000000000130e-01 2.793290138244628906e+00
3.175169999999999937e-01 2.793290138244628906e+00
3.200430000000000219e-01 2.793290138244628906e+00
3.227309999999999901e-01 2.793290138244628906e+00
3.254150000000000098e-01 2.793290138244628906e+00
3.281519999999999992e-01 2.793290138244628906e+00
3.326270000000000060e-01 2.793290138244628906e+00
3.353459999999999774e-01 2.793290138244628906e+00
3.378510000000000124e-01 2.793290138244628906e+00
3.403780000000000139e-01 2.793290138244628906e+00
3.429090000000000193e-01 2.793290138244628906e+00
3.454459999999999753e-01 2.788115501403808594e+00
3.481330000000000258e-01 2.782940864562988281e+00
3.506560000000000232e-01 2.782940864562988281e+00
3.533580000000000054e-01 2.777766227722167969e+00
3.558799999999999741e-01 2.777766227722167969e+00
3.584439999999999849e-01 2.782940864562988281e+00
3.609680000000000111e-01 2.782940864562988281e+00
3.635169999999999790e-01 2.782940864562988281e+00
3.660359999999999725e-01 2.782940864562988281e+00
3.685729999999999840e-01 2.782940864562988281e+00
3.712550000000000017e-01 2.777766227722167969e+00
3.739560000000000106e-01 2.782940864562988281e+00
3.764770000000000061e-01 2.782940864562988281e+00
3.790120000000000156e-01 2.782940864562988281e+00
3.816930000000000045e-01 2.782940864562988281e+00
3.842300000000000160e-01 2.782940864562988281e+00
3.869159999999999822e-01 2.777766227722167969e+00
3.894429999999999836e-01 2.782940864562988281e+00
3.919739999999999891e-01 2.788115501403808594e+00
3.945119999999999738e-01 2.793290138244628906e+00
3.970360000000000000e-01 2.793290138244628906e+00
3.997109999999999830e-01 2.793290138244628906e+00
4.022510000000000252e-01 2.793290138244628906e+00
4.049470000000000014e-01 2.793290138244628906e+00
4.074729999999999741e-01 2.793290138244628906e+00
4.100039999999999796e-01 2.793290138244628906e+00
4.126889999999999725e-01 2.793290138244628906e+00
4.152239999999999820e-01 2.793290138244628906e+00
4.179050000000000264e-01 2.793290138244628906e+00
4.204300000000000259e-01 2.793290138244628906e+00
4.231759999999999966e-01 2.793290138244628906e+00
4.256510000000000016e-01 2.793290138244628906e+00
4.281769999999999743e-01 2.793290138244628906e+00
4.307130000000000125e-01 2.793290138244628906e+00
4.332599999999999785e-01 2.788115501403808594e+00
4.362159999999999926e-01 2.793290138244628906e+00
4.402920000000000167e-01 2.793290138244628906e+00
4.428289999999999726e-01 2.793290138244628906e+00
4.455250000000000044e-01 2.782940864562988281e+00
4.480450000000000266e-01 2.782940864562988281e+00
4.507380000000000275e-01 2.782940864562988281e+00
4.533200000000000007e-01 2.777766227722167969e+00
4.558340000000000169e-01 2.782940864562988281e+00
4.585219999999999851e-01 2.788115501403808594e+00
4.610569999999999946e-01 2.782940864562988281e+00
4.637470000000000203e-01 2.782940864562988281e+00
4.662720000000000198e-01 2.782940864562988281e+00
4.688010000000000232e-01 2.782940864562988281e+00
4.714840000000000142e-01 2.782940864562988281e+00
4.740219999999999989e-01 2.782940864562988281e+00
4.767000000000000126e-01 2.788115501403808594e+00
4.792259999999999853e-01 2.788115501403808594e+00
4.819160000000000110e-01 2.788115501403808594e+00
4.844479999999999897e-01 2.788115501403808594e+00
4.871349999999999847e-01 2.788115501403808594e+00
4.897310000000000274e-01 2.782940864562988281e+00
4.925269999999999926e-01 2.788115501403808594e+00
4.953759999999999830e-01 2.788115501403808594e+00
4.984979999999999967e-01 2.793290138244628906e+00
5.013379999999999503e-01 2.793290138244628906e+00
5.041999999999999815e-01 2.793290138244628906e+00
5.068719999999999892e-01 2.793290138244628906e+00
5.095509999999999762e-01 2.793290138244628906e+00
5.123950000000000449e-01 2.793290138244628906e+00
5.150759999999999783e-01 2.793290138244628906e+00
5.177659999999999485e-01 2.788115501403808594e+00
5.206030000000000380e-01 2.788115501403808594e+00
5.232940000000000369e-01 2.793290138244628906e+00
5.261230000000000073e-01 2.793290138244628906e+00
5.289599999999999858e-01 2.788115501403808594e+00
5.318030000000000257e-01 2.788115501403808594e+00
5.344870000000000454e-01 2.793290138244628906e+00
5.373299999999999743e-01 2.793290138244628906e+00
5.401559999999999695e-01 2.788115501403808594e+00
5.430000000000000382e-01 2.788115501403808594e+00
5.457480000000000109e-01 2.782940864562988281e+00
5.511599999999999833e-01 2.782940864562988281e+00
5.540000000000000480e-01 2.782940864562988281e+00
5.566740000000000022e-01 2.782940864562988281e+00
5.593559999999999643e-01 2.782940864562988281e+00
5.621969999999999468e-01 2.788115501403808594e+00
5.648809999999999665e-01 2.788115501403808594e+00
5.677170000000000272e-01 2.788115501403808594e+00
5.705529999999999768e-01 2.782940864562988281e+00
5.734169999999999545e-01 2.788115501403808594e+00
5.760849999999999582e-01 2.788115501403808594e+00
5.787639999999999452e-01 2.788115501403808594e+00
5.816059999999999564e-01 2.788115501403808594e+00
5.842870000000000008e-01 2.788115501403808594e+00
5.871340000000000447e-01 2.788115501403808594e+00
5.899969999999999937e-01 2.788115501403808594e+00
5.928039999999999976e-01 2.793290138244628906e+00
5.958200000000000163e-01 2.793290138244628906e+00
5.984829999999999872e-01 2.798464775085449219e+00
6.013039999999999496e-01 2.793290138244628906e+00
6.041539999999999688e-01 2.793290138244628906e+00
6.069959999999999800e-01 2.793290138244628906e+00
6.096780000000000532e-01 2.788115501403808594e+00
6.123610000000000442e-01 2.793290138244628906e+00
6.152100000000000346e-01 2.793290138244628906e+00
6.178940000000000543e-01 2.793290138244628906e+00
6.207200000000000495e-01 2.788115501403808594e+00
6.235770000000000479e-01 2.788115501403808594e+00
6.264049999999999896e-01 2.793290138244628906e+00
6.290839999999999765e-01 2.793290138244628906e+00
6.317700000000000538e-01 2.793290138244628906e+00
6.346129999999999827e-01 2.793290138244628906e+00
6.373149999999999649e-01 2.793290138244628906e+00
6.401310000000000056e-01 2.793290138244628906e+00
6.430099999999999705e-01 2.793290138244628906e+00
6.456939999999999902e-01 2.793290138244628906e+00
6.485269999999999646e-01 2.788115501403808594e+00
6.513660000000000005e-01 2.788115501403808594e+00
6.542059999999999542e-01 2.788115501403808594e+00
6.568910000000000027e-01 2.788115501403808594e+00
6.626440000000000108e-01 2.782940864562988281e+00
6.656339999999999479e-01 2.788115501403808594e+00
6.683149999999999924e-01 2.788115501403808594e+00
6.711540000000000283e-01 2.788115501403808594e+00
6.739979999999999860e-01 2.788115501403808594e+00
6.768319999999999892e-01 2.788115501403808594e+00
6.795269999999999921e-01 2.788115501403808594e+00
6.823479999999999546e-01 2.788115501403808594e+00
6.852040000000000353e-01 2.782940864562988281e+00
6.878699999999999815e-01 2.782940864562988281e+00
6.905860000000000332e-01 2.782940864562988281e+00
6.934050000000000491e-01 2.788115501403808594e+00
6.960819999999999785e-01 2.793290138244628906e+00
6.989140000000000352e-01 2.793290138244628906e+00
7.017419999999999769e-01 2.793290138244628906e+00
7.046059999999999546e-01 2.788115501403808594e+00
7.072749999999999870e-01 2.793290138244628906e+00
7.099569999999999492e-01 2.793290138244628906e+00
7.128069999999999684e-01 2.788115501403808594e+00
7.157970000000000166e-01 2.793290138244628906e+00
7.184760000000000035e-01 2.793290138244628906e+00
7.211600000000000232e-01 2.793290138244628906e+00
7.240010000000000057e-01 2.793290138244628906e+00
7.266810000000000214e-01 2.793290138244628906e+00
7.293720000000000203e-01 2.793290138244628906e+00
7.322049999999999947e-01 2.793290138244628906e+00
7.349020000000000552e-01 2.793290138244628906e+00
7.377240000000000464e-01 2.793290138244628906e+00
7.405990000000000073e-01 2.798464775085449219e+00
7.432919999999999527e-01 2.793290138244628906e+00
7.461250000000000382e-01 2.788115501403808594e+00
7.489649999999999919e-01 2.793290138244628906e+00
7.518019999999999703e-01 2.788115501403808594e+00
7.544819999999999860e-01 2.788115501403808594e+00
7.573189999999999644e-01 2.788115501403808594e+00
7.601539999999999964e-01 2.788115501403808594e+00
7.629960000000000075e-01 2.788115501403808594e+00
7.660000000000000142e-01 2.788115501403808594e+00
7.689660000000000384e-01 2.788115501403808594e+00
7.741240000000000343e-01 2.782940864562988281e+00
7.769580000000000375e-01 2.782940864562988281e+00
7.797880000000000367e-01 2.782940864562988281e+00
7.824659999999999949e-01 2.782940864562988281e+00
7.851609999999999978e-01 2.782940864562988281e+00
7.879960000000000298e-01 2.782940864562988281e+00
7.906750000000000167e-01 2.782940864562988281e+00
7.933769999999999989e-01 2.782940864562988281e+00
7.962010000000000476e-01 2.793290138244628906e+00
7.988819999999999810e-01 2.793290138244628906e+00
8.015600000000000502e-01 2.793290138244628906e+00
8.044229999999999992e-01 2.793290138244628906e+00
8.070899999999999741e-01 2.793290138244628906e+00
8.099220000000000308e-01 2.793290138244628906e+00
8.127630000000000132e-01 2.793290138244628906e+00
8.156109999999999749e-01 2.793290138244628906e+00
8.182850000000000401e-01 2.793290138244628906e+00
8.209790000000000143e-01 2.793290138244628906e+00
8.238370000000000415e-01 2.798464775085449219e+00
8.264939999999999509e-01 2.798464775085449219e+00
8.293310000000000404e-01 2.793290138244628906e+00
8.321800000000000308e-01 2.793290138244628906e+00
8.350090000000000012e-01 2.793290138244628906e+00
8.377409999999999579e-01 2.793290138244628906e+00
8.405669999999999531e-01 2.793290138244628906e+00
8.432629999999999848e-01 2.793290138244628906e+00
8.459389999999999965e-01 2.793290138244628906e+00
8.487740000000000284e-01 2.788115501403808594e+00
8.514530000000000154e-01 2.788115501403808594e+00
8.541379999999999528e-01 2.782940864562988281e+00
8.569799999999999640e-01 2.782940864562988281e+00
8.596620000000000372e-01 2.777766227722167969e+00
8.623450000000000282e-01 2.782940864562988281e+00
8.651849999999999818e-01 2.782940864562988281e+00
8.678700000000000303e-01 2.782940864562988281e+00
8.705580000000000540e-01 2.782940864562988281e+00
8.734100000000000197e-01 2.782940864562988281e+00
8.760769999999999946e-01 2.782940864562988281e+00
8.787669999999999648e-01 2.782940864562988281e+00
8.843649999999999567e-01 2.782940864562988281e+00
8.871900000000000341e-01 2.782940864562988281e+00
8.898819999999999508e-01 2.782940864562988281e+00
8.927230000000000443e-01 2.788115501403808594e+00
8.955640000000000267e-01 2.793290138244628906e+00
8.983950000000000546e-01 2.793290138244628906e+00
9.013839999999999630e-01 2.793290138244628906e+00
9.042259999999999742e-01 2.793290138244628906e+00
9.069110000000000227e-01 2.793290138244628906e+00
9.097450000000000259e-01 2.793290138244628906e+00
9.125870000000000370e-01 2.793290138244628906e+00
9.154379999999999740e-01 2.798464775085449219e+00
9.181080000000000352e-01 2.793290138244628906e+00
9.209450000000000136e-01 2.798464775085449219e+00
9.237900000000000000e-01 2.793290138244628906e+00
9.264769999999999950e-01 2.793290138244628906e+00
9.291669999999999652e-01 2.793290138244628906e+00
9.318670000000000009e-01 2.793290138244628906e+00
9.345649999999999791e-01 2.793290138244628906e+00
9.373899999999999455e-01 2.793290138244628906e+00
9.400730000000000475e-01 2.793290138244628906e+00
9.427590000000000137e-01 2.793290138244628906e+00
9.456029999999999713e-01 2.788115501403808594e+00
9.482850000000000446e-01 2.788115501403808594e+00
9.511199999999999655e-01 2.788115501403808594e+00
9.539649999999999519e-01 2.782940864562988281e+00
9.567959999999999798e-01 2.782940864562988281e+00
9.594719999999999915e-01 2.782940864562988281e+00
9.621659999999999657e-01 2.788115501403808594e+00
9.649999999999999689e-01 2.782940864562988281e+00
9.676810000000000134e-01 2.782940864562988281e+00
9.703659999999999508e-01 2.782940864562988281e+00
9.732229999999999492e-01 2.782940864562988281e+00
9.758940000000000392e-01 2.782940864562988281e+00
9.787299999999999889e-01 2.788115501403808594e+00
9.815639999999999921e-01 2.788115501403808594e+00
9.844100000000000072e-01 2.788115501403808594e+00
9.870980000000000310e-01 2.788115501403808594e+00
9.899329999999999519e-01 2.788115501403808594e+00
9.956739999999999480e-01 2.793290138244628906e+00
9.985009999999999719e-01 2.793290138244628906e+00
1.004542999999999964e+00 2.793290138244628906e+00
1.008650999999999964e+00 2.793290138244628906e+00
1.012736999999999998e+00 2.793290138244628906e+00
1.016815000000000024e+00 2.793290138244628906e+00
1.020912999999999959e+00 2.793290138244628906e+00
1.025015000000000009e+00 2.793290138244628906e+00
1.029069999999999929e+00 2.793290138244628906e+00
1.033212000000000019e+00 2.793290138244628906e+00
1.037293000000000021e+00 2.788115501403808594e+00
1.041355000000000031e+00 2.793290138244628906e+00
1.045490999999999948e+00 2.793290138244628906e+00
1.049530999999999992e+00 2.788115501403808594e+00
1.053633000000000042e+00 2.782940864562988281e+00
1.057641999999999971e+00 2.782940864562988281e+00
1.061662000000000106e+00 2.782940864562988281e+00
1.065773000000000081e+00 2.788115501403808594e+00
1.069787999999999961e+00 2.788115501403808594e+00
1.073922000000000043e+00 2.788115501403808594e+00
1.077979999999999938e+00 2.788115501403808594e+00
1.087375999999999898e+00 2.788115501403808594e+00
1.093903000000000070e+00 2.788115501403808594e+00
1.102962999999999916e+00 2.793290138244628906e+00
1.111429000000000000e+00 2.798464775085449219e+00
1.114964000000000066e+00 2.793290138244628906e+00
1.123758000000000035e+00 2.793290138244628906e+00
1.131839000000000039e+00 2.793290138244628906e+00
1.136252000000000040e+00 2.793290138244628906e+00
1.142757000000000023e+00 2.793290138244628906e+00
1.146338999999999997e+00 2.788115501403808594e+00
1.149861000000000022e+00 2.788115501403808594e+00
1.153448999999999947e+00 2.788115501403808594e+00
1.156973000000000029e+00 2.788115501403808594e+00
1.160503999999999980e+00 2.788115501403808594e+00
1.164047000000000054e+00 2.788115501403808594e+00
1.166784999999999961e+00 2.788115501403808594e+00
1.169729999999999936e+00 2.793290138244628906e+00
1.173381000000000007e+00 2.788115501403808594e+00
1.176911999999999958e+00 2.788115501403808594e+00
1.180436000000000041e+00 2.788115501403808594e+00
1.183991999999999933e+00 2.788115501403808594e+00
1.187524000000000024e+00 2.782940864562988281e+00
1.191052000000000000e+00 2.788115501403808594e+00
1.194614000000000065e+00 2.793290138244628906e+00
1.198155000000000081e+00 2.793290138244628906e+00
1.201689000000000007e+00 2.793290138244628906e+00
1.205294000000000088e+00 2.793290138244628906e+00
1.208901000000000003e+00 2.788115501403808594e+00
1.212449000000000110e+00 2.793290138244628906e+00
1.215996999999999995e+00 2.793290138244628906e+00
1.219546999999999937e+00 2.793290138244628906e+00
1.223203000000000040e+00 2.793290138244628906e+00
1.228844999999999965e+00 2.793290138244628906e+00
1.232418999999999931e+00 2.793290138244628906e+00
1.235989000000000004e+00 2.793290138244628906e+00
1.239551000000000069e+00 2.798464775085449219e+00
1.243165000000000076e+00 2.793290138244628906e+00
1.246742000000000017e+00 2.788115501403808594e+00
1.250296000000000074e+00 2.788115501403808594e+00
1.253870000000000040e+00 2.788115501403808594e+00
1.257435999999999998e+00 2.788115501403808594e+00
1.260996000000000006e+00 2.788115501403808594e+00
1.264591999999999938e+00 2.788115501403808594e+00
1.267427999999999999e+00 2.788115501403808594e+00
1.270404000000000089e+00 2.788115501403808594e+00
1.274046999999999930e+00 2.782940864562988281e+00
1.277644999999999920e+00 2.782940864562988281e+00
1.281246000000000107e+00 2.782940864562988281e+00
1.284909999999999997e+00 2.782940864562988281e+00
1.288521999999999945e+00 2.777766227722167969e+00
1.292130000000000001e+00 2.788115501403808594e+00
1.295722999999999958e+00 2.788115501403808594e+00
1.299306000000000072e+00 2.793290138244628906e+00
1.302899999999999947e+00 2.793290138244628906e+00
1.306497999999999937e+00 2.793290138244628906e+00
1.310221999999999998e+00 2.793290138244628906e+00
1.313830999999999971e+00 2.793290138244628906e+00
1.317442999999999920e+00 2.798464775085449219e+00
1.321039999999999992e+00 2.793290138244628906e+00
1.324629000000000056e+00 2.793290138244628906e+00
1.328227999999999964e+00 2.793290138244628906e+00
1.331820999999999922e+00 2.798464775085449219e+00
1.335496999999999934e+00 2.793290138244628906e+00
1.340910000000000046e+00 2.793290138244628906e+00
1.344599000000000100e+00 2.793290138244628906e+00
1.347475999999999896e+00 2.788115501403808594e+00
1.350489000000000051e+00 2.788115501403808594e+00
1.354130000000000056e+00 2.788115501403808594e+00
1.357736000000000054e+00 2.782940864562988281e+00
1.361353999999999953e+00 2.782940864562988281e+00
1.365080000000000071e+00 2.782940864562988281e+00
1.368708999999999953e+00 2.782940864562988281e+00
1.372349999999999959e+00 2.782940864562988281e+00
1.375216999999999912e+00 2.782940864562988281e+00
1.378249999999999975e+00 2.788115501403808594e+00
1.381871999999999989e+00 2.782940864562988281e+00
1.385575999999999919e+00 2.782940864562988281e+00
1.389259999999999939e+00 2.782940864562988281e+00
1.392889000000000044e+00 2.782940864562988281e+00
1.396527999999999992e+00 2.793290138244628906e+00
1.400152000000000063e+00 2.793290138244628906e+00
1.403882999999999992e+00 2.793290138244628906e+00
1.407548999999999939e+00 2.793290138244628906e+00
1.411232999999999960e+00 2.798464775085449219e+00
1.414954000000000045e+00 2.798464775085449219e+00
1.418611999999999984e+00 2.793290138244628906e+00
1.422269000000000005e+00 2.793290138244628906e+00
1.425947000000000076e+00 2.793290138244628906e+00
1.429613999999999940e+00 2.793290138244628906e+00
1.433327000000000018e+00 2.793290138244628906e+00
1.436236999999999986e+00 2.793290138244628906e+00
1.439316999999999958e+00 2.793290138244628906e+00
1.442960000000000020e+00 2.793290138244628906e+00
1.446633999999999975e+00 2.788115501403808594e+00
1.452320000000000055e+00 2.782940864562988281e+00
1.456056999999999935e+00 2.782940864562988281e+00
1.459715000000000096e+00 2.782940864562988281e+00
1.463464000000000098e+00 2.782940864562988281e+00
1.467147999999999897e+00 2.782940864562988281e+00
1.470045999999999964e+00 2.782940864562988281e+00
1.473171999999999926e+00 2.782940864562988281e+00
1.476844999999999963e+00 2.782940864562988281e+00
1.480515999999999943e+00 2.782940864562988281e+00
1.484205999999999914e+00 2.788115501403808594e+00
1.487873000000000001e+00 2.788115501403808594e+00
1.491541999999999923e+00 2.788115501403808594e+00
1.495295000000000041e+00 2.793290138244628906e+00
1.498985999999999930e+00 2.793290138244628906e+00
1.502656999999999909e+00 2.793290138244628906e+00
1.506364000000000036e+00 2.793290138244628906e+00
1.509265999999999996e+00 2.793290138244628906e+00
1.512413999999999925e+00 2.793290138244628906e+00
1.516113000000000044e+00 2.798464775085449219e+00
1.519797999999999982e+00 2.793290138244628906e+00
1.523533999999999944e+00 2.793290138244628906e+00
1.527233999999999980e+00 2.793290138244628906e+00
1.530920999999999976e+00 2.788115501403808594e+00
1.534623999999999988e+00 2.793290138244628906e+00
1.538351000000000024e+00 2.788115501403808594e+00
1.541228000000000042e+00 2.793290138244628906e+00
1.544400999999999913e+00 2.788115501403808594e+00
1.548106999999999900e+00 2.782940864562988281e+00
1.551817000000000002e+00 2.782940864562988281e+00
1.555660000000000043e+00 2.788115501403808594e+00
1.559388999999999914e+00 2.782940864562988281e+00
1.565020999999999995e+00 2.788115501403808594e+00
1.568780000000000063e+00 2.788115501403808594e+00
1.572522999999999893e+00 2.782940864562988281e+00
1.576265000000000027e+00 2.788115501403808594e+00
1.579985999999999891e+00 2.788115501403808594e+00
1.583771000000000040e+00 2.788115501403808594e+00
1.587485000000000035e+00 2.788115501403808594e+00
1.591264999999999930e+00 2.788115501403808594e+00
1.595077000000000078e+00 2.793290138244628906e+00
1.598808000000000007e+00 2.798464775085449219e+00
1.602559999999999985e+00 2.793290138244628906e+00
1.606340000000000101e+00 2.793290138244628906e+00
1.610090000000000021e+00 2.793290138244628906e+00
1.613893999999999940e+00 2.793290138244628906e+00
1.617636999999999992e+00 2.793290138244628906e+00
1.621369000000000060e+00 2.793290138244628906e+00
1.625220000000000109e+00 2.793290138244628906e+00
1.628954000000000013e+00 2.793290138244628906e+00
1.632694000000000090e+00 2.793290138244628906e+00
1.635653000000000024e+00 2.793290138244628906e+00
1.638813999999999993e+00 2.793290138244628906e+00
1.642562999999999995e+00 2.793290138244628906e+00
1.646330000000000071e+00 2.788115501403808594e+00
1.650077000000000016e+00 2.782940864562988281e+00
1.653901999999999983e+00 2.788115501403808594e+00
1.657664999999999944e+00 2.788115501403808594e+00
1.661423000000000094e+00 2.788115501403808594e+00
1.665248000000000062e+00 2.788115501403808594e+00
1.669054000000000038e+00 2.788115501403808594e+00
1.676153999999999922e+00 2.788115501403808594e+00
1.679923000000000055e+00 2.788115501403808594e+00
1.683764999999999956e+00 2.788115501403808594e+00
1.687545000000000073e+00 2.788115501403808594e+00
1.691365000000000007e+00 2.788115501403808594e+00
1.695221000000000089e+00 2.788115501403808594e+00
1.698995999999999951e+00 2.788115501403808594e+00
1.702769999999999895e+00 2.793290138244628906e+00
1.706611000000000100e+00 2.793290138244628906e+00
1.710418999999999912e+00 2.793290138244628906e+00
1.713413999999999993e+00 2.793290138244628906e+00
1.716630000000000100e+00 2.793290138244628906e+00
1.720420999999999978e+00 2.793290138244628906e+00
1.724237000000000020e+00 2.793290138244628906e+00
1.728021000000000029e+00 2.793290138244628906e+00
1.731811999999999907e+00 2.793290138244628906e+00
1.735675000000000079e+00 2.793290138244628906e+00
1.738642000000000021e+00 2.793290138244628906e+00
1.741918999999999995e+00 2.793290138244628906e+00
1.745775999999999994e+00 2.793290138244628906e+00
1.749616000000000060e+00 2.788115501403808594e+00
1.753465000000000051e+00 2.788115501403808594e+00
1.757281000000000093e+00 2.788115501403808594e+00
1.760267999999999944e+00 2.788115501403808594e+00
1.763544000000000000e+00 2.788115501403808594e+00
1.767363000000000017e+00 2.788115501403808594e+00
1.771174999999999944e+00 2.788115501403808594e+00
1.775095000000000089e+00 2.788115501403808594e+00
1.780901999999999985e+00 2.782940864562988281e+00
1.784775999999999918e+00 2.782940864562988281e+00
1.788597999999999910e+00 2.782940864562988281e+00
1.792407000000000084e+00 2.782940864562988281e+00
1.796262000000000025e+00 2.793290138244628906e+00
1.800473999999999908e+00 2.793290138244628906e+00
1.805026999999999937e+00 2.793290138244628906e+00
1.809590999999999950e+00 2.793290138244628906e+00
1.814251999999999976e+00 2.793290138244628906e+00
1.818785000000000096e+00 2.793290138244628906e+00
1.823420000000000041e+00 2.793290138244628906e+00
1.827963999999999922e+00 2.793290138244628906e+00
1.832486999999999977e+00 2.798464775085449219e+00
1.837034000000000056e+00 2.793290138244628906e+00
1.841580999999999912e+00 2.793290138244628906e+00
1.846240000000000103e+00 2.793290138244628906e+00
1.850802999999999976e+00 2.788115501403808594e+00
1.855447999999999986e+00 2.788115501403808594e+00
1.859998000000000040e+00 2.788115501403808594e+00
1.864552999999999905e+00 2.782940864562988281e+00
1.869102000000000041e+00 2.782940864562988281e+00
1.873777999999999944e+00 2.782940864562988281e+00
1.878419999999999979e+00 2.782940864562988281e+00
1.883000000000000007e+00 2.782940864562988281e+00
1.887598000000000109e+00 2.782940864562988281e+00
1.895000000000000018e+00 2.788115501403808594e+00
1.899639000000000078e+00 2.793290138244628906e+00
1.903577000000000075e+00 2.793290138244628906e+00
1.907507000000000064e+00 2.793290138244628906e+00
1.911388000000000087e+00 2.793290138244628906e+00
1.915451000000000015e+00 2.793290138244628906e+00
1.919354999999999922e+00 2.793290138244628906e+00
1.923322999999999894e+00 2.793290138244628906e+00
1.927213999999999983e+00 2.793290138244628906e+00
1.931100999999999956e+00 2.793290138244628906e+00
1.935078000000000076e+00 2.793290138244628906e+00
1.938959000000000099e+00 2.793290138244628906e+00
1.942846000000000073e+00 2.793290138244628906e+00
1.946773000000000087e+00 2.788115501403808594e+00
1.950649999999999995e+00 2.782940864562988281e+00
1.954585999999999935e+00 2.782940864562988281e+00
1.958491999999999900e+00 2.782940864562988281e+00
1.962385000000000046e+00 2.788115501403808594e+00
1.966301999999999994e+00 2.788115501403808594e+00
1.970199000000000034e+00 2.788115501403808594e+00
1.974118999999999957e+00 2.782940864562988281e+00
1.978016999999999914e+00 2.782940864562988281e+00
1.982018999999999975e+00 2.782940864562988281e+00
1.985929000000000055e+00 2.782940864562988281e+00
1.989832000000000045e+00 2.782940864562988281e+00
1.993805999999999967e+00 2.788115501403808594e+00
1.997776999999999914e+00 2.793290138244628906e+00
2.005106000000000055e+00 2.793290138244628906e+00
2.009024000000000143e+00 2.793290138244628906e+00
2.012036000000000158e+00 2.793290138244628906e+00
2.015594000000000108e+00 2.793290138244628906e+00
2.018626999999999949e+00 2.793290138244628906e+00
2.021975999999999996e+00 2.793290138244628906e+00
2.025063999999999975e+00 2.793290138244628906e+00
2.028429000000000038e+00 2.793290138244628906e+00
2.032369000000000092e+00 2.793290138244628906e+00
2.035419000000000089e+00 2.793290138244628906e+00
2.038759999999999906e+00 2.793290138244628906e+00
2.042707000000000050e+00 2.793290138244628906e+00
2.046654000000000195e+00 2.788115501403808594e+00
2.050586000000000020e+00 2.782940864562988281e+00
2.054561000000000082e+00 2.782940864562988281e+00
2.058514000000000177e+00 2.788115501403808594e+00
2.062469999999999803e+00 2.782940864562988281e+00
2.066425999999999874e+00 2.782940864562988281e+00
2.070380000000000109e+00 2.782940864562988281e+00
2.074326000000000114e+00 2.788115501403808594e+00
2.078272000000000119e+00 2.788115501403808594e+00
2.082222999999999935e+00 2.788115501403808594e+00
2.088178000000000090e+00 2.788115501403808594e+00
2.093783999999999867e+00 2.788115501403808594e+00
2.100588000000000122e+00 2.793290138244628906e+00
2.106206999999999940e+00 2.793290138244628906e+00
2.112624999999999975e+00 2.798464775085449219e+00
2.118727999999999945e+00 2.793290138244628906e+00
2.124287999999999954e+00 2.793290138244628906e+00
2.131756000000000206e+00 2.793290138244628906e+00
2.137464000000000031e+00 2.793290138244628906e+00
2.145115999999999801e+00 2.788115501403808594e+00
2.149097999999999953e+00 2.782940864562988281e+00
2.153156000000000070e+00 2.788115501403808594e+00
2.157164999999999999e+00 2.788115501403808594e+00
2.161150999999999822e+00 2.788115501403808594e+00
2.165249999999999897e+00 2.788115501403808594e+00
2.169238000000000000e+00 2.793290138244628906e+00
2.173290999999999862e+00 2.788115501403808594e+00
2.177280000000000104e+00 2.788115501403808594e+00
2.181281999999999943e+00 2.788115501403808594e+00
2.184479000000000060e+00 2.788115501403808594e+00
2.187898999999999816e+00 2.788115501403808594e+00
2.191898999999999820e+00 2.788115501403808594e+00
2.196002000000000010e+00 2.793290138244628906e+00
2.199054999999999982e+00 2.793290138244628906e+00
2.202465000000000117e+00 2.793290138244628906e+00
2.206504999999999939e+00 2.793290138244628906e+00
2.210500000000000131e+00 2.793290138244628906e+00
2.214536999999999978e+00 2.793290138244628906e+00
2.218611999999999806e+00 2.793290138244628906e+00
2.224798999999999971e+00 2.793290138244628906e+00
2.228861000000000203e+00 2.793290138244628906e+00
2.232871999999999968e+00 2.793290138244628906e+00
2.236920000000000019e+00 2.793290138244628906e+00
2.240936000000000039e+00 2.793290138244628906e+00
2.244965000000000099e+00 2.793290138244628906e+00
2.248981000000000119e+00 2.788115501403808594e+00
2.252032999999999952e+00 2.788115501403808594e+00
2.255589000000000066e+00 2.788115501403808594e+00
2.259634000000000142e+00 2.793290138244628906e+00
2.263719000000000037e+00 2.788115501403808594e+00
2.267739999999999867e+00 2.788115501403808594e+00
2.271773000000000042e+00 2.788115501403808594e+00
2.275868000000000002e+00 2.788115501403808594e+00
2.279895999999999923e+00 2.788115501403808594e+00
2.284009999999999874e+00 2.788115501403808594e+00
2.288051999999999975e+00 2.782940864562988281e+00
2.292091999999999796e+00 2.782940864562988281e+00
2.296139999999999848e+00 2.793290138244628906e+00
2.300177000000000138e+00 2.793290138244628906e+00
2.304234000000000115e+00 2.793290138244628906e+00
2.308269999999999822e+00 2.793290138244628906e+00
2.312355000000000160e+00 2.793290138244628906e+00
2.316446000000000005e+00 2.793290138244628906e+00
2.320721999999999952e+00 2.793290138244628906e+00
2.324790000000000134e+00 2.793290138244628906e+00
2.328923000000000076e+00 2.798464775085449219e+00
2.335157000000000149e+00 2.793290138244628906e+00
2.338775000000000048e+00 2.793290138244628906e+00
2.342842000000000091e+00 2.793290138244628906e+00
2.346925000000000150e+00 2.788115501403808594e+00
2.350978000000000012e+00 2.788115501403808594e+00
2.355056999999999956e+00 2.788115501403808594e+00
2.359119999999999884e+00 2.788115501403808594e+00
2.363243999999999900e+00 2.782940864562988281e+00
2.367325999999999819e+00 2.788115501403808594e+00
2.371402999999999928e+00 2.788115501403808594e+00
2.375544000000000100e+00 2.782940864562988281e+00
2.378652000000000211e+00 2.782940864562988281e+00
2.382150000000000212e+00 2.782940864562988281e+00
2.385243000000000002e+00 2.782940864562988281e+00
2.388738000000000028e+00 2.782940864562988281e+00
2.392962999999999951e+00 2.782940864562988281e+00
2.397063999999999862e+00 2.793290138244628906e+00
2.401161999999999797e+00 2.793290138244628906e+00
2.405326000000000075e+00 2.793290138244628906e+00
2.409406999999999854e+00 2.793290138244628906e+00
2.413568000000000158e+00 2.793290138244628906e+00
2.417656000000000027e+00 2.793290138244628906e+00
2.421785999999999994e+00 2.793290138244628906e+00
2.425956999999999919e+00 2.793290138244628906e+00
2.429025000000000212e+00 2.793290138244628906e+00
2.432554999999999801e+00 2.793290138244628906e+00
2.436671000000000031e+00 2.793290138244628906e+00
2.440821000000000129e+00 2.793290138244628906e+00
2.452567000000000164e+00 2.782940864562988281e+00
2.455604000000000120e+00 2.782940864562988281e+00
2.459141999999999939e+00 2.788115501403808594e+00
2.462235999999999869e+00 2.782940864562988281e+00
2.465861999999999998e+00 2.788115501403808594e+00
2.469984000000000179e+00 2.782940864562988281e+00
2.474124000000000212e+00 2.782940864562988281e+00
2.477271000000000001e+00 2.788115501403808594e+00
2.480823000000000000e+00 2.788115501403808594e+00
2.484945000000000181e+00 2.782940864562988281e+00
2.489069000000000198e+00 2.788115501403808594e+00
2.493272000000000155e+00 2.793290138244628906e+00
2.497434000000000154e+00 2.793290138244628906e+00
2.501562999999999981e+00 2.793290138244628906e+00
2.505773000000000028e+00 2.793290138244628906e+00
2.509904000000000135e+00 2.793290138244628906e+00
2.514092999999999911e+00 2.798464775085449219e+00
2.518234000000000083e+00 2.798464775085449219e+00
2.522390000000000132e+00 2.793290138244628906e+00
2.526533000000000140e+00 2.793290138244628906e+00
2.529615999999999865e+00 2.798464775085449219e+00
2.533255000000000035e+00 2.793290138244628906e+00
2.537434999999999885e+00 2.793290138244628906e+00
2.541580999999999868e+00 2.788115501403808594e+00
2.545812000000000186e+00 2.788115501403808594e+00
2.549962999999999980e+00 2.788115501403808594e+00
2.554129999999999789e+00 2.782940864562988281e+00
2.558355999999999852e+00 2.782940864562988281e+00
2.564404999999999824e+00 2.788115501403808594e+00
2.568620000000000125e+00 2.788115501403808594e+00
2.572785999999999795e+00 2.782940864562988281e+00
2.576989000000000196e+00 2.793290138244628906e+00
2.581164999999999932e+00 2.788115501403808594e+00
2.585442000000000018e+00 2.788115501403808594e+00
2.589618999999999893e+00 2.788115501403808594e+00
2.593855000000000022e+00 2.793290138244628906e+00
2.598030000000000062e+00 2.793290138244628906e+00
2.602212000000000192e+00 2.793290138244628906e+00
2.606857000000000202e+00 2.793290138244628906e+00
2.611906999999999979e+00 2.798464775085449219e+00
2.617020000000000124e+00 2.793290138244628906e+00
2.622170000000000112e+00 2.793290138244628906e+00
2.627215000000000078e+00 2.798464775085449219e+00
2.632302000000000142e+00 2.793290138244628906e+00
2.637373000000000189e+00 2.793290138244628906e+00
2.642422999999999966e+00 2.793290138244628906e+00
2.647480999999999973e+00 2.788115501403808594e+00
2.652515999999999874e+00 2.782940864562988281e+00
2.657615999999999978e+00 2.782940864562988281e+00
2.662682999999999911e+00 2.788115501403808594e+00
2.667771999999999810e+00 2.788115501403808594e+00
2.672857000000000038e+00 2.788115501403808594e+00
2.680705000000000116e+00 2.788115501403808594e+00
2.685802999999999940e+00 2.793290138244628906e+00
2.690894000000000119e+00 2.793290138244628906e+00
2.696105999999999892e+00 2.793290138244628906e+00
2.701191000000000120e+00 2.793290138244628906e+00
2.706160000000000121e+00 2.788115501403808594e+00
2.710374999999999979e+00 2.793290138244628906e+00
2.714621999999999868e+00 2.793290138244628906e+00
2.718840000000000146e+00 2.793290138244628906e+00
2.723322000000000020e+00 2.793290138244628906e+00
2.727549999999999919e+00 2.793290138244628906e+00
2.731780000000000097e+00 2.793290138244628906e+00
2.736073000000000199e+00 2.793290138244628906e+00
2.740296999999999983e+00 2.793290138244628906e+00
2.744543000000000177e+00 2.793290138244628906e+00
2.748803000000000107e+00 2.788115501403808594e+00
2.753073999999999799e+00 2.788115501403808594e+00
2.757270999999999805e+00 2.788115501403808594e+00
2.761499000000000148e+00 2.788115501403808594e+00
2.765852999999999895e+00 2.793290138244628906e+00
2.770090999999999859e+00 2.788115501403808594e+00
2.773273999999999795e+00 2.788115501403808594e+00
2.776949000000000112e+00 2.788115501403808594e+00
2.781193000000000026e+00 2.788115501403808594e+00
2.785519999999999996e+00 2.782940864562988281e+00
2.791980999999999824e+00 2.782940864562988281e+00
2.795250999999999930e+00 2.793290138244628906e+00
2.798944999999999794e+00 2.793290138244628906e+00
2.803256999999999888e+00 2.793290138244628906e+00
2.807538999999999785e+00 2.793290138244628906e+00
2.811811000000000060e+00 2.793290138244628906e+00
2.816157000000000021e+00 2.793290138244628906e+00
2.820453000000000099e+00 2.793290138244628906e+00
2.824786000000000019e+00 2.793290138244628906e+00
2.829077999999999982e+00 2.793290138244628906e+00
2.833403999999999812e+00 2.793290138244628906e+00
2.837683000000000177e+00 2.793290138244628906e+00
2.841956000000000149e+00 2.798464775085449219e+00
2.846309000000000200e+00 2.793290138244628906e+00
2.850575000000000081e+00 2.788115501403808594e+00
2.854862999999999928e+00 2.788115501403808594e+00
2.859125999999999834e+00 2.788115501403808594e+00
2.863462000000000174e+00 2.788115501403808594e+00
2.866658000000000150e+00 2.788115501403808594e+00
2.870359000000000105e+00 2.788115501403808594e+00
2.874633999999999912e+00 2.782940864562988281e+00
2.878918000000000088e+00 2.782940864562988281e+00
2.883270000000000000e+00 2.788115501403808594e+00
2.887557000000000151e+00 2.788115501403808594e+00
2.891837999999999909e+00 2.788115501403808594e+00
2.896193999999999935e+00 2.788115501403808594e+00
2.900530999999999970e+00 2.793290138244628906e+00
2.907093999999999845e+00 2.788115501403808594e+00
2.911417999999999839e+00 2.793290138244628906e+00
2.915791000000000022e+00 2.793290138244628906e+00
2.920097999999999860e+00 2.793290138244628906e+00
2.924650000000000194e+00 2.798464775085449219e+00
2.928974000000000188e+00 2.793290138244628906e+00
2.933336999999999861e+00 2.793290138244628906e+00
2.937640000000000029e+00 2.793290138244628906e+00
2.941965000000000163e+00 2.798464775085449219e+00
2.946429000000000187e+00 2.793290138244628906e+00
2.950756000000000157e+00 2.793290138244628906e+00
2.955112999999999879e+00 2.782940864562988281e+00
2.959442999999999824e+00 2.788115501403808594e+00
2.962667999999999857e+00 2.782940864562988281e+00
2.966505000000000170e+00 2.788115501403808594e+00
2.970826000000000189e+00 2.788115501403808594e+00
2.975134000000000167e+00 2.782940864562988281e+00
2.979509000000000185e+00 2.782940864562988281e+00
2.983956000000000053e+00 2.782940864562988281e+00
2.988277000000000072e+00 2.782940864562988281e+00
2.992593999999999976e+00 2.782940864562988281e+00
2.996970000000000134e+00 2.793290138244628906e+00
3.001303000000000054e+00 2.798464775085449219e+00
3.005720000000000169e+00 2.793290138244628906e+00
3.010057999999999900e+00 2.793290138244628906e+00
3.016547999999999785e+00 2.798464775085449219e+00
3.020912000000000042e+00 2.793290138244628906e+00
3.025335000000000107e+00 2.793290138244628906e+00
3.029694000000000109e+00 2.798464775085449219e+00
3.034104999999999830e+00 2.798464775085449219e+00
3.038454999999999906e+00 2.798464775085449219e+00
3.042806999999999817e+00 2.793290138244628906e+00
3.047184000000000115e+00 2.788115501403808594e+00
3.051515000000000200e+00 2.788115501403808594e+00
3.055950000000000166e+00 2.782940864562988281e+00
3.060324000000000044e+00 2.782940864562988281e+00
3.064703000000000177e+00 2.788115501403808594e+00
3.069059999999999899e+00 2.788115501403808594e+00
3.073475000000000179e+00 2.782940864562988281e+00
3.077844999999999942e+00 2.788115501403808594e+00
3.082288999999999835e+00 2.793290138244628906e+00
3.088986999999999927e+00 2.788115501403808594e+00
3.098221999999999809e+00 2.793290138244628906e+00
3.105350000000000055e+00 2.793290138244628906e+00
3.112886000000000042e+00 2.798464775085449219e+00
3.121175000000000033e+00 2.793290138244628906e+00
3.130075999999999858e+00 2.793290138244628906e+00
3.142485000000000195e+00 2.793290138244628906e+00
3.146872000000000114e+00 2.788115501403808594e+00
3.151272000000000073e+00 2.782940864562988281e+00
3.155781000000000169e+00 2.782940864562988281e+00
3.160175999999999874e+00 2.788115501403808594e+00
3.164597999999999800e+00 2.788115501403808594e+00
3.168991000000000113e+00 2.788115501403808594e+00
3.173579000000000150e+00 2.788115501403808594e+00
3.177976000000000134e+00 2.788115501403808594e+00
3.181220999999999854e+00 2.788115501403808594e+00
3.185083000000000109e+00 2.788115501403808594e+00
3.189490000000000158e+00 2.788115501403808594e+00
3.193995999999999835e+00 2.788115501403808594e+00
3.198424999999999851e+00 2.793290138244628906e+00
3.202838999999999992e+00 2.793290138244628906e+00
3.207272999999999818e+00 2.793290138244628906e+00
3.211699999999999999e+00 2.793290138244628906e+00
3.216209000000000096e+00 2.793290138244628906e+00
3.220619999999999816e+00 2.793290138244628906e+00
3.225146000000000068e+00 2.793290138244628906e+00
3.229589999999999961e+00 2.793290138244628906e+00
3.234084999999999877e+00 2.793290138244628906e+00
3.238516999999999868e+00 2.793290138244628906e+00
3.242957000000000090e+00 2.793290138244628906e+00
3.247396999999999867e+00 2.788115501403808594e+00
3.253992000000000218e+00 2.788115501403808594e+00
3.258293999999999802e+00 2.788115501403808594e+00
3.262732999999999883e+00 2.788115501403808594e+00
3.267167999999999850e+00 2.793290138244628906e+00
3.271600999999999981e+00 2.788115501403808594e+00
3.276104999999999823e+00 2.788115501403808594e+00
3.280545000000000044e+00 2.788115501403808594e+00
3.285026999999999919e+00 2.793290138244628906e+00
3.289458999999999911e+00 2.788115501403808594e+00
3.293951999999999991e+00 2.788115501403808594e+00
3.298399999999999999e+00 2.793290138244628906e+00
3.302846999999999866e+00 2.793290138244628906e+00
3.307307000000000219e+00 2.793290138244628906e+00
3.311752999999999947e+00 2.793290138244628906e+00
3.316284000000000010e+00 2.793290138244628906e+00
3.320739999999999803e+00 2.793290138244628906e+00
3.324047000000000196e+00 2.793290138244628906e+00
3.327973000000000070e+00 2.793290138244628906e+00
3.331236999999999782e+00 2.793290138244628906e+00
3.335135000000000183e+00 2.793290138244628906e+00
3.338432000000000066e+00 2.793290138244628906e+00
3.342321000000000097e+00 2.793290138244628906e+00
3.346801000000000137e+00 2.788115501403808594e+00
3.351255999999999791e+00 2.788115501403808594e+00
3.355805000000000149e+00 2.788115501403808594e+00
3.360266999999999893e+00 2.793290138244628906e+00
3.366683999999999788e+00 2.788115501403808594e+00
3.371208999999999900e+00 2.788115501403808594e+00
3.375779000000000085e+00 2.782940864562988281e+00
3.380252000000000034e+00 2.782940864562988281e+00
3.384746999999999950e+00 2.782940864562988281e+00
3.388006999999999991e+00 2.782940864562988281e+00
3.391932000000000169e+00 2.788115501403808594e+00
3.396488999999999869e+00 2.793290138244628906e+00
3.400983999999999785e+00 2.793290138244628906e+00
3.405565000000000175e+00 2.793290138244628906e+00
3.410092999999999819e+00 2.793290138244628906e+00
3.414609000000000005e+00 2.793290138244628906e+00
3.419100999999999946e+00 2.798464775085449219e+00
3.423690000000000122e+00 2.793290138244628906e+00
3.428205999999999865e+00 2.793290138244628906e+00
3.432713000000000125e+00 2.798464775085449219e+00
3.437216999999999967e+00 2.793290138244628906e+00
3.441734999999999989e+00 2.798464775085449219e+00
3.446318999999999910e+00 2.793290138244628906e+00
3.450826999999999867e+00 2.788115501403808594e+00
3.455401000000000167e+00 2.788115501403808594e+00
3.459906999999999844e+00 2.788115501403808594e+00
3.464427999999999841e+00 2.788115501403808594e+00
3.468935000000000102e+00 2.788115501403808594e+00
3.473504000000000147e+00 2.788115501403808594e+00
3.479686000000000057e+00 2.782940864562988281e+00
3.482851999999999837e+00 2.782940864562988281e+00
3.486890999999999963e+00 2.782940864562988281e+00
3.490212000000000092e+00 2.788115501403808594e+00
3.494235000000000202e+00 2.788115501403808594e+00
3.498755000000000059e+00 2.793290138244628906e+00
3.501942000000000110e+00 2.798464775085449219e+00
3.505986000000000047e+00 2.798464775085449219e+00
3.510523000000000060e+00 2.793290138244628906e+00
3.515070999999999835e+00 2.798464775085449219e+00
3.519575999999999816e+00 2.798464775085449219e+00
3.524170999999999943e+00 2.798464775085449219e+00
3.528725999999999807e+00 2.793290138244628906e+00
3.533335999999999810e+00 2.798464775085449219e+00
3.536626000000000047e+00 2.798464775085449219e+00
3.540613000000000010e+00 2.798464775085449219e+00
3.545141999999999793e+00 2.788115501403808594e+00
3.548350999999999811e+00 2.788115501403808594e+00
3.552325000000000177e+00 2.782940864562988281e+00
3.556887000000000132e+00 2.782940864562988281e+00
3.560227999999999948e+00 2.788115501403808594e+00
3.564306999999999892e+00 2.788115501403808594e+00
3.568858999999999781e+00 2.782940864562988281e+00
3.573475999999999875e+00 2.782940864562988281e+00
3.578021000000000118e+00 2.788115501403808594e+00
3.582571999999999868e+00 2.788115501403808594e+00
3.587552000000000074e+00 2.793290138244628906e+00
3.594202999999999815e+00 2.793290138244628906e+00
3.597036000000000122e+00 2.793290138244628906e+00
3.599870000000000125e+00 2.798464775085449219e+00
3.604169999999999874e+00 2.798464775085449219e+00
3.608032999999999824e+00 2.798464775085449219e+00
3.612283000000000133e+00 2.793290138244628906e+00
3.616172999999999860e+00 2.793290138244628906e+00
3.619152999999999842e+00 2.798464775085449219e+00
3.623453000000000035e+00 2.793290138244628906e+00
3.627426999999999957e+00 2.793290138244628906e+00
3.631702999999999903e+00 2.793290138244628906e+00
3.635561000000000043e+00 2.793290138244628906e+00
3.638558000000000181e+00 2.788115501403808594e+00
3.642793000000000170e+00 2.798464775085449219e+00
3.646847999999999868e+00 2.788115501403808594e+00
3.649827000000000155e+00 2.782940864562988281e+00
3.654125000000000068e+00 2.788115501403808594e+00
3.657951999999999870e+00 2.788115501403808594e+00
3.660940000000000083e+00 2.782940864562988281e+00
3.665211000000000219e+00 2.788115501403808594e+00
3.669074999999999864e+00 2.788115501403808594e+00
3.672063000000000077e+00 2.793290138244628906e+00
3.675051999999999985e+00 2.793290138244628906e+00
3.678043000000000173e+00 2.793290138244628906e+00
3.682294000000000178e+00 2.788115501403808594e+00
3.686163000000000078e+00 2.788115501403808594e+00
3.689153000000000127e+00 2.793290138244628906e+00
3.693443999999999949e+00 2.788115501403808594e+00
3.697309999999999874e+00 2.793290138244628906e+00
3.703453999999999802e+00 2.793290138244628906e+00
3.707275999999999794e+00 2.793290138244628906e+00
3.710264000000000006e+00 2.798464775085449219e+00
3.713258000000000170e+00 2.798464775085449219e+00
3.716241000000000128e+00 2.793290138244628906e+00
3.719227000000000061e+00 2.793290138244628906e+00
3.723558000000000145e+00 2.788115501403808594e+00
3.727659000000000056e+00 2.793290138244628906e+00
3.730663999999999980e+00 2.793290138244628906e+00
3.733651000000000053e+00 2.793290138244628906e+00
3.736626999999999921e+00 2.793290138244628906e+00
3.740914000000000073e+00 2.798464775085449219e+00
3.744921000000000166e+00 2.788115501403808594e+00
3.747913000000000050e+00 2.788115501403808594e+00
3.750897000000000148e+00 2.793290138244628906e+00
3.753892000000000007e+00 2.788115501403808594e+00
3.756876000000000104e+00 2.788115501403808594e+00
3.759862000000000037e+00 2.793290138244628906e+00
3.762865000000000126e+00 2.793290138244628906e+00
3.767107000000000205e+00 2.793290138244628906e+00
3.771821999999999786e+00 2.788115501403808594e+00
3.776590000000000114e+00 2.788115501403808594e+00
3.781299999999999883e+00 2.788115501403808594e+00
3.786096999999999824e+00 2.788115501403808594e+00
3.790811000000000153e+00 2.788115501403808594e+00
3.794230999999999909e+00 2.793290138244628906e+00
3.797063000000000077e+00 2.793290138244628906e+00
3.801219000000000126e+00 2.793290138244628906e+00
3.806004999999999860e+00 2.793290138244628906e+00
3.810885999999999996e+00 2.793290138244628906e+00
3.818051999999999779e+00 2.793290138244628906e+00
3.822274000000000171e+00 2.793290138244628906e+00
3.827062000000000186e+00 2.793290138244628906e+00
3.831850999999999896e+00 2.793290138244628906e+00
3.836669000000000107e+00 2.793290138244628906e+00
3.841403999999999819e+00 2.798464775085449219e+00
3.846251000000000086e+00 2.793290138244628906e+00
3.850980999999999987e+00 2.793290138244628906e+00
3.855802000000000174e+00 2.788115501403808594e+00
3.860488999999999837e+00 2.793290138244628906e+00
3.865264999999999951e+00 2.788115501403808594e+00
3.870006000000000057e+00 2.793290138244628906e+00
3.874767999999999990e+00 2.793290138244628906e+00
3.879526999999999948e+00 2.788115501403808594e+00
3.884348000000000134e+00 2.788115501403808594e+00
3.889101999999999837e+00 2.782940864562988281e+00
3.893895000000000106e+00 2.788115501403808594e+00
3.898645000000000138e+00 2.793290138244628906e+00
3.903404999999999792e+00 2.793290138244628906e+00
3.908170999999999840e+00 2.793290138244628906e+00
3.912935000000000052e+00 2.793290138244628906e+00
3.917691000000000034e+00 2.793290138244628906e+00
3.922639000000000209e+00 2.798464775085449219e+00
3.931338999999999917e+00 2.798464775085449219e+00
3.936231999999999953e+00 2.798464775085449219e+00
3.940993000000000190e+00 2.793290138244628906e+00
3.945838000000000179e+00 2.793290138244628906e+00
3.950603999999999782e+00 2.793290138244628906e+00
3.954050000000000065e+00 2.788115501403808594e+00
3.958283000000000218e+00 2.788115501403808594e+00
3.963128000000000206e+00 2.788115501403808594e+00
3.967925000000000146e+00 2.788115501403808594e+00
3.972720999999999947e+00 2.782940864562988281e+00
3.977536000000000183e+00 2.782940864562988281e+00
3.982321999999999917e+00 2.782940864562988281e+00
3.987131999999999898e+00 2.788115501403808594e+00
3.991927000000000003e+00 2.788115501403808594e+00
3.996808999999999834e+00 2.788115501403808594e+00
4.000223000000000084e+00 2.793290138244628906e+00
4.004480000000000040e+00 2.798464775085449219e+00
4.009278000000000119e+00 2.798464775085449219e+00
4.014140000000000263e+00 2.798464775085449219e+00
4.018975000000000186e+00 2.793290138244628906e+00
4.023829000000000100e+00 2.798464775085449219e+00
4.028636999999999802e+00 2.798464775085449219e+00
4.033584000000000280e+00 2.798464775085449219e+00
4.040369000000000099e+00 2.793290138244628906e+00
4.045284999999999798e+00 2.793290138244628906e+00
4.050143000000000271e+00 2.788115501403808594e+00
4.054953000000000252e+00 2.788115501403808594e+00
4.059803999999999746e+00 2.788115501403808594e+00
4.064643000000000228e+00 2.788115501403808594e+00
4.069488999999999912e+00 2.782940864562988281e+00
4.074417999999999651e+00 2.782940864562988281e+00
4.077782000000000018e+00 2.788115501403808594e+00
4.082075999999999816e+00 2.788115501403808594e+00
4.087038999999999866e+00 2.788115501403808594e+00
4.207366999999999635e+00 2.793290138244628906e+00
4.219507000000000119e+00 2.793290138244628906e+00
4.232141000000000375e+00 2.793290138244628906e+00
4.238566999999999751e+00 2.793290138244628906e+00
4.246775999999999662e+00 2.788115501403808594e+00
4.255250000000000199e+00 2.788115501403808594e+00
4.263196999999999903e+00 2.788115501403808594e+00
4.268053000000000097e+00 2.788115501403808594e+00
4.272846000000000366e+00 2.788115501403808594e+00
4.277671999999999919e+00 2.788115501403808594e+00
4.282464000000000048e+00 2.793290138244628906e+00
4.287296999999999692e+00 2.788115501403808594e+00
4.292106999999999672e+00 2.788115501403808594e+00
4.296943999999999875e+00 2.793290138244628906e+00
4.301736000000000004e+00 2.798464775085449219e+00
4.306620999999999810e+00 2.793290138244628906e+00
4.311456999999999873e+00 2.793290138244628906e+00
4.315017000000000102e+00 2.793290138244628906e+00
4.319284999999999819e+00 2.798464775085449219e+00
4.324178999999999995e+00 2.793290138244628906e+00
4.328992999999999647e+00 2.793290138244628906e+00
4.333896000000000193e+00 2.793290138244628906e+00
4.338735999999999926e+00 2.793290138244628906e+00
4.343651999999999624e+00 2.793290138244628906e+00
4.352130999999999972e+00 2.793290138244628906e+00
4.356967000000000034e+00 2.793290138244628906e+00
4.361792999999999587e+00 2.793290138244628906e+00
4.366702000000000083e+00 2.793290138244628906e+00
4.371537000000000006e+00 2.788115501403808594e+00
4.376449000000000034e+00 2.793290138244628906e+00
4.381280000000000285e+00 2.788115501403808594e+00
4.386204000000000214e+00 2.788115501403808594e+00
4.391053000000000317e+00 2.782940864562988281e+00
4.395977000000000245e+00 2.793290138244628906e+00
4.399428999999999590e+00 2.793290138244628906e+00
4.403777999999999970e+00 2.793290138244628906e+00
4.407254000000000005e+00 2.793290138244628906e+00
4.411545000000000272e+00 2.798464775085449219e+00
4.416503999999999763e+00 2.793290138244628906e+00
4.421351999999999727e+00 2.793290138244628906e+00
4.426283999999999885e+00 2.798464775085449219e+00
4.431153000000000119e+00 2.793290138244628906e+00
4.436112999999999751e+00 2.798464775085449219e+00
4.440985999999999656e+00 2.798464775085449219e+00
4.445920000000000094e+00 2.793290138244628906e+00
4.450774000000000008e+00 2.788115501403808594e+00
4.455752000000000379e+00 2.788115501403808594e+00
4.464353000000000016e+00 2.788115501403808594e+00
4.469244999999999912e+00 2.788115501403808594e+00
4.474169999999999980e+00 2.788115501403808594e+00
4.479054999999999787e+00 2.788115501403808594e+00
4.483986999999999945e+00 2.788115501403808594e+00
4.488858999999999710e+00 2.782940864562988281e+00
4.492678999999999867e+00 2.788115501403808594e+00
4.497294000000000125e+00 2.793290138244628906e+00
4.502181000000000211e+00 2.793290138244628906e+00
4.507062000000000346e+00 2.798464775085449219e+00
4.511948000000000292e+00 2.798464775085449219e+00
4.517295999999999978e+00 2.798464775085449219e+00
4.522203000000000195e+00 2.793290138244628906e+00
4.527091000000000420e+00 2.798464775085449219e+00
4.531967999999999996e+00 2.798464775085449219e+00
4.536916999999999867e+00 2.798464775085449219e+00
4.541816999999999993e+00 2.798464775085449219e+00
4.546753999999999962e+00 2.793290138244628906e+00
4.551667000000000129e+00 2.788115501403808594e+00
4.556670999999999694e+00 2.788115501403808594e+00
4.561581999999999582e+00 2.788115501403808594e+00
4.566536000000000151e+00 2.788115501403808594e+00
4.573513000000000162e+00 2.782940864562988281e+00
4.578486999999999973e+00 2.788115501403808594e+00
4.583469000000000015e+00 2.788115501403808594e+00
4.588403999999999705e+00 2.788115501403808594e+00
4.593369000000000035e+00 2.793290138244628906e+00
4.598288000000000153e+00 2.798464775085449219e+00
4.603295000000000137e+00 2.798464775085449219e+00
4.608241999999999727e+00 2.798464775085449219e+00
4.613266000000000311e+00 2.798464775085449219e+00
4.616831999999999603e+00 2.798464775085449219e+00
4.621197000000000443e+00 2.798464775085449219e+00
4.626212999999999909e+00 2.793290138244628906e+00
4.631141999999999648e+00 2.798464775085449219e+00
4.636148000000000380e+00 2.798464775085449219e+00
4.639612999999999765e+00 2.798464775085449219e+00
4.644021000000000399e+00 2.793290138244628906e+00
4.648945000000000327e+00 2.788115501403808594e+00
4.652452000000000254e+00 2.788115501403808594e+00
4.656889999999999752e+00 2.782940864562988281e+00
4.660423999999999900e+00 2.788115501403808594e+00
4.664810000000000123e+00 2.788115501403808594e+00
4.669756999999999714e+00 2.788115501403808594e+00
4.674700999999999773e+00 2.788115501403808594e+00
4.679672000000000054e+00 2.793290138244628906e+00
4.686543999999999599e+00 2.793290138244628906e+00
4.691550999999999583e+00 2.793290138244628906e+00
4.696629999999999860e+00 2.793290138244628906e+00
4.701575000000000060e+00 2.798464775085449219e+00
4.706603999999999566e+00 2.798464775085449219e+00
4.711580999999999797e+00 2.793290138244628906e+00
4.715222999999999942e+00 2.798464775085449219e+00
4.719721999999999973e+00 2.793290138244628906e+00
4.724714999999999776e+00 2.793290138244628906e+00
4.729693000000000147e+00 2.798464775085449219e+00
4.734696999999999711e+00 2.793290138244628906e+00
4.739685999999999844e+00 2.793290138244628906e+00
4.744924000000000142e+00 2.793290138244628906e+00
4.749931000000000125e+00 2.788115501403808594e+00
4.753459000000000323e+00 2.793290138244628906e+00
4.756440999999999697e+00 2.793290138244628906e+00
4.759425000000000239e+00 2.793290138244628906e+00
4.763969000000000342e+00 2.793290138244628906e+00
4.768947999999999965e+00 2.788115501403808594e+00
4.773976000000000219e+00 2.788115501403808594e+00
4.778955999999999982e+00 2.793290138244628906e+00
4.783998999999999668e+00 2.793290138244628906e+00
4.788991000000000220e+00 2.788115501403808594e+00
4.794139000000000372e+00 2.793290138244628906e+00
4.801415999999999684e+00 2.793290138244628906e+00
4.805944000000000216e+00 2.793290138244628906e+00
4.810931000000000068e+00 2.798464775085449219e+00
4.816162000000000276e+00 2.793290138244628906e+00
4.821159999999999890e+00 2.793290138244628906e+00
4.826247000000000398e+00 2.793290138244628906e+00
4.831227000000000160e+00 2.793290138244628906e+00
4.836287999999999698e+00 2.798464775085449219e+00
4.841289999999999871e+00 2.793290138244628906e+00
4.846350000000000158e+00 2.793290138244628906e+00
4.851357000000000141e+00 2.793290138244628906e+00
4.856434000000000140e+00 2.788115501403808594e+00
4.861424999999999663e+00 2.793290138244628906e+00
4.866503999999999941e+00 2.793290138244628906e+00
4.871531000000000056e+00 2.793290138244628906e+00
4.876629999999999576e+00 2.793290138244628906e+00
4.881660000000000110e+00 2.793290138244628906e+00
4.886740999999999779e+00 2.788115501403808594e+00
4.891759000000000412e+00 2.788115501403808594e+00
4.896836999999999662e+00 2.793290138244628906e+00
4.901882999999999768e+00 2.793290138244628906e+00
4.907015999999999600e+00 2.793290138244628906e+00
4.914429000000000158e+00 2.793290138244628906e+00
4.919164000000000314e+00 2.793290138244628906e+00
4.924311999999999578e+00 2.793290138244628906e+00
4.929331999999999603e+00 2.793290138244628906e+00
4.934421000000000390e+00 2.793290138244628906e+00
4.939466999999999608e+00 2.798464775085449219e+00
4.944588999999999679e+00 2.793290138244628906e+00
4.949806999999999846e+00 2.793290138244628906e+00
4.954888000000000403e+00 2.788115501403808594e+00
4.959946999999999662e+00 2.793290138244628906e+00
4.965029999999999610e+00 2.793290138244628906e+00
4.970082999999999807e+00 2.788115501403808594e+00
4.973658000000000357e+00 2.782940864562988281e+00
4.978151000000000437e+00 2.788115501403808594e+00
4.983336000000000432e+00 2.788115501403808594e+00
4.988400000000000389e+00 2.788115501403808594e+00
4.993521999999999572e+00 2.788115501403808594e+00
4.998582999999999998e+00 2.793290138244628906e+00
5.003706000000000209e+00 2.793290138244628906e+00
5.008764000000000216e+00 2.793290138244628906e+00
5.013900999999999719e+00 2.798464775085449219e+00
5.019006000000000078e+00 2.793290138244628906e+00
5.026027000000000022e+00 2.798464775085449219e+00
5.030940000000000190e+00 2.798464775085449219e+00
5.036087000000000202e+00 2.798464775085449219e+00
5.039667999999999815e+00 2.793290138244628906e+00
5.044252000000000180e+00 2.793290138244628906e+00
5.049343999999999610e+00 2.793290138244628906e+00
5.054489000000000232e+00 2.788115501403808594e+00
5.059563999999999950e+00 2.788115501403808594e+00
5.064650999999999570e+00 2.788115501403808594e+00
5.069768999999999970e+00 2.788115501403808594e+00
5.074881999999999671e+00 2.788115501403808594e+00
5.079958999999999669e+00 2.788115501403808594e+00
5.085041999999999618e+00 2.782940864562988281e+00
5.090192000000000050e+00 2.782940864562988281e+00
5.101200000000000401e+00 2.793290138244628906e+00
5.112305000000000099e+00 2.798464775085449219e+00
5.123737000000000208e+00 2.798464775085449219e+00
5.128961999999999577e+00 2.798464775085449219e+00
5.136556999999999817e+00 2.798464775085449219e+00
5.148187000000000069e+00 2.788115501403808594e+00
5.155058000000000362e+00 2.782940864562988281e+00
5.161775999999999698e+00 2.782940864562988281e+00
5.167000999999999955e+00 2.788115501403808594e+00
5.172138999999999598e+00 2.782940864562988281e+00
5.177315000000000111e+00 2.788115501403808594e+00
5.182439999999999714e+00 2.793290138244628906e+00
5.187584000000000195e+00 2.788115501403808594e+00
5.192726999999999649e+00 2.793290138244628906e+00
5.197864000000000040e+00 2.798464775085449219e+00
5.203005000000000102e+00 2.798464775085449219e+00
5.208168999999999826e+00 2.793290138244628906e+00
5.213383999999999574e+00 2.798464775085449219e+00
5.218566000000000038e+00 2.798464775085449219e+00
5.223798000000000386e+00 2.793290138244628906e+00
5.228974000000000011e+00 2.793290138244628906e+00
5.234187000000000367e+00 2.793290138244628906e+00
5.239342999999999861e+00 2.793290138244628906e+00
5.244590999999999781e+00 2.793290138244628906e+00
5.253593000000000401e+00 2.788115501403808594e+00
5.257234999999999658e+00 2.782940864562988281e+00
5.261822999999999695e+00 2.788115501403808594e+00
5.267025000000000290e+00 2.788115501403808594e+00
5.270643999999999885e+00 2.793290138244628906e+00
5.275252000000000052e+00 2.793290138244628906e+00
5.280396999999999785e+00 2.793290138244628906e+00
5.285582999999999920e+00 2.793290138244628906e+00
5.290734999999999744e+00 2.788115501403808594e+00
5.295945999999999820e+00 2.793290138244628906e+00
5.301093999999999973e+00 2.793290138244628906e+00
5.306442999999999799e+00 2.793290138244628906e+00
5.311622999999999983e+00 2.793290138244628906e+00
5.316866000000000092e+00 2.793290138244628906e+00
5.322104000000000390e+00 2.793290138244628906e+00
5.327276000000000344e+00 2.793290138244628906e+00
5.332435000000000258e+00 2.793290138244628906e+00
5.337927999999999784e+00 2.793290138244628906e+00
5.343170999999999893e+00 2.793290138244628906e+00
5.348370000000000068e+00 2.788115501403808594e+00
5.353595000000000326e+00 2.793290138244628906e+00
5.358827999999999925e+00 2.788115501403808594e+00
5.367942000000000213e+00 2.788115501403808594e+00
5.373166000000000331e+00 2.788115501403808594e+00
5.378381000000000078e+00 2.793290138244628906e+00
5.383613000000000426e+00 2.793290138244628906e+00
5.388790000000000191e+00 2.788115501403808594e+00
5.394040000000000390e+00 2.788115501403808594e+00
5.399221999999999966e+00 2.793290138244628906e+00
5.404471000000000025e+00 2.793290138244628906e+00
5.409654999999999880e+00 2.793290138244628906e+00
5.414854000000000056e+00 2.793290138244628906e+00
5.420090000000000074e+00 2.798464775085449219e+00
5.425322000000000422e+00 2.793290138244628906e+00
5.430524000000000129e+00 2.798464775085449219e+00
5.435832000000000441e+00 2.798464775085449219e+00
5.441038999999999959e+00 2.793290138244628906e+00
5.446296000000000248e+00 2.793290138244628906e+00
5.451501999999999626e+00 2.793290138244628906e+00
5.456793000000000227e+00 2.793290138244628906e+00
5.461987999999999843e+00 2.793290138244628906e+00
5.467241999999999713e+00 2.793290138244628906e+00
5.474395999999999596e+00 2.788115501403808594e+00
5.479688000000000336e+00 2.788115501403808594e+00
5.484962999999999589e+00 2.788115501403808594e+00
5.490209000000000117e+00 2.782940864562988281e+00
5.495461999999999847e+00 2.788115501403808594e+00
5.500690999999999775e+00 2.793290138244628906e+00
5.505995999999999668e+00 2.793290138244628906e+00
5.511237000000000386e+00 2.793290138244628906e+00
5.516562000000000410e+00 2.793290138244628906e+00
5.521860000000000213e+00 2.793290138244628906e+00
5.527185000000000237e+00 2.798464775085449219e+00
5.532449999999999868e+00 2.798464775085449219e+00
5.537749999999999950e+00 2.798464775085449219e+00
5.543021999999999672e+00 2.798464775085449219e+00
5.548275000000000290e+00 2.793290138244628906e+00
5.553569000000000422e+00 2.793290138244628906e+00
5.557241999999999571e+00 2.788115501403808594e+00
5.561936000000000213e+00 2.788115501403808594e+00
5.565676999999999985e+00 2.788115501403808594e+00
5.570382999999999640e+00 2.788115501403808594e+00
5.575643999999999600e+00 2.788115501403808594e+00
5.580915000000000070e+00 2.788115501403808594e+00
5.588658999999999821e+00 2.788115501403808594e+00
5.593440000000000190e+00 2.788115501403808594e+00
5.598698999999999870e+00 2.793290138244628906e+00
5.604010999999999854e+00 2.798464775085449219e+00
5.609257000000000382e+00 2.798464775085449219e+00
5.614563999999999666e+00 2.793290138244628906e+00
5.619830000000000325e+00 2.798464775085449219e+00
5.625123000000000317e+00 2.798464775085449219e+00
5.630399999999999849e+00 2.793290138244628906e+00
5.635663000000000089e+00 2.798464775085449219e+00
5.640952000000000410e+00 2.793290138244628906e+00
5.646294000000000146e+00 2.793290138244628906e+00
5.651553999999999967e+00 2.788115501403808594e+00
5.656925000000000203e+00 2.788115501403808594e+00
5.662212000000000245e+00 2.788115501403808594e+00
5.667519999999999669e+00 2.788115501403808594e+00
5.672814999999999941e+00 2.788115501403808594e+00
5.678091000000000221e+00 2.788115501403808594e+00
5.683430000000000426e+00 2.788115501403808594e+00
5.688705999999999818e+00 2.788115501403808594e+00
5.694078000000000195e+00 2.793290138244628906e+00
5.701730999999999661e+00 2.798464775085449219e+00
5.706618999999999886e+00 2.798464775085449219e+00
5.711897999999999698e+00 2.793290138244628906e+00
5.715645999999999560e+00 2.793290138244628906e+00
5.720360999999999585e+00 2.798464775085449219e+00
5.725718999999999781e+00 2.798464775085449219e+00
5.731020000000000003e+00 2.793290138244628906e+00
5.736379999999999590e+00 2.798464775085449219e+00
5.741673999999999722e+00 2.793290138244628906e+00
5.747058000000000000e+00 2.793290138244628906e+00
5.752354000000000411e+00 2.788115501403808594e+00
5.757666000000000395e+00 2.782940864562988281e+00
5.762970000000000148e+00 2.788115501403808594e+00
5.768272999999999762e+00 2.788115501403808594e+00
5.773642999999999859e+00 2.788115501403808594e+00
5.778941999999999801e+00 2.788115501403808594e+00
5.784379999999999633e+00 2.788115501403808594e+00
5.789691000000000365e+00 2.788115501403808594e+00
5.795007000000000019e+00 2.798464775085449219e+00
5.800310999999999773e+00 2.860559463500976562e+00
5.805647999999999698e+00 4.609572410583496094e+00
5.814994999999999692e+00 4.790682792663574219e+00
5.820337000000000316e+00 4.790682792663574219e+00
5.825707000000000413e+00 4.790682792663574219e+00
5.831043000000000198e+00 4.790682792663574219e+00
5.836472999999999800e+00 4.790682792663574219e+00
5.841808999999999585e+00 4.790682792663574219e+00
5.847221000000000224e+00 4.785508155822753906e+00
5.852553999999999590e+00 4.785508155822753906e+00
5.857908000000000115e+00 4.785508155822753906e+00
5.863306999999999825e+00 4.785508155822753906e+00
5.868687999999999683e+00 4.785508155822753906e+00
5.874086000000000141e+00 4.785508155822753906e+00
5.879426999999999737e+00 4.790682792663574219e+00
5.884808999999999735e+00 4.785508155822753906e+00
5.890138999999999569e+00 4.790682792663574219e+00
5.895499000000000045e+00 4.790682792663574219e+00
5.900877999999999624e+00 4.785508155822753906e+00
5.904637000000000135e+00 4.790682792663574219e+00
5.909438999999999886e+00 4.790682792663574219e+00
5.914787999999999712e+00 4.785508155822753906e+00
5.920396000000000214e+00 4.785508155822753906e+00
5.927617999999999832e+00 4.790682792663574219e+00
5.932976000000000028e+00 4.785508155822753906e+00
5.938380000000000436e+00 4.790682792663574219e+00
5.943798000000000137e+00 4.790682792663574219e+00
5.949146999999999963e+00 4.785508155822753906e+00
5.954570000000000363e+00 4.785508155822753906e+00
5.959956000000000031e+00 4.785508155822753906e+00
5.965326000000000128e+00 4.790682792663574219e+00
5.970704999999999707e+00 4.790682792663574219e+00
5.976148000000000238e+00 4.785508155822753906e+00
5.981516000000000055e+00 4.785508155822753906e+00
5.987071000000000254e+00 4.785508155822753906e+00
5.992448999999999693e+00 4.785508155822753906e+00
5.997829000000000299e+00 4.785508155822753906e+00
6.003281000000000311e+00 4.785508155822753906e+00
6.008701000000000292e+00 4.785508155822753906e+00
6.012433999999999834e+00 4.790682792663574219e+00
6.017325999999999731e+00 4.790682792663574219e+00
6.022720999999999769e+00 4.790682792663574219e+00
6.028200000000000003e+00 4.790682792663574219e+00
6.033700999999999759e+00 4.790682792663574219e+00
6.043155999999999750e+00 4.790682792663574219e+00
6.048593999999999582e+00 4.785508155822753906e+00
6.054050000000000153e+00 4.785508155822753906e+00
6.059478999999999616e+00 4.785508155822753906e+00
6.063244000000000078e+00 4.785508155822753906e+00
6.068134999999999835e+00 4.785508155822753906e+00
6.073616000000000348e+00 4.785508155822753906e+00
6.079043999999999670e+00 4.785508155822753906e+00
6.084534999999999805e+00 4.785508155822753906e+00
6.089954999999999785e+00 4.785508155822753906e+00
6.095411000000000357e+00 4.785508155822753906e+00
6.106702000000000297e+00 4.790682792663574219e+00
6.113309000000000104e+00 4.790682792663574219e+00
6.123689999999999856e+00 4.790682792663574219e+00
6.131228000000000122e+00 4.790682792663574219e+00
6.138329999999999842e+00 4.790682792663574219e+00
6.147126000000000090e+00 4.785508155822753906e+00
6.157789000000000179e+00 4.785508155822753906e+00
6.168823999999999863e+00 4.785508155822753906e+00
6.176320999999999728e+00 4.785508155822753906e+00
