1.340000000000000045e-04 2.653575897216796875e+00
3.791999999999999798e-03 2.658750534057617188e+00
7.257999999999999695e-03 2.653575897216796875e+00
1.072500000000000016e-02 2.658750534057617188e+00
1.416300000000000024e-02 2.663925170898437500e+00
1.752199999999999938e-02 2.663925170898437500e+00
2.091300000000000103e-02 2.663925170898437500e+00
2.436699999999999977e-02 2.663925170898437500e+00
2.764899999999999997e-02 2.663925170898437500e+00
3.824899999999999828e-02 2.658750534057617188e+00
4.176400000000000251e-02 2.658750534057617188e+00
4.507900000000000101e-02 2.658750534057617188e+00
4.850399999999999850e-02 2.658750534057617188e+00
5.195899999999999824e-02 2.658750534057617188e+00
5.526999999999999968e-02 2.658750534057617188e+00
5.871300000000000130e-02 2.658750534057617188e+00
6.246800000000000269e-02 2.658750534057617188e+00
6.593200000000000449e-02 2.653575897216796875e+00
6.936699999999999811e-02 2.653575897216796875e+00
7.266400000000000636e-02 2.653575897216796875e+00
7.611500000000000210e-02 2.658750534057617188e+00
7.956799999999999984e-02 2.653575897216796875e+00
8.288399999999999934e-02 2.653575897216796875e+00
8.646199999999999719e-02 2.653575897216796875e+00
8.992200000000000193e-02 2.658750534057617188e+00
9.320900000000000019e-02 2.658750534057617188e+00
9.667299999999999505e-02 2.658750534057617188e+00
1.003010000000000013e-01 2.658750534057617188e+00
1.037700000000000011e-01 2.658750534057617188e+00
1.070460000000000023e-01 2.653575897216796875e+00
1.104990000000000000e-01 2.658750534057617188e+00
1.139539999999999997e-01 2.663925170898437500e+00
1.172499999999999931e-01 2.658750534057617188e+00
1.207030000000000047e-01 2.658750534057617188e+00
1.241529999999999995e-01 2.658750534057617188e+00
1.275000000000000022e-01 2.658750534057617188e+00
1.308970000000000133e-01 2.658750534057617188e+00
1.343530000000000002e-01 2.658750534057617188e+00
1.376499999999999946e-01 2.658750534057617188e+00
1.410990000000000022e-01 2.663925170898437500e+00
1.501490000000000047e-01 2.658750534057617188e+00
1.541039999999999910e-01 2.658750534057617188e+00
1.577399999999999913e-01 2.663925170898437500e+00
1.610229999999999995e-01 2.663925170898437500e+00
1.644690000000000041e-01 2.658750534057617188e+00
1.679430000000000089e-01 2.653575897216796875e+00
1.712079999999999991e-01 2.658750534057617188e+00
1.746590000000000087e-01 2.653575897216796875e+00
1.781419999999999948e-01 2.653575897216796875e+00
1.815670000000000062e-01 2.653575897216796875e+00
1.848770000000000135e-01 2.658750534057617188e+00
1.883559999999999957e-01 2.658750534057617188e+00
1.919150000000000023e-01 2.658750534057617188e+00
1.952750000000000041e-01 2.658750534057617188e+00
1.988810000000000022e-01 2.653575897216796875e+00
2.022760000000000113e-01 2.653575897216796875e+00
2.057479999999999865e-01 2.653575897216796875e+00
2.090420000000000056e-01 2.653575897216796875e+00
2.124949999999999894e-01 2.658750534057617188e+00
2.159679999999999933e-01 2.658750534057617188e+00
2.192479999999999984e-01 2.658750534057617188e+00
2.227099999999999913e-01 2.663925170898437500e+00
2.261489999999999889e-01 2.658750534057617188e+00
2.294400000000000051e-01 2.658750534057617188e+00
2.328880000000000117e-01 2.658750534057617188e+00
2.363449999999999995e-01 2.663925170898437500e+00
2.396399999999999919e-01 2.658750534057617188e+00
2.431030000000000135e-01 2.658750534057617188e+00
2.465380000000000071e-01 2.663925170898437500e+00
2.501579999999999915e-01 2.663925170898437500e+00
2.534529999999999839e-01 2.663925170898437500e+00
2.568920000000000092e-01 2.663925170898437500e+00
2.669579999999999731e-01 2.658750534057617188e+00
2.706810000000000049e-01 2.658750534057617188e+00
2.741379999999999928e-01 2.658750534057617188e+00
2.775139999999999829e-01 2.658750534057617188e+00
2.808899999999999730e-01 2.658750534057617188e+00
2.845880000000000076e-01 2.653575897216796875e+00
2.880900000000000127e-01 2.653575897216796875e+00
2.915960000000000218e-01 2.653575897216796875e+00
2.950209999999999777e-01 2.653575897216796875e+00
2.984649999999999803e-01 2.653575897216796875e+00
3.019689999999999874e-01 2.648401260375976562e+00
3.052110000000000101e-01 2.653575897216796875e+00
3.086619999999999919e-01 2.653575897216796875e+00
3.121399999999999730e-01 2.658750534057617188e+00
3.163349999999999773e-01 2.658750534057617188e+00
3.196430000000000105e-01 2.658750534057617188e+00
3.230890000000000151e-01 2.663925170898437500e+00
3.265279999999999849e-01 2.663925170898437500e+00
3.301339999999999830e-01 2.663925170898437500e+00
3.334260000000000002e-01 2.663925170898437500e+00
3.368749999999999800e-01 2.669099807739257812e+00
3.403249999999999886e-01 2.663925170898437500e+00
3.436339999999999950e-01 2.663925170898437500e+00
3.470829999999999749e-01 2.663925170898437500e+00
3.506739999999999857e-01 2.663925170898437500e+00
3.541230000000000211e-01 2.663925170898437500e+00
3.574840000000000240e-01 2.663925170898437500e+00
3.608709999999999973e-01 2.663925170898437500e+00
3.643219999999999792e-01 2.653575897216796875e+00
3.679470000000000240e-01 2.653575897216796875e+00
3.713460000000000094e-01 2.653575897216796875e+00
3.746260000000000145e-01 2.653575897216796875e+00
3.823699999999999877e-01 2.653575897216796875e+00
3.858710000000000195e-01 2.653575897216796875e+00
3.890120000000000244e-01 2.653575897216796875e+00
3.925939999999999985e-01 2.653575897216796875e+00
3.957379999999999787e-01 2.653575897216796875e+00
3.990630000000000011e-01 2.653575897216796875e+00
4.022020000000000040e-01 2.653575897216796875e+00
4.053430000000000089e-01 2.653575897216796875e+00
4.086389999999999745e-01 2.658750534057617188e+00
4.117859999999999854e-01 2.658750534057617188e+00
4.150849999999999818e-01 2.663925170898437500e+00
4.183819999999999761e-01 2.663925170898437500e+00
4.216759999999999953e-01 2.669099807739257812e+00
4.248250000000000082e-01 2.663925170898437500e+00
4.279689999999999883e-01 2.663925170898437500e+00
4.312630000000000075e-01 2.663925170898437500e+00
4.344100000000000183e-01 2.663925170898437500e+00
4.375530000000000252e-01 2.669099807739257812e+00
4.408449999999999869e-01 2.663925170898437500e+00
4.439870000000000205e-01 2.663925170898437500e+00
4.471390000000000087e-01 2.663925170898437500e+00
4.504380000000000051e-01 2.658750534057617188e+00
4.535799999999999832e-01 2.663925170898437500e+00
4.568809999999999816e-01 2.658750534057617188e+00
4.601759999999999740e-01 2.658750534057617188e+00
4.634809999999999763e-01 2.658750534057617188e+00
4.666210000000000080e-01 2.653575897216796875e+00
4.700779999999999959e-01 2.653575897216796875e+00
4.733689999999999842e-01 2.653575897216796875e+00
4.766699999999999826e-01 2.653575897216796875e+00
4.800030000000000130e-01 2.653575897216796875e+00
4.831409999999999871e-01 2.653575897216796875e+00
4.864419999999999855e-01 2.653575897216796875e+00
4.896019999999999817e-01 2.658750534057617188e+00
4.973090000000000011e-01 2.658750534057617188e+00
5.007660000000000444e-01 2.653575897216796875e+00
5.040670000000000428e-01 2.658750534057617188e+00
5.072090000000000209e-01 2.658750534057617188e+00
5.103520000000000278e-01 2.658750534057617188e+00
5.136500000000000510e-01 2.658750534057617188e+00
5.167990000000000084e-01 2.658750534057617188e+00
5.202430000000000110e-01 2.663925170898437500e+00
5.233889999999999931e-01 2.669099807739257812e+00
5.266899999999999915e-01 2.669099807739257812e+00
5.299819999999999531e-01 2.663925170898437500e+00
5.332500000000000018e-01 2.663925170898437500e+00
5.366889999999999716e-01 2.669099807739257812e+00
5.404269999999999907e-01 2.658750534057617188e+00
5.435670000000000224e-01 2.658750534057617188e+00
5.468750000000000000e-01 2.658750534057617188e+00
5.502860000000000529e-01 2.658750534057617188e+00
5.594999999999999973e-01 2.658750534057617188e+00
5.655029999999999779e-01 2.653575897216796875e+00
5.688119999999999843e-01 2.653575897216796875e+00
5.719539999999999624e-01 2.653575897216796875e+00
5.752909999999999968e-01 2.653575897216796875e+00
5.785930000000000240e-01 2.658750534057617188e+00
5.817620000000000013e-01 2.653575897216796875e+00
5.850940000000000030e-01 2.658750534057617188e+00
5.897189999999999932e-01 2.663925170898437500e+00
5.930320000000000036e-01 2.658750534057617188e+00
5.961720000000000352e-01 2.658750534057617188e+00
5.992960000000000509e-01 2.653575897216796875e+00
6.026110000000000078e-01 2.658750534057617188e+00
6.102309999999999679e-01 2.658750534057617188e+00
6.135080000000000533e-01 2.658750534057617188e+00
6.167939999999999534e-01 2.658750534057617188e+00
6.202429999999999888e-01 2.663925170898437500e+00
6.241459999999999786e-01 2.658750534057617188e+00
6.274779999999999802e-01 2.658750534057617188e+00
6.307390000000000496e-01 2.658750534057617188e+00
6.340350000000000152e-01 2.658750534057617188e+00
6.371769999999999934e-01 2.663925170898437500e+00
6.406309999999999505e-01 2.663925170898437500e+00
6.443820000000000103e-01 2.658750534057617188e+00
6.484419999999999629e-01 2.658750534057617188e+00
6.515870000000000273e-01 2.658750534057617188e+00
6.548840000000000217e-01 2.658750534057617188e+00
6.578779999999999628e-01 2.663925170898437500e+00
6.611719999999999819e-01 2.658750534057617188e+00
6.644719999999999516e-01 2.653575897216796875e+00
6.676250000000000240e-01 2.653575897216796875e+00
6.707929999999999726e-01 2.658750534057617188e+00
6.739370000000000083e-01 2.658750534057617188e+00
6.772369999999999779e-01 2.658750534057617188e+00
6.806849999999999845e-01 2.653575897216796875e+00
6.839849999999999541e-01 2.653575897216796875e+00
6.872819999999999485e-01 2.658750534057617188e+00
6.905769999999999964e-01 2.653575897216796875e+00
6.938800000000000523e-01 2.658750534057617188e+00
6.970269999999999522e-01 2.658750534057617188e+00
7.003009999999999513e-01 2.653575897216796875e+00
7.036189999999999944e-01 2.653575897216796875e+00
7.067560000000000509e-01 2.653575897216796875e+00
7.100600000000000245e-01 2.658750534057617188e+00
7.132020000000000026e-01 2.658750534057617188e+00
7.163389999999999480e-01 2.663925170898437500e+00
7.196329999999999671e-01 2.663925170898437500e+00
7.272189999999999488e-01 2.658750534057617188e+00
7.308350000000000124e-01 2.658750534057617188e+00
7.339780000000000193e-01 2.658750534057617188e+00
7.372790000000000177e-01 2.663925170898437500e+00
7.405739999999999545e-01 2.663925170898437500e+00
7.438669999999999449e-01 2.663925170898437500e+00
7.470069999999999766e-01 2.663925170898437500e+00
7.504650000000000487e-01 2.663925170898437500e+00
7.536089999999999733e-01 2.663925170898437500e+00
7.567490000000000050e-01 2.663925170898437500e+00
7.600430000000000241e-01 2.663925170898437500e+00
7.631900000000000350e-01 2.663925170898437500e+00
7.663649999999999629e-01 2.658750534057617188e+00
7.696680000000000188e-01 2.658750534057617188e+00
7.728120000000000545e-01 2.658750534057617188e+00
7.759509999999999463e-01 2.658750534057617188e+00
7.792569999999999775e-01 2.658750534057617188e+00
7.823919999999999764e-01 2.653575897216796875e+00
7.856919999999999460e-01 2.653575897216796875e+00
7.889859999999999651e-01 2.653575897216796875e+00
7.922869999999999635e-01 2.653575897216796875e+00
7.955820000000000114e-01 2.653575897216796875e+00
7.987319999999999975e-01 2.653575897216796875e+00
8.020319999999999672e-01 2.653575897216796875e+00
8.051749999999999741e-01 2.653575897216796875e+00
8.084700000000000220e-01 2.653575897216796875e+00
8.116130000000000289e-01 2.653575897216796875e+00
8.147600000000000398e-01 2.658750534057617188e+00
8.180610000000000381e-01 2.658750534057617188e+00
8.212009999999999588e-01 2.663925170898437500e+00
8.243380000000000152e-01 2.658750534057617188e+00
8.276379999999999848e-01 2.663925170898437500e+00
8.307769999999999877e-01 2.663925170898437500e+00
8.340800000000000436e-01 2.663925170898437500e+00
8.418099999999999472e-01 2.663925170898437500e+00
8.452659999999999618e-01 2.669099807739257812e+00
8.484159999999999480e-01 2.663925170898437500e+00
8.515540000000000331e-01 2.663925170898437500e+00
8.548519999999999452e-01 2.669099807739257812e+00
8.579999999999999849e-01 2.663925170898437500e+00
8.611779999999999990e-01 2.663925170898437500e+00
8.644749999999999934e-01 2.658750534057617188e+00
8.677770000000000206e-01 2.653575897216796875e+00
8.710790000000000477e-01 2.658750534057617188e+00
8.743649999999999478e-01 2.653575897216796875e+00
8.776699999999999502e-01 2.653575897216796875e+00
8.808089999999999531e-01 2.658750534057617188e+00
8.839489999999999847e-01 2.653575897216796875e+00
8.872539999999999871e-01 2.658750534057617188e+00
8.905440000000000023e-01 2.653575897216796875e+00
8.938450000000000006e-01 2.653575897216796875e+00
8.969859999999999500e-01 2.653575897216796875e+00
9.004180000000000517e-01 2.653575897216796875e+00
9.042040000000000077e-01 2.653575897216796875e+00
9.074989999999999446e-01 2.653575897216796875e+00
9.107859999999999845e-01 2.658750534057617188e+00
9.139260000000000161e-01 2.663925170898437500e+00
9.172240000000000393e-01 2.663925170898437500e+00
9.206790000000000251e-01 2.663925170898437500e+00
9.239720000000000155e-01 2.663925170898437500e+00
9.272700000000000387e-01 2.669099807739257812e+00
9.305660000000000043e-01 2.669099807739257812e+00
9.338640000000000274e-01 2.663925170898437500e+00
9.370089999999999808e-01 2.669099807739257812e+00
9.404670000000000529e-01 2.669099807739257812e+00
9.436059999999999448e-01 2.674274444580078125e+00
9.467459999999999765e-01 2.669099807739257812e+00
9.501199999999999646e-01 2.663925170898437500e+00
9.573049999999999615e-01 2.663925170898437500e+00
9.608039999999999914e-01 2.658750534057617188e+00
9.639459999999999695e-01 2.653575897216796875e+00
9.672420000000000462e-01 2.653575897216796875e+00
9.705369999999999830e-01 2.653575897216796875e+00
9.738350000000000062e-01 2.653575897216796875e+00
9.769759999999999556e-01 2.653575897216796875e+00
9.804300000000000237e-01 2.653575897216796875e+00
9.835709999999999731e-01 2.653575897216796875e+00
9.868679999999999675e-01 2.653575897216796875e+00
9.901640000000000441e-01 2.653575897216796875e+00
9.934619999999999562e-01 2.653575897216796875e+00
9.967599999999999794e-01 2.658750534057617188e+00
1.000186000000000019e+00 2.658750534057617188e+00
1.003892000000000007e+00 2.663925170898437500e+00
1.007376999999999967e+00 2.658750534057617188e+00
1.010880999999999919e+00 2.658750534057617188e+00
1.014388000000000067e+00 2.658750534057617188e+00
1.017965000000000009e+00 2.663925170898437500e+00
1.021468000000000043e+00 2.669099807739257812e+00
1.024937999999999905e+00 2.669099807739257812e+00
1.028439000000000103e+00 2.663925170898437500e+00
1.031943000000000055e+00 2.663925170898437500e+00
1.035447000000000006e+00 2.663925170898437500e+00
1.038942999999999950e+00 2.663925170898437500e+00
1.042459999999999942e+00 2.663925170898437500e+00
1.045949000000000018e+00 2.663925170898437500e+00
1.049549999999999983e+00 2.658750534057617188e+00
1.053058000000000050e+00 2.663925170898437500e+00
1.056561000000000083e+00 2.663925170898437500e+00
1.060078000000000076e+00 2.658750534057617188e+00
1.063579999999999970e+00 2.653575897216796875e+00
1.071905000000000108e+00 2.653575897216796875e+00
1.076125999999999916e+00 2.653575897216796875e+00
1.080343999999999971e+00 2.653575897216796875e+00
1.084446999999999939e+00 2.658750534057617188e+00
1.088572000000000095e+00 2.658750534057617188e+00
1.092702000000000062e+00 2.658750534057617188e+00
1.096788000000000096e+00 2.658750534057617188e+00
1.101131000000000082e+00 2.653575897216796875e+00
1.105236000000000107e+00 2.658750534057617188e+00
1.109380999999999950e+00 2.653575897216796875e+00
1.113496999999999959e+00 2.658750534057617188e+00
1.117691999999999908e+00 2.663925170898437500e+00
1.121869000000000005e+00 2.669099807739257812e+00
1.126015999999999906e+00 2.663925170898437500e+00
1.130255999999999927e+00 2.663925170898437500e+00
1.134392999999999985e+00 2.658750534057617188e+00
1.138527000000000067e+00 2.663925170898437500e+00
1.142657999999999952e+00 2.658750534057617188e+00
1.146779999999999911e+00 2.663925170898437500e+00
1.151078999999999963e+00 2.663925170898437500e+00
1.155216999999999938e+00 2.658750534057617188e+00
1.159367000000000036e+00 2.658750534057617188e+00
1.163532000000000011e+00 2.658750534057617188e+00
1.167753000000000041e+00 2.658750534057617188e+00
1.171910999999999925e+00 2.658750534057617188e+00
1.176096999999999948e+00 2.658750534057617188e+00
1.180423999999999918e+00 2.658750534057617188e+00
1.188919999999999977e+00 2.658750534057617188e+00
1.195522999999999891e+00 2.658750534057617188e+00
1.199964999999999948e+00 2.658750534057617188e+00
1.204361000000000015e+00 2.658750534057617188e+00
1.208580999999999905e+00 2.653575897216796875e+00
1.212798999999999960e+00 2.658750534057617188e+00
1.217608999999999941e+00 2.658750534057617188e+00
1.221810000000000063e+00 2.663925170898437500e+00
1.226032999999999928e+00 2.663925170898437500e+00
1.230331000000000063e+00 2.663925170898437500e+00
1.234542999999999946e+00 2.663925170898437500e+00
1.238771999999999984e+00 2.663925170898437500e+00
1.242990999999999957e+00 2.663925170898437500e+00
1.246150000000000091e+00 2.663925170898437500e+00
1.250512999999999986e+00 2.669099807739257812e+00
1.254758999999999958e+00 2.663925170898437500e+00
1.259011000000000102e+00 2.663925170898437500e+00
1.263230000000000075e+00 2.658750534057617188e+00
1.267541000000000029e+00 2.658750534057617188e+00
1.271813000000000082e+00 2.658750534057617188e+00
1.276094999999999979e+00 2.658750534057617188e+00
1.280404000000000098e+00 2.653575897216796875e+00
1.284615000000000062e+00 2.658750534057617188e+00
1.288921999999999901e+00 2.658750534057617188e+00
1.293245999999999896e+00 2.653575897216796875e+00
1.297566999999999915e+00 2.653575897216796875e+00
1.301838999999999968e+00 2.653575897216796875e+00
1.310780000000000056e+00 2.653575897216796875e+00
1.317679999999999962e+00 2.658750534057617188e+00
1.322032000000000096e+00 2.663925170898437500e+00
1.326303000000000010e+00 2.663925170898437500e+00
1.330656000000000061e+00 2.663925170898437500e+00
1.334983999999999948e+00 2.663925170898437500e+00
1.339315999999999951e+00 2.669099807739257812e+00
1.343609999999999971e+00 2.663925170898437500e+00
1.347947000000000006e+00 2.669099807739257812e+00
1.352314000000000016e+00 2.663925170898437500e+00
1.356602000000000086e+00 2.669099807739257812e+00
1.361035999999999913e+00 2.658750534057617188e+00
1.365321999999999925e+00 2.658750534057617188e+00
1.369750999999999941e+00 2.658750534057617188e+00
1.374108000000000107e+00 2.653575897216796875e+00
1.378460000000000019e+00 2.658750534057617188e+00
1.382789000000000046e+00 2.653575897216796875e+00
1.387135000000000007e+00 2.653575897216796875e+00
1.391504999999999992e+00 2.653575897216796875e+00
1.395801999999999987e+00 2.653575897216796875e+00
1.400179999999999980e+00 2.653575897216796875e+00
1.404514000000000040e+00 2.653575897216796875e+00
1.409005000000000063e+00 2.653575897216796875e+00
1.413321000000000049e+00 2.658750534057617188e+00
1.417750999999999983e+00 2.663925170898437500e+00
1.422125000000000083e+00 2.669099807739257812e+00
1.430733000000000033e+00 2.663925170898437500e+00
1.437626000000000071e+00 2.669099807739257812e+00
1.442023999999999972e+00 2.663925170898437500e+00
1.446390000000000065e+00 2.663925170898437500e+00
1.450844999999999940e+00 2.669099807739257812e+00
1.455221000000000098e+00 2.669099807739257812e+00
1.459672000000000081e+00 2.663925170898437500e+00
1.464040000000000008e+00 2.658750534057617188e+00
1.468499999999999917e+00 2.653575897216796875e+00
1.472898999999999958e+00 2.658750534057617188e+00
1.477276000000000034e+00 2.653575897216796875e+00
1.481740000000000057e+00 2.653575897216796875e+00
1.486201000000000105e+00 2.653575897216796875e+00
1.490663000000000071e+00 2.653575897216796875e+00
1.495054000000000105e+00 2.653575897216796875e+00
1.499474999999999891e+00 2.653575897216796875e+00
1.503903999999999908e+00 2.658750534057617188e+00
1.508399000000000045e+00 2.658750534057617188e+00
1.512876000000000110e+00 2.663925170898437500e+00
1.517322000000000060e+00 2.669099807739257812e+00
1.521797999999999984e+00 2.669099807739257812e+00
1.526216000000000017e+00 2.663925170898437500e+00
1.530720000000000081e+00 2.663925170898437500e+00
1.535736999999999908e+00 2.669099807739257812e+00
1.540359999999999951e+00 2.669099807739257812e+00
1.548918000000000017e+00 2.663925170898437500e+00
1.568445000000000089e+00 2.653575897216796875e+00
1.579619000000000106e+00 2.653575897216796875e+00
1.585704000000000002e+00 2.658750534057617188e+00
1.593336000000000086e+00 2.658750534057617188e+00
1.598139999999999894e+00 2.658750534057617188e+00
1.602594999999999992e+00 2.663925170898437500e+00
1.607067000000000023e+00 2.658750534057617188e+00
1.611847999999999947e+00 2.658750534057617188e+00
1.616298999999999930e+00 2.663925170898437500e+00
1.620954999999999924e+00 2.669099807739257812e+00
1.625542000000000042e+00 2.663925170898437500e+00
1.630111000000000088e+00 2.663925170898437500e+00
1.634635000000000060e+00 2.658750534057617188e+00
1.639162999999999926e+00 2.658750534057617188e+00
1.643636000000000097e+00 2.658750534057617188e+00
1.648214000000000068e+00 2.663925170898437500e+00
1.652730000000000032e+00 2.663925170898437500e+00
1.657237000000000071e+00 2.663925170898437500e+00
1.661818000000000017e+00 2.658750534057617188e+00
1.666342999999999908e+00 2.653575897216796875e+00
1.675437000000000065e+00 2.658750534057617188e+00
1.682860000000000023e+00 2.653575897216796875e+00
1.687521999999999966e+00 2.658750534057617188e+00
1.692088999999999954e+00 2.658750534057617188e+00
1.696595000000000075e+00 2.658750534057617188e+00
1.701167000000000096e+00 2.658750534057617188e+00
1.705697000000000019e+00 2.658750534057617188e+00
1.710269999999999957e+00 2.658750534057617188e+00
1.714946000000000081e+00 2.663925170898437500e+00
1.719457000000000013e+00 2.658750534057617188e+00
1.723985000000000101e+00 2.663925170898437500e+00
1.728590999999999989e+00 2.658750534057617188e+00
1.733122000000000051e+00 2.658750534057617188e+00
1.737759000000000054e+00 2.658750534057617188e+00
1.742318000000000033e+00 2.663925170898437500e+00
1.746858999999999940e+00 2.663925170898437500e+00
1.751627000000000045e+00 2.663925170898437500e+00
1.756159999999999943e+00 2.663925170898437500e+00
1.760780999999999930e+00 2.669099807739257812e+00
1.765319000000000083e+00 2.658750534057617188e+00
1.769945000000000102e+00 2.653575897216796875e+00
1.774513999999999925e+00 2.658750534057617188e+00
1.778961999999999932e+00 2.658750534057617188e+00
1.782780000000000031e+00 2.653575897216796875e+00
1.786674000000000095e+00 2.658750534057617188e+00
1.794979000000000102e+00 2.653575897216796875e+00
1.799045999999999923e+00 2.653575897216796875e+00
1.802875999999999923e+00 2.653575897216796875e+00
1.806713000000000013e+00 2.653575897216796875e+00
1.810600999999999905e+00 2.653575897216796875e+00
1.814473999999999920e+00 2.658750534057617188e+00
1.818364000000000091e+00 2.658750534057617188e+00
1.822208999999999968e+00 2.658750534057617188e+00
1.826052000000000008e+00 2.658750534057617188e+00
1.829938999999999982e+00 2.658750534057617188e+00
1.833787999999999974e+00 2.658750534057617188e+00
1.837712999999999930e+00 2.663925170898437500e+00
1.841579000000000077e+00 2.669099807739257812e+00
1.845415999999999945e+00 2.669099807739257812e+00
1.849280999999999953e+00 2.663925170898437500e+00
1.853124999999999911e+00 2.663925170898437500e+00
1.856985000000000108e+00 2.663925170898437500e+00
1.861021999999999954e+00 2.663925170898437500e+00
1.864883999999999986e+00 2.658750534057617188e+00
1.868762000000000034e+00 2.653575897216796875e+00
1.872646000000000033e+00 2.658750534057617188e+00
1.876524000000000081e+00 2.658750534057617188e+00
1.880425999999999931e+00 2.653575897216796875e+00
1.884281000000000095e+00 2.648401260375976562e+00
1.888200000000000101e+00 2.653575897216796875e+00
1.892080999999999902e+00 2.653575897216796875e+00
1.895958000000000032e+00 2.653575897216796875e+00
1.899882000000000071e+00 2.653575897216796875e+00
1.903855999999999993e+00 2.653575897216796875e+00
1.912201000000000040e+00 2.658750534057617188e+00
1.916347000000000023e+00 2.658750534057617188e+00
1.920311000000000101e+00 2.658750534057617188e+00
1.924207000000000001e+00 2.663925170898437500e+00
1.928198000000000079e+00 2.669099807739257812e+00
1.932098000000000093e+00 2.669099807739257812e+00
1.936039999999999983e+00 2.663925170898437500e+00
1.940023000000000053e+00 2.663925170898437500e+00
1.943945999999999952e+00 2.663925170898437500e+00
1.947916999999999899e+00 2.669099807739257812e+00
1.951826999999999979e+00 2.663925170898437500e+00
1.955743999999999927e+00 2.663925170898437500e+00
1.959762999999999922e+00 2.669099807739257812e+00
1.963678999999999952e+00 2.658750534057617188e+00
1.967654999999999932e+00 2.653575897216796875e+00
1.971600999999999937e+00 2.653575897216796875e+00
1.975519999999999943e+00 2.653575897216796875e+00
1.979519000000000029e+00 2.653575897216796875e+00
1.983440000000000092e+00 2.653575897216796875e+00
1.987460000000000004e+00 2.653575897216796875e+00
1.991367000000000109e+00 2.653575897216796875e+00
1.995368000000000031e+00 2.653575897216796875e+00
1.999292999999999987e+00 2.653575897216796875e+00
2.003223000000000198e+00 2.653575897216796875e+00
2.007162000000000113e+00 2.658750534057617188e+00
2.011133000000000060e+00 2.658750534057617188e+00
2.015080000000000204e+00 2.663925170898437500e+00
2.019155000000000033e+00 2.663925170898437500e+00
2.027893999999999863e+00 2.669099807739257812e+00
2.032074999999999854e+00 2.669099807739257812e+00
2.036039000000000154e+00 2.669099807739257812e+00
2.040071000000000190e+00 2.669099807739257812e+00
2.043118000000000212e+00 2.669099807739257812e+00
2.047051000000000176e+00 2.663925170898437500e+00
2.051048000000000204e+00 2.658750534057617188e+00
2.055051000000000183e+00 2.663925170898437500e+00
2.059038000000000146e+00 2.658750534057617188e+00
2.063012000000000068e+00 2.653575897216796875e+00
2.066971999999999809e+00 2.653575897216796875e+00
2.071085000000000065e+00 2.653575897216796875e+00
2.075047000000000086e+00 2.653575897216796875e+00
2.079044000000000114e+00 2.653575897216796875e+00
2.083026999999999962e+00 2.648401260375976562e+00
2.086129000000000122e+00 2.653575897216796875e+00
2.090138000000000051e+00 2.658750534057617188e+00
2.094116999999999784e+00 2.658750534057617188e+00
2.098122000000000043e+00 2.653575897216796875e+00
2.102100000000000080e+00 2.653575897216796875e+00
2.106072999999999862e+00 2.653575897216796875e+00
2.110126999999999864e+00 2.663925170898437500e+00
2.114098999999999950e+00 2.663925170898437500e+00
2.118265000000000065e+00 2.663925170898437500e+00
2.122396999999999867e+00 2.669099807739257812e+00
2.126393000000000200e+00 2.669099807739257812e+00
2.130390999999999924e+00 2.663925170898437500e+00
2.134405999999999803e+00 2.663925170898437500e+00
2.142984000000000222e+00 2.663925170898437500e+00
2.147100000000000009e+00 2.663925170898437500e+00
2.151216999999999935e+00 2.663925170898437500e+00
2.155260999999999871e+00 2.663925170898437500e+00
2.159283999999999981e+00 2.658750534057617188e+00
2.163317999999999852e+00 2.653575897216796875e+00
2.167330000000000201e+00 2.653575897216796875e+00
2.171488000000000085e+00 2.653575897216796875e+00
2.175501999999999825e+00 2.658750534057617188e+00
2.179609000000000130e+00 2.658750534057617188e+00
2.183654000000000206e+00 2.653575897216796875e+00
2.187730000000000175e+00 2.653575897216796875e+00
2.191765000000000185e+00 2.658750534057617188e+00
2.195797000000000221e+00 2.658750534057617188e+00
2.199908999999999892e+00 2.653575897216796875e+00
2.203917999999999822e+00 2.658750534057617188e+00
2.208004999999999995e+00 2.658750534057617188e+00
2.212058999999999997e+00 2.658750534057617188e+00
2.216101000000000099e+00 2.658750534057617188e+00
2.220210999999999935e+00 2.658750534057617188e+00
2.224374000000000073e+00 2.658750534057617188e+00
2.228428000000000075e+00 2.663925170898437500e+00
2.232479999999999798e+00 2.663925170898437500e+00
2.236533000000000104e+00 2.663925170898437500e+00
2.240660999999999792e+00 2.663925170898437500e+00
2.244714000000000098e+00 2.658750534057617188e+00
2.248772000000000215e+00 2.658750534057617188e+00
2.252832000000000168e+00 2.658750534057617188e+00
2.261655000000000193e+00 2.663925170898437500e+00
2.265963000000000171e+00 2.653575897216796875e+00
2.270128999999999841e+00 2.658750534057617188e+00
2.274217000000000155e+00 2.658750534057617188e+00
2.277322999999999986e+00 2.658750534057617188e+00
2.281428000000000011e+00 2.658750534057617188e+00
2.284529000000000032e+00 2.658750534057617188e+00
2.288702999999999932e+00 2.658750534057617188e+00
2.292784999999999851e+00 2.653575897216796875e+00
2.296882999999999786e+00 2.653575897216796875e+00
2.301156999999999897e+00 2.653575897216796875e+00
2.305289999999999839e+00 2.653575897216796875e+00
2.309394999999999865e+00 2.653575897216796875e+00
2.312555999999999834e+00 2.658750534057617188e+00
2.316643000000000008e+00 2.658750534057617188e+00
2.320819000000000187e+00 2.658750534057617188e+00
2.324943000000000204e+00 2.663925170898437500e+00
2.329076000000000146e+00 2.658750534057617188e+00
2.333194000000000212e+00 2.658750534057617188e+00
2.336311999999999944e+00 2.658750534057617188e+00
2.340473999999999943e+00 2.663925170898437500e+00
2.344590000000000174e+00 2.663925170898437500e+00
2.347742999999999913e+00 2.663925170898437500e+00
2.351834999999999898e+00 2.663925170898437500e+00
2.356028999999999929e+00 2.663925170898437500e+00
2.360205000000000108e+00 2.663925170898437500e+00
2.363380999999999954e+00 2.658750534057617188e+00
2.366518000000000121e+00 2.658750534057617188e+00
2.374998999999999860e+00 2.653575897216796875e+00
2.379239999999999799e+00 2.658750534057617188e+00
2.383392000000000177e+00 2.653575897216796875e+00
2.387605000000000199e+00 2.653575897216796875e+00
2.391754999999999853e+00 2.653575897216796875e+00
2.394909000000000177e+00 2.653575897216796875e+00
2.399075999999999986e+00 2.653575897216796875e+00
2.403211999999999904e+00 2.653575897216796875e+00
2.407359000000000027e+00 2.653575897216796875e+00
2.411585000000000090e+00 2.658750534057617188e+00
2.414771000000000001e+00 2.658750534057617188e+00
2.417917000000000094e+00 2.658750534057617188e+00
2.422069000000000027e+00 2.658750534057617188e+00
2.426282000000000050e+00 2.663925170898437500e+00
2.430506999999999973e+00 2.663925170898437500e+00
2.434638000000000080e+00 2.669099807739257812e+00
2.438835000000000086e+00 2.663925170898437500e+00
2.442991000000000135e+00 2.669099807739257812e+00
2.446199000000000012e+00 2.669099807739257812e+00
2.450387000000000093e+00 2.663925170898437500e+00
2.454556999999999878e+00 2.663925170898437500e+00
2.457774999999999821e+00 2.663925170898437500e+00
2.460907999999999873e+00 2.663925170898437500e+00
2.465038999999999980e+00 2.658750534057617188e+00
2.469195000000000029e+00 2.653575897216796875e+00
2.473415999999999837e+00 2.653575897216796875e+00
2.477650999999999826e+00 2.653575897216796875e+00
2.481875000000000053e+00 2.653575897216796875e+00
2.490724000000000160e+00 2.653575897216796875e+00
2.498753999999999920e+00 2.653575897216796875e+00
2.503909999999999858e+00 2.653575897216796875e+00
2.509037999999999879e+00 2.658750534057617188e+00
2.514137999999999984e+00 2.663925170898437500e+00
2.519229999999999858e+00 2.663925170898437500e+00
2.524411999999999878e+00 2.663925170898437500e+00
2.529710999999999821e+00 2.663925170898437500e+00
2.534810999999999925e+00 2.663925170898437500e+00
2.540019000000000027e+00 2.669099807739257812e+00
2.545135999999999843e+00 2.663925170898437500e+00
2.550336999999999854e+00 2.663925170898437500e+00
2.555480999999999892e+00 2.663925170898437500e+00
2.569709000000000021e+00 2.653575897216796875e+00
2.577312000000000047e+00 2.648401260375976562e+00
2.588527000000000022e+00 2.653575897216796875e+00
2.597087999999999841e+00 2.658750534057617188e+00
2.602641999999999900e+00 2.658750534057617188e+00
2.611736000000000057e+00 2.653575897216796875e+00
2.619775000000000187e+00 2.663925170898437500e+00
2.624998999999999860e+00 2.669099807739257812e+00
2.630256000000000149e+00 2.663925170898437500e+00
2.635407999999999973e+00 2.658750534057617188e+00
2.640681999999999974e+00 2.658750534057617188e+00
2.645853999999999928e+00 2.658750534057617188e+00
2.651092999999999922e+00 2.658750534057617188e+00
2.656277000000000221e+00 2.663925170898437500e+00
2.661538999999999877e+00 2.658750534057617188e+00
2.666714999999999947e+00 2.648401260375976562e+00
2.672079999999999789e+00 2.653575897216796875e+00
2.677310999999999996e+00 2.653575897216796875e+00
2.682603999999999989e+00 2.658750534057617188e+00
2.687476000000000198e+00 2.658750534057617188e+00
2.691787999999999847e+00 2.658750534057617188e+00
2.696054000000000173e+00 2.658750534057617188e+00
2.700400999999999829e+00 2.653575897216796875e+00
2.704699000000000186e+00 2.658750534057617188e+00
2.708988000000000174e+00 2.658750534057617188e+00
2.713283999999999807e+00 2.663925170898437500e+00
2.717617999999999867e+00 2.658750534057617188e+00
2.721978000000000009e+00 2.663925170898437500e+00
2.730612999999999957e+00 2.658750534057617188e+00
2.735008999999999801e+00 2.658750534057617188e+00
2.739330999999999960e+00 2.663925170898437500e+00
2.743612999999999857e+00 2.658750534057617188e+00
2.747956999999999983e+00 2.658750534057617188e+00
2.752259000000000011e+00 2.658750534057617188e+00
2.756565999999999850e+00 2.658750534057617188e+00
2.760934000000000221e+00 2.658750534057617188e+00
2.765226999999999880e+00 2.658750534057617188e+00
2.768524000000000207e+00 2.653575897216796875e+00
2.772825000000000095e+00 2.653575897216796875e+00
2.777115999999999918e+00 2.658750534057617188e+00
2.781571000000000016e+00 2.658750534057617188e+00
2.785880000000000134e+00 2.658750534057617188e+00
2.790280000000000094e+00 2.653575897216796875e+00
2.794566000000000106e+00 2.658750534057617188e+00
2.798916999999999877e+00 2.653575897216796875e+00
2.802130000000000010e+00 2.658750534057617188e+00
2.806503999999999888e+00 2.653575897216796875e+00
2.811938000000000049e+00 2.653575897216796875e+00
2.815539999999999932e+00 2.658750534057617188e+00
2.819951000000000096e+00 2.658750534057617188e+00
2.824333000000000204e+00 2.658750534057617188e+00
2.828663999999999845e+00 2.658750534057617188e+00
2.831942999999999877e+00 2.658750534057617188e+00
2.836285999999999863e+00 2.658750534057617188e+00
2.840752000000000166e+00 2.658750534057617188e+00
2.849666000000000032e+00 2.663925170898437500e+00
2.854207000000000161e+00 2.663925170898437500e+00
2.858585000000000154e+00 2.663925170898437500e+00
2.862944999999999851e+00 2.663925170898437500e+00
2.867288999999999977e+00 2.653575897216796875e+00
2.871741999999999795e+00 2.658750534057617188e+00
2.876126000000000182e+00 2.658750534057617188e+00
2.880535000000000068e+00 2.653575897216796875e+00
2.884894000000000069e+00 2.653575897216796875e+00
2.889299999999999979e+00 2.653575897216796875e+00
2.893663000000000096e+00 2.653575897216796875e+00
2.898067999999999866e+00 2.653575897216796875e+00
2.901339000000000112e+00 2.653575897216796875e+00
2.905717000000000105e+00 2.653575897216796875e+00
2.910158000000000023e+00 2.653575897216796875e+00
2.914522999999999975e+00 2.658750534057617188e+00
2.918899000000000132e+00 2.658750534057617188e+00
2.923271000000000175e+00 2.658750534057617188e+00
2.927709000000000117e+00 2.658750534057617188e+00
2.932065999999999839e+00 2.669099807739257812e+00
2.936512000000000011e+00 2.663925170898437500e+00
2.941091000000000122e+00 2.663925170898437500e+00
2.945454999999999934e+00 2.663925170898437500e+00
2.949889999999999901e+00 2.663925170898437500e+00
2.954288000000000025e+00 2.663925170898437500e+00
2.957526000000000099e+00 2.663925170898437500e+00
2.966673000000000116e+00 2.663925170898437500e+00
2.971394999999999786e+00 2.653575897216796875e+00
2.975814000000000181e+00 2.653575897216796875e+00
2.980288999999999966e+00 2.653575897216796875e+00
2.984694000000000180e+00 2.653575897216796875e+00
2.989122000000000057e+00 2.653575897216796875e+00
2.993548999999999793e+00 2.653575897216796875e+00
2.996942999999999913e+00 2.653575897216796875e+00
3.001510000000000122e+00 2.653575897216796875e+00
3.005952000000000179e+00 2.653575897216796875e+00
3.010432000000000219e+00 2.653575897216796875e+00
3.014863000000000071e+00 2.658750534057617188e+00
3.019324999999999815e+00 2.663925170898437500e+00
3.023740000000000094e+00 2.663925170898437500e+00
3.028229000000000060e+00 2.663925170898437500e+00
3.032662999999999887e+00 2.663925170898437500e+00
3.037126999999999910e+00 2.663925170898437500e+00
3.041741000000000028e+00 2.663925170898437500e+00
3.046177999999999830e+00 2.663925170898437500e+00
3.049523999999999901e+00 2.663925170898437500e+00
3.053945999999999827e+00 2.663925170898437500e+00
3.058466999999999825e+00 2.663925170898437500e+00
3.062915999999999972e+00 2.653575897216796875e+00
3.067356000000000193e+00 2.653575897216796875e+00
3.071845000000000159e+00 2.653575897216796875e+00
3.076334000000000124e+00 2.653575897216796875e+00
3.085240000000000204e+00 2.653575897216796875e+00
3.090012000000000203e+00 2.653575897216796875e+00
3.093309999999999782e+00 2.653575897216796875e+00
3.097805000000000142e+00 2.658750534057617188e+00
3.101122000000000156e+00 2.653575897216796875e+00
3.105554000000000148e+00 2.658750534057617188e+00
3.108937000000000062e+00 2.653575897216796875e+00
3.113391000000000020e+00 2.663925170898437500e+00
3.117920999999999943e+00 2.658750534057617188e+00
3.122431000000000179e+00 2.669099807739257812e+00
3.126907999999999799e+00 2.663925170898437500e+00
3.130325000000000024e+00 2.669099807739257812e+00
3.134771999999999892e+00 2.663925170898437500e+00
3.139297000000000004e+00 2.658750534057617188e+00
3.143781000000000159e+00 2.658750534057617188e+00
3.148306999999999967e+00 2.658750534057617188e+00
3.152804000000000162e+00 2.658750534057617188e+00
3.156114999999999782e+00 2.658750534057617188e+00
3.160652999999999935e+00 2.658750534057617188e+00
3.165125999999999884e+00 2.653575897216796875e+00
3.169684999999999864e+00 2.653575897216796875e+00
3.174153000000000002e+00 2.653575897216796875e+00
3.178735000000000088e+00 2.653575897216796875e+00
3.183225999999999889e+00 2.653575897216796875e+00
3.187777000000000083e+00 2.658750534057617188e+00
3.192407000000000217e+00 2.658750534057617188e+00
3.201375000000000082e+00 2.653575897216796875e+00
3.206154000000000170e+00 2.658750534057617188e+00
3.209548999999999985e+00 2.653575897216796875e+00
3.214068000000000147e+00 2.663925170898437500e+00
3.218599999999999905e+00 2.658750534057617188e+00
3.223145999999999844e+00 2.663925170898437500e+00
3.227726000000000095e+00 2.658750534057617188e+00
3.232231000000000076e+00 2.658750534057617188e+00
3.236765000000000114e+00 2.658750534057617188e+00
3.241528999999999883e+00 2.663925170898437500e+00
3.246058000000000110e+00 2.658750534057617188e+00
3.250640999999999892e+00 2.658750534057617188e+00
3.255160000000000053e+00 2.658750534057617188e+00
3.259770000000000056e+00 2.658750534057617188e+00
3.264311999999999880e+00 2.653575897216796875e+00
3.268876000000000115e+00 2.658750534057617188e+00
3.273439999999999905e+00 2.658750534057617188e+00
3.278035000000000032e+00 2.658750534057617188e+00
3.282583999999999946e+00 2.653575897216796875e+00
3.287126999999999910e+00 2.658750534057617188e+00
3.291809000000000207e+00 2.658750534057617188e+00
3.296329000000000065e+00 2.658750534057617188e+00
3.299720999999999904e+00 2.653575897216796875e+00
3.304263000000000172e+00 2.658750534057617188e+00
3.308908000000000182e+00 2.653575897216796875e+00
3.318057000000000034e+00 2.653575897216796875e+00
3.322826000000000057e+00 2.663925170898437500e+00
3.327383999999999897e+00 2.658750534057617188e+00
3.332024999999999793e+00 2.658750534057617188e+00
3.336561999999999806e+00 2.658750534057617188e+00
3.341194999999999915e+00 2.663925170898437500e+00
3.345746999999999804e+00 2.663925170898437500e+00
3.350376999999999938e+00 2.663925170898437500e+00
3.354921000000000042e+00 2.669099807739257812e+00
3.358309000000000211e+00 2.663925170898437500e+00
3.362878999999999952e+00 2.658750534057617188e+00
3.367496000000000045e+00 2.653575897216796875e+00
3.372071000000000041e+00 2.658750534057617188e+00
3.376670999999999978e+00 2.658750534057617188e+00
3.381302999999999948e+00 2.658750534057617188e+00
3.385874999999999968e+00 2.653575897216796875e+00
3.389368000000000158e+00 2.653575897216796875e+00
3.395007000000000108e+00 2.648401260375976562e+00
3.400754000000000055e+00 2.653575897216796875e+00
3.406406000000000045e+00 2.653575897216796875e+00
3.412152999999999992e+00 2.653575897216796875e+00
3.417883999999999922e+00 2.653575897216796875e+00
3.423561999999999994e+00 2.658750534057617188e+00
3.429680999999999980e+00 2.658750534057617188e+00
3.442074999999999996e+00 2.663925170898437500e+00
3.448011000000000159e+00 2.663925170898437500e+00
3.453720999999999819e+00 2.663925170898437500e+00
3.459486000000000061e+00 2.663925170898437500e+00
3.465187999999999935e+00 2.658750534057617188e+00
3.470992999999999995e+00 2.658750534057617188e+00
3.476789000000000129e+00 2.653575897216796875e+00
3.482666000000000039e+00 2.653575897216796875e+00
3.488452000000000108e+00 2.653575897216796875e+00
3.493764999999999787e+00 2.653575897216796875e+00
3.498464999999999936e+00 2.653575897216796875e+00
3.503120000000000012e+00 2.653575897216796875e+00
3.507820999999999856e+00 2.653575897216796875e+00
3.512480000000000047e+00 2.653575897216796875e+00
3.517117999999999967e+00 2.663925170898437500e+00
3.521828999999999876e+00 2.669099807739257812e+00
3.526502999999999943e+00 2.663925170898437500e+00
3.531245000000000189e+00 2.663925170898437500e+00
3.535895000000000010e+00 2.663925170898437500e+00
3.540607000000000060e+00 2.663925170898437500e+00
3.545294000000000167e+00 2.663925170898437500e+00
3.554244000000000181e+00 2.669099807739257812e+00
3.565516000000000130e+00 2.658750534057617188e+00
3.575197000000000180e+00 2.653575897216796875e+00
3.584420999999999857e+00 2.653575897216796875e+00
3.591133999999999826e+00 2.653575897216796875e+00
3.596089999999999787e+00 2.653575897216796875e+00
3.600820000000000132e+00 2.653575897216796875e+00
3.605493000000000059e+00 2.653575897216796875e+00
3.610275000000000123e+00 2.658750534057617188e+00
3.614946999999999910e+00 2.663925170898437500e+00
3.618342999999999865e+00 2.663925170898437500e+00
3.621792000000000122e+00 2.669099807739257812e+00
3.626545999999999825e+00 2.669099807739257812e+00
3.631320999999999799e+00 2.663925170898437500e+00
3.635991000000000195e+00 2.663925170898437500e+00
3.640751999999999988e+00 2.663925170898437500e+00
3.645455000000000112e+00 2.658750534057617188e+00
3.648970999999999965e+00 2.658750534057617188e+00
3.653758999999999979e+00 2.658750534057617188e+00
3.658574999999999910e+00 2.658750534057617188e+00
3.668044000000000082e+00 2.653575897216796875e+00
3.672950999999999855e+00 2.653575897216796875e+00
3.677757999999999861e+00 2.653575897216796875e+00
3.682475000000000165e+00 2.653575897216796875e+00
3.687184999999999935e+00 2.653575897216796875e+00
3.691917000000000115e+00 2.653575897216796875e+00
3.696622000000000074e+00 2.653575897216796875e+00
3.701417999999999875e+00 2.658750534057617188e+00
3.706148999999999916e+00 2.653575897216796875e+00
3.710932999999999815e+00 2.653575897216796875e+00
3.714341999999999810e+00 2.658750534057617188e+00
3.719047000000000214e+00 2.663925170898437500e+00
3.723796000000000106e+00 2.663925170898437500e+00
3.728562000000000154e+00 2.663925170898437500e+00
3.733279000000000014e+00 2.658750534057617188e+00
3.738061000000000078e+00 2.658750534057617188e+00
3.742792999999999815e+00 2.658750534057617188e+00
3.747736999999999874e+00 2.658750534057617188e+00
3.752454999999999874e+00 2.663925170898437500e+00
3.757201999999999931e+00 2.658750534057617188e+00
3.762024999999999952e+00 2.653575897216796875e+00
3.766732999999999887e+00 2.648401260375976562e+00
3.771539000000000197e+00 2.658750534057617188e+00
3.776336000000000137e+00 2.653575897216796875e+00
3.785601999999999911e+00 2.658750534057617188e+00
3.790653999999999968e+00 2.658750534057617188e+00
3.795368999999999993e+00 2.653575897216796875e+00
3.800193000000000154e+00 2.653575897216796875e+00
3.804943999999999882e+00 2.658750534057617188e+00
3.809655999999999931e+00 2.653575897216796875e+00
3.814411000000000218e+00 2.658750534057617188e+00
3.817915000000000170e+00 2.658750534057617188e+00
3.822658999999999807e+00 2.663925170898437500e+00
3.827532000000000156e+00 2.658750534057617188e+00
3.832272000000000123e+00 2.658750534057617188e+00
3.837044000000000121e+00 2.658750534057617188e+00
3.841988000000000181e+00 2.663925170898437500e+00
3.846852000000000160e+00 2.658750534057617188e+00
3.850518999999999803e+00 2.658750534057617188e+00
3.855309999999999793e+00 2.663925170898437500e+00
3.860151000000000110e+00 2.663925170898437500e+00
3.864916000000000018e+00 2.658750534057617188e+00
3.869673000000000140e+00 2.658750534057617188e+00
3.873127000000000209e+00 2.653575897216796875e+00
3.878036999999999956e+00 2.658750534057617188e+00
3.882786999999999988e+00 2.653575897216796875e+00
3.887630000000000141e+00 2.653575897216796875e+00
3.892454999999999998e+00 2.653575897216796875e+00
3.901928999999999981e+00 2.653575897216796875e+00
3.906972000000000111e+00 2.653575897216796875e+00
3.911944000000000088e+00 2.653575897216796875e+00
3.916742000000000168e+00 2.658750534057617188e+00
3.921651000000000220e+00 2.658750534057617188e+00
3.925119000000000025e+00 2.658750534057617188e+00
3.929984000000000144e+00 2.658750534057617188e+00
3.934794000000000125e+00 2.658750534057617188e+00
3.939617000000000147e+00 2.658750534057617188e+00
3.944430999999999798e+00 2.663925170898437500e+00
3.949281000000000041e+00 2.663925170898437500e+00
3.954117000000000104e+00 2.663925170898437500e+00
3.958984000000000059e+00 2.663925170898437500e+00
3.963801999999999826e+00 2.658750534057617188e+00
3.968668000000000085e+00 2.658750534057617188e+00
3.973484000000000016e+00 2.658750534057617188e+00
3.978479999999999794e+00 2.653575897216796875e+00
3.983315999999999857e+00 2.653575897216796875e+00
3.988176000000000165e+00 2.653575897216796875e+00
3.993047999999999931e+00 2.653575897216796875e+00
3.997961999999999794e+00 2.648401260375976562e+00
4.002767999999999660e+00 2.653575897216796875e+00
4.007635999999999754e+00 2.653575897216796875e+00
4.012913000000000174e+00 2.658750534057617188e+00
4.022590000000000110e+00 2.658750534057617188e+00
4.027522000000000268e+00 2.663925170898437500e+00
4.032390999999999615e+00 2.663925170898437500e+00
4.037276000000000309e+00 2.663925170898437500e+00
4.042201999999999629e+00 2.663925170898437500e+00
4.047062999999999633e+00 2.663925170898437500e+00
4.052062000000000275e+00 2.663925170898437500e+00
4.057108999999999632e+00 2.663925170898437500e+00
4.060718999999999745e+00 2.658750534057617188e+00
4.065580999999999889e+00 2.658750534057617188e+00
4.069149000000000349e+00 2.653575897216796875e+00
4.074048999999999587e+00 2.653575897216796875e+00
4.079024999999999679e+00 2.653575897216796875e+00
4.082555000000000156e+00 2.653575897216796875e+00
4.087462000000000373e+00 2.653575897216796875e+00
4.092411000000000243e+00 2.653575897216796875e+00
4.097252000000000116e+00 2.653575897216796875e+00
4.102133000000000251e+00 2.653575897216796875e+00
4.106980000000000075e+00 2.658750534057617188e+00
4.111989000000000338e+00 2.658750534057617188e+00
4.116863999999999635e+00 2.663925170898437500e+00
4.121814999999999785e+00 2.663925170898437500e+00
4.126735000000000042e+00 2.663925170898437500e+00
4.136321999999999832e+00 2.663925170898437500e+00
4.141505999999999688e+00 2.663925170898437500e+00
4.146418999999999855e+00 2.658750534057617188e+00
4.151411999999999658e+00 2.658750534057617188e+00
4.154969000000000356e+00 2.663925170898437500e+00
4.160078999999999638e+00 2.658750534057617188e+00
4.164968000000000004e+00 2.653575897216796875e+00
4.169938000000000144e+00 2.653575897216796875e+00
4.174845000000000361e+00 2.653575897216796875e+00
4.179758999999999780e+00 2.653575897216796875e+00
4.184650999999999677e+00 2.653575897216796875e+00
4.189586000000000254e+00 2.658750534057617188e+00
4.193113999999999564e+00 2.653575897216796875e+00
4.198063000000000322e+00 2.653575897216796875e+00
4.202943999999999569e+00 2.653575897216796875e+00
4.207923000000000080e+00 2.658750534057617188e+00
4.212870999999999810e+00 2.658750534057617188e+00
4.217831999999999582e+00 2.658750534057617188e+00
4.222743000000000357e+00 2.663925170898437500e+00
4.227750000000000341e+00 2.663925170898437500e+00
4.232685000000000031e+00 2.663925170898437500e+00
4.237646999999999942e+00 2.658750534057617188e+00
4.242549000000000348e+00 2.658750534057617188e+00
4.253690999999999889e+00 2.658750534057617188e+00
4.258941000000000088e+00 2.653575897216796875e+00
4.263867000000000296e+00 2.658750534057617188e+00
4.268824999999999648e+00 2.653575897216796875e+00
4.273811000000000249e+00 2.653575897216796875e+00
4.277307999999999666e+00 2.653575897216796875e+00
4.280917999999999779e+00 2.653575897216796875e+00
4.285873999999999739e+00 2.653575897216796875e+00
4.290943999999999647e+00 2.653575897216796875e+00
4.295949000000000240e+00 2.658750534057617188e+00
4.300966999999999985e+00 2.658750534057617188e+00
4.305947999999999887e+00 2.653575897216796875e+00
4.310990999999999573e+00 2.658750534057617188e+00
4.316009000000000206e+00 2.658750534057617188e+00
4.321062000000000403e+00 2.658750534057617188e+00
4.326049000000000255e+00 2.663925170898437500e+00
4.331076999999999622e+00 2.658750534057617188e+00
4.336012000000000199e+00 2.658750534057617188e+00
4.341008000000000422e+00 2.658750534057617188e+00
4.346020000000000216e+00 2.658750534057617188e+00
4.351028999999999591e+00 2.658750534057617188e+00
4.355974999999999930e+00 2.663925170898437500e+00
4.361023999999999567e+00 2.663925170898437500e+00
4.366348999999999592e+00 2.653575897216796875e+00
4.376159000000000354e+00 2.653575897216796875e+00
4.381223999999999563e+00 2.653575897216796875e+00
4.386207999999999885e+00 2.658750534057617188e+00
4.391357000000000177e+00 2.653575897216796875e+00
4.396404000000000423e+00 2.653575897216796875e+00
4.401460000000000150e+00 2.653575897216796875e+00
4.406481000000000314e+00 2.653575897216796875e+00
4.410141000000000311e+00 2.653575897216796875e+00
4.413732999999999684e+00 2.658750534057617188e+00
4.418771999999999700e+00 2.658750534057617188e+00
4.423792999999999864e+00 2.658750534057617188e+00
4.428848000000000340e+00 2.658750534057617188e+00
4.433899000000000257e+00 2.658750534057617188e+00
4.438950000000000173e+00 2.663925170898437500e+00
4.442554000000000336e+00 2.663925170898437500e+00
4.447659999999999947e+00 2.663925170898437500e+00
4.452703999999999773e+00 2.663925170898437500e+00
4.457784000000000191e+00 2.663925170898437500e+00
4.462801999999999936e+00 2.658750534057617188e+00
4.467882000000000353e+00 2.653575897216796875e+00
4.471532999999999980e+00 2.658750534057617188e+00
4.475134999999999863e+00 2.658750534057617188e+00
4.480249999999999844e+00 2.653575897216796875e+00
4.489836999999999634e+00 2.653575897216796875e+00
4.495123000000000424e+00 2.648401260375976562e+00
4.500236000000000125e+00 2.648401260375976562e+00
4.505270000000000330e+00 2.653575897216796875e+00
4.510373000000000410e+00 2.648401260375976562e+00
4.515392000000000294e+00 2.658750534057617188e+00
4.520491999999999955e+00 2.658750534057617188e+00
4.525528000000000439e+00 2.658750534057617188e+00
4.530662000000000411e+00 2.663925170898437500e+00
4.535679000000000016e+00 2.658750534057617188e+00
4.540778999999999677e+00 2.663925170898437500e+00
4.545822000000000251e+00 2.658750534057617188e+00
4.551308999999999827e+00 2.669099807739257812e+00
4.556376000000000204e+00 2.663925170898437500e+00
4.561497000000000135e+00 2.658750534057617188e+00
4.571975000000000122e+00 2.653575897216796875e+00
4.580861999999999767e+00 2.648401260375976562e+00
4.586735000000000007e+00 2.653575897216796875e+00
4.592230999999999952e+00 2.653575897216796875e+00
4.599601999999999968e+00 2.653575897216796875e+00
4.611553999999999931e+00 2.658750534057617188e+00
4.616636999999999880e+00 2.658750534057617188e+00
4.621934000000000431e+00 2.663925170898437500e+00
4.627030000000000420e+00 2.663925170898437500e+00
4.632221000000000366e+00 2.663925170898437500e+00
4.637293999999999805e+00 2.663925170898437500e+00
4.642477999999999660e+00 2.663925170898437500e+00
4.647631999999999763e+00 2.663925170898437500e+00
4.652718000000000131e+00 2.658750534057617188e+00
4.657884000000000135e+00 2.658750534057617188e+00
4.662986000000000075e+00 2.653575897216796875e+00
4.668162999999999840e+00 2.648401260375976562e+00
4.673249000000000208e+00 2.653575897216796875e+00
4.678424999999999834e+00 2.653575897216796875e+00
4.683551999999999715e+00 2.653575897216796875e+00
4.688693999999999917e+00 2.653575897216796875e+00
4.693793999999999578e+00 2.653575897216796875e+00
4.698947000000000429e+00 2.653575897216796875e+00
4.704058999999999990e+00 2.653575897216796875e+00
4.709152999999999700e+00 2.653575897216796875e+00
4.714330000000000354e+00 2.658750534057617188e+00
4.724281999999999648e+00 2.663925170898437500e+00
4.729657999999999696e+00 2.663925170898437500e+00
4.734759999999999636e+00 2.658750534057617188e+00
4.739864999999999995e+00 2.658750534057617188e+00
4.745002999999999638e+00 2.658750534057617188e+00
4.750226999999999755e+00 2.658750534057617188e+00
4.755355999999999916e+00 2.658750534057617188e+00
4.760529000000000011e+00 2.658750534057617188e+00
4.765653999999999613e+00 2.653575897216796875e+00
4.770855000000000068e+00 2.653575897216796875e+00
4.775955999999999868e+00 2.653575897216796875e+00
4.781182000000000265e+00 2.653575897216796875e+00
4.786305999999999727e+00 2.653575897216796875e+00
4.791475000000000151e+00 2.653575897216796875e+00
4.796598000000000361e+00 2.653575897216796875e+00
4.801823999999999870e+00 2.653575897216796875e+00
4.806943000000000410e+00 2.658750534057617188e+00
4.812261999999999595e+00 2.658750534057617188e+00
4.815936999999999912e+00 2.658750534057617188e+00
4.821130000000000138e+00 2.658750534057617188e+00
4.826283000000000101e+00 2.658750534057617188e+00
4.831508999999999610e+00 2.658750534057617188e+00
4.841310000000000002e+00 2.658750534057617188e+00
4.846728999999999843e+00 2.658750534057617188e+00
4.850577999999999612e+00 2.658750534057617188e+00
4.855739999999999945e+00 2.658750534057617188e+00
4.861007999999999996e+00 2.658750534057617188e+00
4.866213000000000122e+00 2.653575897216796875e+00
4.871490999999999794e+00 2.653575897216796875e+00
4.876669999999999838e+00 2.653575897216796875e+00
4.881984000000000101e+00 2.653575897216796875e+00
4.887202000000000268e+00 2.653575897216796875e+00
4.892534000000000383e+00 2.653575897216796875e+00
4.897778999999999883e+00 2.653575897216796875e+00
4.903005000000000280e+00 2.653575897216796875e+00
4.908274999999999721e+00 2.653575897216796875e+00
4.911932000000000187e+00 2.653575897216796875e+00
4.917103000000000002e+00 2.653575897216796875e+00
4.922413999999999845e+00 2.658750534057617188e+00
4.927705999999999698e+00 2.658750534057617188e+00
4.932930999999999955e+00 2.658750534057617188e+00
4.938182000000000293e+00 2.658750534057617188e+00
4.943412000000000361e+00 2.658750534057617188e+00
4.947109000000000201e+00 2.658750534057617188e+00
4.952449999999999797e+00 2.658750534057617188e+00
4.962190999999999796e+00 2.653575897216796875e+00
4.967722000000000193e+00 2.653575897216796875e+00
4.972984000000000293e+00 2.653575897216796875e+00
4.978297999999999668e+00 2.653575897216796875e+00
4.983554999999999957e+00 2.653575897216796875e+00
4.988864000000000409e+00 2.653575897216796875e+00
4.994117000000000139e+00 2.653575897216796875e+00
4.999405000000000321e+00 2.653575897216796875e+00
5.004645000000000010e+00 2.653575897216796875e+00
5.009888000000000119e+00 2.648401260375976562e+00
5.015166999999999931e+00 2.653575897216796875e+00
5.018951000000000384e+00 2.658750534057617188e+00
5.024154000000000231e+00 2.658750534057617188e+00
5.029473999999999556e+00 2.658750534057617188e+00
5.034737999999999936e+00 2.658750534057617188e+00
5.040013000000000076e+00 2.663925170898437500e+00
5.043706000000000245e+00 2.663925170898437500e+00
5.048950999999999745e+00 2.658750534057617188e+00
5.054204000000000363e+00 2.663925170898437500e+00
5.059487999999999985e+00 2.658750534057617188e+00
5.064727000000000423e+00 2.658750534057617188e+00
5.069963000000000442e+00 2.653575897216796875e+00
5.080103000000000257e+00 2.653575897216796875e+00
5.085633999999999766e+00 2.653575897216796875e+00
5.090938999999999659e+00 2.653575897216796875e+00
5.096220999999999890e+00 2.648401260375976562e+00
5.101582999999999757e+00 2.648401260375976562e+00
5.106859000000000037e+00 2.648401260375976562e+00
5.110731000000000357e+00 2.653575897216796875e+00
5.115986000000000367e+00 2.663925170898437500e+00
5.121324000000000431e+00 2.663925170898437500e+00
5.126593999999999873e+00 2.658750534057617188e+00
5.131961000000000439e+00 2.663925170898437500e+00
5.137232000000000021e+00 2.658750534057617188e+00
5.142557000000000045e+00 2.663925170898437500e+00
5.147886999999999880e+00 2.663925170898437500e+00
5.153160999999999881e+00 2.658750534057617188e+00
5.158481000000000094e+00 2.658750534057617188e+00
5.163809999999999789e+00 2.653575897216796875e+00
5.169157000000000224e+00 2.648401260375976562e+00
5.174598999999999727e+00 2.648401260375976562e+00
5.180123000000000033e+00 2.653575897216796875e+00
5.185475000000000279e+00 2.648401260375976562e+00
5.190850000000000186e+00 2.653575897216796875e+00
5.200698000000000043e+00 2.653575897216796875e+00
5.206221000000000210e+00 2.653575897216796875e+00
5.211618999999999780e+00 2.653575897216796875e+00
5.216948000000000363e+00 2.663925170898437500e+00
5.222339999999999982e+00 2.658750534057617188e+00
5.227704000000000129e+00 2.663925170898437500e+00
5.233069000000000415e+00 2.658750534057617188e+00
5.238429000000000002e+00 2.658750534057617188e+00
5.242112999999999801e+00 2.658750534057617188e+00
5.247480000000000366e+00 2.658750534057617188e+00
5.252867000000000175e+00 2.658750534057617188e+00
5.258282999999999596e+00 2.658750534057617188e+00
5.263652999999999693e+00 2.653575897216796875e+00
5.269042999999999921e+00 2.648401260375976562e+00
5.274377999999999567e+00 2.648401260375976562e+00
5.279726000000000141e+00 2.653575897216796875e+00
5.285051000000000165e+00 2.653575897216796875e+00
5.290455999999999825e+00 2.653575897216796875e+00
5.295791999999999611e+00 2.653575897216796875e+00
5.301177000000000028e+00 2.653575897216796875e+00
5.306491000000000291e+00 2.653575897216796875e+00
5.310461000000000098e+00 2.653575897216796875e+00
5.319100999999999857e+00 2.658750534057617188e+00
5.324506999999999657e+00 2.658750534057617188e+00
5.329881999999999564e+00 2.658750534057617188e+00
5.335225000000000328e+00 2.658750534057617188e+00
5.340657000000000210e+00 2.658750534057617188e+00
5.345977000000000423e+00 2.653575897216796875e+00
5.351437999999999917e+00 2.653575897216796875e+00
5.356821000000000055e+00 2.658750534057617188e+00
5.362298000000000009e+00 2.658750534057617188e+00
5.366101999999999705e+00 2.653575897216796875e+00
5.371537000000000006e+00 2.653575897216796875e+00
5.376941999999999666e+00 2.653575897216796875e+00
5.382549000000000028e+00 2.653575897216796875e+00
5.387957000000000107e+00 2.653575897216796875e+00
5.391790999999999556e+00 2.653575897216796875e+00
5.395540999999999698e+00 2.653575897216796875e+00
5.400985000000000369e+00 2.653575897216796875e+00
5.404745000000000132e+00 2.653575897216796875e+00
5.410180999999999685e+00 2.653575897216796875e+00
5.415575999999999723e+00 2.653575897216796875e+00
5.421014000000000443e+00 2.653575897216796875e+00
5.430927999999999756e+00 2.653575897216796875e+00
5.436582999999999721e+00 2.653575897216796875e+00
5.442101000000000077e+00 2.658750534057617188e+00
5.447548000000000279e+00 2.658750534057617188e+00
5.452918999999999627e+00 2.658750534057617188e+00
5.458362000000000158e+00 2.663925170898437500e+00
5.463771000000000377e+00 2.658750534057617188e+00
5.467541999999999902e+00 2.653575897216796875e+00
5.472934999999999661e+00 2.653575897216796875e+00
5.476729999999999876e+00 2.658750534057617188e+00
5.482261000000000273e+00 2.653575897216796875e+00
5.487720000000000375e+00 2.653575897216796875e+00
5.491528999999999883e+00 2.648401260375976562e+00
5.496895999999999560e+00 2.653575897216796875e+00
5.502438999999999858e+00 2.648401260375976562e+00
5.507901999999999632e+00 2.653575897216796875e+00
5.513292999999999999e+00 2.653575897216796875e+00
5.518761999999999723e+00 2.658750534057617188e+00
5.524192000000000213e+00 2.658750534057617188e+00
5.529620000000000424e+00 2.658750534057617188e+00
5.535076000000000107e+00 2.658750534057617188e+00
5.540735999999999883e+00 2.663925170898437500e+00
5.550419999999999909e+00 2.658750534057617188e+00
5.556084000000000245e+00 2.663925170898437500e+00
5.561575000000000379e+00 2.658750534057617188e+00
5.571925000000000239e+00 2.653575897216796875e+00
5.585657000000000316e+00 2.648401260375976562e+00
5.594397999999999982e+00 2.648401260375976562e+00
5.600267999999999802e+00 2.648401260375976562e+00
5.605781000000000347e+00 2.648401260375976562e+00
5.611323999999999756e+00 2.653575897216796875e+00
5.615143999999999913e+00 2.658750534057617188e+00
5.620670999999999751e+00 2.663925170898437500e+00
5.626149999999999984e+00 2.658750534057617188e+00
5.631723000000000035e+00 2.658750534057617188e+00
5.635569000000000273e+00 2.663925170898437500e+00
5.641121000000000052e+00 2.663925170898437500e+00
5.644921000000000078e+00 2.663925170898437500e+00
5.650462000000000096e+00 2.663925170898437500e+00
5.655984000000000123e+00 2.663925170898437500e+00
5.666045000000000442e+00 2.653575897216796875e+00
5.671878999999999671e+00 2.648401260375976562e+00
5.677392000000000216e+00 2.653575897216796875e+00
5.683056999999999803e+00 2.653575897216796875e+00
5.688792000000000293e+00 2.653575897216796875e+00
5.694350000000000023e+00 2.653575897216796875e+00
5.699887999999999622e+00 2.653575897216796875e+00
5.705419000000000018e+00 2.653575897216796875e+00
5.709365000000000023e+00 2.653575897216796875e+00
5.714904999999999902e+00 2.658750534057617188e+00
5.720514999999999795e+00 2.658750534057617188e+00
5.726059000000000232e+00 2.663925170898437500e+00
5.731658000000000364e+00 2.663925170898437500e+00
5.737250999999999657e+00 2.658750534057617188e+00
5.742912999999999712e+00 2.658750534057617188e+00
5.748546000000000156e+00 2.658750534057617188e+00
5.754127000000000436e+00 2.658750534057617188e+00
5.759704000000000157e+00 2.658750534057617188e+00
5.763536000000000215e+00 2.653575897216796875e+00
5.769135999999999598e+00 2.648401260375976562e+00
5.774719000000000158e+00 2.653575897216796875e+00
5.784868000000000343e+00 2.653575897216796875e+00
5.790733000000000352e+00 2.653575897216796875e+00
5.796276999999999902e+00 2.653575897216796875e+00
5.801899999999999835e+00 2.653575897216796875e+00
5.807453999999999894e+00 2.653575897216796875e+00
5.812960000000000349e+00 2.658750534057617188e+00
5.818607000000000085e+00 2.663925170898437500e+00
5.822536999999999630e+00 2.663925170898437500e+00
5.828108000000000288e+00 2.658750534057617188e+00
5.831919000000000075e+00 2.653575897216796875e+00
5.837506999999999557e+00 2.658750534057617188e+00
5.843047999999999575e+00 2.653575897216796875e+00
5.848714000000000190e+00 2.658750534057617188e+00
5.852452000000000432e+00 2.658750534057617188e+00
5.858056000000000374e+00 2.658750534057617188e+00
5.863595000000000113e+00 2.658750534057617188e+00
5.869195999999999636e+00 2.653575897216796875e+00
5.874741000000000213e+00 2.653575897216796875e+00
5.880367999999999817e+00 2.658750534057617188e+00
5.885957000000000328e+00 2.653575897216796875e+00
5.891599000000000252e+00 2.653575897216796875e+00
5.901831999999999745e+00 2.653575897216796875e+00
5.907695000000000363e+00 2.658750534057617188e+00
5.913273000000000224e+00 2.653575897216796875e+00
5.918966000000000172e+00 2.658750534057617188e+00
5.924579999999999735e+00 2.658750534057617188e+00
5.930221999999999660e+00 2.658750534057617188e+00
5.934148999999999674e+00 2.658750534057617188e+00
5.939789000000000208e+00 2.658750534057617188e+00
5.945426999999999573e+00 2.653575897216796875e+00
5.951056000000000346e+00 2.658750534057617188e+00
5.956643999999999828e+00 2.663925170898437500e+00
5.962354000000000376e+00 2.658750534057617188e+00
5.968009000000000341e+00 2.653575897216796875e+00
5.973578999999999972e+00 2.658750534057617188e+00
5.979168999999999734e+00 2.653575897216796875e+00
5.984764000000000195e+00 2.653575897216796875e+00
5.990474999999999994e+00 2.653575897216796875e+00
5.996082000000000356e+00 2.648401260375976562e+00
6.001854999999999940e+00 2.653575897216796875e+00
6.007528999999999897e+00 2.648401260375976562e+00
6.019715999999999845e+00 2.653575897216796875e+00
6.025636999999999688e+00 2.658750534057617188e+00
6.031347000000000236e+00 2.658750534057617188e+00
6.037010999999999683e+00 2.658750534057617188e+00
6.042760999999999605e+00 2.658750534057617188e+00
6.048445000000000071e+00 2.658750534057617188e+00
6.054121999999999559e+00 2.658750534057617188e+00
6.059776000000000273e+00 2.663925170898437500e+00
6.065399000000000207e+00 2.653575897216796875e+00
6.071120999999999768e+00 2.658750534057617188e+00
6.076775999999999733e+00 2.653575897216796875e+00
6.082582999999999629e+00 2.653575897216796875e+00
6.088269999999999627e+00 2.648401260375976562e+00
6.092115999999999865e+00 2.648401260375976562e+00
6.097866999999999926e+00 2.648401260375976562e+00
6.103559999999999874e+00 2.648401260375976562e+00
6.109192000000000178e+00 2.648401260375976562e+00
6.114822000000000202e+00 2.653575897216796875e+00
6.120544999999999902e+00 2.658750534057617188e+00
6.126190000000000246e+00 2.658750534057617188e+00
6.131925999999999988e+00 2.663925170898437500e+00
6.142163000000000039e+00 2.658750534057617188e+00
6.148156000000000176e+00 2.663925170898437500e+00
6.153827999999999854e+00 2.663925170898437500e+00
6.159469999999999779e+00 2.663925170898437500e+00
6.165136999999999645e+00 2.653575897216796875e+00
6.170836999999999684e+00 2.648401260375976562e+00
6.174756999999999607e+00 2.653575897216796875e+00
6.180462999999999596e+00 2.653575897216796875e+00
6.186207999999999707e+00 2.653575897216796875e+00
6.190152999999999572e+00 2.653575897216796875e+00
6.195781000000000205e+00 2.653575897216796875e+00
6.201532000000000266e+00 2.648401260375976562e+00
6.207182000000000421e+00 2.653575897216796875e+00
6.212914999999999743e+00 2.653575897216796875e+00
6.218703999999999787e+00 2.658750534057617188e+00
6.224380000000000024e+00 2.663925170898437500e+00
6.230050999999999561e+00 2.658750534057617188e+00
6.233869999999999578e+00 2.658750534057617188e+00
6.239550000000000374e+00 2.663925170898437500e+00
6.245218999999999632e+00 2.658750534057617188e+00
6.255457999999999963e+00 2.653575897216796875e+00
6.261427000000000298e+00 2.653575897216796875e+00
6.265355999999999703e+00 2.653575897216796875e+00
6.271143999999999608e+00 2.648401260375976562e+00
6.276860000000000106e+00 2.648401260375976562e+00
6.282703999999999844e+00 2.648401260375976562e+00
6.288497999999999699e+00 2.648401260375976562e+00
6.294220000000000148e+00 2.653575897216796875e+00
6.299955999999999889e+00 2.653575897216796875e+00
6.305706999999999951e+00 2.653575897216796875e+00
6.311499000000000414e+00 2.653575897216796875e+00
6.317258999999999958e+00 2.658750534057617188e+00
6.323057999999999623e+00 2.658750534057617188e+00
6.328851000000000226e+00 2.658750534057617188e+00
6.334579999999999878e+00 2.658750534057617188e+00
6.340423000000000364e+00 2.658750534057617188e+00
6.346154000000000295e+00 2.653575897216796875e+00
6.351967000000000141e+00 2.653575897216796875e+00
6.357751000000000374e+00 2.658750534057617188e+00
6.363482999999999556e+00 2.653575897216796875e+00
6.373924999999999841e+00 2.653575897216796875e+00
6.379934999999999690e+00 2.653575897216796875e+00
6.385684000000000360e+00 2.653575897216796875e+00
6.391498999999999597e+00 2.653575897216796875e+00
6.397255999999999609e+00 2.653575897216796875e+00
6.403090999999999866e+00 2.653575897216796875e+00
6.409084000000000003e+00 2.653575897216796875e+00
6.414833999999999925e+00 2.658750534057617188e+00
6.420708000000000304e+00 2.653575897216796875e+00
6.426436999999999955e+00 2.658750534057617188e+00
6.432244999999999990e+00 2.658750534057617188e+00
6.438115999999999950e+00 2.658750534057617188e+00
6.443886000000000003e+00 2.658750534057617188e+00
6.449619000000000213e+00 2.658750534057617188e+00
6.455365999999999715e+00 2.658750534057617188e+00
6.461215000000000153e+00 2.658750534057617188e+00
6.467005000000000337e+00 2.653575897216796875e+00
6.472838000000000314e+00 2.653575897216796875e+00
6.478705999999999854e+00 2.653575897216796875e+00
6.484575000000000422e+00 2.653575897216796875e+00
6.494912000000000241e+00 2.653575897216796875e+00
6.501051999999999609e+00 2.648401260375976562e+00
6.506869000000000014e+00 2.648401260375976562e+00
6.513010000000000410e+00 2.653575897216796875e+00
6.518913000000000402e+00 2.653575897216796875e+00
6.524731000000000058e+00 2.658750534057617188e+00
6.530650999999999762e+00 2.653575897216796875e+00
6.536469999999999558e+00 2.653575897216796875e+00
6.540562999999999683e+00 2.658750534057617188e+00
6.546354000000000006e+00 2.658750534057617188e+00
6.552246000000000237e+00 2.658750534057617188e+00
6.558143000000000278e+00 2.658750534057617188e+00
6.563989000000000296e+00 2.653575897216796875e+00
6.574856999999999729e+00 2.653575897216796875e+00
6.586534000000000333e+00 2.648401260375976562e+00
6.593821000000000154e+00 2.648401260375976562e+00
6.602149999999999963e+00 2.648401260375976562e+00
6.612576999999999927e+00 2.653575897216796875e+00
6.618917999999999857e+00 2.653575897216796875e+00
6.622965999999999909e+00 2.658750534057617188e+00
6.628875999999999991e+00 2.658750534057617188e+00
6.634738999999999720e+00 2.658750534057617188e+00
6.640704999999999636e+00 2.658750534057617188e+00
6.644720000000000404e+00 2.658750534057617188e+00
6.650638999999999967e+00 2.658750534057617188e+00
6.656552999999999720e+00 2.658750534057617188e+00
6.662507999999999875e+00 2.653575897216796875e+00
6.668439000000000227e+00 2.648401260375976562e+00
6.674292000000000336e+00 2.648401260375976562e+00
6.680188000000000237e+00 2.648401260375976562e+00
6.686055999999999777e+00 2.648401260375976562e+00
6.690113000000000198e+00 2.648401260375976562e+00
6.695952000000000126e+00 2.653575897216796875e+00
6.701902999999999722e+00 2.648401260375976562e+00
6.707816000000000223e+00 2.653575897216796875e+00
6.713659999999999961e+00 2.653575897216796875e+00
6.719732999999999734e+00 2.658750534057617188e+00
6.730235999999999663e+00 2.663925170898437500e+00
6.736341000000000356e+00 2.658750534057617188e+00
6.742301999999999573e+00 2.658750534057617188e+00
6.748243999999999687e+00 2.658750534057617188e+00
6.754108999999999696e+00 2.658750534057617188e+00
6.760015000000000107e+00 2.658750534057617188e+00
6.765877999999999837e+00 2.648401260375976562e+00
6.771878000000000064e+00 2.653575897216796875e+00
6.775921000000000305e+00 2.648401260375976562e+00
6.781914000000000442e+00 2.648401260375976562e+00
6.785917000000000421e+00 2.653575897216796875e+00
6.791895000000000238e+00 2.648401260375976562e+00
6.797854000000000063e+00 2.653575897216796875e+00
6.801929000000000336e+00 2.648401260375976562e+00
6.807866999999999891e+00 2.653575897216796875e+00
6.813782999999999923e+00 2.653575897216796875e+00
6.819706000000000046e+00 2.658750534057617188e+00
6.825662000000000340e+00 2.658750534057617188e+00
6.831559999999999633e+00 2.658750534057617188e+00
6.837515999999999927e+00 2.653575897216796875e+00
6.848052000000000028e+00 2.658750534057617188e+00
6.854235000000000078e+00 2.653575897216796875e+00
6.860166999999999682e+00 2.653575897216796875e+00
6.866088000000000413e+00 2.653575897216796875e+00
6.872088999999999892e+00 2.653575897216796875e+00
6.878017999999999965e+00 2.653575897216796875e+00
6.883930000000000327e+00 2.653575897216796875e+00
6.889892999999999823e+00 2.653575897216796875e+00
6.895806999999999576e+00 2.653575897216796875e+00
6.901746000000000159e+00 2.653575897216796875e+00
6.907760999999999818e+00 2.653575897216796875e+00
6.913694999999999702e+00 2.653575897216796875e+00
6.919702000000000019e+00 2.658750534057617188e+00
6.925608999999999682e+00 2.658750534057617188e+00
6.929717000000000127e+00 2.653575897216796875e+00
6.935658000000000101e+00 2.653575897216796875e+00
6.941684000000000410e+00 2.653575897216796875e+00
6.945729000000000042e+00 2.658750534057617188e+00
6.951707999999999998e+00 2.653575897216796875e+00
6.957790000000000141e+00 2.653575897216796875e+00
6.968253999999999948e+00 2.653575897216796875e+00
6.974470000000000169e+00 2.653575897216796875e+00
6.980476000000000347e+00 2.658750534057617188e+00
6.984525999999999790e+00 2.653575897216796875e+00
6.990539000000000058e+00 2.658750534057617188e+00
6.996444000000000329e+00 2.648401260375976562e+00
7.002612000000000059e+00 2.653575897216796875e+00
7.008619999999999628e+00 2.653575897216796875e+00
7.014584000000000152e+00 2.653575897216796875e+00
7.020633000000000123e+00 2.658750534057617188e+00
7.024756000000000000e+00 2.658750534057617188e+00
7.030784999999999840e+00 2.653575897216796875e+00
7.036826999999999721e+00 2.653575897216796875e+00
7.042883999999999922e+00 2.658750534057617188e+00
7.046986000000000416e+00 2.658750534057617188e+00
7.053054999999999630e+00 2.663925170898437500e+00
7.059150999999999954e+00 2.658750534057617188e+00
7.065091999999999928e+00 2.653575897216796875e+00
7.071126999999999718e+00 2.653575897216796875e+00
7.077157999999999838e+00 2.653575897216796875e+00
7.087858999999999909e+00 2.648401260375976562e+00
7.094084999999999752e+00 2.648401260375976562e+00
7.100081999999999560e+00 2.648401260375976562e+00
7.106110000000000149e+00 2.648401260375976562e+00
7.112148000000000359e+00 2.648401260375976562e+00
7.118168999999999969e+00 2.653575897216796875e+00
7.124189000000000327e+00 2.658750534057617188e+00
7.130179000000000045e+00 2.658750534057617188e+00
7.136228000000000016e+00 2.658750534057617188e+00
7.142257999999999996e+00 2.658750534057617188e+00
7.148316999999999588e+00 2.658750534057617188e+00
7.154402000000000150e+00 2.658750534057617188e+00
7.160480999999999874e+00 2.658750534057617188e+00
7.164545000000000385e+00 2.653575897216796875e+00
7.170612000000000208e+00 2.653575897216796875e+00
7.176675000000000360e+00 2.648401260375976562e+00
7.182868000000000031e+00 2.648401260375976562e+00
7.186913999999999803e+00 2.648401260375976562e+00
7.191132999999999775e+00 2.648401260375976562e+00
7.197182999999999886e+00 2.648401260375976562e+00
7.207963000000000342e+00 2.648401260375976562e+00
7.214248000000000438e+00 2.653575897216796875e+00
7.220316999999999652e+00 2.658750534057617188e+00
7.226383000000000223e+00 2.658750534057617188e+00
7.232482000000000077e+00 2.658750534057617188e+00
7.236557999999999602e+00 2.658750534057617188e+00
7.240783999999999665e+00 2.658750534057617188e+00
7.246836000000000055e+00 2.658750534057617188e+00
7.253029999999999866e+00 2.658750534057617188e+00
7.259149999999999991e+00 2.653575897216796875e+00
7.265177000000000440e+00 2.653575897216796875e+00
7.271321999999999619e+00 2.653575897216796875e+00
7.277452000000000254e+00 2.648401260375976562e+00
7.283470999999999584e+00 2.648401260375976562e+00
7.289566999999999908e+00 2.648401260375976562e+00
7.295625000000000249e+00 2.648401260375976562e+00
7.301796000000000397e+00 2.653575897216796875e+00
7.307943999999999996e+00 2.653575897216796875e+00
7.314039000000000179e+00 2.658750534057617188e+00
7.324836000000000347e+00 2.658750534057617188e+00
7.331273999999999624e+00 2.658750534057617188e+00
7.337356999999999907e+00 2.658750534057617188e+00
7.343532999999999866e+00 2.658750534057617188e+00
7.349612999999999730e+00 2.658750534057617188e+00
7.355671000000000070e+00 2.658750534057617188e+00
7.361824000000000368e+00 2.653575897216796875e+00
7.367962999999999596e+00 2.648401260375976562e+00
7.372117000000000253e+00 2.648401260375976562e+00
7.378226999999999869e+00 2.648401260375976562e+00
7.384279000000000259e+00 2.653575897216796875e+00
7.390420999999999907e+00 2.653575897216796875e+00
7.396512000000000420e+00 2.653575897216796875e+00
7.402683999999999820e+00 2.648401260375976562e+00
7.408853999999999829e+00 2.648401260375976562e+00
7.414991999999999805e+00 2.658750534057617188e+00
7.421222000000000207e+00 2.658750534057617188e+00
7.427279000000000408e+00 2.658750534057617188e+00
7.438202000000000425e+00 2.653575897216796875e+00
7.444554000000000116e+00 2.658750534057617188e+00
7.450745000000000395e+00 2.653575897216796875e+00
7.456913000000000125e+00 2.653575897216796875e+00
7.461180999999999841e+00 2.653575897216796875e+00
7.467257000000000033e+00 2.653575897216796875e+00
7.473523000000000138e+00 2.653575897216796875e+00
7.479683999999999777e+00 2.653575897216796875e+00
7.485790999999999862e+00 2.653575897216796875e+00
7.491971000000000380e+00 2.653575897216796875e+00
7.496119000000000199e+00 2.663925170898437500e+00
7.500333000000000361e+00 2.777766227722167969e+00
7.506440999999999697e+00 2.845035552978515625e+00
7.512628999999999557e+00 3.921351432800292969e+00
7.518862000000000378e+00 4.790682792663574219e+00
7.525047999999999959e+00 4.795857429504394531e+00
7.531221000000000387e+00 4.790682792663574219e+00
7.537386999999999837e+00 4.795857429504394531e+00
7.543632999999999811e+00 4.795857429504394531e+00
7.554333999999999882e+00 4.795857429504394531e+00
7.560829000000000022e+00 4.801032066345214844e+00
7.567003999999999841e+00 4.790682792663574219e+00
7.578621000000000052e+00 4.790682792663574219e+00
7.590657000000000210e+00 4.790682792663574219e+00
7.597724999999999618e+00 4.785508155822753906e+00
7.605731999999999715e+00 4.790682792663574219e+00
7.612053000000000402e+00 4.790682792663574219e+00
7.618285000000000196e+00 4.795857429504394531e+00
7.624483999999999817e+00 4.790682792663574219e+00
7.630817999999999657e+00 4.795857429504394531e+00
7.636980999999999575e+00 4.795857429504394531e+00
7.643303000000000402e+00 4.795857429504394531e+00
7.649492000000000402e+00 4.795857429504394531e+00
7.655723000000000056e+00 4.795857429504394531e+00
7.661989000000000161e+00 4.795857429504394531e+00
7.672696000000000183e+00 4.795857429504394531e+00
7.679231999999999836e+00 4.790682792663574219e+00
7.685430000000000206e+00 4.790682792663574219e+00
7.691746000000000194e+00 4.785508155822753906e+00
7.695916999999999675e+00 4.790682792663574219e+00
7.700127000000000166e+00 4.790682792663574219e+00
7.704340000000000188e+00 4.790682792663574219e+00
7.710620999999999725e+00 4.790682792663574219e+00
7.716819000000000095e+00 4.795857429504394531e+00
7.723213000000000328e+00 4.795857429504394531e+00
7.729480999999999824e+00 4.795857429504394531e+00
7.733723000000000347e+00 4.801032066345214844e+00
7.739950000000000330e+00 4.795857429504394531e+00
7.744145999999999752e+00 4.795857429504394531e+00
7.748359999999999914e+00 4.795857429504394531e+00
7.754564000000000235e+00 4.795857429504394531e+00
7.760860000000000092e+00 4.795857429504394531e+00
7.767050000000000232e+00 4.790682792663574219e+00
7.771336999999999939e+00 4.790682792663574219e+00
7.777630000000000265e+00 4.790682792663574219e+00
7.790589999999999904e+00 4.790682792663574219e+00
7.797452999999999967e+00 4.790682792663574219e+00
7.803774999999999906e+00 4.790682792663574219e+00
7.810043000000000291e+00 4.790682792663574219e+00
7.816269000000000133e+00 4.795857429504394531e+00
7.822659999999999947e+00 4.795857429504394531e+00
7.828994999999999926e+00 4.795857429504394531e+00
7.835275000000000212e+00 4.801032066345214844e+00
7.841707999999999679e+00 4.795857429504394531e+00
7.847993999999999915e+00 4.795857429504394531e+00
7.854238999999999749e+00 4.790682792663574219e+00
7.860642000000000351e+00 4.801032066345214844e+00
7.866914999999999658e+00 4.790682792663574219e+00
7.873293999999999571e+00 4.790682792663574219e+00
7.879646000000000150e+00 4.785508155822753906e+00
7.883924999999999628e+00 4.790682792663574219e+00
7.890227999999999575e+00 4.795857429504394531e+00
7.896455999999999698e+00 4.795857429504394531e+00
