7.688000000000000389e-03 2.431068420410156250e+00
1.171499999999999972e-02 2.431068420410156250e+00
1.511099999999999943e-02 2.431068420410156250e+00
1.839899999999999869e-02 2.431068420410156250e+00
2.185300000000000090e-02 2.431068420410156250e+00
2.528999999999999998e-02 2.431068420410156250e+00
2.860000000000000042e-02 2.431068420410156250e+00
3.205100000000000310e-02 2.420719146728515625e+00
3.550500000000000184e-02 2.425893783569335938e+00
3.895400000000000251e-02 2.431068420410156250e+00
4.225099999999999689e-02 2.425893783569335938e+00
4.569999999999999757e-02 2.425893783569335938e+00
4.915300000000000225e-02 2.431068420410156250e+00
5.244900000000000256e-02 2.425893783569335938e+00
5.590200000000000030e-02 2.431068420410156250e+00
5.950500000000000234e-02 2.431068420410156250e+00
6.296499999999999320e-02 2.431068420410156250e+00
6.626100000000000045e-02 2.431068420410156250e+00
7.032900000000000262e-02 2.431068420410156250e+00
7.363699999999999413e-02 2.425893783569335938e+00
7.708299999999999874e-02 2.425893783569335938e+00
8.053200000000000636e-02 2.425893783569335938e+00
8.381900000000000461e-02 2.431068420410156250e+00
8.727799999999999447e-02 2.431068420410156250e+00
9.076099999999999446e-02 2.425893783569335938e+00
9.404999999999999472e-02 2.431068420410156250e+00
9.751400000000000345e-02 2.431068420410156250e+00
1.009609999999999952e-01 2.431068420410156250e+00
1.044039999999999968e-01 2.431068420410156250e+00
1.078569999999999945e-01 2.431068420410156250e+00
1.113060000000000022e-01 2.431068420410156250e+00
1.146130000000000065e-01 2.425893783569335938e+00
1.183280000000000026e-01 2.431068420410156250e+00
1.283320000000000016e-01 2.431068420410156250e+00
1.318350000000000077e-01 2.425893783569335938e+00
1.352980000000000016e-01 2.431068420410156250e+00
1.387440000000000062e-01 2.425893783569335938e+00
1.420460000000000056e-01 2.425893783569335938e+00
1.454999999999999905e-01 2.431068420410156250e+00
1.489479999999999971e-01 2.425893783569335938e+00
1.522439999999999904e-01 2.425893783569335938e+00
1.556909999999999961e-01 2.425893783569335938e+00
1.591460000000000097e-01 2.425893783569335938e+00
1.624480000000000091e-01 2.425893783569335938e+00
1.658920000000000117e-01 2.420719146728515625e+00
1.693439999999999945e-01 2.425893783569335938e+00
1.726429999999999909e-01 2.425893783569335938e+00
1.760899999999999965e-01 2.425893783569335938e+00
1.797050000000000036e-01 2.425893783569335938e+00
1.833430000000000060e-01 2.431068420410156250e+00
1.871019999999999905e-01 2.431068420410156250e+00
1.903799999999999937e-01 2.431068420410156250e+00
1.938419999999999865e-01 2.431068420410156250e+00
1.972970000000000002e-01 2.431068420410156250e+00
2.007460000000000078e-01 2.431068420410156250e+00
2.040460000000000051e-01 2.436243057250976562e+00
2.075140000000000040e-01 2.431068420410156250e+00
2.109530000000000016e-01 2.436243057250976562e+00
2.142419999999999880e-01 2.436243057250976562e+00
2.176960000000000006e-01 2.431068420410156250e+00
2.211460000000000092e-01 2.436243057250976562e+00
2.244359999999999966e-01 2.431068420410156250e+00
2.279039999999999955e-01 2.431068420410156250e+00
2.313379999999999881e-01 2.431068420410156250e+00
2.346310000000000062e-01 2.431068420410156250e+00
2.382110000000000061e-01 2.425893783569335938e+00
2.485960000000000114e-01 2.420719146728515625e+00
2.520149999999999890e-01 2.420719146728515625e+00
2.554759999999999809e-01 2.425893783569335938e+00
2.589420000000000055e-01 2.420719146728515625e+00
2.622340000000000226e-01 2.420719146728515625e+00
2.656749999999999945e-01 2.420719146728515625e+00
2.691520000000000024e-01 2.420719146728515625e+00
2.727390000000000092e-01 2.420719146728515625e+00
2.760290000000000243e-01 2.420719146728515625e+00
2.795230000000000214e-01 2.425893783569335938e+00
2.828160000000000118e-01 2.431068420410156250e+00
2.862620000000000164e-01 2.436243057250976562e+00
2.898629999999999818e-01 2.436243057250976562e+00
2.933189999999999964e-01 2.436243057250976562e+00
2.966150000000000175e-01 2.436243057250976562e+00
3.000829999999999886e-01 2.436243057250976562e+00
3.035100000000000020e-01 2.436243057250976562e+00
3.068060000000000231e-01 2.436243057250976562e+00
3.102539999999999742e-01 2.436243057250976562e+00
3.136990000000000056e-01 2.436243057250976562e+00
3.170069999999999832e-01 2.431068420410156250e+00
3.204460000000000086e-01 2.436243057250976562e+00
3.239000000000000212e-01 2.431068420410156250e+00
3.273840000000000083e-01 2.436243057250976562e+00
3.309570000000000012e-01 2.420719146728515625e+00
3.342539999999999956e-01 2.425893783569335938e+00
3.377009999999999734e-01 2.425893783569335938e+00
3.411690000000000000e-01 2.420719146728515625e+00
3.446110000000000007e-01 2.425893783569335938e+00
3.480500000000000260e-01 2.420719146728515625e+00
3.515050000000000119e-01 2.420719146728515625e+00
3.549539999999999917e-01 2.420719146728515625e+00
3.583620000000000139e-01 2.420719146728515625e+00
3.687529999999999974e-01 2.420719146728515625e+00
3.721970000000000001e-01 2.425893783569335938e+00
3.756439999999999779e-01 2.425893783569335938e+00
3.791430000000000078e-01 2.431068420410156250e+00
3.825640000000000152e-01 2.431068420410156250e+00
3.860399999999999943e-01 2.441417694091796875e+00
3.894850000000000256e-01 2.436243057250976562e+00
3.929320000000000035e-01 2.436243057250976562e+00
3.962269999999999959e-01 2.436243057250976562e+00
3.996750000000000025e-01 2.436243057250976562e+00
4.031339999999999923e-01 2.441417694091796875e+00
4.064289999999999847e-01 2.436243057250976562e+00
4.098729999999999873e-01 2.436243057250976562e+00
4.133240000000000247e-01 2.436243057250976562e+00
4.169320000000000248e-01 2.431068420410156250e+00
4.202279999999999904e-01 2.431068420410156250e+00
4.236710000000000198e-01 2.431068420410156250e+00
4.271280000000000077e-01 2.436243057250976562e+00
4.304230000000000000e-01 2.425893783569335938e+00
4.338699999999999779e-01 2.425893783569335938e+00
4.373279999999999945e-01 2.425893783569335938e+00
4.406180000000000097e-01 2.420719146728515625e+00
4.440660000000000163e-01 2.425893783569335938e+00
4.475219999999999754e-01 2.425893783569335938e+00
4.508139999999999925e-01 2.425893783569335938e+00
4.542610000000000259e-01 2.425893783569335938e+00
4.577109999999999790e-01 2.425893783569335938e+00
4.610020000000000229e-01 2.431068420410156250e+00
4.644579999999999820e-01 2.425893783569335938e+00
4.678999999999999826e-01 2.425893783569335938e+00
4.713919999999999777e-01 2.425893783569335938e+00
4.751589999999999980e-01 2.431068420410156250e+00
4.858109999999999928e-01 2.436243057250976562e+00
4.893879999999999897e-01 2.436243057250976562e+00
4.928420000000000023e-01 2.436243057250976562e+00
4.962920000000000109e-01 2.431068420410156250e+00
4.998989999999999823e-01 2.431068420410156250e+00
5.033590000000000009e-01 2.431068420410156250e+00
5.066479999999999873e-01 2.431068420410156250e+00
5.100940000000000474e-01 2.431068420410156250e+00
5.135520000000000085e-01 2.436243057250976562e+00
5.169010000000000549e-01 2.431068420410156250e+00
5.203020000000000422e-01 2.436243057250976562e+00
5.237549999999999706e-01 2.431068420410156250e+00
5.270510000000000472e-01 2.431068420410156250e+00
5.305020000000000291e-01 2.425893783569335938e+00
5.339540000000000397e-01 2.425893783569335938e+00
5.372569999999999846e-01 2.425893783569335938e+00
5.407009999999999872e-01 2.431068420410156250e+00
5.439960000000000351e-01 2.431068420410156250e+00
5.474769999999999914e-01 2.425893783569335938e+00
5.508999999999999453e-01 2.425893783569335938e+00
5.543470000000000342e-01 2.425893783569335938e+00
5.578049999999999953e-01 2.425893783569335938e+00
5.612500000000000266e-01 2.425893783569335938e+00
5.647029999999999550e-01 2.425893783569335938e+00
5.680300000000000349e-01 2.431068420410156250e+00
5.714829999999999632e-01 2.425893783569335938e+00
5.749309999999999699e-01 2.425893783569335938e+00
5.782279999999999642e-01 2.431068420410156250e+00
5.816780000000000284e-01 2.425893783569335938e+00
5.851499999999999480e-01 2.431068420410156250e+00
5.887379999999999836e-01 2.431068420410156250e+00
5.920370000000000354e-01 2.431068420410156250e+00
5.956679999999999753e-01 2.431068420410156250e+00
6.054450000000000109e-01 2.431068420410156250e+00
6.088160000000000238e-01 2.436243057250976562e+00
6.122640000000000304e-01 2.431068420410156250e+00
6.157120000000000370e-01 2.431068420410156250e+00
6.190059999999999452e-01 2.431068420410156250e+00
6.224520000000000053e-01 2.436243057250976562e+00
6.259050000000000447e-01 2.436243057250976562e+00
6.295180000000000220e-01 2.436243057250976562e+00
6.328070000000000084e-01 2.431068420410156250e+00
6.362529999999999575e-01 2.431068420410156250e+00
6.398559999999999803e-01 2.431068420410156250e+00
6.433100000000000485e-01 2.425893783569335938e+00
6.466030000000000388e-01 2.431068420410156250e+00
6.500510000000000455e-01 2.425893783569335938e+00
6.535229999999999650e-01 2.431068420410156250e+00
6.571449999999999791e-01 2.431068420410156250e+00
6.607180000000000275e-01 2.431068420410156250e+00
6.640470000000000539e-01 2.425893783569335938e+00
6.675039999999999862e-01 2.425893783569335938e+00
6.709460000000000424e-01 2.425893783569335938e+00
6.742409999999999792e-01 2.425893783569335938e+00
6.779340000000000366e-01 2.431068420410156250e+00
6.812259999999999982e-01 2.431068420410156250e+00
6.846729999999999761e-01 2.431068420410156250e+00
6.879650000000000487e-01 2.436243057250976562e+00
6.914200000000000346e-01 2.431068420410156250e+00
6.948699999999999877e-01 2.431068420410156250e+00
6.983319999999999528e-01 2.431068420410156250e+00
7.016210000000000502e-01 2.431068420410156250e+00
7.050790000000000113e-01 2.431068420410156250e+00
7.085320000000000507e-01 2.436243057250976562e+00
7.120250000000000190e-01 2.436243057250976562e+00
7.220539999999999736e-01 2.441417694091796875e+00
7.321109999999999562e-01 2.436243057250976562e+00
7.407599999999999740e-01 2.431068420410156250e+00
7.455880000000000285e-01 2.431068420410156250e+00
7.490250000000000519e-01 2.425893783569335938e+00
7.524729999999999475e-01 2.425893783569335938e+00
7.559240000000000403e-01 2.425893783569335938e+00
7.618679999999999897e-01 2.425893783569335938e+00
7.653100000000000458e-01 2.425893783569335938e+00
7.686049999999999827e-01 2.425893783569335938e+00
7.720519999999999605e-01 2.425893783569335938e+00
7.755039999999999711e-01 2.425893783569335938e+00
7.789620000000000433e-01 2.425893783569335938e+00
7.822569999999999801e-01 2.431068420410156250e+00
7.857049999999999867e-01 2.436243057250976562e+00
7.889899999999999691e-01 2.436243057250976562e+00
7.924499999999999877e-01 2.436243057250976562e+00
7.959009999999999696e-01 2.436243057250976562e+00
7.995109999999999717e-01 2.436243057250976562e+00
8.029629999999999823e-01 2.441417694091796875e+00
8.062540000000000262e-01 2.436243057250976562e+00
8.098629999999999995e-01 2.436243057250976562e+00
8.133099999999999774e-01 2.436243057250976562e+00
8.166029999999999678e-01 2.436243057250976562e+00
8.200499999999999456e-01 2.436243057250976562e+00
8.235000000000000098e-01 2.436243057250976562e+00
8.269739999999999869e-01 2.436243057250976562e+00
8.375709999999999544e-01 2.425893783569335938e+00
8.410480000000000178e-01 2.425893783569335938e+00
8.445070000000000077e-01 2.425893783569335938e+00
8.479560000000000430e-01 2.425893783569335938e+00
8.512549999999999839e-01 2.425893783569335938e+00
8.547430000000000305e-01 2.425893783569335938e+00
8.580349999999999921e-01 2.425893783569335938e+00
8.614960000000000395e-01 2.425893783569335938e+00
8.649430000000000174e-01 2.420719146728515625e+00
8.682360000000000078e-01 2.425893783569335938e+00
8.716859999999999609e-01 2.425893783569335938e+00
8.751400000000000290e-01 2.425893783569335938e+00
8.784330000000000194e-01 2.431068420410156250e+00
8.818869999999999765e-01 2.431068420410156250e+00
8.853389999999999871e-01 2.436243057250976562e+00
8.886220000000000230e-01 2.436243057250976562e+00
8.920900000000000496e-01 2.436243057250976562e+00
8.955400000000000027e-01 2.436243057250976562e+00
8.988340000000000218e-01 2.436243057250976562e+00
9.022930000000000117e-01 2.441417694091796875e+00
9.057380000000000431e-01 2.436243057250976562e+00
9.090319999999999512e-01 2.436243057250976562e+00
9.124820000000000153e-01 2.436243057250976562e+00
9.159490000000000132e-01 2.436243057250976562e+00
9.195429999999999993e-01 2.436243057250976562e+00
9.228389999999999649e-01 2.436243057250976562e+00
9.262899999999999467e-01 2.431068420410156250e+00
9.299009999999999776e-01 2.431068420410156250e+00
9.333500000000000130e-01 2.425893783569335938e+00
9.366409999999999458e-01 2.425893783569335938e+00
9.400950000000000140e-01 2.425893783569335938e+00
9.435559999999999503e-01 2.425893783569335938e+00
9.472909999999999942e-01 2.425893783569335938e+00
9.571300000000000363e-01 2.425893783569335938e+00
9.606649999999999912e-01 2.431068420410156250e+00
9.641279999999999850e-01 2.431068420410156250e+00
9.674220000000000041e-01 2.431068420410156250e+00
9.708700000000000108e-01 2.431068420410156250e+00
9.743199999999999639e-01 2.431068420410156250e+00
9.777770000000000072e-01 2.425893783569335938e+00
9.812260000000000426e-01 2.431068420410156250e+00
9.846859999999999502e-01 2.436243057250976562e+00
9.881349999999999856e-01 2.436243057250976562e+00
9.917300000000000004e-01 2.441417694091796875e+00
9.950250000000000483e-01 2.441417694091796875e+00
9.984739999999999727e-01 2.436243057250976562e+00
1.002588999999999952e+00 2.436243057250976562e+00
1.006995000000000084e+00 2.436243057250976562e+00
1.011139000000000010e+00 2.431068420410156250e+00
1.015287000000000051e+00 2.431068420410156250e+00
1.019471000000000016e+00 2.431068420410156250e+00
1.023603000000000041e+00 2.431068420410156250e+00
1.027782999999999891e+00 2.436243057250976562e+00
1.031884000000000023e+00 2.425893783569335938e+00
1.035992999999999942e+00 2.425893783569335938e+00
1.040210999999999997e+00 2.431068420410156250e+00
1.044327999999999923e+00 2.431068420410156250e+00
1.048467999999999956e+00 2.425893783569335938e+00
1.052580000000000071e+00 2.431068420410156250e+00
1.056724999999999914e+00 2.431068420410156250e+00
1.060917000000000110e+00 2.431068420410156250e+00
1.071631000000000000e+00 2.425893783569335938e+00
1.077533000000000074e+00 2.431068420410156250e+00
1.082008999999999999e+00 2.436243057250976562e+00
1.086136999999999908e+00 2.436243057250976562e+00
1.090441999999999911e+00 2.431068420410156250e+00
1.094554999999999945e+00 2.436243057250976562e+00
1.098673000000000011e+00 2.431068420410156250e+00
1.102799000000000085e+00 2.431068420410156250e+00
1.107010999999999967e+00 2.436243057250976562e+00
1.111169999999999991e+00 2.436243057250976562e+00
1.115315000000000056e+00 2.431068420410156250e+00
1.119529999999999914e+00 2.431068420410156250e+00
1.123696000000000028e+00 2.436243057250976562e+00
1.127850000000000019e+00 2.436243057250976562e+00
1.132011000000000100e+00 2.431068420410156250e+00
1.136223999999999901e+00 2.431068420410156250e+00
1.140532000000000101e+00 2.425893783569335938e+00
1.144719999999999960e+00 2.431068420410156250e+00
1.148975999999999997e+00 2.425893783569335938e+00
1.153221999999999969e+00 2.431068420410156250e+00
1.157464999999999966e+00 2.425893783569335938e+00
1.161637999999999948e+00 2.425893783569335938e+00
1.165826999999999947e+00 2.431068420410156250e+00
1.170088000000000017e+00 2.425893783569335938e+00
1.174282999999999966e+00 2.425893783569335938e+00
1.178471999999999964e+00 2.425893783569335938e+00
1.182865999999999973e+00 2.431068420410156250e+00
1.194811999999999985e+00 2.436243057250976562e+00
1.199616999999999933e+00 2.431068420410156250e+00
1.203959999999999919e+00 2.436243057250976562e+00
1.208158999999999983e+00 2.436243057250976562e+00
1.212372999999999923e+00 2.436243057250976562e+00
1.216574999999999962e+00 2.436243057250976562e+00
1.220863000000000032e+00 2.441417694091796875e+00
1.225071000000000021e+00 2.436243057250976562e+00
1.229382999999999893e+00 2.431068420410156250e+00
1.233603999999999923e+00 2.431068420410156250e+00
1.237896000000000107e+00 2.431068420410156250e+00
1.242199000000000053e+00 2.425893783569335938e+00
1.246431999999999984e+00 2.425893783569335938e+00
1.250776000000000110e+00 2.431068420410156250e+00
1.255022000000000082e+00 2.431068420410156250e+00
1.259360000000000035e+00 2.425893783569335938e+00
1.263611000000000040e+00 2.425893783569335938e+00
1.268041999999999891e+00 2.425893783569335938e+00
1.272289999999999921e+00 2.425893783569335938e+00
1.276526000000000050e+00 2.425893783569335938e+00
1.280853999999999937e+00 2.431068420410156250e+00
1.285103000000000106e+00 2.431068420410156250e+00
1.289433999999999969e+00 2.436243057250976562e+00
1.293662000000000090e+00 2.431068420410156250e+00
1.298038000000000025e+00 2.436243057250976562e+00
1.302302000000000071e+00 2.436243057250976562e+00
1.306672000000000056e+00 2.441417694091796875e+00
1.317380999999999913e+00 2.441417694091796875e+00
1.323355000000000059e+00 2.441417694091796875e+00
1.327844999999999942e+00 2.436243057250976562e+00
1.332181000000000060e+00 2.431068420410156250e+00
1.336521000000000070e+00 2.431068420410156250e+00
1.340943999999999914e+00 2.431068420410156250e+00
1.345269000000000048e+00 2.425893783569335938e+00
1.349644999999999984e+00 2.425893783569335938e+00
1.353963000000000028e+00 2.425893783569335938e+00
1.358314000000000021e+00 2.425893783569335938e+00
1.362578000000000067e+00 2.425893783569335938e+00
1.366964999999999986e+00 2.425893783569335938e+00
1.371296999999999988e+00 2.425893783569335938e+00
1.375633000000000106e+00 2.425893783569335938e+00
1.380033999999999983e+00 2.431068420410156250e+00
1.384355000000000002e+00 2.436243057250976562e+00
1.388705000000000078e+00 2.441417694091796875e+00
1.393057999999999907e+00 2.441417694091796875e+00
1.396441000000000043e+00 2.436243057250976562e+00
1.401016000000000039e+00 2.436243057250976562e+00
1.405375999999999959e+00 2.436243057250976562e+00
1.409802000000000000e+00 2.436243057250976562e+00
1.414145999999999903e+00 2.436243057250976562e+00
1.418522000000000061e+00 2.436243057250976562e+00
1.422862999999999989e+00 2.436243057250976562e+00
1.427278999999999964e+00 2.436243057250976562e+00
1.431724999999999914e+00 2.431068420410156250e+00
1.440630000000000077e+00 2.425893783569335938e+00
1.444727000000000094e+00 2.425893783569335938e+00
1.448962000000000083e+00 2.420719146728515625e+00
1.452663999999999955e+00 2.425893783569335938e+00
1.456360000000000099e+00 2.425893783569335938e+00
1.460175999999999918e+00 2.425893783569335938e+00
1.463883000000000045e+00 2.431068420410156250e+00
1.467607000000000106e+00 2.431068420410156250e+00
1.471354000000000051e+00 2.431068420410156250e+00
1.475073999999999996e+00 2.431068420410156250e+00
1.478882000000000030e+00 2.431068420410156250e+00
1.482593999999999967e+00 2.436243057250976562e+00
1.486307000000000045e+00 2.436243057250976562e+00
1.490113999999999939e+00 2.436243057250976562e+00
1.493832999999999966e+00 2.436243057250976562e+00
1.497679999999999900e+00 2.436243057250976562e+00
1.501406999999999936e+00 2.441417694091796875e+00
1.505136999999999947e+00 2.436243057250976562e+00
1.508958999999999939e+00 2.431068420410156250e+00
1.512682000000000082e+00 2.436243057250976562e+00
1.516410000000000036e+00 2.431068420410156250e+00
1.520229000000000052e+00 2.436243057250976562e+00
1.523973999999999940e+00 2.431068420410156250e+00
1.527716000000000074e+00 2.431068420410156250e+00
1.531452999999999953e+00 2.425893783569335938e+00
1.535185999999999940e+00 2.425893783569335938e+00
1.538996999999999948e+00 2.431068420410156250e+00
1.542736000000000107e+00 2.425893783569335938e+00
1.546478999999999937e+00 2.431068420410156250e+00
1.550329999999999986e+00 2.425893783569335938e+00
1.559520000000000017e+00 2.431068420410156250e+00
1.563920999999999895e+00 2.431068420410156250e+00
1.567714000000000052e+00 2.431068420410156250e+00
1.571479999999999988e+00 2.431068420410156250e+00
1.575247000000000064e+00 2.431068420410156250e+00
1.579075000000000006e+00 2.431068420410156250e+00
1.582845999999999975e+00 2.436243057250976562e+00
1.586619000000000002e+00 2.436243057250976562e+00
1.590459999999999985e+00 2.431068420410156250e+00
1.594238000000000044e+00 2.436243057250976562e+00
1.598092999999999986e+00 2.431068420410156250e+00
1.601882999999999946e+00 2.436243057250976562e+00
1.605661999999999923e+00 2.436243057250976562e+00
1.609518000000000004e+00 2.436243057250976562e+00
1.613296999999999981e+00 2.436243057250976562e+00
1.617153999999999980e+00 2.431068420410156250e+00
1.620938999999999908e+00 2.436243057250976562e+00
1.624743000000000048e+00 2.436243057250976562e+00
1.628560000000000008e+00 2.436243057250976562e+00
1.632346999999999992e+00 2.431068420410156250e+00
1.636142999999999903e+00 2.425893783569335938e+00
1.640074999999999950e+00 2.431068420410156250e+00
1.643885999999999958e+00 2.431068420410156250e+00
1.647696000000000049e+00 2.431068420410156250e+00
1.651499000000000050e+00 2.431068420410156250e+00
1.655324000000000018e+00 2.431068420410156250e+00
1.659197000000000033e+00 2.431068420410156250e+00
1.663008000000000042e+00 2.436243057250976562e+00
1.672274000000000038e+00 2.425893783569335938e+00
1.676647999999999916e+00 2.425893783569335938e+00
1.680533999999999972e+00 2.436243057250976562e+00
1.684368000000000087e+00 2.431068420410156250e+00
1.688215999999999939e+00 2.436243057250976562e+00
1.692058000000000062e+00 2.431068420410156250e+00
1.695896000000000070e+00 2.436243057250976562e+00
1.699837999999999960e+00 2.431068420410156250e+00
1.703677000000000108e+00 2.436243057250976562e+00
1.707581000000000016e+00 2.431068420410156250e+00
1.711457000000000006e+00 2.436243057250976562e+00
1.715319000000000038e+00 2.436243057250976562e+00
1.719222000000000028e+00 2.441417694091796875e+00
1.723070000000000102e+00 2.436243057250976562e+00
1.726965000000000083e+00 2.436243057250976562e+00
1.738906999999999980e+00 2.431068420410156250e+00
1.747390999999999917e+00 2.431068420410156250e+00
1.753366999999999898e+00 2.431068420410156250e+00
1.757363000000000008e+00 2.431068420410156250e+00
1.761373000000000077e+00 2.425893783569335938e+00
1.766710999999999920e+00 2.425893783569335938e+00
1.770108999999999932e+00 2.425893783569335938e+00
1.774013000000000062e+00 2.425893783569335938e+00
1.783288999999999902e+00 2.425893783569335938e+00
1.787776999999999950e+00 2.431068420410156250e+00
1.791692000000000062e+00 2.431068420410156250e+00
1.795565999999999995e+00 2.431068420410156250e+00
1.799555000000000016e+00 2.431068420410156250e+00
1.803439999999999932e+00 2.436243057250976562e+00
1.807371000000000061e+00 2.441417694091796875e+00
1.811256999999999895e+00 2.441417694091796875e+00
1.815104999999999968e+00 2.441417694091796875e+00
1.819055000000000089e+00 2.441417694091796875e+00
1.822920000000000096e+00 2.441417694091796875e+00
1.826899999999999968e+00 2.436243057250976562e+00
1.830832999999999933e+00 2.431068420410156250e+00
1.834737000000000062e+00 2.431068420410156250e+00
1.838651000000000035e+00 2.431068420410156250e+00
1.841674000000000033e+00 2.425893783569335938e+00
1.845572999999999908e+00 2.425893783569335938e+00
1.849534000000000011e+00 2.425893783569335938e+00
1.853434999999999944e+00 2.425893783569335938e+00
1.857401999999999997e+00 2.425893783569335938e+00
1.861321999999999921e+00 2.420719146728515625e+00
1.865223000000000075e+00 2.420719146728515625e+00
1.869208999999999898e+00 2.425893783569335938e+00
1.873124000000000011e+00 2.425893783569335938e+00
1.877105999999999941e+00 2.425893783569335938e+00
1.881027000000000005e+00 2.431068420410156250e+00
1.884937000000000085e+00 2.436243057250976562e+00
1.888910000000000089e+00 2.436243057250976562e+00
1.898403000000000063e+00 2.441417694091796875e+00
1.903119999999999923e+00 2.436243057250976562e+00
1.907168999999999892e+00 2.436243057250976562e+00
1.911097000000000046e+00 2.436243057250976562e+00
1.915006999999999904e+00 2.436243057250976562e+00
1.919013000000000080e+00 2.436243057250976562e+00
1.922930999999999946e+00 2.436243057250976562e+00
1.926914000000000016e+00 2.436243057250976562e+00
1.930855999999999906e+00 2.431068420410156250e+00
1.934797000000000100e+00 2.425893783569335938e+00
1.938746000000000080e+00 2.425893783569335938e+00
1.942693999999999921e+00 2.425893783569335938e+00
1.946636999999999951e+00 2.425893783569335938e+00
1.950644999999999962e+00 2.420719146728515625e+00
1.954579000000000066e+00 2.425893783569335938e+00
1.958544999999999980e+00 2.425893783569335938e+00
1.962493000000000043e+00 2.425893783569335938e+00
1.966444999999999999e+00 2.425893783569335938e+00
1.970526999999999918e+00 2.431068420410156250e+00
1.974487000000000103e+00 2.431068420410156250e+00
1.978447000000000067e+00 2.431068420410156250e+00
1.982367999999999908e+00 2.436243057250976562e+00
1.986329999999999929e+00 2.441417694091796875e+00
1.990461000000000036e+00 2.436243057250976562e+00
1.994407999999999959e+00 2.436243057250976562e+00
1.998390000000000111e+00 2.436243057250976562e+00
2.002485000000000070e+00 2.436243057250976562e+00
2.006858999999999948e+00 2.436243057250976562e+00
2.017653999999999836e+00 2.431068420410156250e+00
2.021691999999999823e+00 2.431068420410156250e+00
2.025669999999999860e+00 2.431068420410156250e+00
2.029710000000000125e+00 2.431068420410156250e+00
2.033704999999999874e+00 2.425893783569335938e+00
2.037746999999999975e+00 2.425893783569335938e+00
2.041779000000000011e+00 2.425893783569335938e+00
2.045773000000000064e+00 2.425893783569335938e+00
2.049790999999999919e+00 2.425893783569335938e+00
2.053787999999999947e+00 2.431068420410156250e+00
2.057771999999999935e+00 2.431068420410156250e+00
2.061774000000000218e+00 2.431068420410156250e+00
2.065779000000000032e+00 2.425893783569335938e+00
2.069805999999999813e+00 2.431068420410156250e+00
2.073803999999999981e+00 2.431068420410156250e+00
2.077796999999999894e+00 2.431068420410156250e+00
2.081799999999999873e+00 2.431068420410156250e+00
2.085815000000000197e+00 2.436243057250976562e+00
2.089887000000000050e+00 2.436243057250976562e+00
2.093894999999999840e+00 2.436243057250976562e+00
2.097916000000000114e+00 2.431068420410156250e+00
2.101933999999999969e+00 2.436243057250976562e+00
2.106256000000000128e+00 2.431068420410156250e+00
2.110415999999999848e+00 2.431068420410156250e+00
2.114387999999999934e+00 2.431068420410156250e+00
2.118421999999999805e+00 2.431068420410156250e+00
2.122584999999999944e+00 2.431068420410156250e+00
2.131944999999999979e+00 2.431068420410156250e+00
2.136624999999999996e+00 2.431068420410156250e+00
2.140725999999999907e+00 2.425893783569335938e+00
2.145195999999999881e+00 2.425893783569335938e+00
2.150164000000000186e+00 2.425893783569335938e+00
2.155069000000000123e+00 2.431068420410156250e+00
2.160038000000000125e+00 2.431068420410156250e+00
2.164944000000000202e+00 2.425893783569335938e+00
2.169894000000000212e+00 2.431068420410156250e+00
2.174812000000000189e+00 2.431068420410156250e+00
2.179809000000000108e+00 2.425893783569335938e+00
2.184708000000000094e+00 2.436243057250976562e+00
2.189738000000000184e+00 2.436243057250976562e+00
2.194665000000000088e+00 2.436243057250976562e+00
2.199644000000000155e+00 2.431068420410156250e+00
2.204572000000000198e+00 2.431068420410156250e+00
2.209957999999999867e+00 2.431068420410156250e+00
2.214888000000000190e+00 2.431068420410156250e+00
2.219929000000000041e+00 2.436243057250976562e+00
2.224877000000000216e+00 2.436243057250976562e+00
2.229887000000000175e+00 2.436243057250976562e+00
2.234827000000000119e+00 2.425893783569335938e+00
2.239940999999999960e+00 2.425893783569335938e+00
2.248788999999999927e+00 2.431068420410156250e+00
2.252222999999999864e+00 2.431068420410156250e+00
2.256580000000000030e+00 2.431068420410156250e+00
2.260747999999999980e+00 2.425893783569335938e+00
2.264841000000000104e+00 2.425893783569335938e+00
2.269010999999999889e+00 2.425893783569335938e+00
2.273073000000000121e+00 2.425893783569335938e+00
2.277207999999999899e+00 2.425893783569335938e+00
2.281324000000000130e+00 2.431068420410156250e+00
2.285435999999999801e+00 2.436243057250976562e+00
2.289607000000000170e+00 2.436243057250976562e+00
2.293703999999999965e+00 2.431068420410156250e+00
2.297823999999999867e+00 2.431068420410156250e+00
2.300956999999999919e+00 2.436243057250976562e+00
2.305102000000000206e+00 2.436243057250976562e+00
2.309461999999999904e+00 2.436243057250976562e+00
2.313587000000000060e+00 2.436243057250976562e+00
2.317722999999999978e+00 2.436243057250976562e+00
2.321846999999999994e+00 2.441417694091796875e+00
2.325947000000000209e+00 2.436243057250976562e+00
2.330127000000000059e+00 2.431068420410156250e+00
2.334224999999999994e+00 2.431068420410156250e+00
2.338302999999999798e+00 2.431068420410156250e+00
2.342420999999999864e+00 2.425893783569335938e+00
2.346553999999999807e+00 2.425893783569335938e+00
2.350773999999999919e+00 2.425893783569335938e+00
2.353937000000000168e+00 2.420719146728515625e+00
2.358083000000000151e+00 2.425893783569335938e+00
2.362322999999999951e+00 2.425893783569335938e+00
2.371774999999999967e+00 2.425893783569335938e+00
2.376524999999999999e+00 2.425893783569335938e+00
2.380729999999999791e+00 2.425893783569335938e+00
2.384900000000000020e+00 2.431068420410156250e+00
2.389158000000000115e+00 2.436243057250976562e+00
2.393326000000000064e+00 2.436243057250976562e+00
2.397513000000000005e+00 2.436243057250976562e+00
2.401660000000000128e+00 2.436243057250976562e+00
2.405834000000000028e+00 2.436243057250976562e+00
2.410108000000000139e+00 2.436243057250976562e+00
2.414282000000000039e+00 2.436243057250976562e+00
2.418483999999999856e+00 2.436243057250976562e+00
2.422655999999999921e+00 2.436243057250976562e+00
2.426877000000000173e+00 2.436243057250976562e+00
2.431036999999999892e+00 2.431068420410156250e+00
2.435233999999999899e+00 2.425893783569335938e+00
2.439506000000000174e+00 2.425893783569335938e+00
2.443667000000000034e+00 2.425893783569335938e+00
2.447880000000000056e+00 2.420719146728515625e+00
2.452065000000000161e+00 2.425893783569335938e+00
2.456262000000000167e+00 2.425893783569335938e+00
2.460520999999999958e+00 2.420719146728515625e+00
2.464717999999999964e+00 2.420719146728515625e+00
2.468968999999999969e+00 2.425893783569335938e+00
2.473173000000000066e+00 2.425893783569335938e+00
2.476348000000000216e+00 2.431068420410156250e+00
2.480649000000000104e+00 2.431068420410156250e+00
2.490320999999999785e+00 2.436243057250976562e+00
2.495051999999999826e+00 2.436243057250976562e+00
2.499331000000000191e+00 2.436243057250976562e+00
2.503527000000000058e+00 2.436243057250976562e+00
2.507794000000000079e+00 2.436243057250976562e+00
2.512070000000000025e+00 2.436243057250976562e+00
2.516284999999999883e+00 2.431068420410156250e+00
2.520658000000000065e+00 2.431068420410156250e+00
2.524872999999999923e+00 2.431068420410156250e+00
2.529155999999999960e+00 2.431068420410156250e+00
2.532315000000000094e+00 2.425893783569335938e+00
2.536528999999999812e+00 2.425893783569335938e+00
2.540842000000000045e+00 2.420719146728515625e+00
2.545068000000000108e+00 2.425893783569335938e+00
2.549405999999999839e+00 2.420719146728515625e+00
2.553650000000000198e+00 2.425893783569335938e+00
2.557913000000000103e+00 2.425893783569335938e+00
2.562161000000000133e+00 2.431068420410156250e+00
2.566408000000000023e+00 2.425893783569335938e+00
2.570742000000000083e+00 2.431068420410156250e+00
2.574985999999999997e+00 2.431068420410156250e+00
2.579302999999999901e+00 2.436243057250976562e+00
2.583547999999999956e+00 2.431068420410156250e+00
2.586711000000000205e+00 2.431068420410156250e+00
2.591023999999999994e+00 2.436243057250976562e+00
2.595272000000000023e+00 2.436243057250976562e+00
2.599670999999999843e+00 2.431068420410156250e+00
2.609150000000000080e+00 2.431068420410156250e+00
2.613955999999999946e+00 2.431068420410156250e+00
2.617052999999999852e+00 2.431068420410156250e+00
2.621321000000000012e+00 2.431068420410156250e+00
2.624576999999999938e+00 2.431068420410156250e+00
2.628893999999999842e+00 2.431068420410156250e+00
2.633185999999999805e+00 2.425893783569335938e+00
2.637518000000000029e+00 2.425893783569335938e+00
2.641793999999999976e+00 2.425893783569335938e+00
2.646078999999999848e+00 2.425893783569335938e+00
2.650393999999999917e+00 2.425893783569335938e+00
2.654669999999999863e+00 2.431068420410156250e+00
2.658997999999999973e+00 2.431068420410156250e+00
2.663286999999999960e+00 2.431068420410156250e+00
2.667628000000000110e+00 2.425893783569335938e+00
2.671946000000000154e+00 2.431068420410156250e+00
2.676197999999999855e+00 2.431068420410156250e+00
2.680657000000000068e+00 2.436243057250976562e+00
2.684950999999999866e+00 2.431068420410156250e+00
2.689300999999999942e+00 2.431068420410156250e+00
2.693601999999999830e+00 2.431068420410156250e+00
2.697941000000000145e+00 2.431068420410156250e+00
2.701200000000000045e+00 2.431068420410156250e+00
2.705508000000000024e+00 2.431068420410156250e+00
2.709878999999999927e+00 2.431068420410156250e+00
2.714227000000000167e+00 2.431068420410156250e+00
2.724009000000000125e+00 2.431068420410156250e+00
2.728909999999999947e+00 2.431068420410156250e+00
2.737455000000000194e+00 2.431068420410156250e+00
2.746091999999999977e+00 2.431068420410156250e+00
2.751865000000000006e+00 2.431068420410156250e+00
2.756327000000000194e+00 2.431068420410156250e+00
2.760803000000000118e+00 2.431068420410156250e+00
2.765204999999999913e+00 2.425893783569335938e+00
2.771119999999999806e+00 2.420719146728515625e+00
2.775778999999999996e+00 2.425893783569335938e+00
2.780174000000000145e+00 2.425893783569335938e+00
2.784542000000000073e+00 2.431068420410156250e+00
2.788920000000000066e+00 2.431068420410156250e+00
2.793270999999999837e+00 2.425893783569335938e+00
2.797714000000000034e+00 2.431068420410156250e+00
2.800844000000000111e+00 2.431068420410156250e+00
2.804142999999999830e+00 2.431068420410156250e+00
2.808553999999999995e+00 2.431068420410156250e+00
2.812958000000000069e+00 2.436243057250976562e+00
2.817578000000000138e+00 2.436243057250976562e+00
2.821968000000000032e+00 2.436243057250976562e+00
2.826365000000000016e+00 2.436243057250976562e+00
2.829743000000000119e+00 2.431068420410156250e+00
2.839525000000000077e+00 2.431068420410156250e+00
2.844466000000000161e+00 2.425893783569335938e+00
2.847748000000000168e+00 2.425893783569335938e+00
2.852135000000000087e+00 2.425893783569335938e+00
2.856552000000000202e+00 2.425893783569335938e+00
2.861002000000000045e+00 2.420719146728515625e+00
2.865371000000000112e+00 2.420719146728515625e+00
2.869819999999999816e+00 2.425893783569335938e+00
2.874235999999999791e+00 2.425893783569335938e+00
2.878659999999999997e+00 2.420719146728515625e+00
2.881977000000000011e+00 2.425893783569335938e+00
2.886363999999999930e+00 2.431068420410156250e+00
2.890833000000000208e+00 2.431068420410156250e+00
2.895204999999999806e+00 2.436243057250976562e+00
2.898524999999999796e+00 2.431068420410156250e+00
2.902960000000000207e+00 2.431068420410156250e+00
2.907462999999999909e+00 2.436243057250976562e+00
2.910705000000000098e+00 2.436243057250976562e+00
2.915143000000000040e+00 2.436243057250976562e+00
2.919652999999999832e+00 2.436243057250976562e+00
2.924094000000000193e+00 2.431068420410156250e+00
2.928549999999999986e+00 2.436243057250976562e+00
2.932980999999999838e+00 2.425893783569335938e+00
2.937447999999999837e+00 2.425893783569335938e+00
2.941898000000000124e+00 2.425893783569335938e+00
2.946346000000000132e+00 2.425893783569335938e+00
2.951527000000000012e+00 2.425893783569335938e+00
2.963251000000000079e+00 2.420719146728515625e+00
2.970641999999999783e+00 2.425893783569335938e+00
2.976250999999999980e+00 2.425893783569335938e+00
2.981834000000000096e+00 2.431068420410156250e+00
2.987349000000000032e+00 2.436243057250976562e+00
2.992811999999999806e+00 2.431068420410156250e+00
2.998369999999999980e+00 2.436243057250976562e+00
3.003829000000000082e+00 2.436243057250976562e+00
3.009306000000000036e+00 2.431068420410156250e+00
3.014800000000000146e+00 2.436243057250976562e+00
3.020351999999999926e+00 2.431068420410156250e+00
3.025821000000000094e+00 2.431068420410156250e+00
3.031395999999999979e+00 2.431068420410156250e+00
3.036932000000000187e+00 2.425893783569335938e+00
3.042419000000000207e+00 2.425893783569335938e+00
3.048074000000000172e+00 2.425893783569335938e+00
3.052788000000000057e+00 2.425893783569335938e+00
3.057297000000000153e+00 2.425893783569335938e+00
3.061777000000000193e+00 2.431068420410156250e+00
3.066256000000000093e+00 2.425893783569335938e+00
3.070806999999999842e+00 2.425893783569335938e+00
3.075285000000000046e+00 2.425893783569335938e+00
3.085221000000000213e+00 2.425893783569335938e+00
3.090225999999999917e+00 2.436243057250976562e+00
3.094733000000000178e+00 2.431068420410156250e+00
3.099250000000000060e+00 2.436243057250976562e+00
3.103736000000000050e+00 2.436243057250976562e+00
3.108236999999999917e+00 2.431068420410156250e+00
3.111581999999999848e+00 2.431068420410156250e+00
3.116070000000000118e+00 2.431068420410156250e+00
3.120655000000000179e+00 2.431068420410156250e+00
3.125164999999999971e+00 2.431068420410156250e+00
3.129706000000000099e+00 2.431068420410156250e+00
3.134215000000000195e+00 2.425893783569335938e+00
3.138735000000000053e+00 2.425893783569335938e+00
3.143260000000000165e+00 2.425893783569335938e+00
3.147816999999999865e+00 2.425893783569335938e+00
3.152341999999999977e+00 2.425893783569335938e+00
3.156899000000000122e+00 2.431068420410156250e+00
3.161424999999999930e+00 2.431068420410156250e+00
3.165977999999999959e+00 2.425893783569335938e+00
3.170606999999999953e+00 2.425893783569335938e+00
3.175113000000000074e+00 2.425893783569335938e+00
3.178551000000000126e+00 2.425893783569335938e+00
3.183044999999999902e+00 2.431068420410156250e+00
3.187650000000000095e+00 2.436243057250976562e+00
3.192178999999999878e+00 2.431068420410156250e+00
3.195555000000000145e+00 2.431068420410156250e+00
3.204305000000000181e+00 2.425893783569335938e+00
3.209322999999999926e+00 2.431068420410156250e+00
3.214207000000000036e+00 2.431068420410156250e+00
3.218764999999999876e+00 2.431068420410156250e+00
3.223367000000000093e+00 2.431068420410156250e+00
3.227999000000000063e+00 2.431068420410156250e+00
3.231348999999999805e+00 2.431068420410156250e+00
3.235911999999999900e+00 2.425893783569335938e+00
3.239349999999999952e+00 2.425893783569335938e+00
3.243930000000000202e+00 2.431068420410156250e+00
3.248466000000000076e+00 2.425893783569335938e+00
3.253060000000000063e+00 2.425893783569335938e+00
3.257711000000000023e+00 2.425893783569335938e+00
3.262300999999999895e+00 2.425893783569335938e+00
3.266887000000000096e+00 2.425893783569335938e+00
3.271491999999999845e+00 2.425893783569335938e+00
3.276047000000000153e+00 2.425893783569335938e+00
3.280708000000000180e+00 2.425893783569335938e+00
3.284105999999999970e+00 2.431068420410156250e+00
3.288691000000000031e+00 2.431068420410156250e+00
3.293274999999999952e+00 2.431068420410156250e+00
3.297925999999999913e+00 2.431068420410156250e+00
3.302541999999999867e+00 2.436243057250976562e+00
3.307136999999999993e+00 2.431068420410156250e+00
3.311754000000000087e+00 2.436243057250976562e+00
3.315132000000000190e+00 2.436243057250976562e+00
3.325107000000000035e+00 2.431068420410156250e+00
3.330372999999999806e+00 2.431068420410156250e+00
3.334941000000000155e+00 2.425893783569335938e+00
3.338321000000000094e+00 2.431068420410156250e+00
3.342906999999999851e+00 2.425893783569335938e+00
3.347646999999999817e+00 2.425893783569335938e+00
3.352243999999999780e+00 2.425893783569335938e+00
3.356873000000000218e+00 2.425893783569335938e+00
3.361451000000000189e+00 2.420719146728515625e+00
3.366032000000000135e+00 2.420719146728515625e+00
3.370652999999999899e+00 2.425893783569335938e+00
3.375246000000000191e+00 2.425893783569335938e+00
3.378702000000000094e+00 2.425893783569335938e+00
3.383300999999999892e+00 2.425893783569335938e+00
3.387973999999999819e+00 2.431068420410156250e+00
3.391351999999999922e+00 2.431068420410156250e+00
3.395950000000000024e+00 2.431068420410156250e+00
3.400635999999999992e+00 2.431068420410156250e+00
3.405231999999999815e+00 2.441417694091796875e+00
3.409893999999999981e+00 2.436243057250976562e+00
3.414495000000000058e+00 2.436243057250976562e+00
3.419131000000000142e+00 2.436243057250976562e+00
3.422540000000000138e+00 2.436243057250976562e+00
3.427202999999999999e+00 2.431068420410156250e+00
3.431861000000000050e+00 2.431068420410156250e+00
3.436913000000000107e+00 2.425893783569335938e+00
3.448574999999999946e+00 2.425893783569335938e+00
3.453389000000000042e+00 2.425893783569335938e+00
3.458104000000000067e+00 2.425893783569335938e+00
3.462740000000000151e+00 2.420719146728515625e+00
3.467471000000000192e+00 2.420719146728515625e+00
3.472360999999999809e+00 2.420719146728515625e+00
3.477136999999999922e+00 2.420719146728515625e+00
3.481771000000000171e+00 2.431068420410156250e+00
3.486404999999999976e+00 2.436243057250976562e+00
3.489945000000000075e+00 2.431068420410156250e+00
3.494565000000000143e+00 2.436243057250976562e+00
3.499274999999999913e+00 2.436243057250976562e+00
3.503924000000000039e+00 2.431068420410156250e+00
3.508589999999999876e+00 2.436243057250976562e+00
3.513222999999999985e+00 2.436243057250976562e+00
3.517932000000000059e+00 2.436243057250976562e+00
3.522587000000000135e+00 2.431068420410156250e+00
3.527286000000000143e+00 2.425893783569335938e+00
3.531954999999999956e+00 2.425893783569335938e+00
3.536594000000000015e+00 2.425893783569335938e+00
3.541336999999999957e+00 2.425893783569335938e+00
3.546012000000000164e+00 2.420719146728515625e+00
3.549552999999999958e+00 2.420719146728515625e+00
3.554234000000000115e+00 2.420719146728515625e+00
3.558930999999999845e+00 2.420719146728515625e+00
3.569017000000000106e+00 2.425893783569335938e+00
3.573872999999999855e+00 2.425893783569335938e+00
3.578583000000000069e+00 2.425893783569335938e+00
3.583264999999999922e+00 2.431068420410156250e+00
3.586720000000000130e+00 2.436243057250976562e+00
3.591448000000000196e+00 2.436243057250976562e+00
3.596128999999999909e+00 2.436243057250976562e+00
3.600931000000000104e+00 2.431068420410156250e+00
3.605640999999999874e+00 2.431068420410156250e+00
3.609173999999999882e+00 2.431068420410156250e+00
3.613882999999999956e+00 2.431068420410156250e+00
3.617303000000000157e+00 2.431068420410156250e+00
3.620757999999999921e+00 2.431068420410156250e+00
3.625455000000000094e+00 2.431068420410156250e+00
3.628903999999999908e+00 2.425893783569335938e+00
3.633678000000000186e+00 2.425893783569335938e+00
3.638382000000000005e+00 2.425893783569335938e+00
3.643101999999999840e+00 2.425893783569335938e+00
3.646530999999999967e+00 2.431068420410156250e+00
3.651339000000000112e+00 2.431068420410156250e+00
3.656038999999999817e+00 2.425893783569335938e+00
3.660832999999999782e+00 2.431068420410156250e+00
3.664312999999999931e+00 2.425893783569335938e+00
3.667771000000000114e+00 2.425893783569335938e+00
3.672534999999999883e+00 2.431068420410156250e+00
3.677662999999999904e+00 2.425893783569335938e+00
3.687999000000000027e+00 2.436243057250976562e+00
3.692813999999999819e+00 2.431068420410156250e+00
3.697651000000000021e+00 2.425893783569335938e+00
3.701131000000000171e+00 2.431068420410156250e+00
3.705855000000000121e+00 2.436243057250976562e+00
3.710656999999999872e+00 2.431068420410156250e+00
3.715390000000000192e+00 2.431068420410156250e+00
3.718963000000000019e+00 2.425893783569335938e+00
3.723691999999999780e+00 2.431068420410156250e+00
3.728476000000000123e+00 2.431068420410156250e+00
3.731962999999999919e+00 2.425893783569335938e+00
3.736889999999999823e+00 2.425893783569335938e+00
3.751320999999999906e+00 2.425893783569335938e+00
3.763999999999999790e+00 2.425893783569335938e+00
3.770198000000000160e+00 2.425893783569335938e+00
3.778751999999999889e+00 2.420719146728515625e+00
3.785085000000000033e+00 2.425893783569335938e+00
3.791379000000000055e+00 2.431068420410156250e+00
3.804365000000000219e+00 2.431068420410156250e+00
3.810620000000000118e+00 2.431068420410156250e+00
3.816616999999999926e+00 2.431068420410156250e+00
3.822662999999999922e+00 2.431068420410156250e+00
3.828772999999999982e+00 2.431068420410156250e+00
3.834754999999999914e+00 2.425893783569335938e+00
3.841000000000000192e+00 2.425893783569335938e+00
3.847053999999999974e+00 2.425893783569335938e+00
3.853114000000000150e+00 2.425893783569335938e+00
3.858534999999999826e+00 2.425893783569335938e+00
3.863318000000000030e+00 2.420719146728515625e+00
3.868225999999999942e+00 2.420719146728515625e+00
3.873010999999999981e+00 2.425893783569335938e+00
3.877870999999999846e+00 2.420719146728515625e+00
3.882671999999999901e+00 2.425893783569335938e+00
3.886083000000000176e+00 2.431068420410156250e+00
3.891011999999999915e+00 2.436243057250976562e+00
3.894515999999999867e+00 2.431068420410156250e+00
3.899383999999999961e+00 2.431068420410156250e+00
3.904233000000000064e+00 2.436243057250976562e+00
3.909114000000000200e+00 2.436243057250976562e+00
3.914023999999999948e+00 2.431068420410156250e+00
3.924151000000000167e+00 2.436243057250976562e+00
3.929199999999999804e+00 2.431068420410156250e+00
3.934048000000000211e+00 2.425893783569335938e+00
3.938922999999999952e+00 2.425893783569335938e+00
3.943865000000000176e+00 2.425893783569335938e+00
3.947281999999999957e+00 2.420719146728515625e+00
3.952218999999999927e+00 2.425893783569335938e+00
3.955709999999999837e+00 2.420719146728515625e+00
3.960596999999999923e+00 2.420719146728515625e+00
3.965428000000000175e+00 2.415544509887695312e+00
3.970326000000000022e+00 2.425893783569335938e+00
3.975194999999999812e+00 2.425893783569335938e+00
3.978769999999999918e+00 2.425893783569335938e+00
3.983659999999999979e+00 2.431068420410156250e+00
3.988544000000000089e+00 2.431068420410156250e+00
3.993396999999999863e+00 2.436243057250976562e+00
3.998282000000000114e+00 2.436243057250976562e+00
4.003146000000000093e+00 2.436243057250976562e+00
4.008066000000000351e+00 2.431068420410156250e+00
4.012927999999999606e+00 2.436243057250976562e+00
4.017959000000000280e+00 2.431068420410156250e+00
4.021497000000000099e+00 2.436243057250976562e+00
4.026347000000000342e+00 2.431068420410156250e+00
4.029930000000000234e+00 2.425893783569335938e+00
4.038653000000000048e+00 2.425893783569335938e+00
4.043809000000000431e+00 2.420719146728515625e+00
4.048798999999999815e+00 2.420719146728515625e+00
4.052302000000000071e+00 2.420719146728515625e+00
4.057215000000000238e+00 2.425893783569335938e+00
4.060724999999999696e+00 2.420719146728515625e+00
4.065598999999999741e+00 2.420719146728515625e+00
4.070523999999999809e+00 2.425893783569335938e+00
4.075398999999999994e+00 2.425893783569335938e+00
4.078960000000000363e+00 2.425893783569335938e+00
4.083834000000000408e+00 2.431068420410156250e+00
4.087239000000000289e+00 2.436243057250976562e+00
4.092141999999999946e+00 2.436243057250976562e+00
4.097086000000000006e+00 2.436243057250976562e+00
4.101961000000000190e+00 2.436243057250976562e+00
4.105525000000000091e+00 2.431068420410156250e+00
4.109115000000000073e+00 2.431068420410156250e+00
4.113979999999999748e+00 2.431068420410156250e+00
4.118954999999999700e+00 2.425893783569335938e+00
4.123846999999999596e+00 2.425893783569335938e+00
4.128756000000000093e+00 2.431068420410156250e+00
4.133640999999999899e+00 2.420719146728515625e+00
4.138546999999999976e+00 2.425893783569335938e+00
4.143475999999999715e+00 2.420719146728515625e+00
4.148399999999999643e+00 2.420719146728515625e+00
4.151968000000000103e+00 2.420719146728515625e+00
4.163985000000000269e+00 2.425893783569335938e+00
4.168955000000000410e+00 2.431068420410156250e+00
4.173888999999999960e+00 2.425893783569335938e+00
4.178837999999999830e+00 2.425893783569335938e+00
4.183778000000000219e+00 2.431068420410156250e+00
4.187355000000000160e+00 2.436243057250976562e+00
4.192290999999999990e+00 2.431068420410156250e+00
4.197284999999999933e+00 2.431068420410156250e+00
4.202220999999999762e+00 2.431068420410156250e+00
4.207215999999999845e+00 2.431068420410156250e+00
4.212170000000000414e+00 2.425893783569335938e+00
4.215729999999999755e+00 2.431068420410156250e+00
4.219331999999999638e+00 2.425893783569335938e+00
4.224281999999999648e+00 2.431068420410156250e+00
4.229250000000000398e+00 2.431068420410156250e+00
4.234225000000000350e+00 2.425893783569335938e+00
4.239181999999999562e+00 2.425893783569335938e+00
4.242714000000000318e+00 2.425893783569335938e+00
4.247698999999999891e+00 2.425893783569335938e+00
4.252769999999999939e+00 2.425893783569335938e+00
4.257835000000000036e+00 2.425893783569335938e+00
4.262812000000000268e+00 2.425893783569335938e+00
4.267833000000000432e+00 2.425893783569335938e+00
4.278055000000000163e+00 2.425893783569335938e+00
4.283225999999999978e+00 2.425893783569335938e+00
4.288228000000000151e+00 2.431068420410156250e+00
4.293178000000000161e+00 2.431068420410156250e+00
4.298206999999999667e+00 2.431068420410156250e+00
4.303219000000000349e+00 2.431068420410156250e+00
4.308252999999999666e+00 2.431068420410156250e+00
4.313214000000000325e+00 2.431068420410156250e+00
4.318243999999999971e+00 2.431068420410156250e+00
4.323220000000000063e+00 2.431068420410156250e+00
4.328247000000000178e+00 2.431068420410156250e+00
4.333194999999999908e+00 2.425893783569335938e+00
4.336687999999999654e+00 2.431068420410156250e+00
4.341771999999999743e+00 2.425893783569335938e+00
4.347053999999999974e+00 2.431068420410156250e+00
4.352036000000000016e+00 2.425893783569335938e+00
4.357066999999999801e+00 2.425893783569335938e+00
4.362053000000000402e+00 2.420719146728515625e+00
4.367083000000000048e+00 2.420719146728515625e+00
4.372061999999999671e+00 2.425893783569335938e+00
4.377099000000000295e+00 2.420719146728515625e+00
4.382100000000000328e+00 2.431068420410156250e+00
4.387261999999999773e+00 2.431068420410156250e+00
4.397611999999999632e+00 2.431068420410156250e+00
4.402829999999999799e+00 2.431068420410156250e+00
4.407935000000000159e+00 2.436243057250976562e+00
4.411531000000000091e+00 2.431068420410156250e+00
4.415127000000000024e+00 2.431068420410156250e+00
4.420288000000000217e+00 2.431068420410156250e+00
4.425332000000000043e+00 2.431068420410156250e+00
4.430454000000000114e+00 2.431068420410156250e+00
4.435514000000000401e+00 2.425893783569335938e+00
4.440623000000000431e+00 2.425893783569335938e+00
4.445670999999999928e+00 2.425893783569335938e+00
4.450889000000000095e+00 2.420719146728515625e+00
4.454525000000000290e+00 2.420719146728515625e+00
4.459636999999999851e+00 2.425893783569335938e+00
4.464692999999999579e+00 2.425893783569335938e+00
4.469810999999999979e+00 2.420719146728515625e+00
4.474910000000000387e+00 2.420719146728515625e+00
4.480019000000000418e+00 2.425893783569335938e+00
4.485100000000000087e+00 2.431068420410156250e+00
4.490203000000000166e+00 2.431068420410156250e+00
4.495263999999999704e+00 2.431068420410156250e+00
4.498941000000000301e+00 2.431068420410156250e+00
4.504100000000000215e+00 2.436243057250976562e+00
4.515051999999999843e+00 2.431068420410156250e+00
4.520277000000000100e+00 2.431068420410156250e+00
4.523914000000000435e+00 2.431068420410156250e+00
4.528974999999999973e+00 2.431068420410156250e+00
4.534018999999999799e+00 2.420719146728515625e+00
4.539062999999999626e+00 2.420719146728515625e+00
4.544119000000000241e+00 2.420719146728515625e+00
4.547759000000000107e+00 2.420719146728515625e+00
4.552923999999999971e+00 2.425893783569335938e+00
4.558042999999999623e+00 2.420719146728515625e+00
4.563106000000000328e+00 2.425893783569335938e+00
4.568227000000000260e+00 2.420719146728515625e+00
4.573291000000000217e+00 2.425893783569335938e+00
4.576918000000000042e+00 2.425893783569335938e+00
4.580512999999999835e+00 2.431068420410156250e+00
4.584109999999999907e+00 2.431068420410156250e+00
4.587708000000000119e+00 2.431068420410156250e+00
4.591310000000000002e+00 2.431068420410156250e+00
4.594908000000000214e+00 2.431068420410156250e+00
4.600030000000000285e+00 2.431068420410156250e+00
4.605090999999999823e+00 2.431068420410156250e+00
4.610231999999999886e+00 2.436243057250976562e+00
4.615310000000000024e+00 2.431068420410156250e+00
4.620479999999999698e+00 2.431068420410156250e+00
4.630978999999999957e+00 2.431068420410156250e+00
4.636319000000000301e+00 2.420719146728515625e+00
4.640124000000000137e+00 2.420719146728515625e+00
4.645235999999999699e+00 2.420719146728515625e+00
4.650394999999999612e+00 2.420719146728515625e+00
4.654296000000000433e+00 2.425893783569335938e+00
4.659505000000000230e+00 2.425893783569335938e+00
4.664608000000000310e+00 2.425893783569335938e+00
4.668328999999999951e+00 2.425893783569335938e+00
4.673445000000000071e+00 2.425893783569335938e+00
4.677107999999999599e+00 2.425893783569335938e+00
4.680774999999999686e+00 2.436243057250976562e+00
4.685893000000000086e+00 2.436243057250976562e+00
4.691073000000000270e+00 2.431068420410156250e+00
4.696190999999999782e+00 2.431068420410156250e+00
4.701480000000000103e+00 2.431068420410156250e+00
4.706627000000000116e+00 2.431068420410156250e+00
4.711825000000000152e+00 2.431068420410156250e+00
4.717011000000000287e+00 2.425893783569335938e+00
4.722140999999999700e+00 2.425893783569335938e+00
4.727345999999999826e+00 2.431068420410156250e+00
4.732485999999999748e+00 2.420719146728515625e+00
4.736097000000000001e+00 2.420719146728515625e+00
4.746872999999999898e+00 2.425893783569335938e+00
4.760449000000000375e+00 2.425893783569335938e+00
4.769574999999999676e+00 2.431068420410156250e+00
4.776105000000000267e+00 2.425893783569335938e+00
4.783027999999999835e+00 2.431068420410156250e+00
4.788511999999999880e+00 2.431068420410156250e+00
4.793688999999999645e+00 2.431068420410156250e+00
4.798877000000000059e+00 2.425893783569335938e+00
4.804058000000000384e+00 2.431068420410156250e+00
4.809307999999999694e+00 2.431068420410156250e+00
4.814479999999999649e+00 2.431068420410156250e+00
4.819735999999999798e+00 2.431068420410156250e+00
4.824905000000000221e+00 2.431068420410156250e+00
4.828713999999999729e+00 2.425893783569335938e+00
4.833885000000000431e+00 2.425893783569335938e+00
4.837458999999999953e+00 2.425893783569335938e+00
4.842652000000000179e+00 2.425893783569335938e+00
4.846341999999999928e+00 2.425893783569335938e+00
4.851669000000000231e+00 2.425893783569335938e+00
4.856929000000000052e+00 2.425893783569335938e+00
4.867446000000000161e+00 2.425893783569335938e+00
4.872945999999999778e+00 2.420719146728515625e+00
4.878236000000000239e+00 2.420719146728515625e+00
4.881943999999999839e+00 2.425893783569335938e+00
4.887223999999999791e+00 2.431068420410156250e+00
4.892430000000000057e+00 2.431068420410156250e+00
4.896118000000000414e+00 2.431068420410156250e+00
4.901441000000000159e+00 2.425893783569335938e+00
4.906641999999999726e+00 2.431068420410156250e+00
4.911909999999999776e+00 2.431068420410156250e+00
4.917206000000000188e+00 2.431068420410156250e+00
4.922455000000000247e+00 2.436243057250976562e+00
4.926156999999999897e+00 2.431068420410156250e+00
4.929912999999999990e+00 2.425893783569335938e+00
4.935120999999999647e+00 2.425893783569335938e+00
4.940419000000000338e+00 2.425893783569335938e+00
4.945694999999999730e+00 2.425893783569335938e+00
4.950973000000000290e+00 2.420719146728515625e+00
4.956205999999999889e+00 2.420719146728515625e+00
4.960141000000000133e+00 2.425893783569335938e+00
4.965399999999999814e+00 2.420719146728515625e+00
4.970682000000000045e+00 2.420719146728515625e+00
4.975946000000000424e+00 2.415544509887695312e+00
4.986435000000000173e+00 2.425893783569335938e+00
4.992009000000000363e+00 2.431068420410156250e+00
4.997351000000000099e+00 2.431068420410156250e+00
5.002604999999999968e+00 2.431068420410156250e+00
5.007906000000000191e+00 2.431068420410156250e+00
5.013188000000000422e+00 2.431068420410156250e+00
5.018470999999999904e+00 2.431068420410156250e+00
5.023729999999999585e+00 2.431068420410156250e+00
5.028997000000000384e+00 2.431068420410156250e+00
5.032728999999999786e+00 2.425893783569335938e+00
5.038073999999999941e+00 2.425893783569335938e+00
5.043325000000000280e+00 2.420719146728515625e+00
5.048601999999999812e+00 2.420719146728515625e+00
5.053853000000000151e+00 2.420719146728515625e+00
5.059129999999999683e+00 2.420719146728515625e+00
5.064404999999999824e+00 2.420719146728515625e+00
5.069777000000000200e+00 2.420719146728515625e+00
5.073528999999999733e+00 2.420719146728515625e+00
5.078835999999999906e+00 2.425893783569335938e+00
5.082576000000000427e+00 2.431068420410156250e+00
5.086329000000000100e+00 2.436243057250976562e+00
5.091713000000000378e+00 2.436243057250976562e+00
5.097071999999999825e+00 2.431068420410156250e+00
5.107825000000000060e+00 2.431068420410156250e+00
5.113357999999999848e+00 2.431068420410156250e+00
5.118689999999999962e+00 2.425893783569335938e+00
5.123981999999999815e+00 2.425893783569335938e+00
5.129297000000000217e+00 2.431068420410156250e+00
5.134584000000000259e+00 2.420719146728515625e+00
5.139977000000000018e+00 2.420719146728515625e+00
5.145292999999999672e+00 2.420719146728515625e+00
5.150661999999999630e+00 2.420719146728515625e+00
5.155973000000000361e+00 2.420719146728515625e+00
5.161388999999999783e+00 2.420719146728515625e+00
5.166741000000000028e+00 2.425893783569335938e+00
5.172245000000000203e+00 2.425893783569335938e+00
5.177617999999999832e+00 2.425893783569335938e+00
5.182957000000000036e+00 2.431068420410156250e+00
5.188321000000000183e+00 2.431068420410156250e+00
5.193692000000000419e+00 2.431068420410156250e+00
5.199018999999999835e+00 2.431068420410156250e+00
5.204367000000000409e+00 2.425893783569335938e+00
5.209749999999999659e+00 2.431068420410156250e+00
5.215099999999999625e+00 2.431068420410156250e+00
5.225937000000000054e+00 2.431068420410156250e+00
5.231602999999999781e+00 2.420719146728515625e+00
5.235335000000000072e+00 2.420719146728515625e+00
5.240732999999999642e+00 2.420719146728515625e+00
5.246076000000000406e+00 2.425893783569335938e+00
5.251508000000000287e+00 2.425893783569335938e+00
5.256925999999999988e+00 2.425893783569335938e+00
5.262261999999999773e+00 2.425893783569335938e+00
5.267680000000000362e+00 2.420719146728515625e+00
5.273085000000000022e+00 2.425893783569335938e+00
5.278465999999999880e+00 2.425893783569335938e+00
5.283834999999999837e+00 2.431068420410156250e+00
5.289221000000000394e+00 2.431068420410156250e+00
5.294584999999999653e+00 2.425893783569335938e+00
5.300028000000000183e+00 2.425893783569335938e+00
5.305373999999999590e+00 2.425893783569335938e+00
5.310807999999999751e+00 2.431068420410156250e+00
5.316189999999999749e+00 2.425893783569335938e+00
5.321704000000000434e+00 2.425893783569335938e+00
5.327107999999999954e+00 2.431068420410156250e+00
5.332500999999999713e+00 2.425893783569335938e+00
5.343363000000000085e+00 2.425893783569335938e+00
5.349008000000000429e+00 2.425893783569335938e+00
5.354397999999999769e+00 2.425893783569335938e+00
5.359861000000000431e+00 2.425893783569335938e+00
5.365259000000000000e+00 2.425893783569335938e+00
5.370745000000000324e+00 2.420719146728515625e+00
5.376166999999999696e+00 2.420719146728515625e+00
5.381679000000000102e+00 2.425893783569335938e+00
5.387146999999999686e+00 2.425893783569335938e+00
5.392553000000000374e+00 2.431068420410156250e+00
5.398031999999999719e+00 2.431068420410156250e+00
5.403459999999999930e+00 2.425893783569335938e+00
5.408891999999999811e+00 2.425893783569335938e+00
5.414303999999999562e+00 2.431068420410156250e+00
5.419762000000000413e+00 2.425893783569335938e+00
5.425188999999999595e+00 2.431068420410156250e+00
5.430672000000000388e+00 2.431068420410156250e+00
5.436100999999999850e+00 2.420719146728515625e+00
5.441607000000000305e+00 2.425893783569335938e+00
5.447085999999999650e+00 2.425893783569335938e+00
5.456096999999999753e+00 2.425893783569335938e+00
5.461958000000000091e+00 2.420719146728515625e+00
5.467477999999999838e+00 2.415544509887695312e+00
5.472921000000000369e+00 2.420719146728515625e+00
5.478508999999999851e+00 2.420719146728515625e+00
5.483940999999999732e+00 2.425893783569335938e+00
5.489423000000000386e+00 2.431068420410156250e+00
5.494843999999999618e+00 2.431068420410156250e+00
5.500359999999999694e+00 2.431068420410156250e+00
5.505815000000000126e+00 2.431068420410156250e+00
5.511332999999999593e+00 2.436243057250976562e+00
5.515185999999999922e+00 2.431068420410156250e+00
5.520713999999999899e+00 2.431068420410156250e+00
5.524536999999999587e+00 2.431068420410156250e+00
5.530062000000000033e+00 2.431068420410156250e+00
5.535516000000000325e+00 2.420719146728515625e+00
5.541080000000000005e+00 2.420719146728515625e+00
5.546535999999999689e+00 2.420719146728515625e+00
5.552093000000000167e+00 2.415544509887695312e+00
5.557602000000000153e+00 2.420719146728515625e+00
5.563049000000000355e+00 2.420719146728515625e+00
5.572048999999999808e+00 2.415544509887695312e+00
5.578069000000000166e+00 2.415544509887695312e+00
5.583611000000000324e+00 2.425893783569335938e+00
5.589108000000000409e+00 2.431068420410156250e+00
5.592921999999999727e+00 2.425893783569335938e+00
5.598456999999999795e+00 2.431068420410156250e+00
5.603977999999999682e+00 2.431068420410156250e+00
5.609479999999999578e+00 2.431068420410156250e+00
5.614971999999999852e+00 2.431068420410156250e+00
5.620527000000000051e+00 2.431068420410156250e+00
5.626040999999999848e+00 2.425893783569335938e+00
5.631606999999999807e+00 2.425893783569335938e+00
5.637172999999999767e+00 2.420719146728515625e+00
5.642674999999999663e+00 2.420719146728515625e+00
5.648246999999999574e+00 2.420719146728515625e+00
5.653780000000000250e+00 2.420719146728515625e+00
5.659290999999999627e+00 2.420719146728515625e+00
5.664858999999999867e+00 2.420719146728515625e+00
5.670861000000000374e+00 2.425893783569335938e+00
5.676363000000000270e+00 2.425893783569335938e+00
5.682072999999999929e+00 2.431068420410156250e+00
5.692630000000000301e+00 2.436243057250976562e+00
5.698579999999999757e+00 2.431068420410156250e+00
5.704117000000000104e+00 2.431068420410156250e+00
5.709766000000000119e+00 2.425893783569335938e+00
5.715300000000000047e+00 2.425893783569335938e+00
5.720926999999999651e+00 2.431068420410156250e+00
5.726454999999999629e+00 2.425893783569335938e+00
5.732079999999999842e+00 2.425893783569335938e+00
5.737654000000000032e+00 2.420719146728515625e+00
5.743190000000000239e+00 2.420719146728515625e+00
5.752697999999999645e+00 2.420719146728515625e+00
5.766588999999999743e+00 2.425893783569335938e+00
5.771831999999999852e+00 2.420719146728515625e+00
5.777599000000000373e+00 2.420719146728515625e+00
5.783215000000000217e+00 2.425893783569335938e+00
5.790365999999999680e+00 2.431068420410156250e+00
5.796216000000000257e+00 2.425893783569335938e+00
5.807222000000000328e+00 2.425893783569335938e+00
5.813070999999999877e+00 2.431068420410156250e+00
5.818672000000000288e+00 2.425893783569335938e+00
5.824277999999999622e+00 2.431068420410156250e+00
5.829990999999999701e+00 2.420719146728515625e+00
5.835570999999999842e+00 2.420719146728515625e+00
5.841224999999999667e+00 2.425893783569335938e+00
5.846794000000000047e+00 2.425893783569335938e+00
5.852451000000000292e+00 2.425893783569335938e+00
5.858090999999999937e+00 2.425893783569335938e+00
5.863688999999999929e+00 2.425893783569335938e+00
5.869285999999999781e+00 2.425893783569335938e+00
5.874869000000000341e+00 2.420719146728515625e+00
5.880518000000000356e+00 2.420719146728515625e+00
5.886242000000000196e+00 2.431068420410156250e+00
5.891955000000000275e+00 2.425893783569335938e+00
5.897605999999999682e+00 2.431068420410156250e+00
5.903184999999999683e+00 2.425893783569335938e+00
5.908781000000000283e+00 2.425893783569335938e+00
5.914387999999999757e+00 2.425893783569335938e+00
5.925442999999999572e+00 2.431068420410156250e+00
5.931446000000000218e+00 2.425893783569335938e+00
5.937176000000000009e+00 2.425893783569335938e+00
5.942841999999999736e+00 2.420719146728515625e+00
5.948525000000000063e+00 2.420719146728515625e+00
5.954123000000000054e+00 2.425893783569335938e+00
5.959811000000000192e+00 2.425893783569335938e+00
5.965419999999999945e+00 2.420719146728515625e+00
5.971128000000000213e+00 2.415544509887695312e+00
5.976746999999999588e+00 2.420719146728515625e+00
5.982440999999999676e+00 2.420719146728515625e+00
5.988156000000000034e+00 2.425893783569335938e+00
5.993774000000000157e+00 2.425893783569335938e+00
5.999418000000000362e+00 2.425893783569335938e+00
6.005055999999999727e+00 2.431068420410156250e+00
6.010731999999999964e+00 2.431068420410156250e+00
6.016382000000000119e+00 2.425893783569335938e+00
6.020375999999999728e+00 2.431068420410156250e+00
6.026023999999999603e+00 2.431068420410156250e+00
6.031729999999999592e+00 2.425893783569335938e+00
6.037884000000000029e+00 2.425893783569335938e+00
6.049133999999999567e+00 2.415544509887695312e+00
6.054772999999999961e+00 2.420719146728515625e+00
6.060496999999999801e+00 2.415544509887695312e+00
6.066163000000000416e+00 2.420719146728515625e+00
6.071944000000000230e+00 2.420719146728515625e+00
6.077663000000000260e+00 2.420719146728515625e+00
6.083327999999999847e+00 2.425893783569335938e+00
6.089006999999999614e+00 2.431068420410156250e+00
6.094686000000000270e+00 2.431068420410156250e+00
6.100437999999999583e+00 2.431068420410156250e+00
6.106081999999999788e+00 2.436243057250976562e+00
6.111835000000000129e+00 2.431068420410156250e+00
6.115751999999999633e+00 2.431068420410156250e+00
6.121997000000000355e+00 2.431068420410156250e+00
6.127726000000000006e+00 2.425893783569335938e+00
6.133384000000000391e+00 2.420719146728515625e+00
6.139071999999999640e+00 2.420719146728515625e+00
6.144732999999999556e+00 2.420719146728515625e+00
6.148704999999999643e+00 2.420719146728515625e+00
6.154398999999999731e+00 2.420719146728515625e+00
6.165466999999999587e+00 2.420719146728515625e+00
6.171510999999999747e+00 2.425893783569335938e+00
6.177266999999999619e+00 2.425893783569335938e+00
6.183005999999999780e+00 2.425893783569335938e+00
6.189026000000000138e+00 2.431068420410156250e+00
6.194727000000000317e+00 2.431068420410156250e+00
6.200491000000000419e+00 2.431068420410156250e+00
6.206174999999999997e+00 2.431068420410156250e+00
6.212043999999999677e+00 2.431068420410156250e+00
6.217823000000000100e+00 2.425893783569335938e+00
6.223539999999999850e+00 2.431068420410156250e+00
6.229284999999999961e+00 2.425893783569335938e+00
6.235002999999999851e+00 2.420719146728515625e+00
6.240770000000000373e+00 2.420719146728515625e+00
6.246692999999999607e+00 2.420719146728515625e+00
6.252461000000000269e+00 2.425893783569335938e+00
6.258240999999999943e+00 2.420719146728515625e+00
6.263988999999999585e+00 2.425893783569335938e+00
6.270209000000000366e+00 2.425893783569335938e+00
6.274189999999999934e+00 2.420719146728515625e+00
6.285603000000000051e+00 2.431068420410156250e+00
6.291716000000000086e+00 2.431068420410156250e+00
6.297526000000000401e+00 2.431068420410156250e+00
6.303257999999999583e+00 2.431068420410156250e+00
6.308995999999999604e+00 2.425893783569335938e+00
6.314715999999999774e+00 2.431068420410156250e+00
6.318738999999999884e+00 2.431068420410156250e+00
6.324487000000000414e+00 2.425893783569335938e+00
6.330286000000000080e+00 2.425893783569335938e+00
6.336026999999999632e+00 2.425893783569335938e+00
6.341886999999999830e+00 2.425893783569335938e+00
6.347722000000000087e+00 2.425893783569335938e+00
6.353495999999999810e+00 2.425893783569335938e+00
6.359282000000000323e+00 2.425893783569335938e+00
6.365041999999999867e+00 2.425893783569335938e+00
6.370870000000000033e+00 2.425893783569335938e+00
6.376632999999999996e+00 2.420719146728515625e+00
6.382464999999999833e+00 2.425893783569335938e+00
6.388278999999999819e+00 2.431068420410156250e+00
6.394244999999999735e+00 2.431068420410156250e+00
6.405307999999999780e+00 2.425893783569335938e+00
6.411432999999999716e+00 2.431068420410156250e+00
6.417311999999999905e+00 2.425893783569335938e+00
6.423155000000000392e+00 2.431068420410156250e+00
6.427135999999999960e+00 2.431068420410156250e+00
6.432946000000000275e+00 2.425893783569335938e+00
6.436948000000000114e+00 2.425893783569335938e+00
6.442752999999999730e+00 2.425893783569335938e+00
6.446749999999999758e+00 2.425893783569335938e+00
6.450664999999999871e+00 2.425893783569335938e+00
6.456481000000000137e+00 2.425893783569335938e+00
6.462382999999999988e+00 2.420719146728515625e+00
6.468269000000000268e+00 2.420719146728515625e+00
6.474141999999999619e+00 2.420719146728515625e+00
6.480052999999999841e+00 2.420719146728515625e+00
6.485831000000000124e+00 2.425893783569335938e+00
6.491740000000000066e+00 2.431068420410156250e+00
6.497626999999999597e+00 2.425893783569335938e+00
6.503415000000000390e+00 2.431068420410156250e+00
6.509238999999999997e+00 2.431068420410156250e+00
6.515079000000000065e+00 2.431068420410156250e+00
6.526232000000000255e+00 2.431068420410156250e+00
6.532560000000000144e+00 2.425893783569335938e+00
6.538484999999999658e+00 2.420719146728515625e+00
6.544336000000000375e+00 2.420719146728515625e+00
6.550224000000000046e+00 2.420719146728515625e+00
6.556038000000000032e+00 2.420719146728515625e+00
6.560120000000000395e+00 2.415544509887695312e+00
6.565953999999999624e+00 2.420719146728515625e+00
6.571854000000000084e+00 2.420719146728515625e+00
6.577774999999999928e+00 2.420719146728515625e+00
6.583619999999999806e+00 2.425893783569335938e+00
6.589455000000000062e+00 2.431068420410156250e+00
6.595320000000000071e+00 2.431068420410156250e+00
6.601223000000000063e+00 2.431068420410156250e+00
6.607104999999999784e+00 2.436243057250976562e+00
6.611127999999999894e+00 2.431068420410156250e+00
6.617034999999999556e+00 2.431068420410156250e+00
6.622879000000000183e+00 2.431068420410156250e+00
6.628722999999999921e+00 2.431068420410156250e+00
6.632729000000000319e+00 2.420719146728515625e+00
6.638656000000000112e+00 2.420719146728515625e+00
6.649783000000000222e+00 2.420719146728515625e+00
6.655949999999999811e+00 2.425893783569335938e+00
6.661953999999999709e+00 2.425893783569335938e+00
6.667906000000000333e+00 2.420719146728515625e+00
6.671958000000000055e+00 2.420719146728515625e+00
6.677933000000000341e+00 2.425893783569335938e+00
6.683862999999999666e+00 2.431068420410156250e+00
6.687865000000000393e+00 2.431068420410156250e+00
6.693794999999999717e+00 2.436243057250976562e+00
6.699705999999999939e+00 2.431068420410156250e+00
6.705646999999999913e+00 2.431068420410156250e+00
6.711634000000000100e+00 2.431068420410156250e+00
6.717608000000000246e+00 2.431068420410156250e+00
6.723527999999999949e+00 2.431068420410156250e+00
6.727584000000000231e+00 2.431068420410156250e+00
6.733483999999999803e+00 2.420719146728515625e+00
6.739374999999999893e+00 2.420719146728515625e+00
6.745307000000000386e+00 2.420719146728515625e+00
6.754857000000000333e+00 2.420719146728515625e+00
6.775160999999999767e+00 2.420719146728515625e+00
6.784806999999999810e+00 2.431068420410156250e+00
6.791525000000000034e+00 2.436243057250976562e+00
6.799362999999999602e+00 2.529385566711425781e+00
6.805312999999999946e+00 2.850210189819335938e+00
6.811295999999999573e+00 4.795857429504394531e+00
6.817333999999999783e+00 4.795857429504394531e+00
6.823248000000000424e+00 4.795857429504394531e+00
6.827312000000000047e+00 4.801032066345214844e+00
6.831372000000000000e+00 4.790682792663574219e+00
6.837346000000000146e+00 4.790682792663574219e+00
6.844109999999999694e+00 4.790682792663574219e+00
6.850088999999999650e+00 4.795857429504394531e+00
6.856010999999999633e+00 4.795857429504394531e+00
6.860122999999999749e+00 4.795857429504394531e+00
6.865999999999999659e+00 4.790682792663574219e+00
6.870116999999999585e+00 4.795857429504394531e+00
6.874182000000000237e+00 4.795857429504394531e+00
6.880193000000000225e+00 4.801032066345214844e+00
6.886084999999999567e+00 4.801032066345214844e+00
6.892101000000000255e+00 4.795857429504394531e+00
6.903221000000000274e+00 4.795857429504394531e+00
6.909558999999999784e+00 4.801032066345214844e+00
6.915504000000000318e+00 4.795857429504394531e+00
6.921496000000000315e+00 4.801032066345214844e+00
6.925516000000000005e+00 4.801032066345214844e+00
6.931492999999999682e+00 4.795857429504394531e+00
6.937475000000000058e+00 4.795857429504394531e+00
6.941530000000000200e+00 4.795857429504394531e+00
6.947505999999999737e+00 4.790682792663574219e+00
6.953476000000000212e+00 4.795857429504394531e+00
6.959462000000000259e+00 4.795857429504394531e+00
6.965395000000000003e+00 4.790682792663574219e+00
6.969529999999999781e+00 4.795857429504394531e+00
6.975462000000000273e+00 4.790682792663574219e+00
6.979489000000000054e+00 4.801032066345214844e+00
6.983549000000000007e+00 4.795857429504394531e+00
6.989480999999999611e+00 4.801032066345214844e+00
6.995436999999999905e+00 4.801032066345214844e+00
7.001479999999999926e+00 4.795857429504394531e+00
7.007488000000000383e+00 4.801032066345214844e+00
7.013558999999999877e+00 4.801032066345214844e+00
7.025079999999999991e+00 4.801032066345214844e+00
7.031372000000000178e+00 4.795857429504394531e+00
7.037405999999999828e+00 4.795857429504394531e+00
7.043396000000000434e+00 4.795857429504394531e+00
7.049420999999999715e+00 4.795857429504394531e+00
7.055387999999999771e+00 4.790682792663574219e+00
7.061439000000000021e+00 4.790682792663574219e+00
7.067535000000000345e+00 4.790682792663574219e+00
7.073521999999999643e+00 4.790682792663574219e+00
7.079550000000000232e+00 4.790682792663574219e+00
7.085560000000000080e+00 4.801032066345214844e+00
7.089730000000000310e+00 4.801032066345214844e+00
7.095729999999999649e+00 4.801032066345214844e+00
7.101797000000000359e+00 4.801032066345214844e+00
7.107872999999999664e+00 4.801032066345214844e+00
7.113904999999999923e+00 4.801032066345214844e+00
