9.439999999999999607e-04 2.560433387756347656e+00
3.959999999999999978e-03 2.555258750915527344e+00
6.633000000000000007e-03 2.550084114074707031e+00
9.449000000000000801e-03 2.555258750915527344e+00
1.230799999999999950e-02 2.560433387756347656e+00
1.498299999999999979e-02 2.560433387756347656e+00
1.767499999999999974e-02 2.560433387756347656e+00
2.056900000000000048e-02 2.555258750915527344e+00
2.318999999999999881e-02 2.555258750915527344e+00
2.594799999999999884e-02 2.560433387756347656e+00
2.873399999999999913e-02 2.565608024597167969e+00
3.173900000000000332e-02 2.565608024597167969e+00
3.471699999999999786e-02 2.565608024597167969e+00
3.755599999999999911e-02 2.570782661437988281e+00
4.059100000000000208e-02 2.565608024597167969e+00
4.354899999999999743e-02 2.570782661437988281e+00
4.653600000000000098e-02 2.565608024597167969e+00
4.952399999999999858e-02 2.565608024597167969e+00
5.252199999999999924e-02 2.570782661437988281e+00
5.551500000000000185e-02 2.565608024597167969e+00
5.835699999999999915e-02 2.570782661437988281e+00
6.496599999999999597e-02 2.565608024597167969e+00
7.159600000000000686e-02 2.565608024597167969e+00
7.456699999999999440e-02 2.565608024597167969e+00
7.755199999999999594e-02 2.565608024597167969e+00
8.056000000000000660e-02 2.555258750915527344e+00
8.354000000000000314e-02 2.560433387756347656e+00
8.652999999999999581e-02 2.560433387756347656e+00
8.997600000000000042e-02 2.555258750915527344e+00
1.034250000000000030e-01 2.555258750915527344e+00
1.184459999999999957e-01 2.555258750915527344e+00
1.276079999999999992e-01 2.565608024597167969e+00
1.306160000000000099e-01 2.565608024597167969e+00
1.335770000000000013e-01 2.565608024597167969e+00
1.366169999999999884e-01 2.565608024597167969e+00
1.395569999999999866e-01 2.565608024597167969e+00
1.425609999999999933e-01 2.565608024597167969e+00
1.455430000000000057e-01 2.565608024597167969e+00
1.485339999999999994e-01 2.565608024597167969e+00
1.515370000000000050e-01 2.565608024597167969e+00
1.545580000000000009e-01 2.565608024597167969e+00
1.575459999999999916e-01 2.565608024597167969e+00
1.605910000000000115e-01 2.565608024597167969e+00
1.635379999999999889e-01 2.565608024597167969e+00
1.665220000000000034e-01 2.565608024597167969e+00
1.692059999999999953e-01 2.565608024597167969e+00
1.722059999999999980e-01 2.565608024597167969e+00
1.751989999999999936e-01 2.565608024597167969e+00
1.781820000000000070e-01 2.560433387756347656e+00
1.812090000000000090e-01 2.555258750915527344e+00
1.841849999999999876e-01 2.560433387756347656e+00
1.871760000000000090e-01 2.560433387756347656e+00
1.901690000000000047e-01 2.555258750915527344e+00
1.931789999999999896e-01 2.560433387756347656e+00
1.961569999999999980e-01 2.555258750915527344e+00
1.991449999999999887e-01 2.555258750915527344e+00
2.021439999999999904e-01 2.560433387756347656e+00
2.051320000000000088e-01 2.560433387756347656e+00
2.079670000000000130e-01 2.560433387756347656e+00
2.109759999999999969e-01 2.560433387756347656e+00
2.139520000000000033e-01 2.560433387756347656e+00
2.169460000000000000e-01 2.560433387756347656e+00
2.199399999999999966e-01 2.560433387756347656e+00
2.229329999999999923e-01 2.560433387756347656e+00
2.259259999999999879e-01 2.565608024597167969e+00
2.289190000000000114e-01 2.565608024597167969e+00
2.318919999999999870e-01 2.565608024597167969e+00
2.382930000000000048e-01 2.565608024597167969e+00
2.414540000000000020e-01 2.565608024597167969e+00
2.443299999999999916e-01 2.565608024597167969e+00
2.470519999999999938e-01 2.565608024597167969e+00
2.497749999999999970e-01 2.565608024597167969e+00
2.524710000000000010e-01 2.565608024597167969e+00
2.553019999999999734e-01 2.565608024597167969e+00
2.579839999999999911e-01 2.565608024597167969e+00
2.606789999999999941e-01 2.565608024597167969e+00
2.635060000000000180e-01 2.565608024597167969e+00
2.661890000000000089e-01 2.565608024597167969e+00
2.688960000000000239e-01 2.565608024597167969e+00
2.718659999999999966e-01 2.565608024597167969e+00
2.747109999999999830e-01 2.565608024597167969e+00
2.773970000000000047e-01 2.565608024597167969e+00
2.800759999999999916e-01 2.560433387756347656e+00
2.829229999999999801e-01 2.555258750915527344e+00
2.856029999999999958e-01 2.560433387756347656e+00
2.883169999999999900e-01 2.560433387756347656e+00
2.911560000000000259e-01 2.560433387756347656e+00
2.941380000000000106e-01 2.565608024597167969e+00
2.968069999999999875e-01 2.560433387756347656e+00
2.994939999999999825e-01 2.560433387756347656e+00
3.021829999999999794e-01 2.565608024597167969e+00
3.048620000000000219e-01 2.560433387756347656e+00
3.077219999999999955e-01 2.560433387756347656e+00
3.104709999999999970e-01 2.560433387756347656e+00
3.135479999999999934e-01 2.560433387756347656e+00
3.162220000000000031e-01 2.560433387756347656e+00
3.190509999999999735e-01 2.560433387756347656e+00
3.218920000000000115e-01 2.560433387756347656e+00
3.245720000000000272e-01 2.560433387756347656e+00
3.272559999999999913e-01 2.565608024597167969e+00
3.301009999999999778e-01 2.565608024597167969e+00
3.331040000000000112e-01 2.565608024597167969e+00
3.357789999999999941e-01 2.565608024597167969e+00
3.384610000000000118e-01 2.565608024597167969e+00
3.415019999999999722e-01 2.565608024597167969e+00
3.498629999999999796e-01 2.565608024597167969e+00
3.528430000000000177e-01 2.565608024597167969e+00
3.556750000000000189e-01 2.565608024597167969e+00
3.583459999999999979e-01 2.565608024597167969e+00
3.610369999999999968e-01 2.565608024597167969e+00
3.638739999999999752e-01 2.560433387756347656e+00
3.665550000000000197e-01 2.565608024597167969e+00
3.692369999999999819e-01 2.565608024597167969e+00
3.720789999999999931e-01 2.565608024597167969e+00
3.747909999999999853e-01 2.570782661437988281e+00
3.776059999999999972e-01 2.565608024597167969e+00
3.802849999999999842e-01 2.560433387756347656e+00
3.829649999999999999e-01 2.565608024597167969e+00
3.856530000000000236e-01 2.565608024597167969e+00
3.884900000000000020e-01 2.560433387756347656e+00
3.913329999999999864e-01 2.560433387756347656e+00
3.940119999999999734e-01 2.560433387756347656e+00
3.966990000000000238e-01 2.560433387756347656e+00
3.993800000000000128e-01 2.560433387756347656e+00
4.020670000000000077e-01 2.565608024597167969e+00
4.049070000000000169e-01 2.560433387756347656e+00
4.075969999999999871e-01 2.560433387756347656e+00
4.102830000000000088e-01 2.560433387756347656e+00
4.131190000000000140e-01 2.560433387756347656e+00
4.158049999999999802e-01 2.560433387756347656e+00
4.186400000000000121e-01 2.560433387756347656e+00
4.214919999999999778e-01 2.560433387756347656e+00
4.243330000000000157e-01 2.560433387756347656e+00
4.273069999999999924e-01 2.565608024597167969e+00
4.299990000000000201e-01 2.560433387756347656e+00
4.328440000000000065e-01 2.565608024597167969e+00
4.356760000000000077e-01 2.565608024597167969e+00
4.385290000000000021e-01 2.565608024597167969e+00
4.412490000000000023e-01 2.565608024597167969e+00
4.440779999999999728e-01 2.565608024597167969e+00
4.469150000000000067e-01 2.565608024597167969e+00
4.495959999999999956e-01 2.565608024597167969e+00
4.524420000000000108e-01 2.565608024597167969e+00
4.583610000000000184e-01 2.565608024597167969e+00
4.613209999999999811e-01 2.565608024597167969e+00
4.640170000000000128e-01 2.565608024597167969e+00
4.668490000000000140e-01 2.565608024597167969e+00
4.696890000000000231e-01 2.570782661437988281e+00
4.725369999999999848e-01 2.565608024597167969e+00
4.752140000000000253e-01 2.565608024597167969e+00
4.780490000000000017e-01 2.565608024597167969e+00
4.809010000000000229e-01 2.560433387756347656e+00
4.835809999999999831e-01 2.565608024597167969e+00
4.862569999999999948e-01 2.560433387756347656e+00
4.890970000000000040e-01 2.560433387756347656e+00
4.917819999999999969e-01 2.565608024597167969e+00
4.946329999999999893e-01 2.565608024597167969e+00
4.974620000000000153e-01 2.560433387756347656e+00
5.003009999999999957e-01 2.560433387756347656e+00
5.032950000000000479e-01 2.560433387756347656e+00
5.059649999999999981e-01 2.555258750915527344e+00
5.086500000000000465e-01 2.560433387756347656e+00
5.114929999999999755e-01 2.560433387756347656e+00
5.141700000000000159e-01 2.555258750915527344e+00
5.168509999999999494e-01 2.555258750915527344e+00
5.196920000000000428e-01 2.560433387756347656e+00
5.225880000000000525e-01 2.555258750915527344e+00
5.255490000000000439e-01 2.560433387756347656e+00
5.282090000000000396e-01 2.565608024597167969e+00
5.310610000000000053e-01 2.560433387756347656e+00
5.338969999999999549e-01 2.565608024597167969e+00
5.366119999999999779e-01 2.565608024597167969e+00
5.394630000000000258e-01 2.565608024597167969e+00
5.423050000000000370e-01 2.565608024597167969e+00
5.449739999999999585e-01 2.565608024597167969e+00
5.476590000000000069e-01 2.565608024597167969e+00
5.505120000000000013e-01 2.570782661437988281e+00
5.531840000000000090e-01 2.570782661437988281e+00
5.558680000000000287e-01 2.565608024597167969e+00
5.587069999999999537e-01 2.565608024597167969e+00
5.614080000000000181e-01 2.565608024597167969e+00
5.643569999999999975e-01 2.565608024597167969e+00
5.698290000000000299e-01 2.565608024597167969e+00
5.726649999999999796e-01 2.565608024597167969e+00
5.755139999999999700e-01 2.565608024597167969e+00
5.781950000000000145e-01 2.565608024597167969e+00
5.810319999999999929e-01 2.560433387756347656e+00
5.838529999999999553e-01 2.565608024597167969e+00
5.866940000000000488e-01 2.560433387756347656e+00
5.893720000000000070e-01 2.555258750915527344e+00
5.920710000000000139e-01 2.560433387756347656e+00
5.949060000000000459e-01 2.560433387756347656e+00
5.975829999999999753e-01 2.555258750915527344e+00
6.002699999999999703e-01 2.555258750915527344e+00
6.031260000000000510e-01 2.560433387756347656e+00
6.057949999999999724e-01 2.555258750915527344e+00
6.086300000000000043e-01 2.555258750915527344e+00
6.114709999999999868e-01 2.560433387756347656e+00
6.143180000000000307e-01 2.555258750915527344e+00
6.169959999999999889e-01 2.555258750915527344e+00
6.198280000000000456e-01 2.560433387756347656e+00
6.226679999999999993e-01 2.555258750915527344e+00
6.255100000000000104e-01 2.560433387756347656e+00
6.281870000000000509e-01 2.565608024597167969e+00
6.310670000000000446e-01 2.565608024597167969e+00
6.339150000000000063e-01 2.570782661437988281e+00
6.365809999999999524e-01 2.565608024597167969e+00
6.392719999999999514e-01 2.565608024597167969e+00
6.421120000000000161e-01 2.565608024597167969e+00
6.447960000000000358e-01 2.570782661437988281e+00
6.476399999999999935e-01 2.565608024597167969e+00
6.504839999999999511e-01 2.565608024597167969e+00
6.531719999999999748e-01 2.570782661437988281e+00
6.559890000000000443e-01 2.565608024597167969e+00
6.588270000000000515e-01 2.570782661437988281e+00
6.616779999999999884e-01 2.570782661437988281e+00
6.645090000000000163e-01 2.565608024597167969e+00
6.671850000000000280e-01 2.565608024597167969e+00
6.697140000000000315e-01 2.565608024597167969e+00
6.723970000000000224e-01 2.565608024597167969e+00
6.753390000000000226e-01 2.565608024597167969e+00
6.809929999999999595e-01 2.555258750915527344e+00
6.838049999999999962e-01 2.555258750915527344e+00
6.866499999999999826e-01 2.555258750915527344e+00
6.894900000000000473e-01 2.550084114074707031e+00
6.923380000000000090e-01 2.555258750915527344e+00
6.950159999999999672e-01 2.560433387756347656e+00
6.978560000000000318e-01 2.555258750915527344e+00
7.007069999999999688e-01 2.560433387756347656e+00
7.033840000000000092e-01 2.555258750915527344e+00
7.059050000000000047e-01 2.555258750915527344e+00
7.085839999999999916e-01 2.560433387756347656e+00
7.112810000000000521e-01 2.560433387756347656e+00
7.141269999999999563e-01 2.560433387756347656e+00
7.167999999999999927e-01 2.560433387756347656e+00
7.196299999999999919e-01 2.565608024597167969e+00
7.224749999999999783e-01 2.560433387756347656e+00
7.253129999999999855e-01 2.560433387756347656e+00
7.280569999999999542e-01 2.565608024597167969e+00
7.310309999999999864e-01 2.565608024597167969e+00
7.338580000000000103e-01 2.570782661437988281e+00
7.367040000000000255e-01 2.570782661437988281e+00
7.393790000000000084e-01 2.565608024597167969e+00
7.420759999999999579e-01 2.570782661437988281e+00
7.449080000000000146e-01 2.570782661437988281e+00
7.475850000000000550e-01 2.565608024597167969e+00
7.504840000000000400e-01 2.565608024597167969e+00
7.532630000000000159e-01 2.565608024597167969e+00
7.561020000000000518e-01 2.565608024597167969e+00
7.587840000000000140e-01 2.565608024597167969e+00
7.614800000000000457e-01 2.565608024597167969e+00
7.643159999999999954e-01 2.565608024597167969e+00
7.669939999999999536e-01 2.565608024597167969e+00
7.698310000000000430e-01 2.565608024597167969e+00
7.726769999999999472e-01 2.565608024597167969e+00
7.755180000000000407e-01 2.565608024597167969e+00
7.781930000000000236e-01 2.560433387756347656e+00
7.810390000000000388e-01 2.555258750915527344e+00
7.838699999999999557e-01 2.555258750915527344e+00
7.901679999999999815e-01 2.555258750915527344e+00
7.930099999999999927e-01 2.560433387756347656e+00
7.958359999999999879e-01 2.560433387756347656e+00
7.986750000000000238e-01 2.560433387756347656e+00
8.015259999999999607e-01 2.565608024597167969e+00
8.042010000000000547e-01 2.560433387756347656e+00
8.070399999999999796e-01 2.560433387756347656e+00
8.098790000000000155e-01 2.565608024597167969e+00
8.127330000000000387e-01 2.560433387756347656e+00
8.154120000000000257e-01 2.560433387756347656e+00
8.182530000000000081e-01 2.565608024597167969e+00
8.211100000000000065e-01 2.560433387756347656e+00
8.238189999999999680e-01 2.560433387756347656e+00
8.266559999999999464e-01 2.565608024597167969e+00
8.295280000000000431e-01 2.565608024597167969e+00
8.321809999999999485e-01 2.565608024597167969e+00
8.347409999999999553e-01 2.565608024597167969e+00
8.374289999999999790e-01 2.565608024597167969e+00
8.402650000000000396e-01 2.565608024597167969e+00
8.431070000000000508e-01 2.565608024597167969e+00
8.457890000000000130e-01 2.565608024597167969e+00
8.486390000000000322e-01 2.560433387756347656e+00
8.514699999999999491e-01 2.565608024597167969e+00
8.543089999999999851e-01 2.565608024597167969e+00
8.569870000000000543e-01 2.565608024597167969e+00
8.598230000000000040e-01 2.565608024597167969e+00
8.626759999999999984e-01 2.565608024597167969e+00
8.655119999999999481e-01 2.565608024597167969e+00
8.681860000000000133e-01 2.565608024597167969e+00
8.708829999999999627e-01 2.565608024597167969e+00
8.737200000000000522e-01 2.565608024597167969e+00
8.763959999999999528e-01 2.565608024597167969e+00
8.792339999999999600e-01 2.560433387756347656e+00
8.820789999999999464e-01 2.560433387756347656e+00
8.847610000000000197e-01 2.560433387756347656e+00
8.874499999999999611e-01 2.560433387756347656e+00
8.902809999999999890e-01 2.560433387756347656e+00
8.929599999999999760e-01 2.560433387756347656e+00
8.958559999999999857e-01 2.560433387756347656e+00
9.014010000000000078e-01 2.560433387756347656e+00
9.042240000000000277e-01 2.560433387756347656e+00
9.070669999999999566e-01 2.560433387756347656e+00
9.099239999999999551e-01 2.560433387756347656e+00
9.129159999999999497e-01 2.560433387756347656e+00
9.155889999999999862e-01 2.560433387756347656e+00
9.182759999999999811e-01 2.560433387756347656e+00
9.210019999999999873e-01 2.560433387756347656e+00
9.238250000000000073e-01 2.555258750915527344e+00
9.266670000000000185e-01 2.560433387756347656e+00
9.296320000000000139e-01 2.565608024597167969e+00
9.326440000000000285e-01 2.565608024597167969e+00
9.354909999999999615e-01 2.565608024597167969e+00
9.381739999999999524e-01 2.565608024597167969e+00
9.408720000000000416e-01 2.560433387756347656e+00
9.437670000000000226e-01 2.565608024597167969e+00
9.523080000000000434e-01 2.565608024597167969e+00
9.588459999999999761e-01 2.565608024597167969e+00
9.615430000000000366e-01 2.570782661437988281e+00
9.643880000000000230e-01 2.565608024597167969e+00
9.672250000000000014e-01 2.565608024597167969e+00
9.700699999999999878e-01 2.565608024597167969e+00
9.755059999999999842e-01 2.565608024597167969e+00
9.781929999999999792e-01 2.565608024597167969e+00
9.810400000000000231e-01 2.560433387756347656e+00
9.838729999999999976e-01 2.565608024597167969e+00
9.867160000000000375e-01 2.565608024597167969e+00
9.893899999999999917e-01 2.560433387756347656e+00
9.922320000000000029e-01 2.560433387756347656e+00
9.950639999999999485e-01 2.565608024597167969e+00
9.979090000000000460e-01 2.560433387756347656e+00
1.001362000000000085e+00 2.560433387756347656e+00
1.005192000000000085e+00 2.560433387756347656e+00
1.009573000000000054e+00 2.555258750915527344e+00
1.016192999999999902e+00 2.555258750915527344e+00
1.019914999999999905e+00 2.560433387756347656e+00
1.024027000000000021e+00 2.555258750915527344e+00
1.028126000000000095e+00 2.560433387756347656e+00
1.032288000000000094e+00 2.560433387756347656e+00
1.037017000000000078e+00 2.565608024597167969e+00
1.041773999999999978e+00 2.565608024597167969e+00
1.046443000000000012e+00 2.565608024597167969e+00
1.051241000000000092e+00 2.565608024597167969e+00
1.055911000000000044e+00 2.565608024597167969e+00
1.060688999999999993e+00 2.565608024597167969e+00
1.065881999999999996e+00 2.565608024597167969e+00
1.074332999999999982e+00 2.565608024597167969e+00
1.082637000000000072e+00 2.555258750915527344e+00
1.087339999999999973e+00 2.560433387756347656e+00
1.092105000000000103e+00 2.560433387756347656e+00
1.096854999999999913e+00 2.555258750915527344e+00
1.109556999999999904e+00 2.555258750915527344e+00
1.121480999999999950e+00 2.560433387756347656e+00
1.135618999999999934e+00 2.560433387756347656e+00
1.143618000000000023e+00 2.565608024597167969e+00
1.148142999999999914e+00 2.565608024597167969e+00
1.152341000000000060e+00 2.565608024597167969e+00
1.156514999999999960e+00 2.565608024597167969e+00
1.160757999999999956e+00 2.565608024597167969e+00
1.164927000000000046e+00 2.565608024597167969e+00
1.169102000000000086e+00 2.565608024597167969e+00
1.173370999999999942e+00 2.565608024597167969e+00
1.177531000000000105e+00 2.560433387756347656e+00
1.181737000000000037e+00 2.555258750915527344e+00
1.185913999999999913e+00 2.555258750915527344e+00
1.190107999999999944e+00 2.555258750915527344e+00
1.194333000000000089e+00 2.555258750915527344e+00
1.198534999999999906e+00 2.555258750915527344e+00
1.202863000000000016e+00 2.555258750915527344e+00
1.207057999999999964e+00 2.550084114074707031e+00
1.211343000000000059e+00 2.560433387756347656e+00
1.215548999999999991e+00 2.555258750915527344e+00
1.219808999999999921e+00 2.560433387756347656e+00
1.224053000000000058e+00 2.560433387756347656e+00
1.228404000000000051e+00 2.565608024597167969e+00
1.232750000000000012e+00 2.565608024597167969e+00
1.237063999999999941e+00 2.570782661437988281e+00
1.241376999999999953e+00 2.565608024597167969e+00
1.245610000000000106e+00 2.565608024597167969e+00
1.250254999999999894e+00 2.565608024597167969e+00
1.259454000000000073e+00 2.565608024597167969e+00
1.263711000000000029e+00 2.565608024597167969e+00
1.267983000000000082e+00 2.565608024597167969e+00
1.272275999999999962e+00 2.565608024597167969e+00
1.276529000000000025e+00 2.560433387756347656e+00
1.280855000000000077e+00 2.555258750915527344e+00
1.285177000000000014e+00 2.560433387756347656e+00
1.289435000000000109e+00 2.555258750915527344e+00
1.293695000000000039e+00 2.555258750915527344e+00
1.297973000000000043e+00 2.555258750915527344e+00
1.302238999999999924e+00 2.560433387756347656e+00
1.306505999999999945e+00 2.560433387756347656e+00
1.310864999999999947e+00 2.565608024597167969e+00
1.315158000000000049e+00 2.555258750915527344e+00
1.319428999999999963e+00 2.560433387756347656e+00
1.323700000000000099e+00 2.560433387756347656e+00
1.327981000000000078e+00 2.565608024597167969e+00
1.332259000000000082e+00 2.565608024597167969e+00
1.336621000000000059e+00 2.570782661437988281e+00
1.341018999999999961e+00 2.565608024597167969e+00
1.345312000000000063e+00 2.565608024597167969e+00
1.349591999999999903e+00 2.565608024597167969e+00
1.353939000000000004e+00 2.565608024597167969e+00
1.358232000000000106e+00 2.560433387756347656e+00
1.362648999999999999e+00 2.565608024597167969e+00
1.370263999999999927e+00 2.565608024597167969e+00
1.374400000000000066e+00 2.565608024597167969e+00
1.378708000000000045e+00 2.560433387756347656e+00
1.383099000000000078e+00 2.560433387756347656e+00
1.386379999999999946e+00 2.560433387756347656e+00
1.390222999999999987e+00 2.560433387756347656e+00
1.394562999999999997e+00 2.560433387756347656e+00
1.398881999999999959e+00 2.555258750915527344e+00
1.403275000000000050e+00 2.560433387756347656e+00
1.407591999999999954e+00 2.560433387756347656e+00
1.411933000000000105e+00 2.560433387756347656e+00
1.416263000000000050e+00 2.560433387756347656e+00
1.420719000000000065e+00 2.560433387756347656e+00
1.425059000000000076e+00 2.560433387756347656e+00
1.429408999999999930e+00 2.565608024597167969e+00
1.433815999999999979e+00 2.560433387756347656e+00
1.437710999999999961e+00 2.565608024597167969e+00
1.441470000000000029e+00 2.560433387756347656e+00
1.445184000000000024e+00 2.565608024597167969e+00
1.448895999999999962e+00 2.565608024597167969e+00
1.452684000000000086e+00 2.565608024597167969e+00
1.456401999999999974e+00 2.560433387756347656e+00
1.460128000000000092e+00 2.565608024597167969e+00
1.463869000000000087e+00 2.565608024597167969e+00
1.467597999999999958e+00 2.565608024597167969e+00
1.471357999999999944e+00 2.565608024597167969e+00
1.475098999999999938e+00 2.565608024597167969e+00
1.479136000000000006e+00 2.565608024597167969e+00
1.485325000000000006e+00 2.560433387756347656e+00
1.489074999999999926e+00 2.560433387756347656e+00
1.492895000000000083e+00 2.565608024597167969e+00
1.496636999999999995e+00 2.560433387756347656e+00
1.500424999999999898e+00 2.560433387756347656e+00
1.504185000000000105e+00 2.560433387756347656e+00
1.507935999999999943e+00 2.560433387756347656e+00
1.511721000000000092e+00 2.560433387756347656e+00
1.515476000000000045e+00 2.555258750915527344e+00
1.519230999999999998e+00 2.560433387756347656e+00
1.523050000000000015e+00 2.555258750915527344e+00
1.526809000000000083e+00 2.560433387756347656e+00
1.530626999999999960e+00 2.560433387756347656e+00
1.534389000000000003e+00 2.565608024597167969e+00
1.537303000000000086e+00 2.565608024597167969e+00
1.540556000000000036e+00 2.565608024597167969e+00
1.544324999999999948e+00 2.565608024597167969e+00
1.548113000000000072e+00 2.560433387756347656e+00
1.551922999999999941e+00 2.565608024597167969e+00
1.555708000000000091e+00 2.565608024597167969e+00
1.559477000000000002e+00 2.565608024597167969e+00
1.563310999999999895e+00 2.565608024597167969e+00
1.567102999999999913e+00 2.565608024597167969e+00
1.570988999999999969e+00 2.565608024597167969e+00
1.573947999999999903e+00 2.565608024597167969e+00
1.577153000000000027e+00 2.565608024597167969e+00
1.581007000000000051e+00 2.560433387756347656e+00
1.584804000000000102e+00 2.560433387756347656e+00
1.588602999999999987e+00 2.560433387756347656e+00
1.595056000000000029e+00 2.560433387756347656e+00
1.598907000000000078e+00 2.555258750915527344e+00
1.601984000000000075e+00 2.560433387756347656e+00
1.605258999999999991e+00 2.560433387756347656e+00
1.609070000000000000e+00 2.560433387756347656e+00
1.612956999999999974e+00 2.555258750915527344e+00
1.615925999999999974e+00 2.555258750915527344e+00
1.619197999999999915e+00 2.560433387756347656e+00
1.623119999999999896e+00 2.555258750915527344e+00
1.626123999999999903e+00 2.560433387756347656e+00
1.629389999999999894e+00 2.560433387756347656e+00
1.633237999999999968e+00 2.565608024597167969e+00
1.637078999999999951e+00 2.565608024597167969e+00
1.640987999999999891e+00 2.565608024597167969e+00
1.644795000000000007e+00 2.570782661437988281e+00
1.648632000000000097e+00 2.565608024597167969e+00
1.652560000000000029e+00 2.570782661437988281e+00
1.655570999999999904e+00 2.565608024597167969e+00
1.658843000000000067e+00 2.565608024597167969e+00
1.662741999999999942e+00 2.565608024597167969e+00
1.666574999999999918e+00 2.565608024597167969e+00
1.669516999999999918e+00 2.570782661437988281e+00
1.672854000000000063e+00 2.565608024597167969e+00
1.676689000000000096e+00 2.565608024597167969e+00
1.680584999999999996e+00 2.560433387756347656e+00
1.684425999999999979e+00 2.560433387756347656e+00
1.688291999999999904e+00 2.555258750915527344e+00
1.692145000000000010e+00 2.555258750915527344e+00
1.696013999999999911e+00 2.555258750915527344e+00
1.699862999999999902e+00 2.555258750915527344e+00
1.703761000000000081e+00 2.560433387756347656e+00
1.711248000000000102e+00 2.560433387756347656e+00
1.715122999999999953e+00 2.555258750915527344e+00
1.719027000000000083e+00 2.560433387756347656e+00
1.722985999999999907e+00 2.560433387756347656e+00
1.726860999999999979e+00 2.565608024597167969e+00
1.730806999999999984e+00 2.565608024597167969e+00
1.734693000000000040e+00 2.565608024597167969e+00
1.737710000000000088e+00 2.570782661437988281e+00
1.741104999999999903e+00 2.565608024597167969e+00
1.745014999999999983e+00 2.570782661437988281e+00
1.748950999999999922e+00 2.565608024597167969e+00
1.752984000000000098e+00 2.565608024597167969e+00
1.756941000000000086e+00 2.565608024597167969e+00
1.760939999999999950e+00 2.565608024597167969e+00
1.764887000000000095e+00 2.560433387756347656e+00
1.767902000000000085e+00 2.565608024597167969e+00
1.771309000000000022e+00 2.565608024597167969e+00
1.774345000000000061e+00 2.565608024597167969e+00
1.777703000000000033e+00 2.565608024597167969e+00
1.781679999999999930e+00 2.555258750915527344e+00
1.784724999999999895e+00 2.555258750915527344e+00
1.789960999999999913e+00 2.555258750915527344e+00
1.793927000000000049e+00 2.560433387756347656e+00
1.797871999999999915e+00 2.555258750915527344e+00
1.800918999999999937e+00 2.560433387756347656e+00
1.804295999999999900e+00 2.560433387756347656e+00
1.807360999999999995e+00 2.560433387756347656e+00
1.810801000000000105e+00 2.565608024597167969e+00
1.815228999999999981e+00 2.560433387756347656e+00
1.825164999999999926e+00 2.560433387756347656e+00
1.829112999999999989e+00 2.565608024597167969e+00
1.833151999999999893e+00 2.565608024597167969e+00
1.837132999999999905e+00 2.565608024597167969e+00
1.841185000000000072e+00 2.565608024597167969e+00
1.845197999999999894e+00 2.565608024597167969e+00
1.849175000000000013e+00 2.560433387756347656e+00
1.852341999999999933e+00 2.565608024597167969e+00
1.855747999999999953e+00 2.565608024597167969e+00
1.859730000000000105e+00 2.565608024597167969e+00
1.863725000000000076e+00 2.560433387756347656e+00
1.867718999999999907e+00 2.565608024597167969e+00
1.871749000000000107e+00 2.565608024597167969e+00
1.875749000000000111e+00 2.565608024597167969e+00
1.879747000000000057e+00 2.560433387756347656e+00
1.883752000000000093e+00 2.560433387756347656e+00
1.887760000000000105e+00 2.560433387756347656e+00
1.891763000000000083e+00 2.560433387756347656e+00
1.895764000000000005e+00 2.565608024597167969e+00
1.899763000000000090e+00 2.560433387756347656e+00
1.903745000000000021e+00 2.560433387756347656e+00
1.907750000000000057e+00 2.560433387756347656e+00
1.911756999999999929e+00 2.560433387756347656e+00
1.915775999999999923e+00 2.560433387756347656e+00
1.919537000000000049e+00 2.560433387756347656e+00
1.922514000000000056e+00 2.560433387756347656e+00
1.926539999999999919e+00 2.560433387756347656e+00
1.930692999999999993e+00 2.560433387756347656e+00
1.936689000000000105e+00 2.560433387756347656e+00
1.939734999999999987e+00 2.560433387756347656e+00
1.943276000000000003e+00 2.565608024597167969e+00
1.946328000000000058e+00 2.565608024597167969e+00
1.952795000000000059e+00 2.560433387756347656e+00
1.958261999999999947e+00 2.560433387756347656e+00
1.965489000000000042e+00 2.565608024597167969e+00
1.971309999999999896e+00 2.565608024597167969e+00
1.975386000000000086e+00 2.565608024597167969e+00
1.979440000000000088e+00 2.565608024597167969e+00
1.983513000000000082e+00 2.560433387756347656e+00
1.987581000000000042e+00 2.560433387756347656e+00
1.991668999999999912e+00 2.560433387756347656e+00
1.995721999999999996e+00 2.560433387756347656e+00
1.999772000000000105e+00 2.560433387756347656e+00
2.003887999999999892e+00 2.560433387756347656e+00
2.007960999999999885e+00 2.560433387756347656e+00
2.012061000000000099e+00 2.560433387756347656e+00
2.015111000000000097e+00 2.555258750915527344e+00
2.018618000000000023e+00 2.555258750915527344e+00
2.022794999999999899e+00 2.555258750915527344e+00
2.025923999999999836e+00 2.560433387756347656e+00
2.029427000000000092e+00 2.565608024597167969e+00
2.032516000000000211e+00 2.560433387756347656e+00
2.036036000000000179e+00 2.565608024597167969e+00
2.039105000000000167e+00 2.565608024597167969e+00
2.042714999999999836e+00 2.565608024597167969e+00
2.049506000000000050e+00 2.560433387756347656e+00
2.052512000000000114e+00 2.565608024597167969e+00
2.056087000000000220e+00 2.565608024597167969e+00
2.060182000000000180e+00 2.565608024597167969e+00
2.063336000000000059e+00 2.565608024597167969e+00
2.066886999999999919e+00 2.565608024597167969e+00
2.075994000000000117e+00 2.565608024597167969e+00
2.080093000000000192e+00 2.560433387756347656e+00
2.084227999999999970e+00 2.560433387756347656e+00
2.087365999999999833e+00 2.560433387756347656e+00
2.090980000000000061e+00 2.555258750915527344e+00
2.094113000000000113e+00 2.560433387756347656e+00
2.097736999999999963e+00 2.555258750915527344e+00
2.107898000000000049e+00 2.555258750915527344e+00
2.113503000000000132e+00 2.555258750915527344e+00
2.121710000000000207e+00 2.555258750915527344e+00
2.125316000000000205e+00 2.555258750915527344e+00
2.129459000000000213e+00 2.565608024597167969e+00
2.133615999999999957e+00 2.565608024597167969e+00
2.136712000000000167e+00 2.565608024597167969e+00
2.140467000000000120e+00 2.565608024597167969e+00
2.145488999999999979e+00 2.565608024597167969e+00
2.150653000000000148e+00 2.565608024597167969e+00
2.155654000000000181e+00 2.565608024597167969e+00
2.164442999999999895e+00 2.565608024597167969e+00
2.169489000000000001e+00 2.570782661437988281e+00
2.174491999999999869e+00 2.565608024597167969e+00
2.179470999999999936e+00 2.560433387756347656e+00
2.184463000000000044e+00 2.555258750915527344e+00
2.189471999999999863e+00 2.555258750915527344e+00
2.194481000000000126e+00 2.555258750915527344e+00
2.199486999999999970e+00 2.555258750915527344e+00
2.204520000000000035e+00 2.560433387756347656e+00
2.209512000000000143e+00 2.555258750915527344e+00
2.214548999999999879e+00 2.550084114074707031e+00
2.219561999999999813e+00 2.560433387756347656e+00
2.224556000000000200e+00 2.555258750915527344e+00
2.229547999999999863e+00 2.565608024597167969e+00
2.234576000000000118e+00 2.565608024597167969e+00
2.239618999999999804e+00 2.565608024597167969e+00
2.244113000000000024e+00 2.565608024597167969e+00
2.248310000000000031e+00 2.565608024597167969e+00
2.252555000000000085e+00 2.565608024597167969e+00
2.255755999999999872e+00 2.565608024597167969e+00
2.259386000000000116e+00 2.565608024597167969e+00
2.262493000000000087e+00 2.565608024597167969e+00
2.266116999999999937e+00 2.565608024597167969e+00
2.270300000000000207e+00 2.565608024597167969e+00
2.276889999999999858e+00 2.565608024597167969e+00
2.281042999999999932e+00 2.555258750915527344e+00
2.285252999999999979e+00 2.560433387756347656e+00
2.289499000000000173e+00 2.555258750915527344e+00
2.293709999999999916e+00 2.560433387756347656e+00
2.297905999999999782e+00 2.555258750915527344e+00
2.302144000000000190e+00 2.555258750915527344e+00
2.306404000000000121e+00 2.555258750915527344e+00
2.310665000000000191e+00 2.560433387756347656e+00
2.314874000000000098e+00 2.555258750915527344e+00
2.319087000000000121e+00 2.565608024597167969e+00
2.323423000000000016e+00 2.560433387756347656e+00
2.327631999999999923e+00 2.565608024597167969e+00
2.331859999999999822e+00 2.565608024597167969e+00
2.336085000000000189e+00 2.565608024597167969e+00
2.339313000000000198e+00 2.565608024597167969e+00
2.343042000000000069e+00 2.565608024597167969e+00
2.347268000000000132e+00 2.565608024597167969e+00
2.351491000000000220e+00 2.565608024597167969e+00
2.355729000000000184e+00 2.565608024597167969e+00
2.358896000000000104e+00 2.565608024597167969e+00
2.362639999999999851e+00 2.565608024597167969e+00
2.366877999999999815e+00 2.565608024597167969e+00
2.371204999999999785e+00 2.565608024597167969e+00
2.375445000000000029e+00 2.565608024597167969e+00
2.379675000000000207e+00 2.560433387756347656e+00
2.383926999999999907e+00 2.560433387756347656e+00
2.390614999999999934e+00 2.555258750915527344e+00
2.394823999999999842e+00 2.565608024597167969e+00
2.399160000000000181e+00 2.560433387756347656e+00
2.403544999999999821e+00 2.565608024597167969e+00
2.407817000000000096e+00 2.560433387756347656e+00
2.412103999999999804e+00 2.560433387756347656e+00
2.416367000000000154e+00 2.560433387756347656e+00
2.420720000000000205e+00 2.560433387756347656e+00
2.424990999999999897e+00 2.560433387756347656e+00
2.429269999999999818e+00 2.565608024597167969e+00
2.432549999999999990e+00 2.565608024597167969e+00
2.436256999999999895e+00 2.565608024597167969e+00
2.440646000000000093e+00 2.560433387756347656e+00
2.444951000000000096e+00 2.565608024597167969e+00
2.449295999999999918e+00 2.565608024597167969e+00
2.453535000000000021e+00 2.565608024597167969e+00
2.457806999999999853e+00 2.560433387756347656e+00
2.462089000000000194e+00 2.565608024597167969e+00
2.466375999999999902e+00 2.565608024597167969e+00
2.470705000000000151e+00 2.565608024597167969e+00
2.474979999999999958e+00 2.565608024597167969e+00
2.479261000000000159e+00 2.560433387756347656e+00
2.483757000000000215e+00 2.560433387756347656e+00
2.488172000000000050e+00 2.560433387756347656e+00
2.492485999999999979e+00 2.560433387756347656e+00
2.499499999999999833e+00 2.560433387756347656e+00
2.503462999999999994e+00 2.565608024597167969e+00
2.506711999999999829e+00 2.560433387756347656e+00
2.510539000000000076e+00 2.560433387756347656e+00
2.514854999999999841e+00 2.560433387756347656e+00
2.519156000000000173e+00 2.560433387756347656e+00
2.523569999999999869e+00 2.555258750915527344e+00
2.527880999999999823e+00 2.560433387756347656e+00
2.532233000000000178e+00 2.560433387756347656e+00
2.536541999999999852e+00 2.565608024597167969e+00
2.540934000000000026e+00 2.560433387756347656e+00
2.544080999999999815e+00 2.565608024597167969e+00
2.546759999999999913e+00 2.565608024597167969e+00
2.549446999999999797e+00 2.565608024597167969e+00
2.553322000000000092e+00 2.565608024597167969e+00
2.557691999999999855e+00 2.565608024597167969e+00
2.562047999999999881e+00 2.565608024597167969e+00
2.566374000000000155e+00 2.565608024597167969e+00
2.570745000000000058e+00 2.565608024597167969e+00
2.575082999999999789e+00 2.565608024597167969e+00
2.578343999999999969e+00 2.565608024597167969e+00
2.582130999999999954e+00 2.560433387756347656e+00
2.585240000000000204e+00 2.560433387756347656e+00
2.587921000000000138e+00 2.560433387756347656e+00
2.591712999999999933e+00 2.560433387756347656e+00
2.594969999999999999e+00 2.560433387756347656e+00
2.598742999999999803e+00 2.560433387756347656e+00
2.603162999999999894e+00 2.560433387756347656e+00
2.607562000000000157e+00 2.555258750915527344e+00
2.613890000000000047e+00 2.555258750915527344e+00
2.617112999999999801e+00 2.560433387756347656e+00
2.620985000000000120e+00 2.560433387756347656e+00
2.625353000000000048e+00 2.555258750915527344e+00
2.629713000000000189e+00 2.565608024597167969e+00
2.632906000000000191e+00 2.565608024597167969e+00
2.635629999999999917e+00 2.565608024597167969e+00
2.638307000000000180e+00 2.565608024597167969e+00
2.640998999999999874e+00 2.565608024597167969e+00
2.644808999999999966e+00 2.565608024597167969e+00
2.649179999999999868e+00 2.565608024597167969e+00
2.653671999999999809e+00 2.565608024597167969e+00
2.656949000000000005e+00 2.565608024597167969e+00
2.659635000000000193e+00 2.565608024597167969e+00
2.663526000000000060e+00 2.565608024597167969e+00
2.667923000000000044e+00 2.565608024597167969e+00
2.672321000000000168e+00 2.565608024597167969e+00
2.676728999999999914e+00 2.565608024597167969e+00
2.681197000000000052e+00 2.560433387756347656e+00
2.685594000000000037e+00 2.560433387756347656e+00
2.689976999999999840e+00 2.555258750915527344e+00
2.694374999999999964e+00 2.555258750915527344e+00
2.698786999999999825e+00 2.555258750915527344e+00
2.703253000000000128e+00 2.560433387756347656e+00
2.707704999999999806e+00 2.555258750915527344e+00
2.712129000000000012e+00 2.560433387756347656e+00
2.716539000000000037e+00 2.555258750915527344e+00
2.721086999999999811e+00 2.555258750915527344e+00
2.727320999999999884e+00 2.565608024597167969e+00
2.731745999999999786e+00 2.565608024597167969e+00
2.736171000000000131e+00 2.565608024597167969e+00
2.740651000000000170e+00 2.565608024597167969e+00
2.743918999999999997e+00 2.570782661437988281e+00
2.747800999999999938e+00 2.565608024597167969e+00
2.752333000000000141e+00 2.565608024597167969e+00
2.755488999999999855e+00 2.565608024597167969e+00
2.759377000000000191e+00 2.565608024597167969e+00
2.763793000000000166e+00 2.565608024597167969e+00
2.768225999999999853e+00 2.565608024597167969e+00
2.772758000000000056e+00 2.565608024597167969e+00
2.777197000000000138e+00 2.560433387756347656e+00
2.781636999999999915e+00 2.555258750915527344e+00
2.786083000000000087e+00 2.560433387756347656e+00
2.791332999999999842e+00 2.560433387756347656e+00
2.795239000000000029e+00 2.560433387756347656e+00
2.798509999999999831e+00 2.555258750915527344e+00
2.802407999999999788e+00 2.555258750915527344e+00
2.805718999999999852e+00 2.555258750915527344e+00
2.809625000000000039e+00 2.555258750915527344e+00
2.812924000000000202e+00 2.560433387756347656e+00
2.816823999999999995e+00 2.560433387756347656e+00
2.820143999999999984e+00 2.560433387756347656e+00
2.822980999999999963e+00 2.560433387756347656e+00
2.825702000000000158e+00 2.565608024597167969e+00
2.829610999999999876e+00 2.565608024597167969e+00
2.836603000000000208e+00 2.565608024597167969e+00
2.841045999999999960e+00 2.565608024597167969e+00
2.845530999999999811e+00 2.570782661437988281e+00
2.850013000000000130e+00 2.565608024597167969e+00
2.853340000000000209e+00 2.565608024597167969e+00
2.857400999999999858e+00 2.565608024597167969e+00
2.861889999999999823e+00 2.565608024597167969e+00
2.866354999999999986e+00 2.560433387756347656e+00
2.870896999999999810e+00 2.565608024597167969e+00
2.875430000000000152e+00 2.560433387756347656e+00
2.878760999999999903e+00 2.560433387756347656e+00
2.882766999999999857e+00 2.550084114074707031e+00
2.886111000000000093e+00 2.555258750915527344e+00
2.888796000000000141e+00 2.555258750915527344e+00
2.892795000000000005e+00 2.560433387756347656e+00
2.897285999999999806e+00 2.560433387756347656e+00
2.901818000000000008e+00 2.565608024597167969e+00
2.906350999999999907e+00 2.560433387756347656e+00
2.910918999999999812e+00 2.560433387756347656e+00
2.915452999999999850e+00 2.560433387756347656e+00
2.919964999999999922e+00 2.565608024597167969e+00
2.924484999999999779e+00 2.560433387756347656e+00
2.929012000000000171e+00 2.565608024597167969e+00
2.933570000000000011e+00 2.565608024597167969e+00
2.938105000000000189e+00 2.565608024597167969e+00
2.945199999999999818e+00 2.565608024597167969e+00
2.952503000000000100e+00 2.565608024597167969e+00
2.960545999999999900e+00 2.560433387756347656e+00
2.965962000000000209e+00 2.565608024597167969e+00
2.972408000000000161e+00 2.565608024597167969e+00
2.976833000000000062e+00 2.560433387756347656e+00
2.981468000000000007e+00 2.560433387756347656e+00
2.986022999999999872e+00 2.560433387756347656e+00
2.990686999999999873e+00 2.560433387756347656e+00
2.995252999999999943e+00 2.560433387756347656e+00
2.999810000000000088e+00 2.560433387756347656e+00
3.004401000000000099e+00 2.565608024597167969e+00
3.008992000000000111e+00 2.560433387756347656e+00
3.013654999999999973e+00 2.560433387756347656e+00
3.018231999999999804e+00 2.560433387756347656e+00
3.022911999999999821e+00 2.555258750915527344e+00
3.027505000000000113e+00 2.560433387756347656e+00
3.032121000000000066e+00 2.560433387756347656e+00
3.036699000000000037e+00 2.565608024597167969e+00
3.041323000000000221e+00 2.565608024597167969e+00
3.045930999999999944e+00 2.565608024597167969e+00
3.050588999999999995e+00 2.565608024597167969e+00
3.057676999999999978e+00 2.565608024597167969e+00
3.062168999999999919e+00 2.565608024597167969e+00
3.066777000000000086e+00 2.565608024597167969e+00
3.070136000000000198e+00 2.565608024597167969e+00
3.076204999999999856e+00 2.565608024597167969e+00
3.082501999999999853e+00 2.560433387756347656e+00
3.085684000000000093e+00 2.565608024597167969e+00
3.088519999999999932e+00 2.560433387756347656e+00
3.181465999999999905e+00 2.560433387756347656e+00
3.192715999999999887e+00 2.560433387756347656e+00
3.204244999999999788e+00 2.555258750915527344e+00
3.210116000000000192e+00 2.555258750915527344e+00
3.213503999999999916e+00 2.555258750915527344e+00
3.216346999999999845e+00 2.555258750915527344e+00
3.220533000000000090e+00 2.560433387756347656e+00
3.225233999999999934e+00 2.555258750915527344e+00
3.229891999999999985e+00 2.565608024597167969e+00
3.234555999999999987e+00 2.565608024597167969e+00
3.239238999999999979e+00 2.565608024597167969e+00
3.242715000000000014e+00 2.565608024597167969e+00
3.245551999999999992e+00 2.565608024597167969e+00
3.249651000000000067e+00 2.565608024597167969e+00
3.254357000000000166e+00 2.565608024597167969e+00
3.257741999999999916e+00 2.565608024597167969e+00
3.261932999999999971e+00 2.565608024597167969e+00
3.266608999999999874e+00 2.565608024597167969e+00
3.271363000000000021e+00 2.565608024597167969e+00
3.276110000000000078e+00 2.565608024597167969e+00
3.280876000000000126e+00 2.560433387756347656e+00
3.285544999999999938e+00 2.555258750915527344e+00
3.290310999999999986e+00 2.555258750915527344e+00
3.295004000000000044e+00 2.560433387756347656e+00
3.299681999999999782e+00 2.555258750915527344e+00
3.303110000000000213e+00 2.555258750915527344e+00
3.307004000000000055e+00 2.555258750915527344e+00
3.310259999999999980e+00 2.560433387756347656e+00
3.314976000000000145e+00 2.555258750915527344e+00
3.322205999999999992e+00 2.560433387756347656e+00
3.326754999999999907e+00 2.560433387756347656e+00
3.330121999999999804e+00 2.565608024597167969e+00
3.334351999999999983e+00 2.565608024597167969e+00
3.337779999999999969e+00 2.565608024597167969e+00
3.341898000000000035e+00 2.565608024597167969e+00
3.346581000000000028e+00 2.565608024597167969e+00
3.351335999999999871e+00 2.565608024597167969e+00
3.356018999999999863e+00 2.565608024597167969e+00
3.360768999999999895e+00 2.565608024597167969e+00
3.365463999999999789e+00 2.565608024597167969e+00
3.370143999999999807e+00 2.565608024597167969e+00
3.374890000000000168e+00 2.565608024597167969e+00
3.378333000000000030e+00 2.560433387756347656e+00
3.381168999999999869e+00 2.555258750915527344e+00
3.384009999999999962e+00 2.555258750915527344e+00
3.388166000000000011e+00 2.555258750915527344e+00
3.392943999999999960e+00 2.555258750915527344e+00
3.396354000000000095e+00 2.555258750915527344e+00
3.400576000000000043e+00 2.560433387756347656e+00
3.405289999999999928e+00 2.565608024597167969e+00
3.408726000000000145e+00 2.560433387756347656e+00
3.412958999999999854e+00 2.565608024597167969e+00
3.417666000000000093e+00 2.560433387756347656e+00
3.422403999999999780e+00 2.560433387756347656e+00
3.427233000000000196e+00 2.560433387756347656e+00
3.433606999999999854e+00 2.565608024597167969e+00
3.437079000000000217e+00 2.565608024597167969e+00
3.439912000000000081e+00 2.565608024597167969e+00
3.442905000000000104e+00 2.565608024597167969e+00
3.447093000000000185e+00 2.560433387756347656e+00
3.451830999999999872e+00 2.565608024597167969e+00
3.456564999999999888e+00 2.565608024597167969e+00
3.461373000000000033e+00 2.565608024597167969e+00
3.466136999999999802e+00 2.560433387756347656e+00
3.470952000000000037e+00 2.565608024597167969e+00
3.475703999999999905e+00 2.565608024597167969e+00
3.480522999999999811e+00 2.560433387756347656e+00
3.485289999999999999e+00 2.560433387756347656e+00
3.488738000000000117e+00 2.555258750915527344e+00
3.493117999999999945e+00 2.560433387756347656e+00
3.497904999999999820e+00 2.560433387756347656e+00
3.502674999999999983e+00 2.560433387756347656e+00
3.507432000000000105e+00 2.560433387756347656e+00
3.512195000000000178e+00 2.560433387756347656e+00
3.516964999999999897e+00 2.555258750915527344e+00
3.521741000000000010e+00 2.560433387756347656e+00
3.526517999999999819e+00 2.560433387756347656e+00
3.529932000000000070e+00 2.560433387756347656e+00
3.532920999999999978e+00 2.560433387756347656e+00
3.537154999999999827e+00 2.565608024597167969e+00
3.544747999999999788e+00 2.565608024597167969e+00
3.549449000000000076e+00 2.560433387756347656e+00
3.554244000000000181e+00 2.565608024597167969e+00
3.558993000000000073e+00 2.560433387756347656e+00
3.562501999999999835e+00 2.565608024597167969e+00
3.566751000000000005e+00 2.565608024597167969e+00
3.571622000000000074e+00 2.565608024597167969e+00
3.576420000000000154e+00 2.565608024597167969e+00
3.581288999999999945e+00 2.560433387756347656e+00
3.586088999999999860e+00 2.565608024597167969e+00
3.589503999999999806e+00 2.560433387756347656e+00
3.593878999999999824e+00 2.560433387756347656e+00
3.597328000000000081e+00 2.560433387756347656e+00
3.601640000000000175e+00 2.560433387756347656e+00
3.605138999999999871e+00 2.560433387756347656e+00
3.609404000000000057e+00 2.560433387756347656e+00
3.614231999999999889e+00 2.555258750915527344e+00
3.619060000000000166e+00 2.555258750915527344e+00
3.623940000000000161e+00 2.555258750915527344e+00
3.628749000000000002e+00 2.560433387756347656e+00
3.633665000000000145e+00 2.560433387756347656e+00
3.637093000000000131e+00 2.565608024597167969e+00
3.641445000000000043e+00 2.560433387756347656e+00
3.644911000000000012e+00 2.565608024597167969e+00
3.649230000000000196e+00 2.560433387756347656e+00
3.653221999999999969e+00 2.565608024597167969e+00
3.661823000000000050e+00 2.565608024597167969e+00
3.668086999999999875e+00 2.565608024597167969e+00
3.674205999999999861e+00 2.565608024597167969e+00
3.680238000000000120e+00 2.560433387756347656e+00
3.686303999999999803e+00 2.560433387756347656e+00
3.690332999999999863e+00 2.555258750915527344e+00
3.696056000000000008e+00 2.560433387756347656e+00
3.702201000000000075e+00 2.555258750915527344e+00
3.708293999999999979e+00 2.555258750915527344e+00
3.714442000000000021e+00 2.555258750915527344e+00
3.720571000000000073e+00 2.560433387756347656e+00
3.726665999999999812e+00 2.550084114074707031e+00
3.732765999999999806e+00 2.560433387756347656e+00
3.738834999999999908e+00 2.565608024597167969e+00
3.744985999999999926e+00 2.565608024597167969e+00
3.751171999999999951e+00 2.565608024597167969e+00
3.756158000000000108e+00 2.565608024597167969e+00
3.761106999999999978e+00 2.565608024597167969e+00
3.765994000000000064e+00 2.565608024597167969e+00
3.771011000000000113e+00 2.565608024597167969e+00
3.777465999999999990e+00 2.560433387756347656e+00
3.782421999999999951e+00 2.555258750915527344e+00
3.787281000000000120e+00 2.560433387756347656e+00
3.792990999999999779e+00 2.560433387756347656e+00
3.797395999999999994e+00 2.555258750915527344e+00
3.802299999999999791e+00 2.555258750915527344e+00
3.807189999999999852e+00 2.550084114074707031e+00
3.810747999999999802e+00 2.555258750915527344e+00
3.815069999999999961e+00 2.555258750915527344e+00
3.819973000000000063e+00 2.555258750915527344e+00
3.824870999999999910e+00 2.555258750915527344e+00
3.829798999999999953e+00 2.565608024597167969e+00
3.834706999999999866e+00 2.565608024597167969e+00
3.839614999999999778e+00 2.565608024597167969e+00
3.844551000000000052e+00 2.565608024597167969e+00
3.849473000000000145e+00 2.565608024597167969e+00
3.854388000000000147e+00 2.565608024597167969e+00
3.859306000000000125e+00 2.565608024597167969e+00
3.864290000000000003e+00 2.560433387756347656e+00
3.869235000000000202e+00 2.565608024597167969e+00
3.874207999999999874e+00 2.565608024597167969e+00
3.879159000000000024e+00 2.560433387756347656e+00
3.882767999999999997e+00 2.555258750915527344e+00
3.885756000000000210e+00 2.560433387756347656e+00
3.892749999999999932e+00 2.555258750915527344e+00
3.897550999999999988e+00 2.555258750915527344e+00
3.902483000000000146e+00 2.560433387756347656e+00
3.907414000000000165e+00 2.555258750915527344e+00
3.910976999999999926e+00 2.560433387756347656e+00
3.913968999999999809e+00 2.560433387756347656e+00
3.916948000000000096e+00 2.560433387756347656e+00
3.921383000000000063e+00 2.560433387756347656e+00
3.924923999999999857e+00 2.560433387756347656e+00
3.927906000000000120e+00 2.565608024597167969e+00
3.932320999999999955e+00 2.565608024597167969e+00
3.937263000000000179e+00 2.565608024597167969e+00
3.942257000000000122e+00 2.565608024597167969e+00
3.947227999999999959e+00 2.565608024597167969e+00
3.952309000000000072e+00 2.565608024597167969e+00
3.959242999999999846e+00 2.565608024597167969e+00
3.969809999999999839e+00 2.565608024597167969e+00
3.977469000000000143e+00 2.560433387756347656e+00
3.982495999999999814e+00 2.555258750915527344e+00
3.987404000000000170e+00 2.560433387756347656e+00
3.990648999999999891e+00 2.560433387756347656e+00
3.995694999999999997e+00 2.560433387756347656e+00
4.003173000000000314e+00 2.555258750915527344e+00
4.007982000000000156e+00 2.555258750915527344e+00
4.011555000000000426e+00 2.560433387756347656e+00
4.014542999999999751e+00 2.560433387756347656e+00
4.017523999999999873e+00 2.560433387756347656e+00
4.020527000000000406e+00 2.560433387756347656e+00
4.023501999999999690e+00 2.560433387756347656e+00
4.027993999999999630e+00 2.565608024597167969e+00
4.033102000000000409e+00 2.560433387756347656e+00
4.038083999999999563e+00 2.565608024597167969e+00
4.041751999999999789e+00 2.560433387756347656e+00
4.046247000000000149e+00 2.565608024597167969e+00
4.049727999999999994e+00 2.560433387756347656e+00
4.054253000000000107e+00 2.565608024597167969e+00
4.059281999999999613e+00 2.560433387756347656e+00
4.064365999999999701e+00 2.560433387756347656e+00
4.069372000000000433e+00 2.565608024597167969e+00
4.074379999999999669e+00 2.565608024597167969e+00
4.081698000000000270e+00 2.565608024597167969e+00
4.086395999999999695e+00 2.560433387756347656e+00
4.091057000000000166e+00 2.555258750915527344e+00
4.096127000000000073e+00 2.560433387756347656e+00
4.101193999999999562e+00 2.555258750915527344e+00
4.104714000000000418e+00 2.560433387756347656e+00
4.113078999999999930e+00 2.560433387756347656e+00
4.119525999999999577e+00 2.550084114074707031e+00
4.127042999999999573e+00 2.555258750915527344e+00
4.138688000000000144e+00 2.560433387756347656e+00
4.142345999999999862e+00 2.565608024597167969e+00
4.146848000000000312e+00 2.565608024597167969e+00
4.151919000000000359e+00 2.565608024597167969e+00
4.156965999999999717e+00 2.565608024597167969e+00
4.162065000000000126e+00 2.565608024597167969e+00
4.167116000000000042e+00 2.560433387756347656e+00
4.170742999999999867e+00 2.565608024597167969e+00
4.175250000000000128e+00 2.565608024597167969e+00
4.178703999999999752e+00 2.555258750915527344e+00
4.183292999999999928e+00 2.555258750915527344e+00
4.188404000000000238e+00 2.560433387756347656e+00
4.193570000000000242e+00 2.555258750915527344e+00
4.198857000000000284e+00 2.555258750915527344e+00
4.202552999999999983e+00 2.555258750915527344e+00
4.207074000000000424e+00 2.550084114074707031e+00
4.212194000000000216e+00 2.550084114074707031e+00
4.217257000000000033e+00 2.550084114074707031e+00
4.222336000000000311e+00 2.550084114074707031e+00
4.225920000000000343e+00 2.555258750915527344e+00
4.228906000000000276e+00 2.560433387756347656e+00
4.233503999999999934e+00 2.560433387756347656e+00
4.238591000000000442e+00 2.560433387756347656e+00
4.246287999999999840e+00 2.565608024597167969e+00
4.251282999999999923e+00 2.560433387756347656e+00
4.256359999999999921e+00 2.560433387756347656e+00
4.259900000000000020e+00 2.565608024597167969e+00
4.264510999999999719e+00 2.565608024597167969e+00
4.269598000000000226e+00 2.565608024597167969e+00
4.274707000000000257e+00 2.565608024597167969e+00
4.279846000000000039e+00 2.555258750915527344e+00
4.284959999999999880e+00 2.555258750915527344e+00
4.290058000000000149e+00 2.550084114074707031e+00
4.295152999999999999e+00 2.555258750915527344e+00
4.300358000000000125e+00 2.550084114074707031e+00
4.305381999999999820e+00 2.555258750915527344e+00
4.310562000000000005e+00 2.550084114074707031e+00
4.315675999999999846e+00 2.550084114074707031e+00
4.320838000000000179e+00 2.555258750915527344e+00
4.325942999999999650e+00 2.555258750915527344e+00
4.331095999999999613e+00 2.560433387756347656e+00
4.336206999999999923e+00 2.565608024597167969e+00
4.341380000000000017e+00 2.565608024597167969e+00
4.346537999999999791e+00 2.565608024597167969e+00
4.350189999999999557e+00 2.565608024597167969e+00
4.355724999999999625e+00 2.565608024597167969e+00
4.360515999999999615e+00 2.565608024597167969e+00
4.365667000000000186e+00 2.560433387756347656e+00
4.370873999999999704e+00 2.565608024597167969e+00
4.374514999999999709e+00 2.565608024597167969e+00
4.379094000000000264e+00 2.555258750915527344e+00
4.384305000000000341e+00 2.555258750915527344e+00
4.387928999999999746e+00 2.555258750915527344e+00
4.392544000000000004e+00 2.550084114074707031e+00
4.397667000000000215e+00 2.550084114074707031e+00
4.402905999999999764e+00 2.550084114074707031e+00
4.408034999999999926e+00 2.555258750915527344e+00
4.411609000000000336e+00 2.555258750915527344e+00
4.416216000000000363e+00 2.555258750915527344e+00
4.421421999999999741e+00 2.555258750915527344e+00
4.426563999999999943e+00 2.555258750915527344e+00
4.431772999999999740e+00 2.560433387756347656e+00
4.436924000000000312e+00 2.565608024597167969e+00
4.440587999999999980e+00 2.560433387756347656e+00
4.445199999999999818e+00 2.565608024597167969e+00
4.450426000000000215e+00 2.560433387756347656e+00
4.455549000000000426e+00 2.560433387756347656e+00
4.460805999999999827e+00 2.560433387756347656e+00
4.466003999999999863e+00 2.560433387756347656e+00
4.473004000000000424e+00 2.560433387756347656e+00
4.476696999999999704e+00 2.560433387756347656e+00
4.481378000000000306e+00 2.550084114074707031e+00
4.486544999999999561e+00 2.555258750915527344e+00
4.491799999999999571e+00 2.555258750915527344e+00
4.497035000000000338e+00 2.555258750915527344e+00
4.502212000000000103e+00 2.555258750915527344e+00
4.507441000000000031e+00 2.555258750915527344e+00
4.512705000000000410e+00 2.560433387756347656e+00
4.517894000000000077e+00 2.555258750915527344e+00
4.523145999999999667e+00 2.555258750915527344e+00
4.528362999999999694e+00 2.560433387756347656e+00
4.533609000000000222e+00 2.560433387756347656e+00
4.538821000000000438e+00 2.560433387756347656e+00
4.542555000000000121e+00 2.560433387756347656e+00
4.547240000000000393e+00 2.560433387756347656e+00
4.552482999999999613e+00 2.560433387756347656e+00
4.556155000000000399e+00 2.560433387756347656e+00
4.559134000000000242e+00 2.560433387756347656e+00
4.563909999999999911e+00 2.560433387756347656e+00
4.569126999999999938e+00 2.560433387756347656e+00
4.574372999999999578e+00 2.560433387756347656e+00
4.579666999999999710e+00 2.560433387756347656e+00
4.586584000000000216e+00 2.555258750915527344e+00
4.591950999999999894e+00 2.555258750915527344e+00
4.597233000000000125e+00 2.555258750915527344e+00
4.601611000000000118e+00 2.555258750915527344e+00
4.604738000000000220e+00 2.555258750915527344e+00
4.609484000000000137e+00 2.550084114074707031e+00
4.614756999999999998e+00 2.550084114074707031e+00
4.618460999999999927e+00 2.550084114074707031e+00
4.623289999999999900e+00 2.550084114074707031e+00
4.628567999999999572e+00 2.555258750915527344e+00
4.632336999999999705e+00 2.555258750915527344e+00
4.637024000000000257e+00 2.560433387756347656e+00
4.642299000000000397e+00 2.555258750915527344e+00
4.647597000000000200e+00 2.555258750915527344e+00
4.652900999999999954e+00 2.560433387756347656e+00
4.658140000000000391e+00 2.560433387756347656e+00
4.663489000000000217e+00 2.560433387756347656e+00
4.668760999999999939e+00 2.560433387756347656e+00
4.672539999999999694e+00 2.560433387756347656e+00
4.677232000000000056e+00 2.560433387756347656e+00
4.680984999999999729e+00 2.550084114074707031e+00
4.684120000000000061e+00 2.555258750915527344e+00
4.688817000000000235e+00 2.555258750915527344e+00
4.692549999999999777e+00 2.550084114074707031e+00
4.699787999999999855e+00 2.550084114074707031e+00
4.704956000000000138e+00 2.550084114074707031e+00
4.710274000000000072e+00 2.550084114074707031e+00
4.715535000000000032e+00 2.544909477233886719e+00
4.720871999999999957e+00 2.550084114074707031e+00
4.724598000000000297e+00 2.544909477233886719e+00
4.727735000000000021e+00 2.555258750915527344e+00
4.732493999999999978e+00 2.555258750915527344e+00
4.737791999999999781e+00 2.555258750915527344e+00
4.743168999999999969e+00 2.555258750915527344e+00
4.746933000000000291e+00 2.555258750915527344e+00
4.751752999999999894e+00 2.555258750915527344e+00
4.757035000000000124e+00 2.555258750915527344e+00
4.762367000000000239e+00 2.560433387756347656e+00
4.767674000000000412e+00 2.555258750915527344e+00
4.771380999999999872e+00 2.555258750915527344e+00
4.774524999999999686e+00 2.555258750915527344e+00
4.779296000000000433e+00 2.555258750915527344e+00
4.784637000000000029e+00 2.550084114074707031e+00
4.789975000000000094e+00 2.544909477233886719e+00
4.795307000000000208e+00 2.544909477233886719e+00
4.800666999999999796e+00 2.694972991943359375e+00
4.806071000000000204e+00 4.780333518981933594e+00
4.813447000000000031e+00 4.780333518981933594e+00
4.818632000000000026e+00 4.780333518981933594e+00
4.824066000000000187e+00 4.780333518981933594e+00
4.829405000000000392e+00 4.785508155822753906e+00
4.833147000000000304e+00 4.785508155822753906e+00
4.837918000000000163e+00 4.790682792663574219e+00
4.843342999999999954e+00 4.785508155822753906e+00
4.848719000000000001e+00 4.785508155822753906e+00
4.854142000000000401e+00 4.790682792663574219e+00
4.859473999999999627e+00 4.785508155822753906e+00
4.864883999999999986e+00 4.790682792663574219e+00
4.870220999999999911e+00 4.780333518981933594e+00
4.873955999999999733e+00 4.780333518981933594e+00
4.877100000000000435e+00 4.780333518981933594e+00
4.882016000000000133e+00 4.780333518981933594e+00
4.887354000000000198e+00 4.780333518981933594e+00
4.892712000000000394e+00 4.780333518981933594e+00
4.898117000000000054e+00 4.780333518981933594e+00
4.903538000000000174e+00 4.780333518981933594e+00
4.907300000000000217e+00 4.780333518981933594e+00
4.912143999999999622e+00 4.785508155822753906e+00
4.917612000000000094e+00 4.785508155822753906e+00
4.924716000000000093e+00 4.780333518981933594e+00
4.928493999999999708e+00 4.785508155822753906e+00
4.933432999999999957e+00 4.785508155822753906e+00
4.938814999999999955e+00 4.785508155822753906e+00
4.944265999999999828e+00 4.790682792663574219e+00
4.949662000000000006e+00 4.790682792663574219e+00
4.955162999999999762e+00 4.785508155822753906e+00
4.964606999999999992e+00 4.785508155822753906e+00
4.973670000000000258e+00 4.785508155822753906e+00
4.979073999999999778e+00 4.780333518981933594e+00
4.984047000000000338e+00 4.785508155822753906e+00
4.987798999999999872e+00 4.780333518981933594e+00
4.990948999999999636e+00 4.785508155822753906e+00
4.994239000000000317e+00 4.785508155822753906e+00
4.999125000000000263e+00 4.785508155822753906e+00
5.002978999999999843e+00 4.785508155822753906e+00
5.006122999999999656e+00 4.785508155822753906e+00
5.011115000000000208e+00 4.785508155822753906e+00
5.016619999999999635e+00 4.785508155822753906e+00
5.022059999999999746e+00 4.780333518981933594e+00
5.027541000000000260e+00 4.785508155822753906e+00
5.035490000000000244e+00 4.785508155822753906e+00
5.040828000000000308e+00 4.785508155822753906e+00
5.046289999999999942e+00 4.785508155822753906e+00
5.051806000000000019e+00 4.785508155822753906e+00
5.057271000000000072e+00 4.785508155822753906e+00
5.062753999999999976e+00 4.785508155822753906e+00
5.068224999999999980e+00 4.785508155822753906e+00
5.073775999999999620e+00 4.785508155822753906e+00
5.081501000000000268e+00 4.785508155822753906e+00
5.089019999999999655e+00 4.780333518981933594e+00
5.098424999999999763e+00 4.785508155822753906e+00
5.107452000000000325e+00 4.785508155822753906e+00
5.116026999999999880e+00 4.785508155822753906e+00
5.121662999999999855e+00 4.785508155822753906e+00
5.125353999999999743e+00 4.785508155822753906e+00
5.128643000000000285e+00 4.785508155822753906e+00
5.131948999999999650e+00 4.785508155822753906e+00
5.135250000000000092e+00 4.785508155822753906e+00
5.140162000000000120e+00 4.785508155822753906e+00
5.148054000000000130e+00 4.785508155822753906e+00
5.153548999999999936e+00 4.785508155822753906e+00
5.157313000000000258e+00 4.785508155822753906e+00
5.160618999999999623e+00 4.785508155822753906e+00
5.163903000000000354e+00 4.785508155822753906e+00
5.168849999999999945e+00 4.785508155822753906e+00
5.174431000000000225e+00 4.790682792663574219e+00
5.178238999999999592e+00 4.780333518981933594e+00
5.181540000000000035e+00 4.785508155822753906e+00
5.184839000000000198e+00 4.785508155822753906e+00
5.188136000000000081e+00 4.785508155822753906e+00
5.191434000000000104e+00 4.785508155822753906e+00
5.194722999999999757e+00 4.785508155822753906e+00
5.198025000000000340e+00 4.785508155822753906e+00
5.203050000000000175e+00 4.785508155822753906e+00
5.208548000000000400e+00 4.780333518981933594e+00
5.214129999999999932e+00 4.780333518981933594e+00
5.219726999999999784e+00 4.785508155822753906e+00
5.225132999999999583e+00 4.780333518981933594e+00
5.230710000000000193e+00 4.785508155822753906e+00
5.236248999999999931e+00 4.785508155822753906e+00
5.241844000000000392e+00 4.785508155822753906e+00
5.247373999999999761e+00 4.790682792663574219e+00
5.252901999999999738e+00 4.785508155822753906e+00
5.260951000000000377e+00 4.790682792663574219e+00
5.266358999999999568e+00 4.785508155822753906e+00
5.271936000000000178e+00 4.785508155822753906e+00
5.275778999999999996e+00 4.780333518981933594e+00
5.280808000000000391e+00 4.785508155822753906e+00
5.286337999999999759e+00 4.785508155822753906e+00
5.290110999999999564e+00 4.780333518981933594e+00
5.295213999999999643e+00 4.780333518981933594e+00
5.300806999999999825e+00 4.780333518981933594e+00
5.306346999999999703e+00 4.780333518981933594e+00
5.311938999999999744e+00 4.780333518981933594e+00
5.317473999999999812e+00 4.780333518981933594e+00
5.323082000000000313e+00 4.780333518981933594e+00
5.328634000000000093e+00 4.785508155822753906e+00
5.334243999999999986e+00 4.785508155822753906e+00
5.339771999999999963e+00 4.785508155822753906e+00
5.345317999999999792e+00 4.785508155822753906e+00
5.350932000000000244e+00 4.785508155822753906e+00
5.356472000000000122e+00 4.785508155822753906e+00
5.362080999999999875e+00 4.790682792663574219e+00
5.367645999999999695e+00 4.790682792663574219e+00
5.375707000000000235e+00 4.785508155822753906e+00
5.381223000000000312e+00 4.785508155822753906e+00
5.386791999999999803e+00 4.780333518981933594e+00
5.392392000000000074e+00 4.785508155822753906e+00
5.397979999999999556e+00 4.780333518981933594e+00
5.403636999999999802e+00 4.780333518981933594e+00
5.407528000000000112e+00 4.780333518981933594e+00
5.412557999999999758e+00 4.780333518981933594e+00
5.418163999999999980e+00 4.785508155822753906e+00
5.422159999999999869e+00 4.780333518981933594e+00
5.427233000000000196e+00 4.785508155822753906e+00
5.432884999999999742e+00 4.785508155822753906e+00
5.438483999999999874e+00 4.785508155822753906e+00
5.444187999999999583e+00 4.790682792663574219e+00
5.449792000000000414e+00 4.785508155822753906e+00
5.455378999999999756e+00 4.785508155822753906e+00
5.461025000000000240e+00 4.785508155822753906e+00
5.466612999999999722e+00 4.785508155822753906e+00
5.472202000000000233e+00 4.785508155822753906e+00
5.477795000000000414e+00 4.780333518981933594e+00
5.483602999999999561e+00 4.785508155822753906e+00
5.491192999999999991e+00 4.780333518981933594e+00
5.496758999999999951e+00 4.780333518981933594e+00
5.502380999999999744e+00 4.780333518981933594e+00
5.507990999999999637e+00 4.785508155822753906e+00
5.513715000000000366e+00 4.780333518981933594e+00
5.519327999999999790e+00 4.780333518981933594e+00
5.525036000000000058e+00 4.785508155822753906e+00
5.528942999999999941e+00 4.785508155822753906e+00
5.534051999999999971e+00 4.785508155822753906e+00
5.539700999999999986e+00 4.785508155822753906e+00
5.543579000000000256e+00 4.785508155822753906e+00
5.548668000000000156e+00 4.785508155822753906e+00
5.554370999999999725e+00 4.785508155822753906e+00
5.560000999999999749e+00 4.785508155822753906e+00
5.565618999999999872e+00 4.785508155822753906e+00
5.571322999999999581e+00 4.785508155822753906e+00
5.576979999999999826e+00 4.785508155822753906e+00
5.582595000000000418e+00 4.785508155822753906e+00
5.588236000000000203e+00 4.785508155822753906e+00
5.593952999999999953e+00 4.780333518981933594e+00
5.603506000000000320e+00 4.785508155822753906e+00
5.608945000000000292e+00 4.780333518981933594e+00
5.614679999999999893e+00 4.785508155822753906e+00
5.618482000000000198e+00 4.780333518981933594e+00
5.623724000000000167e+00 4.780333518981933594e+00
5.627523000000000053e+00 4.785508155822753906e+00
5.632624999999999993e+00 4.785508155822753906e+00
5.638265999999999778e+00 4.785508155822753906e+00
5.642305000000000348e+00 4.785508155822753906e+00
5.647441999999999851e+00 4.785508155822753906e+00
5.651342999999999783e+00 4.785508155822753906e+00
5.656449000000000282e+00 4.785508155822753906e+00
5.662189999999999834e+00 4.785508155822753906e+00
5.667851999999999890e+00 4.785508155822753906e+00
5.673579000000000150e+00 4.785508155822753906e+00
5.679241000000000206e+00 4.785508155822753906e+00
5.684969999999999857e+00 4.785508155822753906e+00
5.690695999999999977e+00 4.785508155822753906e+00
5.696349999999999802e+00 4.785508155822753906e+00
5.702079000000000342e+00 4.785508155822753906e+00
5.707754999999999690e+00 4.780333518981933594e+00
5.716033000000000364e+00 4.780333518981933594e+00
5.721707000000000320e+00 4.785508155822753906e+00
5.727421999999999791e+00 4.785508155822753906e+00
5.733124000000000109e+00 4.785508155822753906e+00
5.738824000000000147e+00 4.785508155822753906e+00
5.744552999999999798e+00 4.785508155822753906e+00
5.750237000000000265e+00 4.785508155822753906e+00
5.755950000000000344e+00 4.785508155822753906e+00
5.761702999999999797e+00 4.790682792663574219e+00
5.767408999999999786e+00 4.785508155822753906e+00
5.773118000000000194e+00 4.785508155822753906e+00
5.778788999999999731e+00 4.785508155822753906e+00
5.784553999999999974e+00 4.785508155822753906e+00
5.790259999999999962e+00 4.780333518981933594e+00
5.795936000000000199e+00 4.785508155822753906e+00
5.801741999999999955e+00 4.785508155822753906e+00
5.807466999999999935e+00 4.780333518981933594e+00
5.811353999999999687e+00 4.780333518981933594e+00
5.816540999999999961e+00 4.780333518981933594e+00
5.822357000000000227e+00 4.785508155822753906e+00
5.830802000000000263e+00 4.785508155822753906e+00
5.836573999999999707e+00 4.785508155822753906e+00
5.842324999999999768e+00 4.790682792663574219e+00
5.847954999999999792e+00 4.785508155822753906e+00
5.851645000000000429e+00 4.785508155822753906e+00
5.857393000000000072e+00 4.785508155822753906e+00
5.863128999999999813e+00 4.785508155822753906e+00
5.868890999999999636e+00 4.790682792663574219e+00
5.874711999999999712e+00 4.785508155822753906e+00
5.880487999999999715e+00 4.780333518981933594e+00
5.886218999999999646e+00 4.780333518981933594e+00
5.892046999999999812e+00 4.780333518981933594e+00
5.895986999999999867e+00 4.780333518981933594e+00
5.901263000000000147e+00 4.780333518981933594e+00
5.907014000000000209e+00 4.780333518981933594e+00
5.910935000000000272e+00 4.780333518981933594e+00
5.916140000000000398e+00 4.780333518981933594e+00
5.921946000000000154e+00 4.780333518981933594e+00
5.927671000000000134e+00 4.790682792663574219e+00
5.933653999999999762e+00 4.790682792663574219e+00
5.941086000000000311e+00 4.785508155822753906e+00
5.946875000000000355e+00 4.790682792663574219e+00
5.952668000000000070e+00 4.790682792663574219e+00
5.958446999999999605e+00 4.785508155822753906e+00
5.973277000000000392e+00 4.785508155822753906e+00
5.979461999999999833e+00 4.780333518981933594e+00
5.987265999999999977e+00 4.780333518981933594e+00
5.991277000000000186e+00 4.780333518981933594e+00
5.996496999999999744e+00 4.780333518981933594e+00
6.002282000000000117e+00 4.785508155822753906e+00
6.008062999999999931e+00 4.785508155822753906e+00
6.013888999999999818e+00 4.780333518981933594e+00
6.019655000000000200e+00 4.780333518981933594e+00
6.025459999999999816e+00 4.785508155822753906e+00
6.031407999999999880e+00 4.785508155822753906e+00
6.037079000000000306e+00 4.790682792663574219e+00
