1.369999999999999907e-03 2.539734840393066406e+00
4.823000000000000030e-03 2.544909477233886719e+00
8.295999999999999555e-03 2.539734840393066406e+00
1.159100000000000061e-02 2.539734840393066406e+00
1.488899999999999946e-02 2.544909477233886719e+00
1.818000000000000171e-02 2.539734840393066406e+00
2.146400000000000044e-02 2.539734840393066406e+00
3.401799999999999963e-02 2.539734840393066406e+00
3.754400000000000098e-02 2.539734840393066406e+00
4.086299999999999655e-02 2.544909477233886719e+00
4.418199999999999905e-02 2.550084114074707031e+00
4.760500000000000148e-02 2.555258750915527344e+00
5.090200000000000280e-02 2.550084114074707031e+00
5.464000000000000107e-02 2.550084114074707031e+00
5.811299999999999799e-02 2.550084114074707031e+00
6.140500000000000125e-02 2.550084114074707031e+00
6.471300000000000663e-02 2.555258750915527344e+00
6.800599999999999701e-02 2.550084114074707031e+00
7.130699999999999539e-02 2.550084114074707031e+00
7.459999999999999964e-02 2.555258750915527344e+00
7.789899999999999602e-02 2.550084114074707031e+00
8.121699999999999753e-02 2.550084114074707031e+00
8.449800000000000366e-02 2.550084114074707031e+00
8.782600000000000129e-02 2.550084114074707031e+00
9.098599999999999743e-02 2.550084114074707031e+00
9.426900000000000557e-02 2.544909477233886719e+00
9.755900000000000682e-02 2.544909477233886719e+00
1.011539999999999939e-01 2.539734840393066406e+00
1.044559999999999933e-01 2.539734840393066406e+00
1.076199999999999934e-01 2.544909477233886719e+00
1.109160000000000007e-01 2.539734840393066406e+00
1.141950000000000048e-01 2.544909477233886719e+00
1.174940000000000012e-01 2.539734840393066406e+00
1.207880000000000065e-01 2.544909477233886719e+00
1.241089999999999971e-01 2.544909477233886719e+00
1.273779999999999912e-01 2.544909477233886719e+00
1.306809999999999916e-01 2.550084114074707031e+00
1.339780000000000137e-01 2.550084114074707031e+00
1.372740000000000071e-01 2.544909477233886719e+00
1.405669999999999975e-01 2.550084114074707031e+00
1.439610000000000056e-01 2.550084114074707031e+00
1.563120000000000065e-01 2.555258750915527344e+00
1.599369999999999958e-01 2.550084114074707031e+00
1.632450000000000012e-01 2.550084114074707031e+00
1.784109999999999863e-01 2.544909477233886719e+00
1.854649999999999910e-01 2.550084114074707031e+00
1.887719999999999954e-01 2.550084114074707031e+00
1.921080000000000010e-01 2.544909477233886719e+00
1.956980000000000108e-01 2.544909477233886719e+00
1.989960000000000062e-01 2.544909477233886719e+00
2.023079999999999878e-01 2.539734840393066406e+00
2.058939999999999937e-01 2.544909477233886719e+00
2.091880000000000128e-01 2.544909477233886719e+00
2.124900000000000122e-01 2.544909477233886719e+00
2.160980000000000123e-01 2.544909477233886719e+00
2.193879999999999997e-01 2.544909477233886719e+00
2.229359999999999953e-01 2.544909477233886719e+00
2.263350000000000084e-01 2.544909477233886719e+00
2.295879999999999865e-01 2.544909477233886719e+00
2.329950000000000077e-01 2.544909477233886719e+00
2.361810000000000020e-01 2.544909477233886719e+00
2.419119999999999882e-01 2.550084114074707031e+00
2.453690000000000038e-01 2.550084114074707031e+00
2.486879999999999924e-01 2.555258750915527344e+00
2.519609999999999905e-01 2.550084114074707031e+00
2.554319999999999924e-01 2.550084114074707031e+00
2.587559999999999860e-01 2.550084114074707031e+00
2.620089999999999919e-01 2.550084114074707031e+00
2.746899999999999897e-01 2.550084114074707031e+00
2.782819999999999738e-01 2.550084114074707031e+00
2.815779999999999950e-01 2.550084114074707031e+00
2.848740000000000161e-01 2.550084114074707031e+00
2.881949999999999790e-01 2.550084114074707031e+00
2.914700000000000069e-01 2.544909477233886719e+00
2.947659999999999725e-01 2.544909477233886719e+00
2.980639999999999956e-01 2.550084114074707031e+00
3.013549999999999840e-01 2.544909477233886719e+00
3.046530000000000071e-01 2.544909477233886719e+00
3.081150000000000277e-01 2.544909477233886719e+00
3.114199999999999746e-01 2.550084114074707031e+00
3.147209999999999730e-01 2.550084114074707031e+00
3.180220000000000269e-01 2.544909477233886719e+00
3.212999999999999745e-01 2.544909477233886719e+00
3.245950000000000224e-01 2.550084114074707031e+00
3.278949999999999920e-01 2.544909477233886719e+00
3.311879999999999824e-01 2.550084114074707031e+00
3.344920000000000115e-01 2.544909477233886719e+00
3.377899999999999792e-01 2.544909477233886719e+00
3.410900000000000043e-01 2.550084114074707031e+00
3.443899999999999739e-01 2.550084114074707031e+00
3.476859999999999951e-01 2.555258750915527344e+00
3.509950000000000014e-01 2.550084114074707031e+00
3.542790000000000106e-01 2.550084114074707031e+00
3.575769999999999782e-01 2.550084114074707031e+00
3.609049999999999758e-01 2.550084114074707031e+00
3.641639999999999877e-01 2.550084114074707031e+00
3.674620000000000108e-01 2.550084114074707031e+00
3.709169999999999967e-01 2.550084114074707031e+00
3.742539999999999756e-01 2.550084114074707031e+00
3.774009999999999865e-01 2.550084114074707031e+00
3.814089999999999980e-01 2.555258750915527344e+00
3.935449999999999782e-01 2.550084114074707031e+00
3.969179999999999930e-01 2.544909477233886719e+00
4.002299999999999747e-01 2.544909477233886719e+00
4.036910000000000220e-01 2.544909477233886719e+00
4.075059999999999794e-01 2.550084114074707031e+00
4.110420000000000185e-01 2.544909477233886719e+00
4.144959999999999756e-01 2.550084114074707031e+00
4.177919999999999967e-01 2.544909477233886719e+00
4.210869999999999891e-01 2.544909477233886719e+00
4.243850000000000122e-01 2.544909477233886719e+00
4.277009999999999978e-01 2.539734840393066406e+00
4.309810000000000030e-01 2.544909477233886719e+00
4.342869999999999786e-01 2.539734840393066406e+00
4.375660000000000105e-01 2.544909477233886719e+00
4.408839999999999981e-01 2.544909477233886719e+00
4.441669999999999785e-01 2.544909477233886719e+00
4.474650000000000016e-01 2.550084114074707031e+00
4.507590000000000208e-01 2.550084114074707031e+00
4.540529999999999844e-01 2.550084114074707031e+00
4.573470000000000035e-01 2.550084114074707031e+00
4.606629999999999892e-01 2.550084114074707031e+00
4.640980000000000105e-01 2.555258750915527344e+00
4.673939999999999761e-01 2.550084114074707031e+00
4.705840000000000023e-01 2.550084114074707031e+00
4.738620000000000054e-01 2.555258750915527344e+00
4.773200000000000220e-01 2.550084114074707031e+00
4.806070000000000064e-01 2.555258750915527344e+00
4.839169999999999860e-01 2.550084114074707031e+00
4.872119999999999784e-01 2.555258750915527344e+00
4.906630000000000158e-01 2.550084114074707031e+00
4.941150000000000264e-01 2.544909477233886719e+00
4.974089999999999900e-01 2.550084114074707031e+00
5.007110000000000172e-01 2.550084114074707031e+00
5.124429999999999819e-01 2.544909477233886719e+00
5.163489999999999469e-01 2.539734840393066406e+00
5.200930000000000275e-01 2.539734840393066406e+00
5.233999999999999764e-01 2.544909477233886719e+00
5.266920000000000490e-01 2.544909477233886719e+00
5.299859999999999571e-01 2.544909477233886719e+00
5.332989999999999675e-01 2.539734840393066406e+00
5.365799999999999459e-01 2.539734840393066406e+00
5.398789999999999978e-01 2.544909477233886719e+00
5.431799999999999962e-01 2.544909477233886719e+00
5.464799999999999658e-01 2.550084114074707031e+00
5.497889999999999722e-01 2.550084114074707031e+00
5.530690000000000328e-01 2.550084114074707031e+00
5.563540000000000152e-01 2.555258750915527344e+00
5.596529999999999561e-01 2.550084114074707031e+00
5.630039999999999489e-01 2.555258750915527344e+00
5.662840000000000096e-01 2.555258750915527344e+00
5.695789999999999464e-01 2.555258750915527344e+00
5.728860000000000063e-01 2.555258750915527344e+00
5.761770000000000502e-01 2.550084114074707031e+00
5.794660000000000366e-01 2.555258750915527344e+00
5.827620000000000022e-01 2.550084114074707031e+00
5.860610000000000541e-01 2.550084114074707031e+00
5.893519999999999870e-01 2.555258750915527344e+00
5.926759999999999806e-01 2.544909477233886719e+00
5.961090000000000000e-01 2.544909477233886719e+00
5.994009999999999616e-01 2.544909477233886719e+00
6.027169999999999472e-01 2.544909477233886719e+00
6.060119999999999951e-01 2.544909477233886719e+00
6.093070000000000430e-01 2.539734840393066406e+00
6.125909999999999966e-01 2.539734840393066406e+00
6.158959999999999990e-01 2.539734840393066406e+00
6.191889999999999894e-01 2.544909477233886719e+00
6.224889999999999590e-01 2.544909477233886719e+00
6.334929999999999728e-01 2.544909477233886719e+00
6.376490000000000213e-01 2.544909477233886719e+00
6.412600000000000522e-01 2.550084114074707031e+00
6.447110000000000340e-01 2.550084114074707031e+00
6.483440000000000314e-01 2.550084114074707031e+00
6.516170000000000018e-01 2.555258750915527344e+00
6.549120000000000497e-01 2.555258750915527344e+00
6.582139999999999658e-01 2.550084114074707031e+00
6.613860000000000294e-01 2.550084114074707031e+00
6.646910000000000318e-01 2.555258750915527344e+00
6.679850000000000509e-01 2.550084114074707031e+00
6.712820000000000453e-01 2.555258750915527344e+00
6.745769999999999822e-01 2.555258750915527344e+00
6.778739999999999766e-01 2.550084114074707031e+00
6.811679999999999957e-01 2.550084114074707031e+00
6.844710000000000516e-01 2.550084114074707031e+00
6.877630000000000132e-01 2.550084114074707031e+00
6.910699999999999621e-01 2.544909477233886719e+00
6.943589999999999485e-01 2.539734840393066406e+00
6.976510000000000211e-01 2.544909477233886719e+00
7.011039999999999495e-01 2.544909477233886719e+00
7.044030000000000014e-01 2.544909477233886719e+00
7.091809999999999503e-01 2.544909477233886719e+00
7.185350000000000348e-01 2.544909477233886719e+00
7.220630000000000104e-01 2.544909477233886719e+00
7.255190000000000250e-01 2.544909477233886719e+00
7.499970000000000248e-01 2.550084114074707031e+00
7.712999999999999856e-01 2.550084114074707031e+00
7.856659999999999755e-01 2.544909477233886719e+00
7.892869999999999608e-01 2.550084114074707031e+00
7.926229999999999665e-01 2.544909477233886719e+00
7.960650000000000226e-01 2.544909477233886719e+00
7.995179999999999509e-01 2.544909477233886719e+00
8.028880000000000461e-01 2.544909477233886719e+00
8.062599999999999767e-01 2.544909477233886719e+00
8.095529999999999671e-01 2.544909477233886719e+00
8.129399999999999959e-01 2.544909477233886719e+00
8.163280000000000536e-01 2.550084114074707031e+00
8.197320000000000162e-01 2.544909477233886719e+00
8.230779999999999763e-01 2.550084114074707031e+00
8.264989999999999837e-01 2.544909477233886719e+00
8.297949999999999493e-01 2.544909477233886719e+00
8.331309999999999549e-01 2.550084114074707031e+00
8.364099999999999868e-01 2.544909477233886719e+00
8.397010000000000307e-01 2.544909477233886719e+00
8.430090000000000083e-01 2.544909477233886719e+00
8.462899999999999867e-01 2.550084114074707031e+00
8.496150000000000091e-01 2.550084114074707031e+00
8.527590000000000447e-01 2.550084114074707031e+00
8.562330000000000219e-01 2.550084114074707031e+00
8.595249999999999835e-01 2.550084114074707031e+00
8.628479999999999484e-01 2.550084114074707031e+00
8.662570000000000547e-01 2.550084114074707031e+00
8.697310000000000318e-01 2.550084114074707031e+00
8.730360000000000342e-01 2.550084114074707031e+00
8.764570000000000416e-01 2.550084114074707031e+00
8.797519999999999785e-01 2.550084114074707031e+00
8.830660000000000176e-01 2.555258750915527344e+00
8.865020000000000122e-01 2.550084114074707031e+00
8.898030000000000106e-01 2.550084114074707031e+00
8.931259999999999755e-01 2.544909477233886719e+00
8.965760000000000396e-01 2.550084114074707031e+00
9.083360000000000323e-01 2.544909477233886719e+00
9.120150000000000201e-01 2.550084114074707031e+00
9.154999999999999805e-01 2.550084114074707031e+00
9.187720000000000331e-01 2.544909477233886719e+00
9.220559999999999867e-01 2.550084114074707031e+00
9.253839999999999844e-01 2.544909477233886719e+00
9.286560000000000370e-01 2.544909477233886719e+00
9.321129999999999693e-01 2.544909477233886719e+00
9.354310000000000125e-01 2.539734840393066406e+00
9.387309999999999821e-01 2.544909477233886719e+00
9.420089999999999852e-01 2.544909477233886719e+00
9.454989999999999783e-01 2.550084114074707031e+00
9.487929999999999975e-01 2.550084114074707031e+00
9.520899999999999919e-01 2.550084114074707031e+00
9.554009999999999447e-01 2.550084114074707031e+00
9.586890000000000134e-01 2.550084114074707031e+00
9.619830000000000325e-01 2.550084114074707031e+00
9.654329999999999856e-01 2.555258750915527344e+00
9.685759999999999925e-01 2.550084114074707031e+00
9.718700000000000117e-01 2.555258750915527344e+00
9.751619999999999733e-01 2.550084114074707031e+00
9.784610000000000252e-01 2.555258750915527344e+00
9.817559999999999620e-01 2.555258750915527344e+00
9.850499999999999812e-01 2.550084114074707031e+00
9.881929999999999881e-01 2.555258750915527344e+00
9.914990000000000192e-01 2.550084114074707031e+00
9.947949999999999848e-01 2.544909477233886719e+00
9.981139999999999457e-01 2.550084114074707031e+00
1.002110000000000056e+00 2.544909477233886719e+00
1.006286999999999932e+00 2.544909477233886719e+00
1.010259999999999936e+00 2.544909477233886719e+00
1.014224000000000014e+00 2.544909477233886719e+00
1.018178999999999945e+00 2.539734840393066406e+00
1.030310999999999977e+00 2.544909477233886719e+00
1.036610000000000031e+00 2.539734840393066406e+00
1.040737999999999941e+00 2.544909477233886719e+00
1.044704999999999995e+00 2.550084114074707031e+00
1.048755000000000104e+00 2.550084114074707031e+00
1.052694999999999936e+00 2.550084114074707031e+00
1.056675999999999949e+00 2.555258750915527344e+00
1.060615000000000085e+00 2.550084114074707031e+00
1.064599000000000073e+00 2.555258750915527344e+00
1.068591999999999986e+00 2.550084114074707031e+00
1.072551999999999950e+00 2.555258750915527344e+00
1.076510999999999996e+00 2.550084114074707031e+00
1.080481999999999942e+00 2.550084114074707031e+00
1.084481000000000028e+00 2.550084114074707031e+00
1.088465999999999934e+00 2.550084114074707031e+00
1.092419000000000029e+00 2.550084114074707031e+00
1.096416000000000057e+00 2.544909477233886719e+00
1.100417999999999896e+00 2.544909477233886719e+00
1.104433999999999916e+00 2.544909477233886719e+00
1.108421000000000101e+00 2.544909477233886719e+00
1.112430000000000030e+00 2.539734840393066406e+00
1.116425000000000001e+00 2.544909477233886719e+00
1.120495999999999936e+00 2.539734840393066406e+00
1.124665999999999944e+00 2.544909477233886719e+00
1.128676999999999930e+00 2.539734840393066406e+00
1.133553999999999951e+00 2.544909477233886719e+00
1.138641999999999932e+00 2.544909477233886719e+00
1.142748000000000097e+00 2.544909477233886719e+00
1.155224000000000029e+00 2.550084114074707031e+00
1.160689000000000082e+00 2.550084114074707031e+00
1.165421999999999958e+00 2.555258750915527344e+00
1.186898999999999926e+00 2.550084114074707031e+00
1.194355000000000055e+00 2.539734840393066406e+00
1.198422000000000098e+00 2.544909477233886719e+00
1.202490999999999977e+00 2.539734840393066406e+00
1.206655000000000033e+00 2.544909477233886719e+00
1.210711000000000093e+00 2.539734840393066406e+00
1.219408000000000047e+00 2.544909477233886719e+00
1.223737000000000075e+00 2.550084114074707031e+00
1.227810999999999986e+00 2.544909477233886719e+00
1.231864000000000070e+00 2.550084114074707031e+00
1.235943000000000014e+00 2.544909477233886719e+00
1.239992999999999901e+00 2.544909477233886719e+00
1.244083999999999968e+00 2.550084114074707031e+00
1.248180000000000067e+00 2.555258750915527344e+00
1.251332000000000111e+00 2.550084114074707031e+00
1.255471000000000004e+00 2.555258750915527344e+00
1.259552999999999923e+00 2.555258750915527344e+00
1.263719999999999954e+00 2.550084114074707031e+00
1.276045000000000096e+00 2.550084114074707031e+00
1.282677000000000067e+00 2.550084114074707031e+00
1.286921999999999899e+00 2.544909477233886719e+00
1.291012000000000048e+00 2.550084114074707031e+00
1.295199999999999907e+00 2.544909477233886719e+00
1.299304000000000014e+00 2.544909477233886719e+00
1.303555000000000019e+00 2.539734840393066406e+00
1.307660000000000045e+00 2.550084114074707031e+00
1.311757999999999980e+00 2.544909477233886719e+00
1.315890000000000004e+00 2.550084114074707031e+00
1.320040000000000102e+00 2.544909477233886719e+00
1.324176000000000020e+00 2.550084114074707031e+00
1.328460999999999892e+00 2.544909477233886719e+00
1.332591000000000081e+00 2.550084114074707031e+00
1.336757999999999891e+00 2.550084114074707031e+00
1.340886000000000022e+00 2.550084114074707031e+00
1.345142999999999978e+00 2.550084114074707031e+00
1.349328000000000083e+00 2.550084114074707031e+00
1.353571999999999997e+00 2.550084114074707031e+00
1.357699999999999907e+00 2.555258750915527344e+00
1.361845999999999890e+00 2.550084114074707031e+00
1.365990000000000038e+00 2.550084114074707031e+00
1.370212999999999903e+00 2.550084114074707031e+00
1.374368000000000034e+00 2.550084114074707031e+00
1.379353999999999969e+00 2.550084114074707031e+00
1.383615000000000039e+00 2.550084114074707031e+00
1.387780000000000014e+00 2.550084114074707031e+00
1.400133999999999990e+00 2.550084114074707031e+00
1.405027999999999944e+00 2.544909477233886719e+00
1.409461999999999993e+00 2.550084114074707031e+00
1.413813999999999904e+00 2.544909477233886719e+00
1.417991000000000001e+00 2.544909477233886719e+00
1.422207999999999917e+00 2.544909477233886719e+00
1.426493000000000011e+00 2.550084114074707031e+00
1.430919999999999970e+00 2.544909477233886719e+00
1.435194999999999999e+00 2.539734840393066406e+00
1.439389999999999947e+00 2.544909477233886719e+00
1.443670000000000009e+00 2.550084114074707031e+00
1.447875999999999941e+00 2.550084114074707031e+00
1.452074000000000087e+00 2.550084114074707031e+00
1.456282000000000076e+00 2.550084114074707031e+00
1.460490999999999984e+00 2.550084114074707031e+00
1.464730000000000087e+00 2.550084114074707031e+00
1.468935000000000102e+00 2.550084114074707031e+00
1.473228999999999900e+00 2.550084114074707031e+00
1.477467000000000086e+00 2.550084114074707031e+00
1.481681000000000026e+00 2.555258750915527344e+00
1.485991999999999980e+00 2.550084114074707031e+00
1.490223999999999993e+00 2.555258750915527344e+00
1.494474999999999998e+00 2.550084114074707031e+00
1.498715000000000019e+00 2.550084114074707031e+00
1.503069999999999906e+00 2.544909477233886719e+00
1.507312999999999903e+00 2.550084114074707031e+00
1.511570999999999998e+00 2.544909477233886719e+00
1.523979999999999890e+00 2.544909477233886719e+00
1.530864000000000003e+00 2.544909477233886719e+00
1.535258999999999929e+00 2.539734840393066406e+00
1.539516000000000107e+00 2.544909477233886719e+00
1.543862999999999985e+00 2.550084114074707031e+00
1.548127000000000031e+00 2.550084114074707031e+00
1.552402000000000060e+00 2.550084114074707031e+00
1.556743999999999906e+00 2.555258750915527344e+00
1.561020999999999992e+00 2.550084114074707031e+00
1.565358999999999945e+00 2.555258750915527344e+00
1.569666999999999923e+00 2.550084114074707031e+00
1.573971000000000009e+00 2.555258750915527344e+00
1.578275000000000095e+00 2.550084114074707031e+00
1.582546999999999926e+00 2.555258750915527344e+00
1.586870000000000003e+00 2.550084114074707031e+00
1.591150999999999982e+00 2.550084114074707031e+00
1.595571999999999990e+00 2.544909477233886719e+00
1.599873000000000101e+00 2.544909477233886719e+00
1.604308000000000067e+00 2.539734840393066406e+00
1.608610000000000095e+00 2.544909477233886719e+00
1.613007999999999997e+00 2.539734840393066406e+00
1.617321999999999926e+00 2.544909477233886719e+00
1.621645999999999921e+00 2.544909477233886719e+00
1.626030000000000086e+00 2.544909477233886719e+00
1.630573999999999968e+00 2.544909477233886719e+00
1.635027999999999926e+00 2.539734840393066406e+00
1.647674000000000083e+00 2.550084114074707031e+00
1.653453999999999979e+00 2.550084114074707031e+00
1.657858000000000054e+00 2.555258750915527344e+00
1.662187000000000081e+00 2.550084114074707031e+00
1.666647999999999907e+00 2.550084114074707031e+00
1.671013999999999999e+00 2.550084114074707031e+00
1.675484999999999891e+00 2.555258750915527344e+00
1.679842000000000057e+00 2.550084114074707031e+00
1.683135000000000048e+00 2.550084114074707031e+00
1.687497999999999942e+00 2.550084114074707031e+00
1.691859000000000002e+00 2.550084114074707031e+00
1.696210999999999913e+00 2.544909477233886719e+00
1.700560999999999989e+00 2.544909477233886719e+00
1.705054999999999987e+00 2.544909477233886719e+00
1.709619000000000000e+00 2.544909477233886719e+00
1.717071999999999932e+00 2.544909477233886719e+00
1.724601999999999968e+00 2.544909477233886719e+00
1.728989000000000109e+00 2.544909477233886719e+00
1.733484000000000025e+00 2.550084114074707031e+00
1.737924000000000024e+00 2.544909477233886719e+00
1.742326000000000041e+00 2.550084114074707031e+00
1.763179000000000052e+00 2.555258750915527344e+00
1.779169999999999918e+00 2.550084114074707031e+00
1.799214000000000091e+00 2.550084114074707031e+00
1.817364999999999897e+00 2.550084114074707031e+00
1.822043000000000079e+00 2.550084114074707031e+00
1.826588000000000100e+00 2.544909477233886719e+00
1.830999000000000043e+00 2.544909477233886719e+00
1.835757000000000083e+00 2.544909477233886719e+00
1.840195000000000025e+00 2.550084114074707031e+00
1.844664999999999999e+00 2.550084114074707031e+00
1.849118999999999957e+00 2.555258750915527344e+00
1.853639999999999954e+00 2.550084114074707031e+00
1.858071999999999946e+00 2.550084114074707031e+00
1.862494000000000094e+00 2.550084114074707031e+00
1.867016999999999927e+00 2.550084114074707031e+00
1.871491999999999933e+00 2.550084114074707031e+00
1.876012999999999931e+00 2.550084114074707031e+00
1.880462000000000078e+00 2.550084114074707031e+00
1.884916000000000036e+00 2.550084114074707031e+00
1.889369999999999994e+00 2.550084114074707031e+00
1.893898999999999999e+00 2.544909477233886719e+00
1.898362000000000105e+00 2.550084114074707031e+00
1.902873000000000037e+00 2.544909477233886719e+00
1.907459999999999933e+00 2.544909477233886719e+00
1.911926000000000014e+00 2.544909477233886719e+00
1.916439999999999921e+00 2.544909477233886719e+00
1.920902000000000109e+00 2.544909477233886719e+00
1.925462000000000007e+00 2.550084114074707031e+00
1.938401000000000041e+00 2.544909477233886719e+00
1.944363000000000063e+00 2.550084114074707031e+00
1.948984999999999967e+00 2.550084114074707031e+00
1.953551000000000037e+00 2.550084114074707031e+00
1.958059999999999912e+00 2.550084114074707031e+00
1.962564999999999893e+00 2.550084114074707031e+00
1.967087000000000030e+00 2.550084114074707031e+00
1.971578999999999970e+00 2.550084114074707031e+00
1.976180999999999965e+00 2.555258750915527344e+00
1.980691999999999897e+00 2.555258750915527344e+00
1.985309999999999908e+00 2.550084114074707031e+00
1.989821000000000062e+00 2.555258750915527344e+00
1.994367999999999919e+00 2.544909477233886719e+00
1.998880999999999908e+00 2.550084114074707031e+00
2.003499999999999837e+00 2.544909477233886719e+00
2.008042000000000105e+00 2.550084114074707031e+00
2.012582000000000093e+00 2.550084114074707031e+00
2.017126999999999892e+00 2.550084114074707031e+00
2.021659000000000095e+00 2.544909477233886719e+00
2.026269999999999794e+00 2.544909477233886719e+00
2.030822999999999823e+00 2.544909477233886719e+00
2.035442000000000196e+00 2.544909477233886719e+00
2.039994999999999781e+00 2.544909477233886719e+00
2.044758999999999993e+00 2.544909477233886719e+00
2.049329999999999874e+00 2.550084114074707031e+00
2.053973000000000049e+00 2.550084114074707031e+00
2.066715999999999998e+00 2.555258750915527344e+00
2.072780999999999985e+00 2.555258750915527344e+00
2.077573999999999810e+00 2.550084114074707031e+00
2.082190000000000207e+00 2.555258750915527344e+00
2.086863000000000135e+00 2.550084114074707031e+00
2.091480999999999923e+00 2.555258750915527344e+00
2.096172000000000146e+00 2.550084114074707031e+00
2.100747000000000142e+00 2.544909477233886719e+00
2.105453999999999937e+00 2.544909477233886719e+00
2.110052000000000039e+00 2.544909477233886719e+00
2.114672999999999803e+00 2.544909477233886719e+00
2.119247000000000103e+00 2.544909477233886719e+00
2.123915999999999915e+00 2.544909477233886719e+00
2.128535999999999984e+00 2.539734840393066406e+00
2.133220000000000116e+00 2.544909477233886719e+00
2.137823000000000029e+00 2.539734840393066406e+00
2.142430000000000057e+00 2.550084114074707031e+00
2.147339000000000109e+00 2.555258750915527344e+00
2.151955000000000062e+00 2.555258750915527344e+00
2.156578000000000106e+00 2.555258750915527344e+00
2.161175000000000068e+00 2.550084114074707031e+00
2.165901999999999994e+00 2.555258750915527344e+00
2.170545000000000169e+00 2.550084114074707031e+00
2.174272999999999900e+00 2.555258750915527344e+00
2.192101000000000077e+00 2.555258750915527344e+00
2.200076000000000143e+00 2.544909477233886719e+00
2.216505999999999865e+00 2.544909477233886719e+00
2.226532000000000178e+00 2.544909477233886719e+00
2.231721999999999984e+00 2.550084114074707031e+00
2.236492000000000147e+00 2.544909477233886719e+00
2.241163999999999934e+00 2.555258750915527344e+00
2.245934000000000097e+00 2.550084114074707031e+00
2.250783000000000200e+00 2.555258750915527344e+00
2.255571000000000215e+00 2.555258750915527344e+00
2.260250000000000092e+00 2.550084114074707031e+00
2.264996000000000009e+00 2.555258750915527344e+00
2.269721999999999795e+00 2.550084114074707031e+00
2.274427999999999894e+00 2.550084114074707031e+00
2.279116999999999837e+00 2.550084114074707031e+00
2.283959999999999990e+00 2.550084114074707031e+00
2.288673000000000179e+00 2.550084114074707031e+00
2.293451999999999824e+00 2.544909477233886719e+00
2.298172000000000104e+00 2.550084114074707031e+00
2.302966000000000069e+00 2.544909477233886719e+00
2.307692999999999994e+00 2.544909477233886719e+00
2.312403000000000208e+00 2.544909477233886719e+00
2.317159999999999886e+00 2.550084114074707031e+00
2.321903999999999968e+00 2.550084114074707031e+00
2.326710999999999974e+00 2.550084114074707031e+00
2.340917999999999832e+00 2.550084114074707031e+00
2.345925999999999956e+00 2.550084114074707031e+00
2.350760999999999878e+00 2.555258750915527344e+00
2.355558999999999958e+00 2.555258750915527344e+00
2.360278000000000098e+00 2.550084114074707031e+00
2.365075000000000038e+00 2.550084114074707031e+00
2.369815000000000005e+00 2.550084114074707031e+00
2.374563000000000201e+00 2.550084114074707031e+00
2.380094000000000154e+00 2.550084114074707031e+00
2.384895999999999905e+00 2.550084114074707031e+00
2.389654999999999863e+00 2.550084114074707031e+00
2.393123000000000111e+00 2.544909477233886719e+00
2.397838999999999832e+00 2.550084114074707031e+00
2.402588999999999864e+00 2.544909477233886719e+00
2.407408000000000214e+00 2.550084114074707031e+00
2.411906000000000105e+00 2.544909477233886719e+00
2.415928000000000075e+00 2.550084114074707031e+00
2.419963999999999782e+00 2.550084114074707031e+00
2.423055999999999877e+00 2.550084114074707031e+00
2.426933000000000007e+00 2.544909477233886719e+00
2.430954999999999977e+00 2.550084114074707031e+00
2.435074999999999878e+00 2.550084114074707031e+00
2.439109999999999889e+00 2.544909477233886719e+00
2.443194000000000088e+00 2.550084114074707031e+00
2.447277999999999842e+00 2.555258750915527344e+00
2.457089999999999996e+00 2.550084114074707031e+00
2.462321999999999900e+00 2.544909477233886719e+00
2.466574000000000044e+00 2.550084114074707031e+00
2.469659000000000049e+00 2.550084114074707031e+00
2.472643999999999842e+00 2.555258750915527344e+00
2.475664000000000087e+00 2.550084114074707031e+00
2.478655999999999970e+00 2.555258750915527344e+00
2.481637000000000093e+00 2.560433387756347656e+00
2.485644999999999882e+00 2.555258750915527344e+00
2.489701999999999860e+00 2.555258750915527344e+00
2.493771999999999878e+00 2.550084114074707031e+00
2.496828999999999965e+00 2.550084114074707031e+00
2.500770999999999855e+00 2.550084114074707031e+00
2.504910999999999888e+00 2.550084114074707031e+00
2.508973999999999815e+00 2.550084114074707031e+00
2.513106000000000062e+00 2.544909477233886719e+00
2.517196999999999907e+00 2.550084114074707031e+00
2.521260999999999974e+00 2.544909477233886719e+00
2.525401000000000007e+00 2.544909477233886719e+00
2.529472999999999860e+00 2.544909477233886719e+00
2.533614000000000033e+00 2.544909477233886719e+00
2.537679999999999936e+00 2.544909477233886719e+00
2.541774999999999896e+00 2.550084114074707031e+00
2.545878000000000085e+00 2.550084114074707031e+00
2.549971999999999905e+00 2.550084114074707031e+00
2.554108999999999963e+00 2.550084114074707031e+00
2.558199000000000112e+00 2.555258750915527344e+00
2.562298999999999882e+00 2.555258750915527344e+00
2.566441000000000194e+00 2.555258750915527344e+00
2.574969999999999981e+00 2.550084114074707031e+00
2.580277000000000154e+00 2.555258750915527344e+00
2.584334000000000131e+00 2.550084114074707031e+00
2.588433000000000206e+00 2.555258750915527344e+00
2.592547999999999853e+00 2.550084114074707031e+00
2.595673999999999815e+00 2.550084114074707031e+00
2.599663000000000057e+00 2.550084114074707031e+00
2.603810000000000180e+00 2.550084114074707031e+00
2.607936000000000032e+00 2.544909477233886719e+00
2.612061999999999884e+00 2.539734840393066406e+00
2.616178999999999810e+00 2.544909477233886719e+00
2.620296999999999876e+00 2.539734840393066406e+00
2.624479000000000006e+00 2.550084114074707031e+00
2.628610000000000113e+00 2.544909477233886719e+00
2.632741000000000220e+00 2.544909477233886719e+00
2.635850000000000026e+00 2.544909477233886719e+00
2.639869000000000021e+00 2.544909477233886719e+00
2.643063000000000162e+00 2.550084114074707031e+00
2.646043000000000145e+00 2.550084114074707031e+00
2.650065999999999811e+00 2.555258750915527344e+00
2.654253000000000196e+00 2.555258750915527344e+00
2.658393999999999924e+00 2.555258750915527344e+00
2.662542999999999882e+00 2.555258750915527344e+00
2.666675999999999824e+00 2.560433387756347656e+00
2.670834999999999848e+00 2.550084114074707031e+00
2.674062000000000161e+00 2.555258750915527344e+00
2.677048000000000094e+00 2.555258750915527344e+00
2.681071000000000204e+00 2.555258750915527344e+00
2.689582000000000139e+00 2.555258750915527344e+00
2.694026000000000032e+00 2.544909477233886719e+00
2.698653000000000191e+00 2.544909477233886719e+00
2.702833000000000041e+00 2.544909477233886719e+00
2.707066000000000194e+00 2.550084114074707031e+00
2.713356999999999797e+00 2.550084114074707031e+00
2.719796000000000102e+00 2.544909477233886719e+00
2.740660999999999792e+00 2.550084114074707031e+00
2.750213000000000019e+00 2.550084114074707031e+00
2.764053999999999789e+00 2.555258750915527344e+00
2.768329000000000040e+00 2.555258750915527344e+00
2.772514000000000145e+00 2.550084114074707031e+00
2.776755999999999780e+00 2.550084114074707031e+00
2.780962000000000156e+00 2.555258750915527344e+00
2.785257000000000094e+00 2.550084114074707031e+00
2.789454999999999796e+00 2.555258750915527344e+00
2.793731000000000186e+00 2.544909477233886719e+00
2.797934000000000143e+00 2.544909477233886719e+00
2.806484999999999896e+00 2.544909477233886719e+00
2.810938000000000159e+00 2.539734840393066406e+00
2.815871000000000013e+00 2.550084114074707031e+00
2.820078000000000085e+00 2.544909477233886719e+00
2.824311999999999934e+00 2.550084114074707031e+00
2.828536000000000161e+00 2.544909477233886719e+00
2.832768999999999870e+00 2.550084114074707031e+00
2.836987000000000148e+00 2.550084114074707031e+00
2.841202000000000005e+00 2.550084114074707031e+00
2.845501000000000058e+00 2.550084114074707031e+00
2.849747999999999948e+00 2.555258750915527344e+00
2.853988000000000191e+00 2.555258750915527344e+00
2.858211999999999975e+00 2.550084114074707031e+00
2.862569999999999837e+00 2.550084114074707031e+00
2.866804999999999826e+00 2.550084114074707031e+00
2.871154999999999902e+00 2.550084114074707031e+00
2.875471999999999806e+00 2.550084114074707031e+00
2.879729999999999901e+00 2.550084114074707031e+00
2.884002000000000177e+00 2.550084114074707031e+00
2.888240999999999836e+00 2.555258750915527344e+00
2.892485000000000195e+00 2.550084114074707031e+00
2.896745999999999821e+00 2.544909477233886719e+00
2.901012000000000146e+00 2.544909477233886719e+00
2.905327000000000215e+00 2.550084114074707031e+00
2.909616000000000202e+00 2.550084114074707031e+00
2.913896999999999959e+00 2.550084114074707031e+00
2.922622000000000053e+00 2.550084114074707031e+00
2.929224000000000050e+00 2.544909477233886719e+00
2.933543999999999929e+00 2.550084114074707031e+00
2.937841999999999842e+00 2.550084114074707031e+00
2.942102000000000217e+00 2.550084114074707031e+00
2.945310999999999790e+00 2.550084114074707031e+00
2.949447999999999848e+00 2.555258750915527344e+00
2.952700999999999798e+00 2.550084114074707031e+00
2.956954999999999778e+00 2.550084114074707031e+00
2.961224000000000078e+00 2.550084114074707031e+00
2.965592000000000006e+00 2.555258750915527344e+00
2.969876999999999878e+00 2.550084114074707031e+00
2.974234000000000044e+00 2.555258750915527344e+00
2.978517000000000081e+00 2.550084114074707031e+00
2.982819000000000109e+00 2.555258750915527344e+00
2.987121999999999833e+00 2.550084114074707031e+00
2.991429000000000116e+00 2.555258750915527344e+00
2.995763000000000176e+00 2.544909477233886719e+00
3.000065000000000204e+00 2.550084114074707031e+00
3.004398000000000124e+00 2.550084114074707031e+00
3.007673000000000041e+00 2.544909477233886719e+00
3.011868000000000212e+00 2.544909477233886719e+00
3.016186999999999951e+00 2.550084114074707031e+00
3.020525999999999822e+00 2.550084114074707031e+00
3.024840000000000195e+00 2.550084114074707031e+00
3.029148999999999869e+00 2.544909477233886719e+00
3.033548000000000133e+00 2.544909477233886719e+00
3.044439000000000117e+00 2.550084114074707031e+00
3.048846999999999863e+00 2.550084114074707031e+00
3.052087000000000216e+00 2.550084114074707031e+00
3.056369000000000113e+00 2.550084114074707031e+00
3.060705000000000009e+00 2.550084114074707031e+00
3.065139999999999976e+00 2.555258750915527344e+00
3.069481999999999822e+00 2.550084114074707031e+00
3.073892999999999986e+00 2.555258750915527344e+00
3.078237000000000112e+00 2.550084114074707031e+00
3.082581999999999933e+00 2.560433387756347656e+00
3.086923000000000084e+00 2.555258750915527344e+00
3.091248999999999914e+00 2.555258750915527344e+00
3.095664999999999889e+00 2.544909477233886719e+00
3.100016000000000105e+00 2.550084114074707031e+00
3.103296999999999972e+00 2.550084114074707031e+00
3.107527999999999846e+00 2.550084114074707031e+00
3.111873000000000111e+00 2.544909477233886719e+00
3.116296000000000177e+00 2.550084114074707031e+00
3.121586999999999890e+00 2.544909477233886719e+00
3.126930000000000209e+00 2.544909477233886719e+00
3.132216999999999807e+00 2.544909477233886719e+00
3.137605999999999895e+00 2.544909477233886719e+00
3.142942999999999820e+00 2.550084114074707031e+00
3.148209000000000035e+00 2.550084114074707031e+00
3.153544000000000125e+00 2.555258750915527344e+00
3.167158999999999835e+00 2.555258750915527344e+00
3.174174999999999969e+00 2.555258750915527344e+00
3.179708999999999897e+00 2.555258750915527344e+00
3.193700999999999901e+00 2.555258750915527344e+00
3.204701000000000022e+00 2.544909477233886719e+00
3.214421999999999890e+00 2.544909477233886719e+00
3.220180000000000042e+00 2.544909477233886719e+00
3.225626000000000104e+00 2.544909477233886719e+00
3.231034999999999879e+00 2.544909477233886719e+00
3.236502000000000212e+00 2.544909477233886719e+00
3.241870000000000029e+00 2.550084114074707031e+00
3.247310999999999837e+00 2.550084114074707031e+00
3.252743000000000162e+00 2.555258750915527344e+00
3.258173999999999904e+00 2.555258750915527344e+00
3.265944000000000180e+00 2.555258750915527344e+00
3.271635999999999989e+00 2.555258750915527344e+00
3.277188000000000212e+00 2.550084114074707031e+00
3.290595000000000159e+00 2.555258750915527344e+00
3.299176999999999804e+00 2.544909477233886719e+00
3.304694000000000020e+00 2.544909477233886719e+00
3.310048000000000101e+00 2.544909477233886719e+00
3.315402999999999878e+00 2.544909477233886719e+00
3.320288000000000128e+00 2.550084114074707031e+00
3.324718999999999980e+00 2.550084114074707031e+00
3.329168000000000127e+00 2.550084114074707031e+00
3.332500000000000018e+00 2.544909477233886719e+00
3.336878000000000011e+00 2.544909477233886719e+00
3.341289999999999871e+00 2.555258750915527344e+00
3.345782999999999952e+00 2.550084114074707031e+00
3.349092000000000180e+00 2.555258750915527344e+00
3.353441999999999812e+00 2.555258750915527344e+00
3.357873999999999803e+00 2.555258750915527344e+00
3.362328999999999901e+00 2.550084114074707031e+00
3.365647000000000055e+00 2.555258750915527344e+00
3.369940000000000158e+00 2.555258750915527344e+00
3.374382000000000215e+00 2.555258750915527344e+00
3.377819000000000127e+00 2.550084114074707031e+00
3.382727000000000039e+00 2.555258750915527344e+00
3.387166999999999817e+00 2.550084114074707031e+00
3.390477000000000185e+00 2.555258750915527344e+00
3.394842999999999833e+00 2.544909477233886719e+00
3.399293000000000120e+00 2.544909477233886719e+00
3.403846000000000149e+00 2.544909477233886719e+00
3.412354999999999805e+00 2.544909477233886719e+00
3.417151000000000050e+00 2.544909477233886719e+00
3.422235000000000138e+00 2.550084114074707031e+00
3.426784000000000052e+00 2.544909477233886719e+00
3.430054999999999854e+00 2.550084114074707031e+00
3.434417999999999971e+00 2.550084114074707031e+00
3.438898000000000010e+00 2.550084114074707031e+00
3.443420999999999843e+00 2.550084114074707031e+00
3.447884999999999867e+00 2.550084114074707031e+00
3.452373999999999832e+00 2.550084114074707031e+00
3.455658000000000118e+00 2.550084114074707031e+00
3.460029000000000021e+00 2.550084114074707031e+00
3.464538000000000117e+00 2.550084114074707031e+00
3.469025999999999943e+00 2.555258750915527344e+00
3.473568000000000211e+00 2.550084114074707031e+00
3.476888999999999896e+00 2.550084114074707031e+00
3.481396999999999853e+00 2.550084114074707031e+00
3.485956999999999972e+00 2.550084114074707031e+00
3.490456000000000003e+00 2.555258750915527344e+00
3.494978999999999836e+00 2.550084114074707031e+00
3.498266999999999793e+00 2.550084114074707031e+00
3.502644000000000091e+00 2.544909477233886719e+00
3.507165999999999784e+00 2.550084114074707031e+00
3.510453000000000046e+00 2.544909477233886719e+00
3.514857000000000120e+00 2.550084114074707031e+00
3.519366000000000216e+00 2.544909477233886719e+00
3.523931999999999842e+00 2.550084114074707031e+00
3.534177999999999820e+00 2.544909477233886719e+00
3.539620999999999906e+00 2.544909477233886719e+00
3.544157999999999920e+00 2.544909477233886719e+00
3.548684999999999867e+00 2.550084114074707031e+00
3.553255000000000052e+00 2.550084114074707031e+00
3.557786999999999811e+00 2.550084114074707031e+00
3.562317000000000178e+00 2.550084114074707031e+00
3.566861999999999977e+00 2.555258750915527344e+00
3.571388999999999925e+00 2.550084114074707031e+00
3.575975999999999821e+00 2.555258750915527344e+00
3.580643999999999938e+00 2.555258750915527344e+00
3.585281000000000162e+00 2.555258750915527344e+00
3.589815999999999896e+00 2.555258750915527344e+00
3.594364000000000114e+00 2.550084114074707031e+00
3.598968000000000167e+00 2.550084114074707031e+00
3.603588999999999931e+00 2.544909477233886719e+00
3.608146000000000075e+00 2.550084114074707031e+00
3.612687999999999899e+00 2.544909477233886719e+00
3.616096000000000199e+00 2.544909477233886719e+00
3.620566999999999869e+00 2.544909477233886719e+00
3.625210000000000043e+00 2.544909477233886719e+00
3.629748000000000197e+00 2.544909477233886719e+00
3.634323000000000192e+00 2.544909477233886719e+00
3.637664000000000009e+00 2.544909477233886719e+00
3.642116999999999827e+00 2.544909477233886719e+00
3.651050999999999824e+00 2.550084114074707031e+00
3.655949999999999811e+00 2.555258750915527344e+00
3.661204999999999821e+00 2.555258750915527344e+00
3.665820000000000078e+00 2.555258750915527344e+00
3.670392999999999795e+00 2.550084114074707031e+00
3.675009000000000192e+00 2.555258750915527344e+00
3.679584999999999884e+00 2.555258750915527344e+00
3.684200999999999837e+00 2.555258750915527344e+00
3.688773999999999997e+00 2.555258750915527344e+00
3.693414999999999893e+00 2.550084114074707031e+00
3.698010000000000019e+00 2.550084114074707031e+00
3.702605999999999842e+00 2.544909477233886719e+00
3.707386000000000070e+00 2.544909477233886719e+00
3.716136000000000106e+00 2.544909477233886719e+00
3.720966000000000218e+00 2.550084114074707031e+00
3.740927000000000113e+00 2.544909477233886719e+00
3.752600000000000158e+00 2.550084114074707031e+00
3.766745999999999928e+00 2.555258750915527344e+00
3.780256000000000061e+00 2.555258750915527344e+00
3.785101000000000049e+00 2.550084114074707031e+00
3.788482999999999823e+00 2.550084114074707031e+00
3.793066000000000049e+00 2.550084114074707031e+00
3.796451999999999938e+00 2.544909477233886719e+00
3.800987999999999811e+00 2.544909477233886719e+00
3.805699000000000165e+00 2.550084114074707031e+00
3.809102000000000210e+00 2.544909477233886719e+00
3.813699999999999868e+00 2.544909477233886719e+00
3.817110000000000003e+00 2.544909477233886719e+00
3.821648999999999852e+00 2.544909477233886719e+00
3.826354999999999951e+00 2.550084114074707031e+00
3.830995999999999846e+00 2.550084114074707031e+00
3.835691000000000184e+00 2.544909477233886719e+00
3.839119999999999866e+00 2.550084114074707031e+00
3.843742000000000214e+00 2.555258750915527344e+00
3.848393000000000175e+00 2.555258750915527344e+00
3.853091000000000044e+00 2.555258750915527344e+00
3.856453000000000131e+00 2.560433387756347656e+00
3.861003000000000185e+00 2.550084114074707031e+00
3.865715999999999930e+00 2.555258750915527344e+00
3.870429999999999815e+00 2.550084114074707031e+00
3.875144999999999840e+00 2.555258750915527344e+00
3.879795000000000105e+00 2.550084114074707031e+00
3.884459000000000106e+00 2.555258750915527344e+00
3.889219000000000204e+00 2.555258750915527344e+00
3.899646999999999863e+00 2.544909477233886719e+00
3.905470999999999915e+00 2.544909477233886719e+00
3.910403000000000073e+00 2.550084114074707031e+00
3.915080000000000116e+00 2.550084114074707031e+00
3.919735999999999887e+00 2.550084114074707031e+00
3.924433000000000060e+00 2.550084114074707031e+00
3.927903000000000144e+00 2.544909477233886719e+00
3.932491000000000181e+00 2.550084114074707031e+00
3.937173000000000034e+00 2.544909477233886719e+00
3.941870999999999903e+00 2.550084114074707031e+00
3.945224000000000064e+00 2.550084114074707031e+00
3.949850000000000083e+00 2.555258750915527344e+00
3.954544999999999977e+00 2.550084114074707031e+00
3.959229999999999805e+00 2.550084114074707031e+00
3.962699999999999889e+00 2.550084114074707031e+00
3.967366000000000170e+00 2.550084114074707031e+00
3.972043000000000212e+00 2.555258750915527344e+00
3.975508000000000042e+00 2.555258750915527344e+00
3.980128999999999806e+00 2.550084114074707031e+00
3.984868000000000077e+00 2.550084114074707031e+00
3.988281999999999883e+00 2.555258750915527344e+00
3.993085000000000218e+00 2.550084114074707031e+00
3.997812000000000143e+00 2.550084114074707031e+00
4.002513000000000432e+00 2.544909477233886719e+00
4.007225000000000037e+00 2.550084114074707031e+00
4.011980999999999575e+00 2.544909477233886719e+00
4.020760000000000112e+00 2.550084114074707031e+00
4.030067999999999984e+00 2.550084114074707031e+00
4.036171000000000397e+00 2.544909477233886719e+00
4.042032999999999987e+00 2.550084114074707031e+00
4.048013000000000083e+00 2.550084114074707031e+00
4.053984999999999950e+00 2.550084114074707031e+00
4.059897999999999563e+00 2.550084114074707031e+00
4.065881000000000078e+00 2.550084114074707031e+00
4.071744999999999948e+00 2.550084114074707031e+00
4.077704999999999913e+00 2.550084114074707031e+00
4.083689999999999820e+00 2.555258750915527344e+00
4.090014000000000038e+00 2.550084114074707031e+00
4.096073999999999771e+00 2.550084114074707031e+00
4.101981999999999573e+00 2.550084114074707031e+00
4.107956999999999859e+00 2.544909477233886719e+00
4.113919000000000104e+00 2.550084114074707031e+00
4.119812999999999725e+00 2.544909477233886719e+00
4.125257000000000396e+00 2.550084114074707031e+00
4.130071000000000048e+00 2.544909477233886719e+00
4.139039999999999608e+00 2.544909477233886719e+00
4.144210000000000171e+00 2.550084114074707031e+00
4.149547000000000097e+00 2.555258750915527344e+00
4.154368999999999978e+00 2.550084114074707031e+00
4.159173000000000009e+00 2.555258750915527344e+00
4.162645999999999624e+00 2.555258750915527344e+00
4.166095000000000326e+00 2.555258750915527344e+00
4.170803000000000260e+00 2.550084114074707031e+00
4.175667999999999935e+00 2.555258750915527344e+00
4.180501999999999718e+00 2.555258750915527344e+00
4.185566999999999815e+00 2.555258750915527344e+00
4.201266000000000389e+00 2.550084114074707031e+00
4.208059000000000438e+00 2.544909477233886719e+00
4.214163000000000103e+00 2.544909477233886719e+00
4.218996999999999886e+00 2.544909477233886719e+00
4.222461000000000020e+00 2.550084114074707031e+00
4.228947999999999929e+00 2.544909477233886719e+00
4.234083000000000041e+00 2.544909477233886719e+00
4.238922999999999774e+00 2.544909477233886719e+00
4.243840999999999752e+00 2.550084114074707031e+00
4.248676999999999815e+00 2.555258750915527344e+00
4.259231999999999907e+00 2.555258750915527344e+00
4.265431999999999668e+00 2.555258750915527344e+00
4.268906999999999563e+00 2.555258750915527344e+00
4.273696000000000161e+00 2.555258750915527344e+00
4.278578000000000436e+00 2.555258750915527344e+00
4.283479999999999954e+00 2.555258750915527344e+00
4.288362000000000229e+00 2.550084114074707031e+00
4.291863000000000206e+00 2.550084114074707031e+00
4.296750000000000291e+00 2.544909477233886719e+00
4.301572000000000173e+00 2.544909477233886719e+00
4.306504999999999583e+00 2.550084114074707031e+00
4.311365999999999588e+00 2.544909477233886719e+00
4.316309999999999647e+00 2.544909477233886719e+00
4.321169000000000260e+00 2.544909477233886719e+00
4.326103999999999949e+00 2.544909477233886719e+00
4.330973000000000184e+00 2.550084114074707031e+00
4.335950000000000415e+00 2.544909477233886719e+00
4.340815000000000090e+00 2.550084114074707031e+00
4.345767000000000380e+00 2.555258750915527344e+00
4.350616999999999734e+00 2.555258750915527344e+00
4.355591000000000435e+00 2.555258750915527344e+00
4.360434999999999839e+00 2.555258750915527344e+00
4.365396999999999750e+00 2.555258750915527344e+00
4.370421999999999585e+00 2.555258750915527344e+00
4.379184999999999661e+00 2.555258750915527344e+00
4.385218000000000060e+00 2.550084114074707031e+00
4.390210999999999864e+00 2.555258750915527344e+00
4.395112000000000130e+00 2.544909477233886719e+00
4.400229999999999642e+00 2.544909477233886719e+00
4.405151000000000039e+00 2.544909477233886719e+00
4.410063000000000066e+00 2.550084114074707031e+00
4.415013000000000076e+00 2.550084114074707031e+00
4.419900000000000162e+00 2.544909477233886719e+00
4.424846999999999753e+00 2.550084114074707031e+00
4.429784999999999862e+00 2.550084114074707031e+00
4.434708999999999790e+00 2.555258750915527344e+00
4.439614999999999867e+00 2.550084114074707031e+00
4.444561000000000206e+00 2.550084114074707031e+00
4.448021999999999920e+00 2.555258750915527344e+00
4.451465999999999923e+00 2.555258750915527344e+00
4.456335000000000157e+00 2.555258750915527344e+00
4.459893000000000107e+00 2.550084114074707031e+00
4.464780000000000193e+00 2.550084114074707031e+00
4.469655000000000378e+00 2.550084114074707031e+00
4.474575999999999887e+00 2.555258750915527344e+00
4.479519999999999946e+00 2.550084114074707031e+00
4.484475999999999907e+00 2.550084114074707031e+00
4.489564999999999806e+00 2.555258750915527344e+00
4.498314999999999841e+00 2.544909477233886719e+00
4.505143000000000342e+00 2.550084114074707031e+00
4.510037999999999769e+00 2.550084114074707031e+00
4.515010000000000190e+00 2.550084114074707031e+00
4.520001999999999853e+00 2.550084114074707031e+00
4.524975999999999665e+00 2.550084114074707031e+00
4.529982999999999649e+00 2.544909477233886719e+00
4.534976000000000340e+00 2.550084114074707031e+00
4.539956000000000103e+00 2.544909477233886719e+00
4.543472000000000399e+00 2.550084114074707031e+00
4.548382000000000147e+00 2.550084114074707031e+00
4.553398999999999752e+00 2.550084114074707031e+00
4.558389000000000024e+00 2.555258750915527344e+00
4.563430999999999571e+00 2.555258750915527344e+00
4.568429000000000073e+00 2.550084114074707031e+00
4.573446999999999818e+00 2.555258750915527344e+00
4.578430000000000000e+00 2.555258750915527344e+00
4.583446000000000353e+00 2.555258750915527344e+00
4.588435999999999737e+00 2.555258750915527344e+00
4.593459000000000181e+00 2.550084114074707031e+00
4.598411999999999722e+00 2.550084114074707031e+00
4.603436000000000305e+00 2.550084114074707031e+00
4.612580999999999598e+00 2.550084114074707031e+00
4.618915999999999578e+00 2.544909477233886719e+00
4.623977000000000004e+00 2.544909477233886719e+00
4.628951999999999956e+00 2.544909477233886719e+00
4.634036000000000044e+00 2.544909477233886719e+00
4.639026000000000316e+00 2.544909477233886719e+00
4.644110999999999656e+00 2.550084114074707031e+00
4.649086999999999748e+00 2.555258750915527344e+00
4.654120999999999952e+00 2.550084114074707031e+00
4.659074999999999633e+00 2.550084114074707031e+00
4.664119000000000348e+00 2.555258750915527344e+00
4.667666999999999788e+00 2.555258750915527344e+00
4.672629999999999839e+00 2.555258750915527344e+00
4.677635000000000431e+00 2.555258750915527344e+00
4.681259999999999977e+00 2.555258750915527344e+00
4.686223000000000027e+00 2.550084114074707031e+00
4.691260999999999903e+00 2.555258750915527344e+00
4.696343999999999852e+00 2.544909477233886719e+00
4.701391000000000098e+00 2.550084114074707031e+00
4.706478999999999857e+00 2.550084114074707031e+00
4.710225000000000328e+00 2.544909477233886719e+00
4.715163000000000437e+00 2.544909477233886719e+00
4.722133000000000358e+00 2.544909477233886719e+00
4.729248000000000118e+00 2.544909477233886719e+00
4.738655999999999757e+00 2.544909477233886719e+00
4.745039000000000229e+00 2.550084114074707031e+00
4.750271999999999828e+00 2.555258750915527344e+00
4.759510999999999825e+00 2.555258750915527344e+00
4.777917000000000414e+00 2.555258750915527344e+00
4.787352000000000274e+00 2.550084114074707031e+00
4.799534000000000411e+00 2.544909477233886719e+00
4.805081999999999631e+00 2.544909477233886719e+00
4.810101999999999656e+00 2.544909477233886719e+00
4.815387000000000306e+00 2.544909477233886719e+00
4.820447999999999844e+00 2.544909477233886719e+00
4.824037999999999826e+00 2.544909477233886719e+00
4.829068999999999612e+00 2.544909477233886719e+00
4.834194000000000102e+00 2.550084114074707031e+00
4.839267999999999681e+00 2.550084114074707031e+00
4.844312999999999647e+00 2.550084114074707031e+00
4.849395999999999596e+00 2.555258750915527344e+00
4.854664999999999786e+00 2.555258750915527344e+00
4.863629000000000424e+00 2.555258750915527344e+00
4.869977999999999696e+00 2.555258750915527344e+00
4.875174000000000341e+00 2.555258750915527344e+00
4.880255000000000010e+00 2.550084114074707031e+00
4.885436000000000334e+00 2.550084114074707031e+00
4.890483999999999831e+00 2.550084114074707031e+00
4.895662999999999876e+00 2.544909477233886719e+00
4.900750999999999635e+00 2.544909477233886719e+00
4.905902000000000207e+00 2.544909477233886719e+00
4.910995999999999917e+00 2.544909477233886719e+00
4.916196000000000232e+00 2.544909477233886719e+00
4.921270999999999951e+00 2.550084114074707031e+00
4.926454999999999806e+00 2.550084114074707031e+00
4.931556999999999746e+00 2.550084114074707031e+00
4.936717999999999940e+00 2.544909477233886719e+00
4.941822000000000159e+00 2.550084114074707031e+00
4.946964000000000361e+00 2.550084114074707031e+00
4.952071000000000112e+00 2.550084114074707031e+00
4.957200000000000273e+00 2.555258750915527344e+00
4.962271999999999572e+00 2.550084114074707031e+00
4.967480000000000118e+00 2.550084114074707031e+00
4.972546999999999606e+00 2.550084114074707031e+00
4.977675999999999767e+00 2.550084114074707031e+00
4.989188000000000400e+00 2.550084114074707031e+00
4.994792000000000343e+00 2.544909477233886719e+00
4.999908999999999715e+00 2.544909477233886719e+00
5.005047000000000246e+00 2.550084114074707031e+00
5.008676999999999602e+00 2.550084114074707031e+00
5.013766999999999641e+00 2.550084114074707031e+00
5.019118999999999886e+00 2.544909477233886719e+00
5.022883000000000209e+00 2.550084114074707031e+00
5.026444999999999830e+00 2.550084114074707031e+00
5.031473000000000084e+00 2.550084114074707031e+00
5.036659000000000219e+00 2.544909477233886719e+00
5.041748000000000118e+00 2.550084114074707031e+00
5.045446000000000097e+00 2.550084114074707031e+00
5.049044999999999561e+00 2.550084114074707031e+00
5.054181999999999952e+00 2.550084114074707031e+00
5.059313000000000393e+00 2.550084114074707031e+00
5.064522000000000190e+00 2.555258750915527344e+00
5.069696999999999676e+00 2.550084114074707031e+00
5.074857999999999869e+00 2.550084114074707031e+00
5.078519000000000005e+00 2.550084114074707031e+00
5.083693000000000239e+00 2.555258750915527344e+00
5.088872000000000284e+00 2.550084114074707031e+00
5.094098999999999933e+00 2.550084114074707031e+00
5.099254000000000175e+00 2.550084114074707031e+00
5.108454000000000050e+00 2.544909477233886719e+00
5.114040000000000141e+00 2.550084114074707031e+00
5.119758000000000031e+00 2.544909477233886719e+00
5.124957000000000207e+00 2.550084114074707031e+00
5.130145999999999873e+00 2.544909477233886719e+00
5.135302000000000255e+00 2.544909477233886719e+00
5.140503999999999962e+00 2.544909477233886719e+00
5.145720999999999989e+00 2.550084114074707031e+00
5.150928000000000395e+00 2.555258750915527344e+00
5.156178999999999846e+00 2.550084114074707031e+00
5.159858999999999973e+00 2.550084114074707031e+00
5.164989000000000274e+00 2.555258750915527344e+00
5.170195999999999792e+00 2.550084114074707031e+00
5.175460000000000171e+00 2.555258750915527344e+00
5.180677000000000199e+00 2.555258750915527344e+00
5.185919000000000167e+00 2.550084114074707031e+00
5.197243000000000279e+00 2.555258750915527344e+00
5.207025999999999932e+00 2.550084114074707031e+00
5.212678000000000367e+00 2.544909477233886719e+00
5.219604000000000354e+00 2.544909477233886719e+00
5.228729999999999656e+00 2.544909477233886719e+00
5.236987000000000059e+00 2.544909477233886719e+00
5.242251000000000438e+00 2.550084114074707031e+00
5.247575000000000323e+00 2.550084114074707031e+00
5.252913999999999639e+00 2.555258750915527344e+00
5.258159000000000027e+00 2.565608024597167969e+00
5.263459000000000110e+00 2.607005119323730469e+00
5.268709999999999560e+00 4.024843215942382812e+00
5.274046000000000234e+00 4.790682792663574219e+00
5.279302000000000383e+00 4.790682792663574219e+00
5.284562000000000204e+00 4.795857429504394531e+00
5.288246000000000002e+00 4.790682792663574219e+00
5.291851999999999556e+00 4.785508155822753906e+00
5.297177999999999720e+00 4.785508155822753906e+00
5.300886000000000209e+00 4.785508155822753906e+00
5.306121000000000087e+00 4.780333518981933594e+00
5.311415000000000219e+00 4.785508155822753906e+00
5.316791000000000267e+00 4.785508155822753906e+00
5.322110999999999592e+00 4.785508155822753906e+00
5.327417999999999765e+00 4.785508155822753906e+00
5.332720000000000127e+00 4.785508155822753906e+00
5.338004999999999889e+00 4.785508155822753906e+00
5.347286999999999679e+00 4.790682792663574219e+00
5.353728000000000264e+00 4.790682792663574219e+00
5.358964000000000283e+00 4.790682792663574219e+00
5.364322999999999730e+00 4.790682792663574219e+00
5.369534999999999947e+00 4.790682792663574219e+00
5.374812000000000367e+00 4.790682792663574219e+00
5.380099999999999660e+00 4.790682792663574219e+00
5.383919999999999817e+00 4.785508155822753906e+00
5.389122999999999664e+00 4.795857429504394531e+00
5.394421999999999606e+00 4.785508155822753906e+00
5.399727999999999639e+00 4.785508155822753906e+00
5.405045999999999573e+00 4.785508155822753906e+00
5.410321999999999854e+00 4.785508155822753906e+00
5.415619999999999656e+00 4.785508155822753906e+00
5.420944000000000429e+00 4.785508155822753906e+00
5.426510999999999640e+00 4.790682792663574219e+00
5.431789000000000200e+00 4.785508155822753906e+00
5.437120000000000175e+00 4.785508155822753906e+00
5.442412000000000027e+00 4.795857429504394531e+00
5.447744000000000142e+00 4.795857429504394531e+00
5.451484999999999914e+00 4.790682792663574219e+00
5.456793000000000227e+00 4.790682792663574219e+00
5.462207000000000257e+00 4.785508155822753906e+00
5.471407000000000131e+00 4.790682792663574219e+00
5.478000999999999898e+00 4.790682792663574219e+00
5.483478999999999992e+00 4.790682792663574219e+00
5.488781999999999606e+00 4.790682792663574219e+00
5.492483000000000004e+00 4.785508155822753906e+00
5.497827000000000019e+00 4.785508155822753906e+00
5.503281999999999563e+00 4.785508155822753906e+00
5.508608999999999867e+00 4.790682792663574219e+00
5.513988000000000334e+00 4.785508155822753906e+00
5.519358000000000430e+00 4.785508155822753906e+00
5.524737000000000009e+00 4.785508155822753906e+00
5.530261999999999567e+00 4.785508155822753906e+00
5.534054000000000251e+00 4.785508155822753906e+00
5.539342000000000432e+00 4.785508155822753906e+00
5.543109000000000286e+00 4.790682792663574219e+00
5.548369000000000106e+00 4.790682792663574219e+00
5.553729999999999833e+00 4.790682792663574219e+00
5.559096000000000259e+00 4.790682792663574219e+00
