1.248999999999999893e-03 2.539734840393066406e+00
4.537000000000000234e-03 2.539734840393066406e+00
7.853999999999999870e-03 2.539734840393066406e+00
1.130399999999999981e-02 2.539734840393066406e+00
1.460499999999999993e-02 2.539734840393066406e+00
1.794600000000000015e-02 2.539734840393066406e+00
2.122500000000000081e-02 2.539734840393066406e+00
2.453999999999999931e-02 2.534560203552246094e+00
2.783800000000000163e-02 2.534560203552246094e+00
3.129699999999999843e-02 2.529385566711425781e+00
3.458200000000000163e-02 2.529385566711425781e+00
3.787999999999999701e-02 2.534560203552246094e+00
4.134199999999999681e-02 2.529385566711425781e+00
4.891199999999999715e-02 2.534560203552246094e+00
5.221800000000000053e-02 2.534560203552246094e+00
5.551500000000000185e-02 2.534560203552246094e+00
5.897399999999999864e-02 2.534560203552246094e+00
6.226399999999999990e-02 2.534560203552246094e+00
6.573400000000000076e-02 2.529385566711425781e+00
6.921900000000000275e-02 2.534560203552246094e+00
7.246700000000000363e-02 2.529385566711425781e+00
7.592000000000000137e-02 2.534560203552246094e+00
7.922300000000000175e-02 2.534560203552246094e+00
8.251300000000000301e-02 2.539734840393066406e+00
8.580999999999999739e-02 2.539734840393066406e+00
8.913600000000000689e-02 2.534560203552246094e+00
9.273699999999999999e-02 2.534560203552246094e+00
9.603699999999999737e-02 2.534560203552246094e+00
9.948200000000000098e-02 2.539734840393066406e+00
1.029280000000000056e-01 2.539734840393066406e+00
1.063810000000000033e-01 2.534560203552246094e+00
1.099819999999999964e-01 2.539734840393066406e+00
1.136349999999999999e-01 2.539734840393066406e+00
1.170699999999999935e-01 2.534560203552246094e+00
1.206669999999999965e-01 2.539734840393066406e+00
1.241219999999999962e-01 2.539734840393066406e+00
1.275759999999999950e-01 2.544909477233886719e+00
1.311789999999999901e-01 2.534560203552246094e+00
1.347839999999999872e-01 2.529385566711425781e+00
1.384019999999999972e-01 2.529385566711425781e+00
1.420019999999999893e-01 2.534560203552246094e+00
1.456020000000000092e-01 2.534560203552246094e+00
1.492080000000000073e-01 2.534560203552246094e+00
1.528420000000000056e-01 2.534560203552246094e+00
1.610250000000000015e-01 2.534560203552246094e+00
1.646259999999999946e-01 2.529385566711425781e+00
1.681529999999999969e-01 2.529385566711425781e+00
1.716860000000000053e-01 2.529385566711425781e+00
1.754330000000000056e-01 2.529385566711425781e+00
1.790430000000000077e-01 2.529385566711425781e+00
1.825080000000000036e-01 2.534560203552246094e+00
1.859290000000000109e-01 2.534560203552246094e+00
1.893690000000000095e-01 2.534560203552246094e+00
1.928130000000000122e-01 2.534560203552246094e+00
1.961019999999999985e-01 2.539734840393066406e+00
1.993939999999999879e-01 2.534560203552246094e+00
2.026949999999999863e-01 2.539734840393066406e+00
2.059870000000000034e-01 2.539734840393066406e+00
2.093299999999999883e-01 2.539734840393066406e+00
2.126159999999999994e-01 2.539734840393066406e+00
2.159129999999999938e-01 2.539734840393066406e+00
2.192040000000000100e-01 2.539734840393066406e+00
2.225070000000000103e-01 2.539734840393066406e+00
2.257850000000000135e-01 2.539734840393066406e+00
2.291060000000000041e-01 2.539734840393066406e+00
2.323909999999999865e-01 2.534560203552246094e+00
2.356900000000000106e-01 2.534560203552246094e+00
2.391510000000000025e-01 2.534560203552246094e+00
2.424389999999999878e-01 2.534560203552246094e+00
2.457449999999999912e-01 2.534560203552246094e+00
2.490390000000000104e-01 2.529385566711425781e+00
2.523340000000000027e-01 2.529385566711425781e+00
2.556289999999999951e-01 2.529385566711425781e+00
2.589389999999999747e-01 2.529385566711425781e+00
2.622249999999999859e-01 2.529385566711425781e+00
2.655390000000000250e-01 2.529385566711425781e+00
2.718189999999999773e-01 2.529385566711425781e+00
2.751629999999999909e-01 2.529385566711425781e+00
2.784869999999999846e-01 2.529385566711425781e+00
2.819280000000000119e-01 2.534560203552246094e+00
2.852230000000000043e-01 2.539734840393066406e+00
2.885340000000000127e-01 2.534560203552246094e+00
2.918189999999999951e-01 2.539734840393066406e+00
2.951179999999999914e-01 2.544909477233886719e+00
2.984129999999999838e-01 2.544909477233886719e+00
3.017059999999999742e-01 2.539734840393066406e+00
3.050399999999999778e-01 2.539734840393066406e+00
3.082199999999999940e-01 2.539734840393066406e+00
3.114850000000000119e-01 2.539734840393066406e+00
3.149330000000000185e-01 2.539734840393066406e+00
3.182300000000000129e-01 2.539734840393066406e+00
3.215250000000000052e-01 2.539734840393066406e+00
3.248159999999999936e-01 2.539734840393066406e+00
3.281769999999999965e-01 2.539734840393066406e+00
3.314420000000000144e-01 2.534560203552246094e+00
3.347209999999999908e-01 2.534560203552246094e+00
3.380619999999999736e-01 2.529385566711425781e+00
3.414550000000000085e-01 2.529385566711425781e+00
3.449079999999999924e-01 2.529385566711425781e+00
3.482120000000000215e-01 2.529385566711425781e+00
3.515039999999999831e-01 2.529385566711425781e+00
3.547919999999999963e-01 2.529385566711425781e+00
3.581059999999999799e-01 2.529385566711425781e+00
3.613859999999999850e-01 2.529385566711425781e+00
3.646909999999999874e-01 2.529385566711425781e+00
3.681579999999999853e-01 2.529385566711425781e+00
3.714370000000000172e-01 2.529385566711425781e+00
3.745609999999999773e-01 2.529385566711425781e+00
3.778719999999999857e-01 2.534560203552246094e+00
3.813790000000000235e-01 2.539734840393066406e+00
3.875299999999999856e-01 2.539734840393066406e+00
3.909889999999999755e-01 2.534560203552246094e+00
3.942820000000000213e-01 2.539734840393066406e+00
3.976060000000000150e-01 2.539734840393066406e+00
4.010670000000000068e-01 2.544909477233886719e+00
4.045070000000000054e-01 2.544909477233886719e+00
4.078039999999999998e-01 2.539734840393066406e+00
4.112540000000000084e-01 2.539734840393066406e+00
4.147069999999999923e-01 2.539734840393066406e+00
4.180499999999999772e-01 2.539734840393066406e+00
4.214589999999999725e-01 2.539734840393066406e+00
4.249020000000000019e-01 2.534560203552246094e+00
4.281940000000000190e-01 2.534560203552246094e+00
4.314899999999999847e-01 2.529385566711425781e+00
4.349430000000000240e-01 2.529385566711425781e+00
4.382539999999999769e-01 2.529385566711425781e+00
4.415399999999999880e-01 2.529385566711425781e+00
4.448329999999999784e-01 2.534560203552246094e+00
4.481439999999999868e-01 2.529385566711425781e+00
4.514299999999999979e-01 2.529385566711425781e+00
4.547309999999999963e-01 2.529385566711425781e+00
4.580850000000000199e-01 2.529385566711425781e+00
4.614770000000000261e-01 2.534560203552246094e+00
4.649360000000000159e-01 2.534560203552246094e+00
4.682370000000000143e-01 2.534560203552246094e+00
4.715260000000000007e-01 2.534560203552246094e+00
4.748109999999999831e-01 2.529385566711425781e+00
4.781440000000000135e-01 2.534560203552246094e+00
4.814180000000000126e-01 2.539734840393066406e+00
4.847150000000000070e-01 2.544909477233886719e+00
4.880579999999999918e-01 2.539734840393066406e+00
4.913120000000000265e-01 2.539734840393066406e+00
4.946949999999999958e-01 2.539734840393066406e+00
5.008460000000000134e-01 2.539734840393066406e+00
5.043020000000000280e-01 2.534560203552246094e+00
5.075920000000000432e-01 2.534560203552246094e+00
5.110519999999999508e-01 2.534560203552246094e+00
5.144910000000000316e-01 2.534560203552246094e+00
5.177829999999999933e-01 2.539734840393066406e+00
5.212309999999999999e-01 2.534560203552246094e+00
5.245349999999999735e-01 2.534560203552246094e+00
5.278329999999999966e-01 2.539734840393066406e+00
5.312930000000000152e-01 2.529385566711425781e+00
5.347349999999999604e-01 2.529385566711425781e+00
5.380850000000000355e-01 2.529385566711425781e+00
5.414820000000000189e-01 2.529385566711425781e+00
5.449380000000000335e-01 2.529385566711425781e+00
5.482629999999999448e-01 2.529385566711425781e+00
5.516900000000000137e-01 2.534560203552246094e+00
5.551329999999999876e-01 2.534560203552246094e+00
5.584360000000000435e-01 2.529385566711425781e+00
5.617320000000000091e-01 2.534560203552246094e+00
5.650239999999999707e-01 2.534560203552246094e+00
5.681979999999999809e-01 2.534560203552246094e+00
5.716660000000000075e-01 2.529385566711425781e+00
5.751960000000000406e-01 2.529385566711425781e+00
5.785299999999999887e-01 2.534560203552246094e+00
5.818069999999999631e-01 2.539734840393066406e+00
5.851119999999999655e-01 2.534560203552246094e+00
5.884489999999999998e-01 2.539734840393066406e+00
5.915820000000000523e-01 2.534560203552246094e+00
5.948780000000000179e-01 2.539734840393066406e+00
5.983410000000000117e-01 2.534560203552246094e+00
6.016310000000000269e-01 2.539734840393066406e+00
6.049529999999999630e-01 2.539734840393066406e+00
6.109809999999999963e-01 2.539734840393066406e+00
6.142760000000000442e-01 2.539734840393066406e+00
6.177310000000000301e-01 2.539734840393066406e+00
6.210240000000000204e-01 2.534560203552246094e+00
6.243269999999999653e-01 2.539734840393066406e+00
6.276220000000000132e-01 2.544909477233886719e+00
6.310810000000000031e-01 2.534560203552246094e+00
6.345319999999999849e-01 2.534560203552246094e+00
6.378260000000000041e-01 2.534560203552246094e+00
6.412710000000000354e-01 2.534560203552246094e+00
6.447220000000000173e-01 2.534560203552246094e+00
6.567629999999999857e-01 2.534560203552246094e+00
6.684999999999999831e-01 2.534560203552246094e+00
6.807260000000000533e-01 2.529385566711425781e+00
6.893259999999999943e-01 2.534560203552246094e+00
6.981159999999999588e-01 2.534560203552246094e+00
7.013930000000000442e-01 2.534560203552246094e+00
7.046890000000000098e-01 2.534560203552246094e+00
7.080950000000000299e-01 2.534560203552246094e+00
7.114859999999999518e-01 2.539734840393066406e+00
7.179820000000000091e-01 2.539734840393066406e+00
7.214469999999999494e-01 2.539734840393066406e+00
7.245770000000000266e-01 2.539734840393066406e+00
7.278679999999999595e-01 2.539734840393066406e+00
7.313370000000000148e-01 2.534560203552246094e+00
7.346260000000000012e-01 2.534560203552246094e+00
7.379310000000000036e-01 2.529385566711425781e+00
7.412300000000000555e-01 2.529385566711425781e+00
7.445209999999999884e-01 2.529385566711425781e+00
7.478240000000000443e-01 2.534560203552246094e+00
7.512720000000000509e-01 2.529385566711425781e+00
7.547169999999999712e-01 2.529385566711425781e+00
7.580679999999999641e-01 2.529385566711425781e+00
7.614710000000000090e-01 2.529385566711425781e+00
7.649200000000000443e-01 2.529385566711425781e+00
7.682200000000000140e-01 2.529385566711425781e+00
7.715090000000000003e-01 2.529385566711425781e+00
7.748099999999999987e-01 2.529385566711425781e+00
7.781820000000000404e-01 2.529385566711425781e+00
7.814520000000000355e-01 2.534560203552246094e+00
7.848829999999999973e-01 2.534560203552246094e+00
7.881850000000000245e-01 2.534560203552246094e+00
7.914750000000000396e-01 2.539734840393066406e+00
7.949300000000000255e-01 2.539734840393066406e+00
7.982339999999999991e-01 2.539734840393066406e+00
8.015280000000000182e-01 2.539734840393066406e+00
8.048239999999999839e-01 2.539734840393066406e+00
8.081340000000000190e-01 2.534560203552246094e+00
8.114219999999999766e-01 2.539734840393066406e+00
8.147210000000000285e-01 2.539734840393066406e+00
8.180730000000000501e-01 2.539734840393066406e+00
8.241110000000000380e-01 2.539734840393066406e+00
8.273519999999999763e-01 2.539734840393066406e+00
8.308229999999999782e-01 2.534560203552246094e+00
8.341119999999999646e-01 2.529385566711425781e+00
8.374070000000000125e-01 2.529385566711425781e+00
8.408560000000000478e-01 2.529385566711425781e+00
8.443129999999999802e-01 2.529385566711425781e+00
8.476000000000000201e-01 2.529385566711425781e+00
8.510619999999999852e-01 2.529385566711425781e+00
8.545070000000000165e-01 2.529385566711425781e+00
8.578010000000000357e-01 2.524210929870605469e+00
8.612499999999999600e-01 2.524210929870605469e+00
8.643929999999999669e-01 2.529385566711425781e+00
8.676909999999999901e-01 2.529385566711425781e+00
8.709949999999999637e-01 2.524210929870605469e+00
8.742849999999999788e-01 2.529385566711425781e+00
8.776119999999999477e-01 2.529385566711425781e+00
8.810660000000000158e-01 2.534560203552246094e+00
8.843490000000000517e-01 2.539734840393066406e+00
8.876659999999999551e-01 2.539734840393066406e+00
8.918690000000000229e-01 2.534560203552246094e+00
8.953269999999999840e-01 2.539734840393066406e+00
8.986309999999999576e-01 2.539734840393066406e+00
9.019220000000000015e-01 2.539734840393066406e+00
9.052160000000000206e-01 2.539734840393066406e+00
9.085320000000000062e-01 2.534560203552246094e+00
9.118169999999999886e-01 2.539734840393066406e+00
9.151129999999999542e-01 2.539734840393066406e+00
9.184229999999999894e-01 2.539734840393066406e+00
9.217090000000000005e-01 2.534560203552246094e+00
9.250009999999999621e-01 2.534560203552246094e+00
9.283109999999999973e-01 2.529385566711425781e+00
9.318859999999999921e-01 2.529385566711425781e+00
9.379560000000000120e-01 2.529385566711425781e+00
9.414059999999999651e-01 2.524210929870605469e+00
9.447029999999999594e-01 2.529385566711425781e+00
9.480499999999999483e-01 2.524210929870605469e+00
9.513009999999999522e-01 2.529385566711425781e+00
9.545900000000000496e-01 2.529385566711425781e+00
9.578870000000000440e-01 2.524210929870605469e+00
9.611870000000000136e-01 2.529385566711425781e+00
9.644770000000000287e-01 2.529385566711425781e+00
9.679309999999999858e-01 2.534560203552246094e+00
9.712279999999999802e-01 2.534560203552246094e+00
9.744049999999999656e-01 2.529385566711425781e+00
9.777059999999999640e-01 2.529385566711425781e+00
9.810079999999999911e-01 2.534560203552246094e+00
9.842800000000000438e-01 2.534560203552246094e+00
9.875899999999999679e-01 2.539734840393066406e+00
9.910480000000000400e-01 2.534560203552246094e+00
9.941830000000000389e-01 2.539734840393066406e+00
9.974840000000000373e-01 2.534560203552246094e+00
1.000933999999999990e+00 2.539734840393066406e+00
1.005997999999999948e+00 2.534560203552246094e+00
1.010162000000000004e+00 2.534560203552246094e+00
1.014237000000000055e+00 2.534560203552246094e+00
1.018385000000000096e+00 2.534560203552246094e+00
1.022447000000000106e+00 2.534560203552246094e+00
1.026523999999999992e+00 2.534560203552246094e+00
1.030658000000000074e+00 2.529385566711425781e+00
1.034737000000000018e+00 2.524210929870605469e+00
1.038921999999999901e+00 2.524210929870605469e+00
1.042988000000000026e+00 2.524210929870605469e+00
1.050621999999999945e+00 2.529385566711425781e+00
1.055131999999999959e+00 2.529385566711425781e+00
1.059244000000000074e+00 2.529385566711425781e+00
1.063320999999999961e+00 2.529385566711425781e+00
1.067403000000000102e+00 2.529385566711425781e+00
1.071579000000000059e+00 2.529385566711425781e+00
1.075693000000000010e+00 2.529385566711425781e+00
1.079803000000000068e+00 2.529385566711425781e+00
1.084017999999999926e+00 2.534560203552246094e+00
1.088197999999999999e+00 2.534560203552246094e+00
1.092298999999999909e+00 2.534560203552246094e+00
1.096405000000000074e+00 2.534560203552246094e+00
1.100629000000000079e+00 2.534560203552246094e+00
1.104754999999999932e+00 2.534560203552246094e+00
1.108983999999999970e+00 2.529385566711425781e+00
1.113088000000000077e+00 2.534560203552246094e+00
1.117213999999999929e+00 2.534560203552246094e+00
1.121391999999999944e+00 2.534560203552246094e+00
1.125545000000000018e+00 2.534560203552246094e+00
1.129694999999999894e+00 2.534560203552246094e+00
1.133823999999999943e+00 2.529385566711425781e+00
1.137958999999999943e+00 2.529385566711425781e+00
1.142122999999999999e+00 2.529385566711425781e+00
1.146263000000000032e+00 2.529385566711425781e+00
1.150487999999999955e+00 2.529385566711425781e+00
1.154640000000000111e+00 2.529385566711425781e+00
1.159022999999999914e+00 2.529385566711425781e+00
1.166544999999999943e+00 2.529385566711425781e+00
1.171175000000000077e+00 2.529385566711425781e+00
1.175346000000000002e+00 2.524210929870605469e+00
1.179567999999999950e+00 2.529385566711425781e+00
1.183743999999999907e+00 2.529385566711425781e+00
1.188355000000000050e+00 2.534560203552246094e+00
1.192579999999999973e+00 2.534560203552246094e+00
1.196700000000000097e+00 2.534560203552246094e+00
1.200986000000000109e+00 2.534560203552246094e+00
1.205168999999999935e+00 2.534560203552246094e+00
1.209381000000000039e+00 2.529385566711425781e+00
1.213554999999999939e+00 2.539734840393066406e+00
1.217735999999999930e+00 2.539734840393066406e+00
1.221967000000000025e+00 2.534560203552246094e+00
1.226174000000000097e+00 2.539734840393066406e+00
1.230448999999999904e+00 2.534560203552246094e+00
1.234690999999999983e+00 2.529385566711425781e+00
1.239050999999999902e+00 2.529385566711425781e+00
1.243292999999999981e+00 2.529385566711425781e+00
1.247498999999999914e+00 2.529385566711425781e+00
1.251756000000000091e+00 2.529385566711425781e+00
1.255962000000000023e+00 2.524210929870605469e+00
1.260262999999999911e+00 2.524210929870605469e+00
1.264480000000000048e+00 2.524210929870605469e+00
1.268785999999999969e+00 2.524210929870605469e+00
1.273022000000000098e+00 2.524210929870605469e+00
1.280995000000000106e+00 2.524210929870605469e+00
1.285646999999999984e+00 2.534560203552246094e+00
1.290384999999999893e+00 2.529385566711425781e+00
1.294637000000000038e+00 2.534560203552246094e+00
1.298985999999999974e+00 2.534560203552246094e+00
1.303234999999999921e+00 2.534560203552246094e+00
1.307480999999999893e+00 2.534560203552246094e+00
1.311862000000000084e+00 2.534560203552246094e+00
1.316148000000000096e+00 2.534560203552246094e+00
1.320481000000000016e+00 2.534560203552246094e+00
1.324745000000000061e+00 2.534560203552246094e+00
1.329123000000000054e+00 2.534560203552246094e+00
1.332343999999999973e+00 2.529385566711425781e+00
1.336621000000000059e+00 2.529385566711425781e+00
1.340972000000000053e+00 2.524210929870605469e+00
1.345247999999999999e+00 2.529385566711425781e+00
1.349604000000000026e+00 2.524210929870605469e+00
1.353901999999999939e+00 2.524210929870605469e+00
1.358265000000000056e+00 2.524210929870605469e+00
1.362586999999999993e+00 2.524210929870605469e+00
1.366880000000000095e+00 2.524210929870605469e+00
1.371243999999999907e+00 2.524210929870605469e+00
1.375547999999999993e+00 2.524210929870605469e+00
1.379868000000000094e+00 2.529385566711425781e+00
1.384181000000000106e+00 2.534560203552246094e+00
1.392217000000000038e+00 2.534560203552246094e+00
1.397148999999999974e+00 2.534560203552246094e+00
1.401553000000000049e+00 2.534560203552246094e+00
1.405910999999999911e+00 2.539734840393066406e+00
1.410320999999999936e+00 2.534560203552246094e+00
1.414652999999999938e+00 2.534560203552246094e+00
1.419087999999999905e+00 2.534560203552246094e+00
1.423421999999999965e+00 2.534560203552246094e+00
1.427753000000000050e+00 2.534560203552246094e+00
1.432163000000000075e+00 2.529385566711425781e+00
1.436504000000000003e+00 2.524210929870605469e+00
1.440922999999999954e+00 2.524210929870605469e+00
1.445278000000000063e+00 2.524210929870605469e+00
1.449648999999999965e+00 2.524210929870605469e+00
1.454002000000000017e+00 2.524210929870605469e+00
1.458464999999999900e+00 2.524210929870605469e+00
1.462828000000000017e+00 2.524210929870605469e+00
1.467198000000000002e+00 2.524210929870605469e+00
1.471567999999999987e+00 2.529385566711425781e+00
1.476083000000000034e+00 2.529385566711425781e+00
1.480550999999999950e+00 2.529385566711425781e+00
1.484912999999999927e+00 2.534560203552246094e+00
1.489319000000000059e+00 2.534560203552246094e+00
1.493780000000000108e+00 2.534560203552246094e+00
1.497770999999999963e+00 2.534560203552246094e+00
1.501668999999999921e+00 2.534560203552246094e+00
1.510358000000000089e+00 2.529385566711425781e+00
1.514180000000000081e+00 2.529385566711425781e+00
1.517932000000000059e+00 2.529385566711425781e+00
1.521730999999999945e+00 2.534560203552246094e+00
1.525497000000000103e+00 2.529385566711425781e+00
1.529282000000000030e+00 2.529385566711425781e+00
1.533069000000000015e+00 2.524210929870605469e+00
1.536836000000000091e+00 2.524210929870605469e+00
1.540688000000000057e+00 2.524210929870605469e+00
1.544475999999999960e+00 2.524210929870605469e+00
1.548299000000000092e+00 2.524210929870605469e+00
1.552068999999999921e+00 2.524210929870605469e+00
1.555846999999999980e+00 2.524210929870605469e+00
1.559668999999999972e+00 2.524210929870605469e+00
1.563453999999999899e+00 2.524210929870605469e+00
1.567253000000000007e+00 2.529385566711425781e+00
1.571031999999999984e+00 2.529385566711425781e+00
1.574835999999999903e+00 2.524210929870605469e+00
1.578699000000000074e+00 2.529385566711425781e+00
1.582499000000000100e+00 2.534560203552246094e+00
1.586286000000000085e+00 2.534560203552246094e+00
1.590209999999999901e+00 2.529385566711425781e+00
1.594070000000000098e+00 2.529385566711425781e+00
1.597928000000000015e+00 2.529385566711425781e+00
1.601730000000000098e+00 2.529385566711425781e+00
1.604687999999999892e+00 2.529385566711425781e+00
1.608446999999999960e+00 2.529385566711425781e+00
1.612255999999999911e+00 2.524210929870605469e+00
1.616163000000000016e+00 2.529385566711425781e+00
1.622206999999999955e+00 2.529385566711425781e+00
1.626271000000000022e+00 2.534560203552246094e+00
1.629223000000000088e+00 2.529385566711425781e+00
1.632975000000000065e+00 2.524210929870605469e+00
1.636811999999999934e+00 2.524210929870605469e+00
1.640668000000000015e+00 2.524210929870605469e+00
1.644506000000000023e+00 2.529385566711425781e+00
1.648408000000000095e+00 2.529385566711425781e+00
1.652857999999999938e+00 2.529385566711425781e+00
1.659408999999999912e+00 2.524210929870605469e+00
1.668230000000000102e+00 2.529385566711425781e+00
1.678223999999999938e+00 2.519036293029785156e+00
1.689343000000000039e+00 2.529385566711425781e+00
1.695421999999999985e+00 2.529385566711425781e+00
1.706218000000000012e+00 2.529385566711425781e+00
1.710285999999999973e+00 2.529385566711425781e+00
1.714134000000000047e+00 2.529385566711425781e+00
1.718080000000000052e+00 2.534560203552246094e+00
1.721910999999999969e+00 2.534560203552246094e+00
1.725911999999999891e+00 2.529385566711425781e+00
1.731935000000000002e+00 2.529385566711425781e+00
1.735873999999999917e+00 2.524210929870605469e+00
1.739776999999999907e+00 2.524210929870605469e+00
1.743856000000000073e+00 2.529385566711425781e+00
1.747727000000000031e+00 2.529385566711425781e+00
1.752693000000000056e+00 2.529385566711425781e+00
1.755732000000000070e+00 2.524210929870605469e+00
1.759511999999999965e+00 2.524210929870605469e+00
1.762472000000000039e+00 2.524210929870605469e+00
1.766245999999999983e+00 2.519036293029785156e+00
1.770221999999999962e+00 2.524210929870605469e+00
1.774089000000000027e+00 2.519036293029785156e+00
1.777965000000000018e+00 2.524210929870605469e+00
1.781841000000000008e+00 2.524210929870605469e+00
1.785697000000000090e+00 2.529385566711425781e+00
1.789595000000000047e+00 2.529385566711425781e+00
1.793471999999999955e+00 2.529385566711425781e+00
1.797358000000000011e+00 2.529385566711425781e+00
1.801274000000000042e+00 2.529385566711425781e+00
1.805150000000000032e+00 2.529385566711425781e+00
1.809042999999999957e+00 2.529385566711425781e+00
1.812071999999999905e+00 2.534560203552246094e+00
1.815865000000000062e+00 2.534560203552246094e+00
1.819774000000000003e+00 2.534560203552246094e+00
1.823669999999999902e+00 2.529385566711425781e+00
1.827571000000000057e+00 2.529385566711425781e+00
1.831503000000000103e+00 2.529385566711425781e+00
1.834492000000000012e+00 2.524210929870605469e+00
1.838346999999999953e+00 2.524210929870605469e+00
1.844559999999999977e+00 2.524210929870605469e+00
1.848873999999999906e+00 2.519036293029785156e+00
1.852875999999999967e+00 2.519036293029785156e+00
1.856829000000000063e+00 2.519036293029785156e+00
1.860935999999999924e+00 2.524210929870605469e+00
1.864997999999999934e+00 2.524210929870605469e+00
1.868975999999999971e+00 2.519036293029785156e+00
1.872783000000000087e+00 2.519036293029785156e+00
1.876706999999999903e+00 2.519036293029785156e+00
1.880673999999999957e+00 2.524210929870605469e+00
1.884630999999999945e+00 2.529385566711425781e+00
1.888608000000000064e+00 2.529385566711425781e+00
1.892644999999999911e+00 2.529385566711425781e+00
1.895742000000000038e+00 2.529385566711425781e+00
1.899694999999999911e+00 2.529385566711425781e+00
1.902938000000000018e+00 2.534560203552246094e+00
1.906843000000000066e+00 2.534560203552246094e+00
1.910878000000000076e+00 2.529385566711425781e+00
1.913901999999999992e+00 2.529385566711425781e+00
1.916916999999999982e+00 2.529385566711425781e+00
1.920924000000000076e+00 2.529385566711425781e+00
1.924921000000000104e+00 2.529385566711425781e+00
1.928924000000000083e+00 2.529385566711425781e+00
1.932919000000000054e+00 2.519036293029785156e+00
1.936909999999999910e+00 2.519036293029785156e+00
1.940954999999999986e+00 2.519036293029785156e+00
1.944941999999999949e+00 2.524210929870605469e+00
1.948966999999999894e+00 2.519036293029785156e+00
1.953035000000000077e+00 2.519036293029785156e+00
1.961646000000000001e+00 2.519036293029785156e+00
1.965640999999999972e+00 2.519036293029785156e+00
1.969602000000000075e+00 2.519036293029785156e+00
1.973606999999999889e+00 2.524210929870605469e+00
1.977562999999999960e+00 2.524210929870605469e+00
1.981541999999999915e+00 2.529385566711425781e+00
1.985532999999999992e+00 2.529385566711425781e+00
1.989568999999999921e+00 2.529385566711425781e+00
1.993584000000000023e+00 2.529385566711425781e+00
1.997570000000000068e+00 2.529385566711425781e+00
2.001618999999999815e+00 2.529385566711425781e+00
2.005996999999999808e+00 2.529385566711425781e+00
2.010082000000000146e+00 2.529385566711425781e+00
2.014098000000000166e+00 2.529385566711425781e+00
2.018164000000000069e+00 2.529385566711425781e+00
2.022203999999999890e+00 2.529385566711425781e+00
2.026216999999999935e+00 2.529385566711425781e+00
2.030317000000000149e+00 2.524210929870605469e+00
2.034337999999999980e+00 2.519036293029785156e+00
2.038441999999999865e+00 2.519036293029785156e+00
2.042473999999999901e+00 2.513861656188964844e+00
2.046510000000000051e+00 2.519036293029785156e+00
2.050605000000000011e+00 2.519036293029785156e+00
2.054650000000000087e+00 2.524210929870605469e+00
2.058809000000000111e+00 2.519036293029785156e+00
2.062800999999999885e+00 2.524210929870605469e+00
2.066924999999999901e+00 2.524210929870605469e+00
2.073533999999999988e+00 2.524210929870605469e+00
2.077602000000000171e+00 2.524210929870605469e+00
2.081674000000000024e+00 2.529385566711425781e+00
2.085741000000000067e+00 2.529385566711425781e+00
2.089806999999999970e+00 2.529385566711425781e+00
2.093857999999999997e+00 2.529385566711425781e+00
2.097913999999999835e+00 2.529385566711425781e+00
2.101984999999999992e+00 2.529385566711425781e+00
2.106082999999999927e+00 2.529385566711425781e+00
2.110222999999999960e+00 2.529385566711425781e+00
2.113294999999999924e+00 2.529385566711425781e+00
2.116280999999999857e+00 2.524210929870605469e+00
2.120343000000000089e+00 2.529385566711425781e+00
2.124401000000000206e+00 2.524210929870605469e+00
2.128522999999999943e+00 2.529385566711425781e+00
2.132601000000000191e+00 2.524210929870605469e+00
2.135714000000000112e+00 2.519036293029785156e+00
2.139720000000000066e+00 2.524210929870605469e+00
2.143806999999999796e+00 2.524210929870605469e+00
2.147880999999999929e+00 2.524210929870605469e+00
2.151972000000000218e+00 2.519036293029785156e+00
2.155110000000000081e+00 2.519036293029785156e+00
2.158109000000000055e+00 2.524210929870605469e+00
2.161083000000000087e+00 2.524210929870605469e+00
2.165055000000000174e+00 2.519036293029785156e+00
2.169172000000000100e+00 2.524210929870605469e+00
2.173245999999999789e+00 2.524210929870605469e+00
2.177462999999999926e+00 2.519036293029785156e+00
2.184133999999999798e+00 2.524210929870605469e+00
2.188296999999999937e+00 2.529385566711425781e+00
2.192416999999999838e+00 2.524210929870605469e+00
2.196544999999999970e+00 2.529385566711425781e+00
2.200810999999999851e+00 2.524210929870605469e+00
2.206077000000000066e+00 2.524210929870605469e+00
2.211085000000000189e+00 2.524210929870605469e+00
2.216048999999999936e+00 2.524210929870605469e+00
2.221052999999999944e+00 2.529385566711425781e+00
2.226020999999999805e+00 2.529385566711425781e+00
2.231078999999999812e+00 2.529385566711425781e+00
2.236044000000000143e+00 2.524210929870605469e+00
2.241070000000000118e+00 2.519036293029785156e+00
2.246049000000000184e+00 2.519036293029785156e+00
2.251059000000000143e+00 2.519036293029785156e+00
2.256022999999999890e+00 2.519036293029785156e+00
2.261042000000000218e+00 2.519036293029785156e+00
2.266005999999999965e+00 2.519036293029785156e+00
2.271028999999999964e+00 2.513861656188964844e+00
2.276003000000000220e+00 2.513861656188964844e+00
2.281016000000000155e+00 2.524210929870605469e+00
2.286010999999999793e+00 2.524210929870605469e+00
2.294668999999999848e+00 2.524210929870605469e+00
2.300120000000000164e+00 2.524210929870605469e+00
2.304635999999999907e+00 2.524210929870605469e+00
2.308984999999999843e+00 2.529385566711425781e+00
2.313251999999999864e+00 2.529385566711425781e+00
2.317486000000000157e+00 2.529385566711425781e+00
2.321899999999999853e+00 2.529385566711425781e+00
2.326087999999999933e+00 2.529385566711425781e+00
2.329391000000000211e+00 2.529385566711425781e+00
2.332523000000000124e+00 2.524210929870605469e+00
2.336800999999999906e+00 2.519036293029785156e+00
2.340965000000000185e+00 2.519036293029785156e+00
2.344100000000000072e+00 2.519036293029785156e+00
2.347402000000000211e+00 2.519036293029785156e+00
2.351817000000000046e+00 2.519036293029785156e+00
2.355992999999999782e+00 2.513861656188964844e+00
2.360431000000000168e+00 2.513861656188964844e+00
2.364596999999999838e+00 2.513861656188964844e+00
2.368991999999999987e+00 2.519036293029785156e+00
2.373171999999999837e+00 2.513861656188964844e+00
2.376301000000000219e+00 2.513861656188964844e+00
2.379610000000000003e+00 2.519036293029785156e+00
2.382897999999999961e+00 2.524210929870605469e+00
2.387182999999999833e+00 2.524210929870605469e+00
2.392282999999999937e+00 2.524210929870605469e+00
2.396472999999999853e+00 2.524210929870605469e+00
2.400741000000000014e+00 2.529385566711425781e+00
2.407138999999999918e+00 2.529385566711425781e+00
2.411834999999999951e+00 2.529385566711425781e+00
2.416037000000000212e+00 2.529385566711425781e+00
2.420297000000000143e+00 2.529385566711425781e+00
2.424503000000000075e+00 2.529385566711425781e+00
2.427693999999999797e+00 2.529385566711425781e+00
2.431846999999999870e+00 2.519036293029785156e+00
2.436064000000000007e+00 2.513861656188964844e+00
2.440361999999999920e+00 2.513861656188964844e+00
2.444586999999999843e+00 2.513861656188964844e+00
2.448862000000000094e+00 2.519036293029785156e+00
2.452084000000000152e+00 2.513861656188964844e+00
2.456169000000000047e+00 2.513861656188964844e+00
2.460463999999999984e+00 2.508687019348144531e+00
2.464669000000000221e+00 2.513861656188964844e+00
2.468945000000000167e+00 2.519036293029785156e+00
2.472102000000000022e+00 2.519036293029785156e+00
2.476215999999999973e+00 2.519036293029785156e+00
2.480506999999999795e+00 2.524210929870605469e+00
2.484725000000000072e+00 2.529385566711425781e+00
2.487894999999999968e+00 2.529385566711425781e+00
2.492071000000000147e+00 2.529385566711425781e+00
2.496293000000000095e+00 2.529385566711425781e+00
2.500586999999999893e+00 2.529385566711425781e+00
2.504828999999999972e+00 2.529385566711425781e+00
2.509109000000000034e+00 2.524210929870605469e+00
2.513440000000000119e+00 2.529385566711425781e+00
2.519893000000000161e+00 2.524210929870605469e+00
2.524312000000000111e+00 2.524210929870605469e+00
2.528627000000000180e+00 2.524210929870605469e+00
2.532881000000000160e+00 2.519036293029785156e+00
2.537138000000000115e+00 2.513861656188964844e+00
2.541373999999999800e+00 2.513861656188964844e+00
2.545640000000000125e+00 2.519036293029785156e+00
2.549908999999999981e+00 2.513861656188964844e+00
2.554151000000000060e+00 2.519036293029785156e+00
2.558456000000000063e+00 2.513861656188964844e+00
2.562727999999999895e+00 2.519036293029785156e+00
2.566987000000000130e+00 2.519036293029785156e+00
2.571282000000000068e+00 2.519036293029785156e+00
2.575546000000000113e+00 2.519036293029785156e+00
2.579832000000000125e+00 2.524210929870605469e+00
2.584096999999999866e+00 2.529385566711425781e+00
2.587326000000000015e+00 2.529385566711425781e+00
2.591556000000000193e+00 2.529385566711425781e+00
2.595835000000000115e+00 2.529385566711425781e+00
2.599089999999999900e+00 2.524210929870605469e+00
2.603264999999999940e+00 2.524210929870605469e+00
2.607552999999999788e+00 2.524210929870605469e+00
2.611922999999999995e+00 2.524210929870605469e+00
2.616207000000000171e+00 2.524210929870605469e+00
2.620566000000000173e+00 2.524210929870605469e+00
2.624859999999999971e+00 2.524210929870605469e+00
2.629208999999999907e+00 2.524210929870605469e+00
2.635531999999999986e+00 2.513861656188964844e+00
2.640019999999999811e+00 2.513861656188964844e+00
2.644315000000000193e+00 2.513861656188964844e+00
2.648661999999999850e+00 2.519036293029785156e+00
2.652975000000000083e+00 2.519036293029785156e+00
2.659803000000000139e+00 2.513861656188964844e+00
2.666824999999999779e+00 2.519036293029785156e+00
2.673983000000000221e+00 2.519036293029785156e+00
2.682017999999999791e+00 2.524210929870605469e+00
2.689286000000000065e+00 2.524210929870605469e+00
2.704091000000000022e+00 2.524210929870605469e+00
2.711203999999999947e+00 2.519036293029785156e+00
2.720063000000000120e+00 2.524210929870605469e+00
2.723346999999999962e+00 2.524210929870605469e+00
2.726488999999999940e+00 2.524210929870605469e+00
2.730808999999999820e+00 2.524210929870605469e+00
2.735161999999999871e+00 2.519036293029785156e+00
2.739505999999999997e+00 2.519036293029785156e+00
2.743853999999999793e+00 2.519036293029785156e+00
2.750500000000000167e+00 2.519036293029785156e+00
2.755040999999999851e+00 2.519036293029785156e+00
2.758303000000000171e+00 2.513861656188964844e+00
2.762573000000000167e+00 2.519036293029785156e+00
2.766939999999999955e+00 2.513861656188964844e+00
2.771361999999999881e+00 2.513861656188964844e+00
2.775703000000000031e+00 2.513861656188964844e+00
2.780069999999999819e+00 2.513861656188964844e+00
2.784424000000000010e+00 2.524210929870605469e+00
2.787694999999999812e+00 2.524210929870605469e+00
2.792164999999999786e+00 2.519036293029785156e+00
2.796527000000000207e+00 2.524210929870605469e+00
2.799881000000000064e+00 2.524210929870605469e+00
2.804135000000000044e+00 2.524210929870605469e+00
2.808568999999999871e+00 2.519036293029785156e+00
2.812933000000000128e+00 2.529385566711425781e+00
2.817353000000000218e+00 2.524210929870605469e+00
2.820959000000000216e+00 2.524210929870605469e+00
2.825385999999999953e+00 2.524210929870605469e+00
2.829874999999999918e+00 2.524210929870605469e+00
2.833305999999999880e+00 2.519036293029785156e+00
2.837854999999999794e+00 2.524210929870605469e+00
2.842449999999999921e+00 2.513861656188964844e+00
2.846716999999999942e+00 2.519036293029785156e+00
2.850176999999999961e+00 2.519036293029785156e+00
2.854744999999999866e+00 2.513861656188964844e+00
2.862372000000000138e+00 2.513861656188964844e+00
2.866633000000000209e+00 2.508687019348144531e+00
2.870089000000000112e+00 2.513861656188964844e+00
2.874667000000000083e+00 2.513861656188964844e+00
2.879023000000000110e+00 2.519036293029785156e+00
2.882308000000000092e+00 2.524210929870605469e+00
2.885752000000000095e+00 2.524210929870605469e+00
2.890181000000000111e+00 2.524210929870605469e+00
2.894636999999999905e+00 2.524210929870605469e+00
2.899189999999999934e+00 2.524210929870605469e+00
2.903626000000000040e+00 2.529385566711425781e+00
2.908126000000000211e+00 2.524210929870605469e+00
2.912577000000000194e+00 2.529385566711425781e+00
2.917031999999999847e+00 2.524210929870605469e+00
2.921572999999999976e+00 2.529385566711425781e+00
2.926029999999999909e+00 2.524210929870605469e+00
2.930546000000000095e+00 2.524210929870605469e+00
2.935013000000000094e+00 2.519036293029785156e+00
2.938343999999999845e+00 2.513861656188964844e+00
2.942703999999999986e+00 2.508687019348144531e+00
2.947156000000000109e+00 2.513861656188964844e+00
2.951602999999999977e+00 2.513861656188964844e+00
2.956119999999999859e+00 2.513861656188964844e+00
2.960650999999999922e+00 2.508687019348144531e+00
2.965139999999999887e+00 2.513861656188964844e+00
2.969647000000000148e+00 2.513861656188964844e+00
2.976389999999999869e+00 2.508687019348144531e+00
2.981126999999999860e+00 2.519036293029785156e+00
2.985589000000000048e+00 2.524210929870605469e+00
2.990082999999999824e+00 2.524210929870605469e+00
2.994553999999999938e+00 2.524210929870605469e+00
2.999087999999999976e+00 2.529385566711425781e+00
3.003575000000000106e+00 2.524210929870605469e+00
3.008678999999999881e+00 2.524210929870605469e+00
3.014135000000000009e+00 2.524210929870605469e+00
3.019709000000000199e+00 2.524210929870605469e+00
3.025250000000000217e+00 2.524210929870605469e+00
3.030790000000000095e+00 2.519036293029785156e+00
3.036239000000000132e+00 2.508687019348144531e+00
3.041783999999999821e+00 2.513861656188964844e+00
3.047222000000000097e+00 2.513861656188964844e+00
3.052738999999999869e+00 2.508687019348144531e+00
3.058244000000000185e+00 2.513861656188964844e+00
3.063724000000000114e+00 2.513861656188964844e+00
3.069249999999999812e+00 2.519036293029785156e+00
3.074753999999999987e+00 2.519036293029785156e+00
3.080246999999999957e+00 2.519036293029785156e+00
3.085831000000000213e+00 2.529385566711425781e+00
3.095092999999999872e+00 2.529385566711425781e+00
3.100880000000000081e+00 2.524210929870605469e+00
3.106498000000000204e+00 2.524210929870605469e+00
3.111193000000000097e+00 2.524210929870605469e+00
3.114526000000000128e+00 2.524210929870605469e+00
3.118965000000000209e+00 2.524210929870605469e+00
3.123517000000000099e+00 2.524210929870605469e+00
3.128108000000000111e+00 2.524210929870605469e+00
3.132620999999999878e+00 2.513861656188964844e+00
3.137153000000000080e+00 2.508687019348144531e+00
3.141674000000000078e+00 2.508687019348144531e+00
3.146192999999999795e+00 2.519036293029785156e+00
3.150758999999999865e+00 2.519036293029785156e+00
3.155275000000000052e+00 2.519036293029785156e+00
3.159820999999999991e+00 2.513861656188964844e+00
3.164327000000000112e+00 2.519036293029785156e+00
3.168915999999999844e+00 2.519036293029785156e+00
3.173478999999999939e+00 2.519036293029785156e+00
3.178075000000000205e+00 2.519036293029785156e+00
3.182612000000000219e+00 2.524210929870605469e+00
3.187171999999999894e+00 2.524210929870605469e+00
3.190519999999999801e+00 2.524210929870605469e+00
3.194965999999999973e+00 2.524210929870605469e+00
3.198345000000000216e+00 2.524210929870605469e+00
3.202840999999999827e+00 2.524210929870605469e+00
3.212164000000000019e+00 2.524210929870605469e+00
3.216747999999999941e+00 2.524210929870605469e+00
3.221388999999999836e+00 2.524210929870605469e+00
3.225961999999999996e+00 2.519036293029785156e+00
3.230609999999999982e+00 2.524210929870605469e+00
3.235186999999999813e+00 2.513861656188964844e+00
3.239774000000000154e+00 2.513861656188964844e+00
3.244340999999999919e+00 2.513861656188964844e+00
3.248984000000000094e+00 2.513861656188964844e+00
3.253572999999999826e+00 2.513861656188964844e+00
3.258214999999999861e+00 2.513861656188964844e+00
3.262805999999999873e+00 2.519036293029785156e+00
3.267393000000000214e+00 2.513861656188964844e+00
3.271986000000000061e+00 2.513861656188964844e+00
3.276562000000000197e+00 2.513861656188964844e+00
3.281247000000000025e+00 2.519036293029785156e+00
3.285830999999999946e+00 2.519036293029785156e+00
3.290493999999999808e+00 2.519036293029785156e+00
3.295077000000000034e+00 2.519036293029785156e+00
3.299682999999999922e+00 2.524210929870605469e+00
3.304269999999999818e+00 2.519036293029785156e+00
3.308930000000000149e+00 2.519036293029785156e+00
3.313574000000000019e+00 2.524210929870605469e+00
3.320380999999999805e+00 2.529385566711425781e+00
3.325190999999999786e+00 2.524210929870605469e+00
3.329899999999999860e+00 2.524210929870605469e+00
3.334487000000000201e+00 2.519036293029785156e+00
3.339170000000000194e+00 2.519036293029785156e+00
3.343811000000000089e+00 2.513861656188964844e+00
3.348520999999999859e+00 2.519036293029785156e+00
3.353155999999999803e+00 2.513861656188964844e+00
3.357793000000000028e+00 2.508687019348144531e+00
3.362435000000000063e+00 2.513861656188964844e+00
3.367068999999999868e+00 2.513861656188964844e+00
3.371696000000000026e+00 2.513861656188964844e+00
3.376323000000000185e+00 2.513861656188964844e+00
3.381037000000000070e+00 2.513861656188964844e+00
3.385676999999999826e+00 2.519036293029785156e+00
3.389108999999999927e+00 2.519036293029785156e+00
3.393660000000000121e+00 2.524210929870605469e+00
3.398344999999999949e+00 2.524210929870605469e+00
3.402975000000000083e+00 2.524210929870605469e+00
3.407601000000000102e+00 2.524210929870605469e+00
3.412262000000000128e+00 2.524210929870605469e+00
3.416894000000000098e+00 2.529385566711425781e+00
3.421607999999999983e+00 2.524210929870605469e+00
3.426251000000000158e+00 2.524210929870605469e+00
3.433269000000000126e+00 2.519036293029785156e+00
3.438343000000000149e+00 2.513861656188964844e+00
3.443001000000000200e+00 2.508687019348144531e+00
3.447652999999999857e+00 2.513861656188964844e+00
3.452303999999999817e+00 2.513861656188964844e+00
3.456949999999999967e+00 2.513861656188964844e+00
3.461685000000000123e+00 2.508687019348144531e+00
3.466339000000000059e+00 2.513861656188964844e+00
3.471042000000000183e+00 2.513861656188964844e+00
3.475690999999999864e+00 2.508687019348144531e+00
3.480449999999999822e+00 2.519036293029785156e+00
3.485113999999999823e+00 2.524210929870605469e+00
3.488560999999999801e+00 2.524210929870605469e+00
3.493122000000000060e+00 2.524210929870605469e+00
3.497799000000000103e+00 2.524210929870605469e+00
3.502476999999999840e+00 2.524210929870605469e+00
3.507184000000000079e+00 2.524210929870605469e+00
3.511858999999999842e+00 2.524210929870605469e+00
3.516557000000000155e+00 2.524210929870605469e+00
3.521291999999999867e+00 2.524210929870605469e+00
3.524741999999999820e+00 2.519036293029785156e+00
3.529342000000000201e+00 2.519036293029785156e+00
3.534044000000000185e+00 2.513861656188964844e+00
3.538841999999999821e+00 2.508687019348144531e+00
3.543867000000000100e+00 2.508687019348144531e+00
3.552801999999999794e+00 2.513861656188964844e+00
3.557519000000000098e+00 2.508687019348144531e+00
3.562254999999999949e+00 2.513861656188964844e+00
3.565698999999999952e+00 2.508687019348144531e+00
3.570317999999999881e+00 2.513861656188964844e+00
3.575018000000000029e+00 2.513861656188964844e+00
3.579731999999999914e+00 2.519036293029785156e+00
3.584432000000000063e+00 2.524210929870605469e+00
3.589208000000000176e+00 2.524210929870605469e+00
3.593919000000000086e+00 2.524210929870605469e+00
3.598713000000000051e+00 2.529385566711425781e+00
3.603432999999999886e+00 2.524210929870605469e+00
3.608207999999999860e+00 2.519036293029785156e+00
3.612934000000000090e+00 2.524210929870605469e+00
3.617647999999999975e+00 2.519036293029785156e+00
3.622411000000000048e+00 2.519036293029785156e+00
3.627178999999999931e+00 2.519036293029785156e+00
3.631914999999999782e+00 2.513861656188964844e+00
3.636746000000000034e+00 2.513861656188964844e+00
3.641701999999999995e+00 2.508687019348144531e+00
3.646447999999999912e+00 2.513861656188964844e+00
3.651241000000000181e+00 2.519036293029785156e+00
3.654706000000000010e+00 2.513861656188964844e+00
3.659532000000000007e+00 2.513861656188964844e+00
3.670386999999999844e+00 2.513861656188964844e+00
3.678862000000000076e+00 2.513861656188964844e+00
3.687936000000000103e+00 2.524210929870605469e+00
3.694462999999999830e+00 2.519036293029785156e+00
3.705747000000000124e+00 2.519036293029785156e+00
3.713080999999999854e+00 2.519036293029785156e+00
3.723993000000000109e+00 2.519036293029785156e+00
3.730132999999999921e+00 2.519036293029785156e+00
3.734888999999999903e+00 2.513861656188964844e+00
3.739735000000000031e+00 2.513861656188964844e+00
3.744476000000000138e+00 2.513861656188964844e+00
3.749328999999999912e+00 2.513861656188964844e+00
3.754084999999999894e+00 2.513861656188964844e+00
3.758951999999999849e+00 2.513861656188964844e+00
3.763722000000000012e+00 2.519036293029785156e+00
3.768565000000000165e+00 2.513861656188964844e+00
3.775628999999999902e+00 2.508687019348144531e+00
3.780714999999999826e+00 2.519036293029785156e+00
3.785483000000000153e+00 2.519036293029785156e+00
3.790281999999999929e+00 2.519036293029785156e+00
3.795053999999999927e+00 2.519036293029785156e+00
3.799862000000000073e+00 2.519036293029785156e+00
3.804641999999999857e+00 2.519036293029785156e+00
3.809447000000000028e+00 2.519036293029785156e+00
3.814830999999999861e+00 2.519036293029785156e+00
3.820768000000000164e+00 2.524210929870605469e+00
3.826674000000000131e+00 2.524210929870605469e+00
3.832666999999999824e+00 2.519036293029785156e+00
3.838675999999999977e+00 2.513861656188964844e+00
3.844771000000000161e+00 2.513861656188964844e+00
3.850684000000000218e+00 2.513861656188964844e+00
3.856596000000000135e+00 2.513861656188964844e+00
3.862585999999999853e+00 2.513861656188964844e+00
3.868586000000000080e+00 2.508687019348144531e+00
3.874506999999999923e+00 2.508687019348144531e+00
3.880449000000000037e+00 2.513861656188964844e+00
3.890060000000000073e+00 2.519036293029785156e+00
3.897100000000000009e+00 2.519036293029785156e+00
3.903178000000000036e+00 2.524210929870605469e+00
3.909263000000000154e+00 2.524210929870605469e+00
3.914880999999999833e+00 2.524210929870605469e+00
3.919750000000000068e+00 2.524210929870605469e+00
3.924577000000000204e+00 2.524210929870605469e+00
3.929464999999999986e+00 2.524210929870605469e+00
3.934261999999999926e+00 2.513861656188964844e+00
3.939194000000000084e+00 2.513861656188964844e+00
3.944059000000000204e+00 2.508687019348144531e+00
3.948945000000000149e+00 2.513861656188964844e+00
3.953777999999999793e+00 2.508687019348144531e+00
3.957310999999999801e+00 2.508687019348144531e+00
3.962108000000000185e+00 2.508687019348144531e+00
3.966950000000000198e+00 2.508687019348144531e+00
3.971830000000000194e+00 2.513861656188964844e+00
3.976679999999999993e+00 2.508687019348144531e+00
3.981574000000000169e+00 2.519036293029785156e+00
3.986419000000000157e+00 2.524210929870605469e+00
3.991328000000000209e+00 2.519036293029785156e+00
3.996204999999999785e+00 2.524210929870605469e+00
4.001178000000000345e+00 2.524210929870605469e+00
4.008231999999999573e+00 2.524210929870605469e+00
4.013328999999999702e+00 2.524210929870605469e+00
4.018297999999999703e+00 2.524210929870605469e+00
4.023189000000000348e+00 2.524210929870605469e+00
4.028101000000000376e+00 2.519036293029785156e+00
4.032975000000000421e+00 2.508687019348144531e+00
4.037867000000000317e+00 2.508687019348144531e+00
4.042746000000000173e+00 2.508687019348144531e+00
4.047679999999999723e+00 2.508687019348144531e+00
4.052561999999999998e+00 2.513861656188964844e+00
4.057460999999999984e+00 2.508687019348144531e+00
4.062416999999999945e+00 2.508687019348144531e+00
4.067320999999999742e+00 2.508687019348144531e+00
4.072193000000000396e+00 2.513861656188964844e+00
4.075698000000000043e+00 2.513861656188964844e+00
4.080593000000000359e+00 2.519036293029785156e+00
4.084125000000000227e+00 2.519036293029785156e+00
4.088991000000000042e+00 2.524210929870605469e+00
4.093917000000000250e+00 2.519036293029785156e+00
4.098875999999999742e+00 2.524210929870605469e+00
4.103781999999999819e+00 2.524210929870605469e+00
4.107336000000000098e+00 2.524210929870605469e+00
4.112245999999999846e+00 2.519036293029785156e+00
4.117258999999999780e+00 2.524210929870605469e+00
4.124512000000000178e+00 2.519036293029785156e+00
4.129628000000000299e+00 2.519036293029785156e+00
4.134579999999999700e+00 2.513861656188964844e+00
4.139514000000000138e+00 2.508687019348144531e+00
4.144448999999999828e+00 2.508687019348144531e+00
4.149471000000000132e+00 2.508687019348144531e+00
4.154434000000000182e+00 2.513861656188964844e+00
4.159405999999999715e+00 2.513861656188964844e+00
4.164337999999999873e+00 2.513861656188964844e+00
4.167906000000000333e+00 2.513861656188964844e+00
4.172829000000000121e+00 2.513861656188964844e+00
4.177768999999999622e+00 2.513861656188964844e+00
4.181325000000000180e+00 2.519036293029785156e+00
4.186194999999999666e+00 2.524210929870605469e+00
4.191212000000000160e+00 2.524210929870605469e+00
4.196163000000000309e+00 2.524210929870605469e+00
4.201159999999999783e+00 2.519036293029785156e+00
4.204691000000000400e+00 2.519036293029785156e+00
4.209558000000000355e+00 2.513861656188964844e+00
4.213118999999999836e+00 2.519036293029785156e+00
4.217965999999999660e+00 2.519036293029785156e+00
4.222936999999999941e+00 2.519036293029785156e+00
4.227905999999999942e+00 2.519036293029785156e+00
4.232929000000000386e+00 2.513861656188964844e+00
4.240307999999999744e+00 2.513861656188964844e+00
4.245396999999999643e+00 2.513861656188964844e+00
4.250422999999999618e+00 2.513861656188964844e+00
4.255378999999999579e+00 2.513861656188964844e+00
4.260355999999999810e+00 2.513861656188964844e+00
4.263887000000000427e+00 2.513861656188964844e+00
4.268877999999999950e+00 2.513861656188964844e+00
4.273874000000000173e+00 2.513861656188964844e+00
4.278903999999999819e+00 2.513861656188964844e+00
4.283889000000000280e+00 2.519036293029785156e+00
4.288967000000000418e+00 2.519036293029785156e+00
4.293949999999999712e+00 2.519036293029785156e+00
4.297539999999999694e+00 2.519036293029785156e+00
4.301137999999999906e+00 2.519036293029785156e+00
4.306079999999999686e+00 2.519036293029785156e+00
4.309715999999999880e+00 2.513861656188964844e+00
4.314595999999999876e+00 2.519036293029785156e+00
4.319594000000000378e+00 2.519036293029785156e+00
4.324641999999999875e+00 2.524210929870605469e+00
4.329654999999999809e+00 2.519036293029785156e+00
4.334666999999999604e+00 2.519036293029785156e+00
4.339680999999999678e+00 2.513861656188964844e+00
4.344724000000000252e+00 2.513861656188964844e+00
4.352212999999999887e+00 2.513861656188964844e+00
4.357503999999999600e+00 2.513861656188964844e+00
4.362655000000000172e+00 2.508687019348144531e+00
4.367670000000000385e+00 2.513861656188964844e+00
4.372707000000000122e+00 2.508687019348144531e+00
4.377716999999999636e+00 2.508687019348144531e+00
4.381338000000000399e+00 2.519036293029785156e+00
4.386273000000000089e+00 2.519036293029785156e+00
4.391377000000000308e+00 2.513861656188964844e+00
4.396406999999999954e+00 2.519036293029785156e+00
4.401538999999999646e+00 2.519036293029785156e+00
4.406589999999999563e+00 2.519036293029785156e+00
4.411713999999999913e+00 2.524210929870605469e+00
4.415318000000000076e+00 2.524210929870605469e+00
4.420268000000000086e+00 2.524210929870605469e+00
4.423898999999999582e+00 2.524210929870605469e+00
4.428905999999999565e+00 2.524210929870605469e+00
4.433961000000000041e+00 2.513861656188964844e+00
4.439070000000000071e+00 2.513861656188964844e+00
4.444131999999999749e+00 2.508687019348144531e+00
4.449257000000000239e+00 2.508687019348144531e+00
4.454352000000000089e+00 2.508687019348144531e+00
4.459559999999999746e+00 2.508687019348144531e+00
4.466854999999999798e+00 2.513861656188964844e+00
4.472281999999999869e+00 2.508687019348144531e+00
4.477365999999999957e+00 2.513861656188964844e+00
4.482478000000000407e+00 2.513861656188964844e+00
4.487534000000000134e+00 2.519036293029785156e+00
4.492633999999999794e+00 2.519036293029785156e+00
4.497708000000000261e+00 2.524210929870605469e+00
4.502800999999999831e+00 2.524210929870605469e+00
4.507886000000000060e+00 2.524210929870605469e+00
4.512998999999999761e+00 2.524210929870605469e+00
4.518154000000000003e+00 2.524210929870605469e+00
4.523248999999999853e+00 2.524210929870605469e+00
4.528401999999999816e+00 2.519036293029785156e+00
4.533508000000000315e+00 2.513861656188964844e+00
4.538657999999999859e+00 2.508687019348144531e+00
4.543765999999999750e+00 2.508687019348144531e+00
4.548922000000000132e+00 2.508687019348144531e+00
4.554135999999999740e+00 2.508687019348144531e+00
4.559444000000000052e+00 2.508687019348144531e+00
4.564536000000000371e+00 2.508687019348144531e+00
4.569649000000000072e+00 2.503512382507324219e+00
4.578056000000000125e+00 2.508687019348144531e+00
4.583522000000000318e+00 2.524210929870605469e+00
4.588726000000000305e+00 2.519036293029785156e+00
4.593859000000000137e+00 2.519036293029785156e+00
4.599046999999999663e+00 2.524210929870605469e+00
4.602710000000000079e+00 2.519036293029785156e+00
4.607712000000000252e+00 2.524210929870605469e+00
4.612853999999999566e+00 2.519036293029785156e+00
4.618071999999999733e+00 2.519036293029785156e+00
4.623137999999999970e+00 2.519036293029785156e+00
4.628331000000000195e+00 2.519036293029785156e+00
4.633460999999999608e+00 2.513861656188964844e+00
4.637120000000000353e+00 2.508687019348144531e+00
4.640717000000000425e+00 2.508687019348144531e+00
4.644326000000000398e+00 2.508687019348144531e+00
4.649386999999999937e+00 2.508687019348144531e+00
4.654537000000000369e+00 2.508687019348144531e+00
4.659747999999999557e+00 2.513861656188964844e+00
4.664876999999999718e+00 2.513861656188964844e+00
4.673280000000000101e+00 2.513861656188964844e+00
4.686518000000000406e+00 2.524210929870605469e+00
4.700290999999999997e+00 2.524210929870605469e+00
4.708811999999999998e+00 2.519036293029785156e+00
4.720291999999999710e+00 2.519036293029785156e+00
4.728106000000000364e+00 2.513861656188964844e+00
4.737808000000000241e+00 2.503512382507324219e+00
4.743560000000000443e+00 2.508687019348144531e+00
4.748828999999999745e+00 2.513861656188964844e+00
4.752515999999999963e+00 2.513861656188964844e+00
4.756114000000000175e+00 2.513861656188964844e+00
4.759860999999999898e+00 2.513861656188964844e+00
4.764999999999999680e+00 2.513861656188964844e+00
4.770234999999999559e+00 2.513861656188964844e+00
4.773893000000000164e+00 2.513861656188964844e+00
4.777485999999999677e+00 2.513861656188964844e+00
4.782767999999999908e+00 2.519036293029785156e+00
4.787975000000000314e+00 2.519036293029785156e+00
4.793290999999999968e+00 2.513861656188964844e+00
4.798543999999999699e+00 2.519036293029785156e+00
4.803748999999999825e+00 2.513861656188964844e+00
4.809042999999999957e+00 2.519036293029785156e+00
4.812721999999999944e+00 2.519036293029785156e+00
4.816317999999999877e+00 2.519036293029785156e+00
4.821487000000000300e+00 2.519036293029785156e+00
4.826722000000000179e+00 2.519036293029785156e+00
4.834116999999999997e+00 2.513861656188964844e+00
4.839590000000000281e+00 2.513861656188964844e+00
4.844802999999999749e+00 2.508687019348144531e+00
4.848507999999999818e+00 2.513861656188964844e+00
4.852098999999999940e+00 2.513861656188964844e+00
4.855715000000000003e+00 2.513861656188964844e+00
4.861143000000000214e+00 2.513861656188964844e+00
4.866367000000000331e+00 2.513861656188964844e+00
4.871671000000000085e+00 2.508687019348144531e+00
4.876905999999999963e+00 2.508687019348144531e+00
4.882204999999999906e+00 2.513861656188964844e+00
4.887410000000000032e+00 2.519036293029785156e+00
4.892758999999999858e+00 2.519036293029785156e+00
4.898087000000000302e+00 2.513861656188964844e+00
4.903359000000000023e+00 2.513861656188964844e+00
4.907236000000000153e+00 2.519036293029785156e+00
4.912555000000000227e+00 2.524210929870605469e+00
4.916278000000000148e+00 2.524210929870605469e+00
4.921495000000000175e+00 2.519036293029785156e+00
4.926728999999999914e+00 2.519036293029785156e+00
4.932077999999999740e+00 2.519036293029785156e+00
4.937329000000000079e+00 2.513861656188964844e+00
4.942566000000000237e+00 2.513861656188964844e+00
4.950225999999999793e+00 2.508687019348144531e+00
4.955695999999999657e+00 2.508687019348144531e+00
4.961020000000000429e+00 2.508687019348144531e+00
4.966401000000000288e+00 2.508687019348144531e+00
4.971741999999999884e+00 2.508687019348144531e+00
4.977026999999999646e+00 2.503512382507324219e+00
4.982283999999999935e+00 2.513861656188964844e+00
4.987530999999999715e+00 2.519036293029785156e+00
4.992849999999999788e+00 2.519036293029785156e+00
4.998224999999999696e+00 2.524210929870605469e+00
5.003510000000000346e+00 2.524210929870605469e+00
5.008833000000000091e+00 2.519036293029785156e+00
5.014104999999999812e+00 2.524210929870605469e+00
5.019470000000000098e+00 2.524210929870605469e+00
5.024746000000000379e+00 2.524210929870605469e+00
5.030032000000000281e+00 2.519036293029785156e+00
5.035299000000000191e+00 2.513861656188964844e+00
5.039001999999999981e+00 2.508687019348144531e+00
5.044196999999999598e+00 2.508687019348144531e+00
5.047900000000000276e+00 2.508687019348144531e+00
5.053137000000000434e+00 2.508687019348144531e+00
5.060772000000000048e+00 2.508687019348144531e+00
5.066296999999999606e+00 2.508687019348144531e+00
5.070127000000000272e+00 2.508687019348144531e+00
5.075317000000000078e+00 2.513861656188964844e+00
5.080707000000000306e+00 2.519036293029785156e+00
5.085994999999999600e+00 2.524210929870605469e+00
5.091387000000000107e+00 2.524210929870605469e+00
5.096701999999999622e+00 2.524210929870605469e+00
5.102130999999999972e+00 2.524210929870605469e+00
5.107445000000000235e+00 2.524210929870605469e+00
5.112771000000000399e+00 2.519036293029785156e+00
5.118138000000000076e+00 2.524210929870605469e+00
5.123477000000000281e+00 2.519036293029785156e+00
5.128898000000000401e+00 2.513861656188964844e+00
5.134208000000000105e+00 2.513861656188964844e+00
5.139655000000000307e+00 2.508687019348144531e+00
5.145006000000000412e+00 2.508687019348144531e+00
5.150335000000000107e+00 2.508687019348144531e+00
5.155653000000000041e+00 2.508687019348144531e+00
5.161030000000000229e+00 2.508687019348144531e+00
5.166419000000000317e+00 2.513861656188964844e+00
5.172062999999999633e+00 2.513861656188964844e+00
5.179893999999999998e+00 2.513861656188964844e+00
5.185220000000000162e+00 2.524210929870605469e+00
5.190586999999999840e+00 2.524210929870605469e+00
5.195916999999999675e+00 2.524210929870605469e+00
5.201355999999999646e+00 2.519036293029785156e+00
5.206694999999999851e+00 2.519036293029785156e+00
5.212142000000000053e+00 2.519036293029785156e+00
5.215888999999999776e+00 2.519036293029785156e+00
5.221230000000000260e+00 2.519036293029785156e+00
5.226585000000000036e+00 2.513861656188964844e+00
5.232014999999999638e+00 2.508687019348144531e+00
5.237360999999999933e+00 2.508687019348144531e+00
5.241100999999999566e+00 2.503512382507324219e+00
5.246362000000000414e+00 2.513861656188964844e+00
5.251829999999999998e+00 2.513861656188964844e+00
5.257190999999999725e+00 2.513861656188964844e+00
5.262578999999999674e+00 2.513861656188964844e+00
5.268024999999999736e+00 2.513861656188964844e+00
5.273380000000000400e+00 2.513861656188964844e+00
5.278832000000000413e+00 2.508687019348144531e+00
5.284213000000000271e+00 2.524210929870605469e+00
5.291839000000000404e+00 2.519036293029785156e+00
5.297494999999999621e+00 2.513861656188964844e+00
5.301293000000000255e+00 2.519036293029785156e+00
5.306583999999999968e+00 2.519036293029785156e+00
5.312032999999999561e+00 2.513861656188964844e+00
5.317441999999999780e+00 2.519036293029785156e+00
5.322913999999999923e+00 2.519036293029785156e+00
5.329104000000000063e+00 2.519036293029785156e+00
5.335894999999999833e+00 2.513861656188964844e+00
5.342833999999999861e+00 2.513861656188964844e+00
5.349736000000000047e+00 2.513861656188964844e+00
5.356532999999999767e+00 2.513861656188964844e+00
5.363463000000000314e+00 2.513861656188964844e+00
5.370394000000000112e+00 2.508687019348144531e+00
5.377294000000000018e+00 2.508687019348144531e+00
5.384228000000000236e+00 2.519036293029785156e+00
5.391079000000000399e+00 2.519036293029785156e+00
5.397952000000000083e+00 2.519036293029785156e+00
5.408375999999999628e+00 2.519036293029785156e+00
5.415318000000000076e+00 2.524210929870605469e+00
5.422260999999999775e+00 2.524210929870605469e+00
5.428449999999999775e+00 2.524210929870605469e+00
5.433880000000000265e+00 2.513861656188964844e+00
5.439384999999999692e+00 2.513861656188964844e+00
5.444803000000000281e+00 2.508687019348144531e+00
5.450241000000000113e+00 2.508687019348144531e+00
5.455687000000000175e+00 2.508687019348144531e+00
5.461209000000000202e+00 2.508687019348144531e+00
5.466628000000000043e+00 2.508687019348144531e+00
5.472214000000000134e+00 2.508687019348144531e+00
5.477674000000000376e+00 2.508687019348144531e+00
5.483106000000000257e+00 2.513861656188964844e+00
5.488601000000000063e+00 2.519036293029785156e+00
5.494057999999999886e+00 2.513861656188964844e+00
5.499594000000000094e+00 2.524210929870605469e+00
5.505053000000000196e+00 2.524210929870605469e+00
5.510525999999999591e+00 2.524210929870605469e+00
5.514306000000000374e+00 2.524210929870605469e+00
5.519715999999999845e+00 2.519036293029785156e+00
5.527391999999999861e+00 2.524210929870605469e+00
5.533053999999999917e+00 2.513861656188964844e+00
5.538592000000000404e+00 2.513861656188964844e+00
5.544056999999999569e+00 2.508687019348144531e+00
5.549616000000000327e+00 2.508687019348144531e+00
5.555086000000000190e+00 2.508687019348144531e+00
5.560558999999999585e+00 2.508687019348144531e+00
5.566021000000000107e+00 2.508687019348144531e+00
5.571651000000000131e+00 2.508687019348144531e+00
5.577177999999999969e+00 2.508687019348144531e+00
5.582811999999999664e+00 2.519036293029785156e+00
5.588352000000000430e+00 2.524210929870605469e+00
5.593854999999999578e+00 2.519036293029785156e+00
5.599485999999999741e+00 2.524210929870605469e+00
5.605006000000000377e+00 2.524210929870605469e+00
5.610509999999999664e+00 2.519036293029785156e+00
5.616028000000000020e+00 2.519036293029785156e+00
5.619881000000000348e+00 2.524210929870605469e+00
5.625293000000000099e+00 2.519036293029785156e+00
5.630929000000000073e+00 2.519036293029785156e+00
5.638900999999999719e+00 2.508687019348144531e+00
5.644510999999999612e+00 2.508687019348144531e+00
5.650040999999999869e+00 2.508687019348144531e+00
5.655575999999999937e+00 2.508687019348144531e+00
5.661210999999999771e+00 2.508687019348144531e+00
5.669697000000000209e+00 2.513861656188964844e+00
5.683481999999999701e+00 2.524210929870605469e+00
5.692988999999999855e+00 2.524210929870605469e+00
5.701831999999999567e+00 2.524210929870605469e+00
5.713286000000000087e+00 2.519036293029785156e+00
5.724986999999999604e+00 2.513861656188964844e+00
5.731060000000000265e+00 2.513861656188964844e+00
5.736655999999999977e+00 2.508687019348144531e+00
5.742351000000000205e+00 2.508687019348144531e+00
5.750275000000000247e+00 2.513861656188964844e+00
5.755926999999999794e+00 2.513861656188964844e+00
5.761572000000000138e+00 2.513861656188964844e+00
5.767122999999999777e+00 2.513861656188964844e+00
5.772679000000000116e+00 2.513861656188964844e+00
5.778325999999999851e+00 2.508687019348144531e+00
5.783929999999999794e+00 2.524210929870605469e+00
5.789578999999999809e+00 2.524210929870605469e+00
5.795123000000000246e+00 2.513861656188964844e+00
5.800714000000000148e+00 2.524210929870605469e+00
5.806269999999999598e+00 2.519036293029785156e+00
5.811897000000000091e+00 2.519036293029785156e+00
5.817450000000000010e+00 2.519036293029785156e+00
5.823121000000000436e+00 2.519036293029785156e+00
5.828736000000000139e+00 2.513861656188964844e+00
5.834300999999999959e+00 2.513861656188964844e+00
5.839889999999999581e+00 2.513861656188964844e+00
5.845499000000000223e+00 2.508687019348144531e+00
5.851142000000000287e+00 2.513861656188964844e+00
5.856841000000000186e+00 2.513861656188964844e+00
5.864972999999999992e+00 2.513861656188964844e+00
5.870766999999999847e+00 2.513861656188964844e+00
5.876483999999999597e+00 2.508687019348144531e+00
5.881465000000000387e+00 2.519036293029785156e+00
5.887185999999999808e+00 2.519036293029785156e+00
5.891099999999999781e+00 2.519036293029785156e+00
5.896672999999999831e+00 2.519036293029785156e+00
5.902351999999999599e+00 2.519036293029785156e+00
5.907947000000000060e+00 2.519036293029785156e+00
5.913565000000000182e+00 2.519036293029785156e+00
5.919234999999999580e+00 2.519036293029785156e+00
5.923127000000000031e+00 2.524210929870605469e+00
5.926892999999999745e+00 2.519036293029785156e+00
5.932483999999999646e+00 2.519036293029785156e+00
5.938147999999999982e+00 2.513861656188964844e+00
5.943759000000000015e+00 2.513861656188964844e+00
5.949449999999999683e+00 2.513861656188964844e+00
5.955078000000000316e+00 2.513861656188964844e+00
5.960702999999999641e+00 2.508687019348144531e+00
5.966323000000000043e+00 2.513861656188964844e+00
5.976704999999999934e+00 2.508687019348144531e+00
5.982502000000000209e+00 2.513861656188964844e+00
5.986674999999999969e+00 2.519036293029785156e+00
5.992383000000000237e+00 2.519036293029785156e+00
5.998085999999999807e+00 2.519036293029785156e+00
6.003750000000000142e+00 2.524210929870605469e+00
6.007670000000000066e+00 2.524210929870605469e+00
6.013353999999999644e+00 2.524210929870605469e+00
6.019066999999999723e+00 2.519036293029785156e+00
6.024733000000000338e+00 2.519036293029785156e+00
6.030403999999999876e+00 2.519036293029785156e+00
6.034305999999999948e+00 2.513861656188964844e+00
6.039868000000000237e+00 2.508687019348144531e+00
6.045765000000000278e+00 2.508687019348144531e+00
6.051498999999999739e+00 2.508687019348144531e+00
6.057145000000000223e+00 2.508687019348144531e+00
6.062873999999999874e+00 2.508687019348144531e+00
6.068618999999999986e+00 2.508687019348144531e+00
6.074593000000000131e+00 2.508687019348144531e+00
6.080286000000000080e+00 2.508687019348144531e+00
6.086341000000000001e+00 2.519036293029785156e+00
6.097147999999999790e+00 2.519036293029785156e+00
6.101073000000000413e+00 2.524210929870605469e+00
6.106664000000000314e+00 2.519036293029785156e+00
6.112430999999999948e+00 2.519036293029785156e+00
6.118180999999999869e+00 2.524210929870605469e+00
6.123884000000000327e+00 2.519036293029785156e+00
6.129658000000000051e+00 2.519036293029785156e+00
6.136940000000000062e+00 2.508687019348144531e+00
6.144262000000000334e+00 2.508687019348144531e+00
6.151506000000000363e+00 2.508687019348144531e+00
6.158825000000000216e+00 2.508687019348144531e+00
6.166096999999999717e+00 2.508687019348144531e+00
6.174013000000000417e+00 2.513861656188964844e+00
6.181382000000000154e+00 2.513861656188964844e+00
6.188804000000000194e+00 2.524210929870605469e+00
6.196094999999999686e+00 2.519036293029785156e+00
6.203439000000000370e+00 2.524210929870605469e+00
6.214387000000000327e+00 2.519036293029785156e+00
6.221935000000000215e+00 2.519036293029785156e+00
6.229350000000000165e+00 2.513861656188964844e+00
6.235774000000000150e+00 2.508687019348144531e+00
6.241553999999999824e+00 2.508687019348144531e+00
6.247269000000000183e+00 2.508687019348144531e+00
6.253046999999999578e+00 2.508687019348144531e+00
6.258827000000000140e+00 2.513861656188964844e+00
6.264543999999999890e+00 2.513861656188964844e+00
6.270289000000000001e+00 2.513861656188964844e+00
6.276038999999999923e+00 2.513861656188964844e+00
6.281835000000000058e+00 2.519036293029785156e+00
6.285970999999999975e+00 2.524210929870605469e+00
6.291851000000000305e+00 2.519036293029785156e+00
6.297634000000000398e+00 2.524210929870605469e+00
6.303391000000000410e+00 2.519036293029785156e+00
6.309190000000000076e+00 2.513861656188964844e+00
6.314929000000000237e+00 2.519036293029785156e+00
6.320704000000000100e+00 2.513861656188964844e+00
6.328698000000000157e+00 2.513861656188964844e+00
6.334692000000000434e+00 2.508687019348144531e+00
6.340466000000000157e+00 2.508687019348144531e+00
6.346205999999999570e+00 2.513861656188964844e+00
6.352046999999999777e+00 2.508687019348144531e+00
6.357797999999999838e+00 2.513861656188964844e+00
6.363597999999999644e+00 2.513861656188964844e+00
6.369411999999999630e+00 2.513861656188964844e+00
6.375193000000000332e+00 2.513861656188964844e+00
6.381033000000000399e+00 2.513861656188964844e+00
6.386802999999999564e+00 2.519036293029785156e+00
6.393551999999999680e+00 2.513861656188964844e+00
6.399472000000000271e+00 2.513861656188964844e+00
6.405308999999999919e+00 2.513861656188964844e+00
6.411213000000000051e+00 2.513861656188964844e+00
6.417037999999999798e+00 2.519036293029785156e+00
6.422883999999999816e+00 2.524210929870605469e+00
6.428766999999999676e+00 2.524210929870605469e+00
6.434599000000000402e+00 2.513861656188964844e+00
6.440736000000000239e+00 2.508687019348144531e+00
6.449470999999999954e+00 2.508687019348144531e+00
6.455364000000000324e+00 2.513861656188964844e+00
6.461303000000000019e+00 2.513861656188964844e+00
6.467170999999999559e+00 2.508687019348144531e+00
6.473069999999999879e+00 2.508687019348144531e+00
6.479091999999999629e+00 2.508687019348144531e+00
6.484986000000000139e+00 2.519036293029785156e+00
6.490971000000000046e+00 2.513861656188964844e+00
6.496847999999999956e+00 2.513861656188964844e+00
6.502748999999999668e+00 2.513861656188964844e+00
6.508699000000000012e+00 2.519036293029785156e+00
6.514616000000000184e+00 2.519036293029785156e+00
6.520548999999999928e+00 2.524210929870605469e+00
6.526441000000000159e+00 2.519036293029785156e+00
6.532394000000000034e+00 2.519036293029785156e+00
6.538369000000000320e+00 2.508687019348144531e+00
6.544240000000000279e+00 2.508687019348144531e+00
6.550123000000000140e+00 2.508687019348144531e+00
6.556174000000000390e+00 2.508687019348144531e+00
6.565031000000000283e+00 2.508687019348144531e+00
6.570875000000000021e+00 2.508687019348144531e+00
6.576804000000000094e+00 2.508687019348144531e+00
6.580892999999999660e+00 2.513861656188964844e+00
6.586736000000000146e+00 2.519036293029785156e+00
6.592789999999999928e+00 2.524210929870605469e+00
6.598798000000000386e+00 2.524210929870605469e+00
6.604763000000000162e+00 2.519036293029785156e+00
6.610702999999999996e+00 2.524210929870605469e+00
6.616619000000000028e+00 2.524210929870605469e+00
6.620696999999999832e+00 2.524210929870605469e+00
6.626564000000000121e+00 2.519036293029785156e+00
6.632585999999999871e+00 2.513861656188964844e+00
6.638587000000000238e+00 2.508687019348144531e+00
6.644477000000000189e+00 2.503512382507324219e+00
6.648521999999999821e+00 2.508687019348144531e+00
6.654326000000000185e+00 2.508687019348144531e+00
6.658325999999999745e+00 2.508687019348144531e+00
6.664128999999999969e+00 2.508687019348144531e+00
6.673401000000000138e+00 2.508687019348144531e+00
6.686047000000000295e+00 2.524210929870605469e+00
6.695704000000000100e+00 2.513861656188964844e+00
6.704218000000000011e+00 2.519036293029785156e+00
6.713008999999999560e+00 2.519036293029785156e+00
6.725583000000000311e+00 2.519036293029785156e+00
6.733685000000000365e+00 2.508687019348144531e+00
6.741798000000000179e+00 2.508687019348144531e+00
6.747873000000000232e+00 2.508687019348144531e+00
6.753900999999999932e+00 2.503512382507324219e+00
6.759977000000000125e+00 2.513861656188964844e+00
6.765928999999999860e+00 2.513861656188964844e+00
6.771962000000000259e+00 2.513861656188964844e+00
6.777928000000000175e+00 2.513861656188964844e+00
6.783987999999999907e+00 2.524210929870605469e+00
6.792228999999999850e+00 2.524210929870605469e+00
6.798548000000000258e+00 2.519036293029785156e+00
6.804514000000000173e+00 2.519036293029785156e+00
6.810489999999999711e+00 2.519036293029785156e+00
6.816446000000000005e+00 2.519036293029785156e+00
6.822472000000000314e+00 2.513861656188964844e+00
6.828514000000000195e+00 2.513861656188964844e+00
6.834489999999999732e+00 2.508687019348144531e+00
6.838527000000000022e+00 2.508687019348144531e+00
6.844396999999999842e+00 2.508687019348144531e+00
6.848487999999999687e+00 2.513861656188964844e+00
6.854354999999999976e+00 2.508687019348144531e+00
6.860338999999999743e+00 2.513861656188964844e+00
6.866298999999999708e+00 2.508687019348144531e+00
6.872365000000000279e+00 2.513861656188964844e+00
6.878408000000000300e+00 2.508687019348144531e+00
6.884356000000000364e+00 2.519036293029785156e+00
6.890323000000000420e+00 2.519036293029785156e+00
6.896389000000000102e+00 2.513861656188964844e+00
6.902720000000000411e+00 2.519036293029785156e+00
6.910872999999999600e+00 2.519036293029785156e+00
6.917165999999999926e+00 2.519036293029785156e+00
6.921310000000000073e+00 2.519036293029785156e+00
6.927215000000000344e+00 2.519036293029785156e+00
6.931276000000000437e+00 2.513861656188964844e+00
6.937237999999999793e+00 2.513861656188964844e+00
6.944973000000000063e+00 2.508687019348144531e+00
6.952885000000000204e+00 2.513861656188964844e+00
6.960665999999999798e+00 2.513861656188964844e+00
6.968435000000000379e+00 2.508687019348144531e+00
6.976181000000000409e+00 2.503512382507324219e+00
6.984011999999999887e+00 2.519036293029785156e+00
6.991717999999999655e+00 2.519036293029785156e+00
6.999503999999999948e+00 2.513861656188964844e+00
7.007285000000000430e+00 2.519036293029785156e+00
7.015120999999999718e+00 2.519036293029785156e+00
7.023031999999999719e+00 2.524210929870605469e+00
7.034356999999999971e+00 2.519036293029785156e+00
7.041833999999999705e+00 2.513861656188964844e+00
7.047855000000000203e+00 2.513861656188964844e+00
7.053920999999999886e+00 2.508687019348144531e+00
7.059980000000000366e+00 2.508687019348144531e+00
7.066036000000000428e+00 2.508687019348144531e+00
7.072136000000000422e+00 2.508687019348144531e+00
7.078218999999999816e+00 2.503512382507324219e+00
7.084259000000000306e+00 2.513861656188964844e+00
7.090338000000000029e+00 2.519036293029785156e+00
7.096378999999999770e+00 2.519036293029785156e+00
7.100545000000000329e+00 2.524210929870605469e+00
7.106525000000000425e+00 2.524210929870605469e+00
7.112657999999999703e+00 2.519036293029785156e+00
7.118759999999999977e+00 2.524210929870605469e+00
7.124801999999999857e+00 2.519036293029785156e+00
7.130861999999999590e+00 2.519036293029785156e+00
7.136916000000000260e+00 2.508687019348144531e+00
7.143169000000000324e+00 2.508687019348144531e+00
7.151404999999999568e+00 2.503512382507324219e+00
7.157738000000000156e+00 2.508687019348144531e+00
7.163876000000000133e+00 2.508687019348144531e+00
7.169999999999999929e+00 2.508687019348144531e+00
7.174114000000000324e+00 2.508687019348144531e+00
7.180098000000000091e+00 2.513861656188964844e+00
7.186181999999999626e+00 2.524210929870605469e+00
7.190318999999999683e+00 2.524210929870605469e+00
7.196278000000000397e+00 2.524210929870605469e+00
7.202428000000000274e+00 2.524210929870605469e+00
7.208605999999999625e+00 2.519036293029785156e+00
7.212698999999999749e+00 2.519036293029785156e+00
7.218709999999999738e+00 2.524210929870605469e+00
7.224789999999999601e+00 2.519036293029785156e+00
7.230936999999999948e+00 2.513861656188964844e+00
7.237046000000000312e+00 2.508687019348144531e+00
7.243202000000000140e+00 2.508687019348144531e+00
7.249323000000000405e+00 2.508687019348144531e+00
7.255452000000000012e+00 2.503512382507324219e+00
7.261786999999999992e+00 2.508687019348144531e+00
7.270306999999999853e+00 2.513861656188964844e+00
7.276450999999999780e+00 2.513861656188964844e+00
7.282623000000000069e+00 2.519036293029785156e+00
7.288726999999999734e+00 2.519036293029785156e+00
7.294851000000000418e+00 2.519036293029785156e+00
7.300980000000000025e+00 2.524210929870605469e+00
7.307108999999999632e+00 2.513861656188964844e+00
7.313449000000000311e+00 2.513861656188964844e+00
7.319624000000000130e+00 2.513861656188964844e+00
7.323711000000000304e+00 2.519036293029785156e+00
7.329797000000000118e+00 2.513861656188964844e+00
7.335905999999999594e+00 2.508687019348144531e+00
7.342086000000000112e+00 2.508687019348144531e+00
7.348291999999999824e+00 2.513861656188964844e+00
7.354434999999999611e+00 2.508687019348144531e+00
7.360579000000000427e+00 2.513861656188964844e+00
7.364710999999999785e+00 2.508687019348144531e+00
7.370748999999999995e+00 2.513861656188964844e+00
7.377061000000000313e+00 2.508687019348144531e+00
7.385278999999999705e+00 2.524210929870605469e+00
7.391793999999999976e+00 2.519036293029785156e+00
7.395939000000000263e+00 2.513861656188964844e+00
7.402058000000000249e+00 2.519036293029785156e+00
7.408287999999999762e+00 2.519036293029785156e+00
7.414456999999999631e+00 2.519036293029785156e+00
7.420630000000000059e+00 2.519036293029785156e+00
7.426832000000000100e+00 2.519036293029785156e+00
7.433067000000000313e+00 2.513861656188964844e+00
7.439281000000000255e+00 2.513861656188964844e+00
7.445437000000000083e+00 2.513861656188964844e+00
7.451665000000000205e+00 2.575957298278808594e+00
7.457864999999999966e+00 2.876083374023437500e+00
7.464045999999999736e+00 4.790682792663574219e+00
7.470201999999999565e+00 4.790682792663574219e+00
7.476365000000000371e+00 4.790682792663574219e+00
7.482601999999999975e+00 4.795857429504394531e+00
7.488819999999999588e+00 4.795857429504394531e+00
7.495087999999999973e+00 4.795857429504394531e+00
7.503467999999999805e+00 4.795857429504394531e+00
7.507835000000000036e+00 4.795857429504394531e+00
7.514154999999999696e+00 4.801032066345214844e+00
7.520341000000000165e+00 4.801032066345214844e+00
7.526520999999999795e+00 4.795857429504394531e+00
7.532795000000000130e+00 4.790682792663574219e+00
7.536899000000000015e+00 4.790682792663574219e+00
7.543110999999999677e+00 4.795857429504394531e+00
7.549318999999999669e+00 4.790682792663574219e+00
7.555471999999999966e+00 4.790682792663574219e+00
7.561714000000000269e+00 4.790682792663574219e+00
7.567896000000000178e+00 4.790682792663574219e+00
7.574111000000000260e+00 4.790682792663574219e+00
7.580352000000000423e+00 4.795857429504394531e+00
7.586552000000000184e+00 4.795857429504394531e+00
7.592842000000000091e+00 4.795857429504394531e+00
7.599102000000000245e+00 4.801032066345214844e+00
7.605324999999999669e+00 4.801032066345214844e+00
7.611595000000000333e+00 4.801032066345214844e+00
7.618655000000000399e+00 4.801032066345214844e+00
7.624908999999999715e+00 4.801032066345214844e+00
7.631242000000000303e+00 4.790682792663574219e+00
7.637471999999999817e+00 4.795857429504394531e+00
7.643715000000000259e+00 4.790682792663574219e+00
7.650053999999999910e+00 4.790682792663574219e+00
7.656292999999999793e+00 4.790682792663574219e+00
7.660499999999999865e+00 4.790682792663574219e+00
7.666662999999999784e+00 4.790682792663574219e+00
7.673867999999999689e+00 4.790682792663574219e+00
7.682197999999999638e+00 4.801032066345214844e+00
7.696278999999999648e+00 4.801032066345214844e+00
7.708929999999999616e+00 4.801032066345214844e+00
7.722231999999999985e+00 4.795857429504394531e+00
7.735301999999999900e+00 4.790682792663574219e+00
7.746255999999999808e+00 4.790682792663574219e+00
7.753485000000000404e+00 4.790682792663574219e+00
7.759970000000000034e+00 4.790682792663574219e+00
7.766239999999999810e+00 4.795857429504394531e+00
7.772536999999999807e+00 4.790682792663574219e+00
7.778838999999999615e+00 4.790682792663574219e+00
7.785099999999999909e+00 4.795857429504394531e+00
7.791462000000000110e+00 4.795857429504394531e+00
7.797729999999999606e+00 4.795857429504394531e+00
7.804007000000000360e+00 4.801032066345214844e+00
7.810329000000000299e+00 4.795857429504394531e+00
7.816602999999999746e+00 4.795857429504394531e+00
7.822941000000000145e+00 4.795857429504394531e+00
7.829247999999999763e+00 4.795857429504394531e+00
7.835689999999999600e+00 4.790682792663574219e+00
7.842049000000000269e+00 4.790682792663574219e+00
7.848355999999999888e+00 4.790682792663574219e+00
