4.688000000000000327e-03 2.555258750915527344e+00
8.276999999999999635e-03 2.565608024597167969e+00
1.175400000000000056e-02 2.565608024597167969e+00
1.504699999999999961e-02 2.565608024597167969e+00
1.850299999999999861e-02 2.565608024597167969e+00
2.194899999999999976e-02 2.560433387756347656e+00
2.526700000000000126e-02 2.560433387756347656e+00
2.869499999999999829e-02 2.560433387756347656e+00
3.214600000000000096e-02 2.560433387756347656e+00
3.544100000000000028e-02 2.560433387756347656e+00
3.889200000000000296e-02 2.560433387756347656e+00
4.234500000000000069e-02 2.555258750915527344e+00
4.564100000000000101e-02 2.550084114074707031e+00
4.906599999999999850e-02 2.550084114074707031e+00
5.256099999999999661e-02 2.550084114074707031e+00
5.583899999999999975e-02 2.555258750915527344e+00
5.930099999999999955e-02 2.550084114074707031e+00
6.275600000000000622e-02 2.555258750915527344e+00
6.602900000000000436e-02 2.555258750915527344e+00
6.933100000000000374e-02 2.555258750915527344e+00
7.277899999999999647e-02 2.555258750915527344e+00
7.608900000000000385e-02 2.555258750915527344e+00
7.956399999999999584e-02 2.555258750915527344e+00
8.287700000000000622e-02 2.555258750915527344e+00
8.631500000000000283e-02 2.560433387756347656e+00
8.978099999999999969e-02 2.560433387756347656e+00
9.318700000000000594e-02 2.560433387756347656e+00
9.665799999999999392e-02 2.565608024597167969e+00
1.001439999999999969e-01 2.565608024597167969e+00
1.035879999999999995e-01 2.565608024597167969e+00
1.068820000000000048e-01 2.560433387756347656e+00
1.103279999999999955e-01 2.560433387756347656e+00
1.140800000000000008e-01 2.560433387756347656e+00
1.211840000000000001e-01 2.560433387756347656e+00
1.250149999999999872e-01 2.560433387756347656e+00
1.282609999999999861e-01 2.560433387756347656e+00
1.317109999999999947e-01 2.565608024597167969e+00
1.351650000000000074e-01 2.560433387756347656e+00
1.384559999999999957e-01 2.560433387756347656e+00
1.419130000000000114e-01 2.555258750915527344e+00
1.453679999999999972e-01 2.550084114074707031e+00
1.486619999999999886e-01 2.555258750915527344e+00
1.521129999999999982e-01 2.550084114074707031e+00
1.555819999999999981e-01 2.555258750915527344e+00
1.588630000000000042e-01 2.560433387756347656e+00
1.623179999999999901e-01 2.555258750915527344e+00
1.657720000000000027e-01 2.555258750915527344e+00
1.690929999999999933e-01 2.555258750915527344e+00
1.725190000000000057e-01 2.555258750915527344e+00
1.758530000000000093e-01 2.555258750915527344e+00
1.792980000000000129e-01 2.555258750915527344e+00
1.827590000000000048e-01 2.555258750915527344e+00
1.891480000000000106e-01 2.555258750915527344e+00
2.004769999999999885e-01 2.560433387756347656e+00
2.089370000000000116e-01 2.560433387756347656e+00
2.227079999999999893e-01 2.560433387756347656e+00
2.357950000000000046e-01 2.560433387756347656e+00
2.449939999999999896e-01 2.555258750915527344e+00
2.522579999999999822e-01 2.555258750915527344e+00
2.559699999999999753e-01 2.555258750915527344e+00
2.592659999999999965e-01 2.555258750915527344e+00
2.627430000000000043e-01 2.555258750915527344e+00
2.661700000000000177e-01 2.555258750915527344e+00
2.695060000000000233e-01 2.555258750915527344e+00
2.729610000000000092e-01 2.555258750915527344e+00
2.762539999999999996e-01 2.550084114074707031e+00
2.797979999999999912e-01 2.550084114074707031e+00
2.831629999999999980e-01 2.550084114074707031e+00
2.864559999999999884e-01 2.550084114074707031e+00
2.899160000000000070e-01 2.555258750915527344e+00
2.933569999999999789e-01 2.560433387756347656e+00
2.971139999999999892e-01 2.560433387756347656e+00
3.005709999999999771e-01 2.560433387756347656e+00
3.038680000000000270e-01 2.560433387756347656e+00
3.073330000000000228e-01 2.565608024597167969e+00
3.107719999999999927e-01 2.560433387756347656e+00
3.140669999999999851e-01 2.560433387756347656e+00
3.175140000000000184e-01 2.560433387756347656e+00
3.209699999999999775e-01 2.565608024597167969e+00
3.242639999999999967e-01 2.565608024597167969e+00
3.277229999999999865e-01 2.565608024597167969e+00
3.311720000000000219e-01 2.560433387756347656e+00
3.344750000000000223e-01 2.560433387756347656e+00
3.379190000000000249e-01 2.565608024597167969e+00
3.413910000000000000e-01 2.560433387756347656e+00
3.446690000000000031e-01 2.555258750915527344e+00
3.481199999999999850e-01 2.555258750915527344e+00
3.515960000000000196e-01 2.555258750915527344e+00
3.548839999999999772e-01 2.555258750915527344e+00
3.627509999999999901e-01 2.550084114074707031e+00
3.661019999999999830e-01 2.550084114074707031e+00
3.695470000000000144e-01 2.555258750915527344e+00
3.731760000000000077e-01 2.555258750915527344e+00
3.764469999999999761e-01 2.550084114074707031e+00
3.798989999999999867e-01 2.555258750915527344e+00
3.833520000000000261e-01 2.550084114074707031e+00
3.866439999999999877e-01 2.550084114074707031e+00
3.901000000000000023e-01 2.555258750915527344e+00
3.935460000000000069e-01 2.560433387756347656e+00
3.968490000000000073e-01 2.560433387756347656e+00
4.003010000000000179e-01 2.560433387756347656e+00
4.037419999999999898e-01 2.560433387756347656e+00
4.071690000000000031e-01 2.565608024597167969e+00
4.104889999999999928e-01 2.565608024597167969e+00
4.139610000000000234e-01 2.565608024597167969e+00
4.172270000000000145e-01 2.565608024597167969e+00
4.206779999999999964e-01 2.565608024597167969e+00
4.241320000000000090e-01 2.565608024597167969e+00
4.274259999999999726e-01 2.565608024597167969e+00
4.307230000000000225e-01 2.565608024597167969e+00
4.341709999999999736e-01 2.565608024597167969e+00
4.374680000000000235e-01 2.565608024597167969e+00
4.409339999999999926e-01 2.560433387756347656e+00
4.443770000000000220e-01 2.555258750915527344e+00
4.476769999999999916e-01 2.550084114074707031e+00
4.511229999999999962e-01 2.550084114074707031e+00
4.545759999999999801e-01 2.550084114074707031e+00
4.578780000000000072e-01 2.550084114074707031e+00
4.613630000000000231e-01 2.555258750915527344e+00
4.647769999999999957e-01 2.555258750915527344e+00
4.722299999999999831e-01 2.550084114074707031e+00
4.757089999999999930e-01 2.550084114074707031e+00
4.791389999999999816e-01 2.550084114074707031e+00
4.827489999999999837e-01 2.550084114074707031e+00
4.860400000000000276e-01 2.555258750915527344e+00
4.894879999999999787e-01 2.560433387756347656e+00
4.929419999999999913e-01 2.565608024597167969e+00
4.962329999999999797e-01 2.565608024597167969e+00
4.996990000000000043e-01 2.565608024597167969e+00
5.031409999999999494e-01 2.565608024597167969e+00
5.065739999999999688e-01 2.565608024597167969e+00
5.098909999999999831e-01 2.565608024597167969e+00
5.133450000000000513e-01 2.560433387756347656e+00
5.166530000000000289e-01 2.560433387756347656e+00
5.200900000000000523e-01 2.565608024597167969e+00
5.235349999999999726e-01 2.565608024597167969e+00
5.268559999999999910e-01 2.565608024597167969e+00
5.302769999999999984e-01 2.560433387756347656e+00
5.337250000000000050e-01 2.560433387756347656e+00
5.370200000000000529e-01 2.560433387756347656e+00
5.406309999999999727e-01 2.555258750915527344e+00
5.440810000000000368e-01 2.550084114074707031e+00
5.475309999999999899e-01 2.555258750915527344e+00
5.509830000000000005e-01 2.550084114074707031e+00
5.543550000000000422e-01 2.555258750915527344e+00
5.577689999999999593e-01 2.555258750915527344e+00
5.610870000000000024e-01 2.550084114074707031e+00
5.645139999999999603e-01 2.550084114074707031e+00
5.679699999999999749e-01 2.555258750915527344e+00
5.712669999999999693e-01 2.560433387756347656e+00
5.747149999999999759e-01 2.555258750915527344e+00
5.820539999999999603e-01 2.555258750915527344e+00
5.854219999999999979e-01 2.555258750915527344e+00
5.888889999999999958e-01 2.555258750915527344e+00
5.923439999999999817e-01 2.565608024597167969e+00
5.956329999999999680e-01 2.565608024597167969e+00
5.990870000000000362e-01 2.565608024597167969e+00
6.025439999999999685e-01 2.565608024597167969e+00
6.058289999999999509e-01 2.565608024597167969e+00
6.091140000000000443e-01 2.565608024597167969e+00
6.127409999999999801e-01 2.560433387756347656e+00
6.160360000000000280e-01 2.560433387756347656e+00
6.194849999999999524e-01 2.560433387756347656e+00
6.229519999999999502e-01 2.560433387756347656e+00
6.262529999999999486e-01 2.560433387756347656e+00
6.296910000000000007e-01 2.560433387756347656e+00
6.331339999999999746e-01 2.560433387756347656e+00
6.364250000000000185e-01 2.560433387756347656e+00
6.398920000000000163e-01 2.560433387756347656e+00
6.433269999999999822e-01 2.555258750915527344e+00
6.466190000000000548e-01 2.555258750915527344e+00
6.499639999999999862e-01 2.550084114074707031e+00
6.532590000000000341e-01 2.555258750915527344e+00
6.566999999999999504e-01 2.555258750915527344e+00
6.601669999999999483e-01 2.555258750915527344e+00
6.634459999999999802e-01 2.555258750915527344e+00
6.668950000000000156e-01 2.555258750915527344e+00
6.703789999999999472e-01 2.555258750915527344e+00
6.736590000000000078e-01 2.560433387756347656e+00
6.770979999999999777e-01 2.555258750915527344e+00
6.805609999999999715e-01 2.560433387756347656e+00
6.838330000000000242e-01 2.555258750915527344e+00
6.872909999999999853e-01 2.555258750915527344e+00
6.907429999999999959e-01 2.560433387756347656e+00
6.984679999999999778e-01 2.560433387756347656e+00
7.020849999999999591e-01 2.560433387756347656e+00
7.055339999999999945e-01 2.565608024597167969e+00
7.088050000000000184e-01 2.560433387756347656e+00
7.122779999999999667e-01 2.560433387756347656e+00
7.157339999999999813e-01 2.560433387756347656e+00
7.190229999999999677e-01 2.560433387756347656e+00
7.224709999999999743e-01 2.560433387756347656e+00
7.259240000000000137e-01 2.560433387756347656e+00
7.293749999999999956e-01 2.560433387756347656e+00
7.328449999999999687e-01 2.565608024597167969e+00
7.362720000000000375e-01 2.560433387756347656e+00
7.397669999999999524e-01 2.560433387756347656e+00
7.431769999999999765e-01 2.560433387756347656e+00
7.465060000000000029e-01 2.560433387756347656e+00
7.499799999999999800e-01 2.555258750915527344e+00
7.532569999999999544e-01 2.555258750915527344e+00
7.567110000000000225e-01 2.560433387756347656e+00
7.601710000000000411e-01 2.555258750915527344e+00
7.634530000000000483e-01 2.555258750915527344e+00
7.669230000000000214e-01 2.555258750915527344e+00
7.703780000000000072e-01 2.555258750915527344e+00
7.736539999999999528e-01 2.560433387756347656e+00
7.771259999999999835e-01 2.555258750915527344e+00
7.805579999999999741e-01 2.555258750915527344e+00
7.838549999999999685e-01 2.550084114074707031e+00
7.872970000000000246e-01 2.555258750915527344e+00
7.907549999999999857e-01 2.560433387756347656e+00
7.940490000000000048e-01 2.560433387756347656e+00
7.974989999999999579e-01 2.560433387756347656e+00
8.009519999999999973e-01 2.560433387756347656e+00
8.042489999999999917e-01 2.560433387756347656e+00
8.122770000000000268e-01 2.560433387756347656e+00
8.158919999999999506e-01 2.560433387756347656e+00
8.193589999999999485e-01 2.565608024597167969e+00
8.229659999999999753e-01 2.565608024597167969e+00
8.262760000000000105e-01 2.565608024597167969e+00
8.297700000000000076e-01 2.565608024597167969e+00
8.331619999999999582e-01 2.565608024597167969e+00
8.364770000000000261e-01 2.565608024597167969e+00
8.399520000000000319e-01 2.565608024597167969e+00
8.432410000000000183e-01 2.560433387756347656e+00
8.466900000000000537e-01 2.555258750915527344e+00
8.501560000000000228e-01 2.555258750915527344e+00
8.534599999999999964e-01 2.555258750915527344e+00
8.568900000000000405e-01 2.560433387756347656e+00
8.603469999999999729e-01 2.555258750915527344e+00
8.636390000000000455e-01 2.555258750915527344e+00
8.670839999999999659e-01 2.555258750915527344e+00
8.705380000000000340e-01 2.550084114074707031e+00
8.738249999999999629e-01 2.555258750915527344e+00
8.771299999999999653e-01 2.555258750915527344e+00
8.806000000000000494e-01 2.555258750915527344e+00
8.840240000000000320e-01 2.550084114074707031e+00
8.871630000000000349e-01 2.555258750915527344e+00
8.906239999999999712e-01 2.560433387756347656e+00
8.939350000000000351e-01 2.560433387756347656e+00
8.973689999999999722e-01 2.560433387756347656e+00
9.006659999999999666e-01 2.560433387756347656e+00
9.041160000000000307e-01 2.565608024597167969e+00
9.075739999999999919e-01 2.565608024597167969e+00
9.108730000000000437e-01 2.565608024597167969e+00
9.142930000000000224e-01 2.565608024597167969e+00
9.177750000000000075e-01 2.560433387756347656e+00
9.254999999999999893e-01 2.560433387756347656e+00
9.291129999999999667e-01 2.565608024597167969e+00
9.327389999999999848e-01 2.565608024597167969e+00
9.361730000000000329e-01 2.565608024597167969e+00
9.395080000000000098e-01 2.565608024597167969e+00
9.429830000000000156e-01 2.560433387756347656e+00
9.462559999999999860e-01 2.560433387756347656e+00
9.497489999999999544e-01 2.555258750915527344e+00
9.531579999999999497e-01 2.555258750915527344e+00
9.564550000000000551e-01 2.555258750915527344e+00
9.599069999999999547e-01 2.555258750915527344e+00
9.633570000000000189e-01 2.550084114074707031e+00
9.666489999999999805e-01 2.550084114074707031e+00
9.701260000000000439e-01 2.555258750915527344e+00
9.735549999999999482e-01 2.555258750915527344e+00
9.768459999999999921e-01 2.550084114074707031e+00
9.803020000000000067e-01 2.550084114074707031e+00
9.837500000000000133e-01 2.550084114074707031e+00
9.870640000000000525e-01 2.555258750915527344e+00
9.904929999999999568e-01 2.560433387756347656e+00
9.939430000000000209e-01 2.565608024597167969e+00
9.972370000000000401e-01 2.565608024597167969e+00
1.000690999999999997e+00 2.565608024597167969e+00
1.004138999999999893e+00 2.565608024597167969e+00
1.009223999999999899e+00 2.560433387756347656e+00
1.013455999999999912e+00 2.560433387756347656e+00
1.017519999999999980e+00 2.560433387756347656e+00
1.021552999999999933e+00 2.565608024597167969e+00
1.025568000000000035e+00 2.565608024597167969e+00
1.029576999999999964e+00 2.565608024597167969e+00
1.038296000000000108e+00 2.560433387756347656e+00
1.042688999999999977e+00 2.555258750915527344e+00
1.046699000000000046e+00 2.555258750915527344e+00
1.050782000000000105e+00 2.550084114074707031e+00
1.054812000000000083e+00 2.550084114074707031e+00
1.058816999999999897e+00 2.555258750915527344e+00
1.062883999999999940e+00 2.555258750915527344e+00
1.066913000000000000e+00 2.550084114074707031e+00
1.070948999999999929e+00 2.550084114074707031e+00
1.074967999999999924e+00 2.560433387756347656e+00
1.078988000000000058e+00 2.560433387756347656e+00
1.083115000000000050e+00 2.555258750915527344e+00
1.087136000000000102e+00 2.555258750915527344e+00
1.091182000000000096e+00 2.560433387756347656e+00
1.095220000000000082e+00 2.565608024597167969e+00
1.099291000000000018e+00 2.565608024597167969e+00
1.103431000000000051e+00 2.560433387756347656e+00
1.106557000000000013e+00 2.565608024597167969e+00
1.110611999999999933e+00 2.565608024597167969e+00
1.114743000000000039e+00 2.565608024597167969e+00
1.118792999999999926e+00 2.560433387756347656e+00
1.122892999999999919e+00 2.565608024597167969e+00
1.126962999999999937e+00 2.560433387756347656e+00
1.131078999999999946e+00 2.560433387756347656e+00
1.135170000000000012e+00 2.560433387756347656e+00
1.139224999999999932e+00 2.565608024597167969e+00
1.143364000000000047e+00 2.555258750915527344e+00
1.146927999999999948e+00 2.555258750915527344e+00
1.155215000000000103e+00 2.550084114074707031e+00
1.160255000000000036e+00 2.555258750915527344e+00
1.164352000000000054e+00 2.560433387756347656e+00
1.168428999999999940e+00 2.555258750915527344e+00
1.172593999999999914e+00 2.560433387756347656e+00
1.176695000000000046e+00 2.560433387756347656e+00
1.180816000000000088e+00 2.555258750915527344e+00
1.184917999999999916e+00 2.555258750915527344e+00
1.189516000000000018e+00 2.560433387756347656e+00
1.203775999999999957e+00 2.560433387756347656e+00
1.213022000000000045e+00 2.560433387756347656e+00
1.227900999999999909e+00 2.565608024597167969e+00
1.245533999999999919e+00 2.560433387756347656e+00
1.253357000000000054e+00 2.555258750915527344e+00
1.275117000000000056e+00 2.555258750915527344e+00
1.279751000000000083e+00 2.560433387756347656e+00
1.284000999999999948e+00 2.555258750915527344e+00
1.288210999999999995e+00 2.550084114074707031e+00
1.292467999999999950e+00 2.555258750915527344e+00
1.296653000000000056e+00 2.560433387756347656e+00
1.300856000000000012e+00 2.560433387756347656e+00
1.305037000000000003e+00 2.560433387756347656e+00
1.309212999999999960e+00 2.560433387756347656e+00
1.313522000000000078e+00 2.560433387756347656e+00
1.317709000000000019e+00 2.560433387756347656e+00
1.321973999999999982e+00 2.560433387756347656e+00
1.326189000000000062e+00 2.565608024597167969e+00
1.330475000000000074e+00 2.565608024597167969e+00
1.334710000000000063e+00 2.565608024597167969e+00
1.338894000000000029e+00 2.565608024597167969e+00
1.343196999999999974e+00 2.560433387756347656e+00
1.347418000000000005e+00 2.560433387756347656e+00
1.351647999999999961e+00 2.555258750915527344e+00
1.355846000000000107e+00 2.555258750915527344e+00
1.360103999999999980e+00 2.555258750915527344e+00
1.364327000000000067e+00 2.560433387756347656e+00
1.368538000000000032e+00 2.555258750915527344e+00
1.372799000000000103e+00 2.550084114074707031e+00
1.377002999999999977e+00 2.555258750915527344e+00
1.381239000000000106e+00 2.555258750915527344e+00
1.389747000000000066e+00 2.550084114074707031e+00
1.394069000000000003e+00 2.560433387756347656e+00
1.398300000000000098e+00 2.560433387756347656e+00
1.402611000000000052e+00 2.560433387756347656e+00
1.406840000000000090e+00 2.565608024597167969e+00
1.411079999999999890e+00 2.565608024597167969e+00
1.415300000000000002e+00 2.565608024597167969e+00
1.419783000000000017e+00 2.560433387756347656e+00
1.425810000000000022e+00 2.565608024597167969e+00
1.430136999999999992e+00 2.565608024597167969e+00
1.434401999999999955e+00 2.560433387756347656e+00
1.438657000000000075e+00 2.565608024597167969e+00
1.443016999999999994e+00 2.560433387756347656e+00
1.447268999999999917e+00 2.560433387756347656e+00
1.451551999999999953e+00 2.555258750915527344e+00
1.455826000000000064e+00 2.555258750915527344e+00
1.460285000000000055e+00 2.550084114074707031e+00
1.464571000000000067e+00 2.550084114074707031e+00
1.468836999999999948e+00 2.550084114074707031e+00
1.473182999999999909e+00 2.555258750915527344e+00
1.477470000000000061e+00 2.550084114074707031e+00
1.481824999999999948e+00 2.550084114074707031e+00
1.486110000000000042e+00 2.550084114074707031e+00
1.490498000000000101e+00 2.560433387756347656e+00
1.494798000000000071e+00 2.565608024597167969e+00
1.499190000000000023e+00 2.565608024597167969e+00
1.507962999999999942e+00 2.565608024597167969e+00
1.512623000000000051e+00 2.565608024597167969e+00
1.516945999999999906e+00 2.565608024597167969e+00
1.521269999999999900e+00 2.565608024597167969e+00
1.525587999999999944e+00 2.565608024597167969e+00
1.530146999999999924e+00 2.565608024597167969e+00
1.534515999999999991e+00 2.560433387756347656e+00
1.538842999999999961e+00 2.565608024597167969e+00
1.543231000000000019e+00 2.555258750915527344e+00
1.547587000000000046e+00 2.555258750915527344e+00
1.552014999999999922e+00 2.555258750915527344e+00
1.556357999999999908e+00 2.555258750915527344e+00
1.560713000000000017e+00 2.555258750915527344e+00
1.565053000000000027e+00 2.555258750915527344e+00
1.569439000000000028e+00 2.550084114074707031e+00
1.573855000000000004e+00 2.550084114074707031e+00
1.578209999999999891e+00 2.560433387756347656e+00
1.581584000000000101e+00 2.555258750915527344e+00
1.585960999999999954e+00 2.555258750915527344e+00
1.590389999999999970e+00 2.560433387756347656e+00
1.594756999999999980e+00 2.565608024597167969e+00
1.599123999999999990e+00 2.565608024597167969e+00
1.603628000000000053e+00 2.565608024597167969e+00
1.607993000000000006e+00 2.565608024597167969e+00
1.612435999999999980e+00 2.565608024597167969e+00
1.616848000000000063e+00 2.565608024597167969e+00
1.625316999999999901e+00 2.560433387756347656e+00
1.629952000000000067e+00 2.560433387756347656e+00
1.634454000000000073e+00 2.560433387756347656e+00
1.638851999999999975e+00 2.560433387756347656e+00
1.643332999999999933e+00 2.555258750915527344e+00
1.647737999999999925e+00 2.555258750915527344e+00
1.652228000000000030e+00 2.550084114074707031e+00
1.656833000000000000e+00 2.555258750915527344e+00
1.661294999999999966e+00 2.555258750915527344e+00
1.665723000000000065e+00 2.560433387756347656e+00
1.670233999999999996e+00 2.555258750915527344e+00
1.674668000000000045e+00 2.560433387756347656e+00
1.679127999999999954e+00 2.555258750915527344e+00
1.683696999999999999e+00 2.560433387756347656e+00
1.688136000000000081e+00 2.555258750915527344e+00
1.692660000000000053e+00 2.560433387756347656e+00
1.697119000000000044e+00 2.560433387756347656e+00
1.701557999999999904e+00 2.565608024597167969e+00
1.705989999999999895e+00 2.560433387756347656e+00
1.710523999999999933e+00 2.560433387756347656e+00
1.715001999999999915e+00 2.560433387756347656e+00
1.719456000000000095e+00 2.560433387756347656e+00
1.723956000000000044e+00 2.565608024597167969e+00
1.728431000000000051e+00 2.560433387756347656e+00
1.733004999999999907e+00 2.560433387756347656e+00
1.740277999999999992e+00 2.560433387756347656e+00
1.744316999999999895e+00 2.555258750915527344e+00
1.748104000000000102e+00 2.560433387756347656e+00
1.751093000000000011e+00 2.555258750915527344e+00
1.754815999999999931e+00 2.560433387756347656e+00
1.758601999999999999e+00 2.560433387756347656e+00
1.762407000000000057e+00 2.555258750915527344e+00
1.766205000000000025e+00 2.555258750915527344e+00
1.770059999999999967e+00 2.555258750915527344e+00
1.773848000000000091e+00 2.560433387756347656e+00
1.777654999999999985e+00 2.555258750915527344e+00
1.781465999999999994e+00 2.555258750915527344e+00
1.785263000000000044e+00 2.555258750915527344e+00
1.789068000000000103e+00 2.555258750915527344e+00
1.792910000000000004e+00 2.560433387756347656e+00
1.796729000000000021e+00 2.560433387756347656e+00
1.800551000000000013e+00 2.560433387756347656e+00
1.804351999999999956e+00 2.560433387756347656e+00
1.808171999999999890e+00 2.560433387756347656e+00
1.812063999999999897e+00 2.560433387756347656e+00
1.815881000000000078e+00 2.565608024597167969e+00
1.819755999999999929e+00 2.560433387756347656e+00
1.823592000000000102e+00 2.560433387756347656e+00
1.827423999999999937e+00 2.560433387756347656e+00
1.831255999999999995e+00 2.565608024597167969e+00
1.835159999999999902e+00 2.565608024597167969e+00
1.839004000000000083e+00 2.570782661437988281e+00
1.842899000000000065e+00 2.560433387756347656e+00
1.846732000000000040e+00 2.560433387756347656e+00
1.853763999999999967e+00 2.555258750915527344e+00
1.857760999999999996e+00 2.560433387756347656e+00
1.861739999999999950e+00 2.555258750915527344e+00
1.865590000000000082e+00 2.555258750915527344e+00
1.869431999999999983e+00 2.555258750915527344e+00
1.873294999999999932e+00 2.555258750915527344e+00
1.877167000000000030e+00 2.555258750915527344e+00
1.881034000000000095e+00 2.555258750915527344e+00
1.884891000000000094e+00 2.555258750915527344e+00
1.888764000000000109e+00 2.550084114074707031e+00
1.892619999999999969e+00 2.560433387756347656e+00
1.896476999999999968e+00 2.560433387756347656e+00
1.900423999999999891e+00 2.560433387756347656e+00
1.904296999999999906e+00 2.560433387756347656e+00
1.908184000000000102e+00 2.560433387756347656e+00
1.912125999999999992e+00 2.560433387756347656e+00
1.916004000000000040e+00 2.565608024597167969e+00
1.919947000000000070e+00 2.565608024597167969e+00
1.923824999999999896e+00 2.565608024597167969e+00
1.927712000000000092e+00 2.565608024597167969e+00
1.931680999999999981e+00 2.565608024597167969e+00
1.935624999999999929e+00 2.565608024597167969e+00
1.939516999999999936e+00 2.565608024597167969e+00
1.943416999999999950e+00 2.560433387756347656e+00
1.947316000000000047e+00 2.560433387756347656e+00
1.951216000000000061e+00 2.555258750915527344e+00
1.955132000000000092e+00 2.555258750915527344e+00
1.959019999999999984e+00 2.555258750915527344e+00
1.962979999999999947e+00 2.555258750915527344e+00
1.969740999999999964e+00 2.550084114074707031e+00
1.973926999999999987e+00 2.550084114074707031e+00
1.977832000000000034e+00 2.555258750915527344e+00
1.981829999999999981e+00 2.555258750915527344e+00
1.985756000000000077e+00 2.555258750915527344e+00
1.989727999999999941e+00 2.555258750915527344e+00
1.993640000000000079e+00 2.560433387756347656e+00
1.997546999999999962e+00 2.565608024597167969e+00
2.001500000000000057e+00 2.565608024597167969e+00
2.004509999999999792e+00 2.565608024597167969e+00
2.008366999999999791e+00 2.565608024597167969e+00
2.012360999999999844e+00 2.565608024597167969e+00
2.016309000000000129e+00 2.565608024597167969e+00
2.020303999999999878e+00 2.565608024597167969e+00
2.024233999999999867e+00 2.565608024597167969e+00
2.028170999999999946e+00 2.565608024597167969e+00
2.032192999999999916e+00 2.565608024597167969e+00
2.036198000000000174e+00 2.565608024597167969e+00
2.040205999999999964e+00 2.565608024597167969e+00
2.044150000000000134e+00 2.555258750915527344e+00
2.048090999999999884e+00 2.555258750915527344e+00
2.052118000000000109e+00 2.550084114074707031e+00
2.056080000000000130e+00 2.555258750915527344e+00
2.059091000000000005e+00 2.555258750915527344e+00
2.063089000000000173e+00 2.555258750915527344e+00
2.067064999999999930e+00 2.550084114074707031e+00
2.071037000000000017e+00 2.555258750915527344e+00
2.074124999999999996e+00 2.555258750915527344e+00
2.080748999999999960e+00 2.555258750915527344e+00
2.084986999999999924e+00 2.555258750915527344e+00
2.088960999999999846e+00 2.555258750915527344e+00
2.092973999999999890e+00 2.565608024597167969e+00
2.096980999999999984e+00 2.565608024597167969e+00
2.100985000000000102e+00 2.565608024597167969e+00
2.104967999999999950e+00 2.565608024597167969e+00
2.108979999999999855e+00 2.565608024597167969e+00
2.113027000000000211e+00 2.565608024597167969e+00
2.117036000000000140e+00 2.565608024597167969e+00
2.121055999999999830e+00 2.565608024597167969e+00
2.124131000000000213e+00 2.565608024597167969e+00
2.128064999999999873e+00 2.560433387756347656e+00
2.132136000000000031e+00 2.560433387756347656e+00
2.136184000000000083e+00 2.560433387756347656e+00
2.140254999999999797e+00 2.560433387756347656e+00
2.143374000000000112e+00 2.555258750915527344e+00
2.147334999999999994e+00 2.555258750915527344e+00
2.151348000000000038e+00 2.555258750915527344e+00
2.155390999999999835e+00 2.555258750915527344e+00
2.159415000000000084e+00 2.555258750915527344e+00
2.163447999999999816e+00 2.555258750915527344e+00
2.166516999999999804e+00 2.560433387756347656e+00
2.170520999999999923e+00 2.555258750915527344e+00
2.174554999999999794e+00 2.560433387756347656e+00
2.178579000000000043e+00 2.560433387756347656e+00
2.182695999999999970e+00 2.560433387756347656e+00
2.186720000000000219e+00 2.555258750915527344e+00
2.193640999999999952e+00 2.565608024597167969e+00
2.202039000000000080e+00 2.565608024597167969e+00
2.211549999999999905e+00 2.565608024597167969e+00
2.220215000000000050e+00 2.565608024597167969e+00
2.232648999999999884e+00 2.565608024597167969e+00
2.242500000000000160e+00 2.560433387756347656e+00
2.254763000000000073e+00 2.555258750915527344e+00
2.259452000000000016e+00 2.560433387756347656e+00
2.263567999999999802e+00 2.560433387756347656e+00
2.267622999999999944e+00 2.560433387756347656e+00
2.271784999999999943e+00 2.560433387756347656e+00
2.275866000000000167e+00 2.560433387756347656e+00
2.280003999999999920e+00 2.560433387756347656e+00
2.283136999999999972e+00 2.555258750915527344e+00
2.287116999999999845e+00 2.555258750915527344e+00
2.291208000000000133e+00 2.560433387756347656e+00
2.295284999999999798e+00 2.565608024597167969e+00
2.299345999999999890e+00 2.565608024597167969e+00
2.303808000000000078e+00 2.560433387756347656e+00
2.312254999999999949e+00 2.565608024597167969e+00
2.316321999999999992e+00 2.560433387756347656e+00
2.320507000000000097e+00 2.565608024597167969e+00
2.324608000000000008e+00 2.565608024597167969e+00
2.327764000000000166e+00 2.565608024597167969e+00
2.330909999999999815e+00 2.565608024597167969e+00
2.334961999999999982e+00 2.560433387756347656e+00
2.338106999999999935e+00 2.565608024597167969e+00
2.342230999999999952e+00 2.565608024597167969e+00
2.346331999999999862e+00 2.560433387756347656e+00
2.350496000000000141e+00 2.560433387756347656e+00
2.354613000000000067e+00 2.560433387756347656e+00
2.358719999999999928e+00 2.560433387756347656e+00
2.362877999999999812e+00 2.560433387756347656e+00
2.366998000000000157e+00 2.560433387756347656e+00
2.371125000000000149e+00 2.555258750915527344e+00
2.375233000000000150e+00 2.560433387756347656e+00
2.379342999999999986e+00 2.555258750915527344e+00
2.383471999999999813e+00 2.555258750915527344e+00
2.387611999999999846e+00 2.555258750915527344e+00
2.391793999999999976e+00 2.555258750915527344e+00
2.395922999999999803e+00 2.560433387756347656e+00
2.400113000000000163e+00 2.560433387756347656e+00
2.403308000000000000e+00 2.565608024597167969e+00
2.407359000000000027e+00 2.565608024597167969e+00
2.410517000000000021e+00 2.565608024597167969e+00
2.414587000000000039e+00 2.565608024597167969e+00
2.419033999999999907e+00 2.565608024597167969e+00
2.427569000000000088e+00 2.565608024597167969e+00
2.431795999999999847e+00 2.565608024597167969e+00
2.435942999999999969e+00 2.565608024597167969e+00
2.439182000000000183e+00 2.565608024597167969e+00
2.444285999999999959e+00 2.560433387756347656e+00
2.449285999999999852e+00 2.560433387756347656e+00
2.454419999999999824e+00 2.560433387756347656e+00
2.459414000000000211e+00 2.555258750915527344e+00
2.464469999999999938e+00 2.550084114074707031e+00
2.469459000000000071e+00 2.555258750915527344e+00
2.474542000000000019e+00 2.555258750915527344e+00
2.479560999999999904e+00 2.555258750915527344e+00
2.484621999999999886e+00 2.555258750915527344e+00
2.489685999999999844e+00 2.555258750915527344e+00
2.494731999999999950e+00 2.560433387756347656e+00
2.499890000000000168e+00 2.560433387756347656e+00
2.504970000000000141e+00 2.565608024597167969e+00
2.510063999999999851e+00 2.565608024597167969e+00
2.515127999999999808e+00 2.565608024597167969e+00
2.520239000000000118e+00 2.565608024597167969e+00
2.525253999999999888e+00 2.565608024597167969e+00
2.530335000000000001e+00 2.565608024597167969e+00
2.539668999999999954e+00 2.565608024597167969e+00
2.544340000000000046e+00 2.560433387756347656e+00
2.548538000000000192e+00 2.555258750915527344e+00
2.552789999999999893e+00 2.555258750915527344e+00
2.556991000000000014e+00 2.555258750915527344e+00
2.561211000000000126e+00 2.555258750915527344e+00
2.565411000000000108e+00 2.560433387756347656e+00
2.569653999999999883e+00 2.555258750915527344e+00
2.573827000000000087e+00 2.555258750915527344e+00
2.578041999999999945e+00 2.555258750915527344e+00
2.582324999999999982e+00 2.555258750915527344e+00
2.586577000000000126e+00 2.560433387756347656e+00
2.590809000000000140e+00 2.560433387756347656e+00
2.595047000000000104e+00 2.565608024597167969e+00
2.599257000000000151e+00 2.570782661437988281e+00
2.603486999999999885e+00 2.565608024597167969e+00
2.606714999999999893e+00 2.570782661437988281e+00
2.610897000000000023e+00 2.565608024597167969e+00
2.615130999999999872e+00 2.565608024597167969e+00
2.619368999999999836e+00 2.565608024597167969e+00
2.623615000000000030e+00 2.565608024597167969e+00
2.627850000000000019e+00 2.565608024597167969e+00
2.632134999999999891e+00 2.565608024597167969e+00
2.635318999999999967e+00 2.565608024597167969e+00
2.639508999999999883e+00 2.565608024597167969e+00
2.643931999999999949e+00 2.555258750915527344e+00
2.648178999999999839e+00 2.555258750915527344e+00
2.655438000000000187e+00 2.555258750915527344e+00
2.660038000000000125e+00 2.555258750915527344e+00
2.664311999999999792e+00 2.555258750915527344e+00
2.668578999999999812e+00 2.555258750915527344e+00
2.672909999999999897e+00 2.560433387756347656e+00
2.677182000000000173e+00 2.560433387756347656e+00
2.681480999999999781e+00 2.560433387756347656e+00
2.685754000000000197e+00 2.560433387756347656e+00
2.690090999999999788e+00 2.560433387756347656e+00
2.694376999999999800e+00 2.565608024597167969e+00
2.698662999999999812e+00 2.565608024597167969e+00
2.702929000000000137e+00 2.565608024597167969e+00
2.707193000000000183e+00 2.565608024597167969e+00
2.711504999999999832e+00 2.565608024597167969e+00
2.714764999999999873e+00 2.565608024597167969e+00
2.717905000000000015e+00 2.565608024597167969e+00
2.722192999999999863e+00 2.565608024597167969e+00
2.726487999999999801e+00 2.565608024597167969e+00
2.730795000000000083e+00 2.560433387756347656e+00
2.735065000000000079e+00 2.560433387756347656e+00
2.739367999999999803e+00 2.565608024597167969e+00
2.743689999999999962e+00 2.560433387756347656e+00
2.748104999999999798e+00 2.555258750915527344e+00
2.752482999999999791e+00 2.555258750915527344e+00
2.755720000000000169e+00 2.555258750915527344e+00
2.760010999999999992e+00 2.565608024597167969e+00
2.764321999999999946e+00 2.560433387756347656e+00
2.771545999999999843e+00 2.560433387756347656e+00
2.776124999999999954e+00 2.560433387756347656e+00
2.780526000000000053e+00 2.560433387756347656e+00
2.784839999999999982e+00 2.560433387756347656e+00
2.789166999999999952e+00 2.560433387756347656e+00
2.793506999999999962e+00 2.565608024597167969e+00
2.797842999999999858e+00 2.565608024597167969e+00
2.802236999999999867e+00 2.565608024597167969e+00
2.806594000000000033e+00 2.565608024597167969e+00
2.810934000000000044e+00 2.560433387756347656e+00
2.815278999999999865e+00 2.560433387756347656e+00
2.818569000000000102e+00 2.560433387756347656e+00
2.822909000000000113e+00 2.565608024597167969e+00
2.827245000000000008e+00 2.565608024597167969e+00
2.831634000000000206e+00 2.565608024597167969e+00
2.835973000000000077e+00 2.565608024597167969e+00
2.840380999999999823e+00 2.565608024597167969e+00
2.844732000000000038e+00 2.560433387756347656e+00
2.849131999999999998e+00 2.560433387756347656e+00
2.853486000000000189e+00 2.560433387756347656e+00
2.856704000000000132e+00 2.560433387756347656e+00
2.860989000000000004e+00 2.560433387756347656e+00
2.865349000000000146e+00 2.560433387756347656e+00
2.869758000000000031e+00 2.555258750915527344e+00
2.874125999999999959e+00 2.560433387756347656e+00
2.878470000000000084e+00 2.560433387756347656e+00
2.882922999999999902e+00 2.560433387756347656e+00
2.889860999999999791e+00 2.555258750915527344e+00
2.894467000000000123e+00 2.560433387756347656e+00
2.897711999999999843e+00 2.565608024597167969e+00
2.902127000000000123e+00 2.560433387756347656e+00
2.906515999999999877e+00 2.565608024597167969e+00
2.910924000000000067e+00 2.560433387756347656e+00
2.915312000000000126e+00 2.565608024597167969e+00
2.919732000000000216e+00 2.565608024597167969e+00
2.924138000000000126e+00 2.565608024597167969e+00
2.928548999999999847e+00 2.570782661437988281e+00
2.932990999999999904e+00 2.565608024597167969e+00
2.937377000000000127e+00 2.565608024597167969e+00
2.941879000000000133e+00 2.565608024597167969e+00
2.946276999999999813e+00 2.565608024597167969e+00
2.950750000000000206e+00 2.560433387756347656e+00
2.955141999999999936e+00 2.560433387756347656e+00
2.959548999999999985e+00 2.560433387756347656e+00
2.963967999999999936e+00 2.560433387756347656e+00
2.968367999999999896e+00 2.555258750915527344e+00
2.971722000000000197e+00 2.555258750915527344e+00
2.976062999999999903e+00 2.555258750915527344e+00
2.980554000000000148e+00 2.555258750915527344e+00
2.984955999999999943e+00 2.555258750915527344e+00
2.989358000000000182e+00 2.555258750915527344e+00
2.993780000000000108e+00 2.565608024597167969e+00
2.998215000000000074e+00 2.565608024597167969e+00
3.007953999999999795e+00 2.565608024597167969e+00
3.012588000000000044e+00 2.565608024597167969e+00
3.017005999999999855e+00 2.565608024597167969e+00
3.021436000000000011e+00 2.565608024597167969e+00
3.025866000000000167e+00 2.565608024597167969e+00
3.030340999999999951e+00 2.570782661437988281e+00
3.034793000000000074e+00 2.565608024597167969e+00
3.039207999999999910e+00 2.565608024597167969e+00
3.043702999999999825e+00 2.560433387756347656e+00
3.048122000000000220e+00 2.560433387756347656e+00
3.052658999999999789e+00 2.555258750915527344e+00
3.057113999999999887e+00 2.555258750915527344e+00
3.061577000000000215e+00 2.560433387756347656e+00
3.066019999999999968e+00 2.555258750915527344e+00
3.069306000000000090e+00 2.555258750915527344e+00
3.073767999999999834e+00 2.555258750915527344e+00
3.077122000000000135e+00 2.555258750915527344e+00
3.081503999999999799e+00 2.555258750915527344e+00
3.085983999999999838e+00 2.555258750915527344e+00
3.090501000000000165e+00 2.560433387756347656e+00
3.094974000000000114e+00 2.565608024597167969e+00
3.099413999999999891e+00 2.570782661437988281e+00
3.102714000000000194e+00 2.565608024597167969e+00
3.107101000000000113e+00 2.565608024597167969e+00
3.111587000000000103e+00 2.565608024597167969e+00
3.116067999999999838e+00 2.570782661437988281e+00
3.123496999999999968e+00 2.565608024597167969e+00
3.128258000000000205e+00 2.565608024597167969e+00
3.132807000000000119e+00 2.565608024597167969e+00
3.137319000000000191e+00 2.565608024597167969e+00
3.141875000000000195e+00 2.565608024597167969e+00
3.146361000000000185e+00 2.560433387756347656e+00
3.150875000000000092e+00 2.555258750915527344e+00
3.155431999999999793e+00 2.555258750915527344e+00
3.159997999999999863e+00 2.555258750915527344e+00
3.164498000000000033e+00 2.555258750915527344e+00
3.169005999999999990e+00 2.555258750915527344e+00
3.173548999999999953e+00 2.560433387756347656e+00
3.178050999999999959e+00 2.565608024597167969e+00
3.182602999999999849e+00 2.560433387756347656e+00
3.187117000000000200e+00 2.560433387756347656e+00
3.192464999999999886e+00 2.570782661437988281e+00
3.196931000000000189e+00 2.565608024597167969e+00
3.203361000000000125e+00 2.565608024597167969e+00
3.215952999999999840e+00 2.565608024597167969e+00
3.226065000000000182e+00 2.565608024597167969e+00
3.238585000000000047e+00 2.560433387756347656e+00
3.251164000000000165e+00 2.555258750915527344e+00
3.271635999999999989e+00 2.560433387756347656e+00
3.282423999999999786e+00 2.560433387756347656e+00
3.288066999999999851e+00 2.560433387756347656e+00
3.293769000000000169e+00 2.565608024597167969e+00
3.299348000000000170e+00 2.565608024597167969e+00
3.305095000000000116e+00 2.565608024597167969e+00
3.310921000000000003e+00 2.565608024597167969e+00
3.316501000000000143e+00 2.565608024597167969e+00
3.322121999999999797e+00 2.560433387756347656e+00
3.327730999999999995e+00 2.565608024597167969e+00
3.333388999999999935e+00 2.565608024597167969e+00
3.338985000000000092e+00 2.565608024597167969e+00
3.344844999999999846e+00 2.560433387756347656e+00
3.349705999999999850e+00 2.560433387756347656e+00
3.354271999999999920e+00 2.560433387756347656e+00
3.358854000000000006e+00 2.565608024597167969e+00
3.363481999999999861e+00 2.560433387756347656e+00
3.368079999999999963e+00 2.560433387756347656e+00
3.372739000000000154e+00 2.560433387756347656e+00
3.377356999999999942e+00 2.555258750915527344e+00
3.384616999999999987e+00 2.560433387756347656e+00
3.389441000000000148e+00 2.555258750915527344e+00
3.394048999999999872e+00 2.565608024597167969e+00
3.398630999999999958e+00 2.565608024597167969e+00
3.403214000000000183e+00 2.560433387756347656e+00
3.407798999999999801e+00 2.565608024597167969e+00
3.412456000000000156e+00 2.565608024597167969e+00
3.417041000000000217e+00 2.565608024597167969e+00
3.421656000000000031e+00 2.565608024597167969e+00
3.426245999999999903e+00 2.565608024597167969e+00
3.430864000000000136e+00 2.565608024597167969e+00
3.435454000000000008e+00 2.565608024597167969e+00
3.440107999999999944e+00 2.565608024597167969e+00
3.444706000000000046e+00 2.560433387756347656e+00
3.449320999999999859e+00 2.560433387756347656e+00
3.453972999999999960e+00 2.560433387756347656e+00
3.458597999999999839e+00 2.560433387756347656e+00
3.463261999999999841e+00 2.560433387756347656e+00
3.467886000000000024e+00 2.560433387756347656e+00
3.472560000000000091e+00 2.555258750915527344e+00
3.477183999999999831e+00 2.555258750915527344e+00
3.481799999999999784e+00 2.560433387756347656e+00
3.486429999999999918e+00 2.555258750915527344e+00
3.491080000000000183e+00 2.560433387756347656e+00
3.498495000000000132e+00 2.565608024597167969e+00
3.503366000000000202e+00 2.560433387756347656e+00
3.507995999999999892e+00 2.565608024597167969e+00
3.512662999999999869e+00 2.565608024597167969e+00
3.517290000000000028e+00 2.565608024597167969e+00
3.521968999999999905e+00 2.565608024597167969e+00
3.526600000000000179e+00 2.565608024597167969e+00
3.531229000000000173e+00 2.565608024597167969e+00
3.535865999999999953e+00 2.565608024597167969e+00
3.540564999999999962e+00 2.565608024597167969e+00
3.545195000000000096e+00 2.560433387756347656e+00
3.549885000000000179e+00 2.560433387756347656e+00
3.554533000000000165e+00 2.555258750915527344e+00
3.559165999999999830e+00 2.555258750915527344e+00
3.563884999999999970e+00 2.555258750915527344e+00
3.568545999999999996e+00 2.555258750915527344e+00
3.573240000000000194e+00 2.555258750915527344e+00
3.577879999999999949e+00 2.555258750915527344e+00
3.582593999999999834e+00 2.560433387756347656e+00
3.587254000000000165e+00 2.555258750915527344e+00
3.591968000000000050e+00 2.560433387756347656e+00
3.596608999999999945e+00 2.565608024597167969e+00
3.601284999999999847e+00 2.565608024597167969e+00
3.605973000000000095e+00 2.565608024597167969e+00
3.613306000000000129e+00 2.565608024597167969e+00
3.618224999999999802e+00 2.565608024597167969e+00
3.622968000000000188e+00 2.565608024597167969e+00
3.627629000000000214e+00 2.565608024597167969e+00
3.631145000000000067e+00 2.565608024597167969e+00
3.635768000000000111e+00 2.565608024597167969e+00
3.640509000000000217e+00 2.565608024597167969e+00
3.643949000000000105e+00 2.560433387756347656e+00
3.648579999999999934e+00 2.555258750915527344e+00
3.653258999999999812e+00 2.555258750915527344e+00
3.657957000000000125e+00 2.555258750915527344e+00
3.662729000000000124e+00 2.555258750915527344e+00
3.667552999999999841e+00 2.555258750915527344e+00
3.672299000000000202e+00 2.555258750915527344e+00
3.675759999999999916e+00 2.560433387756347656e+00
3.680433999999999983e+00 2.560433387756347656e+00
3.685143000000000058e+00 2.560433387756347656e+00
3.689887000000000139e+00 2.560433387756347656e+00
3.694592999999999794e+00 2.565608024597167969e+00
3.699288000000000132e+00 2.565608024597167969e+00
3.704041999999999835e+00 2.565608024597167969e+00
3.708737000000000172e+00 2.570782661437988281e+00
3.713452999999999893e+00 2.565608024597167969e+00
3.718160999999999827e+00 2.565608024597167969e+00
3.722961000000000187e+00 2.565608024597167969e+00
3.730290000000000106e+00 2.565608024597167969e+00
3.735272999999999843e+00 2.565608024597167969e+00
3.738729000000000191e+00 2.565608024597167969e+00
3.743428999999999895e+00 2.560433387756347656e+00
3.748152000000000150e+00 2.555258750915527344e+00
3.752934999999999910e+00 2.555258750915527344e+00
3.757648999999999795e+00 2.560433387756347656e+00
3.762417999999999818e+00 2.560433387756347656e+00
3.767364000000000157e+00 2.560433387756347656e+00
3.772162999999999933e+00 2.560433387756347656e+00
3.776876000000000122e+00 2.560433387756347656e+00
3.781606000000000023e+00 2.565608024597167969e+00
3.786357999999999890e+00 2.560433387756347656e+00
3.791106999999999783e+00 2.565608024597167969e+00
3.795828999999999898e+00 2.565608024597167969e+00
3.800609999999999822e+00 2.565608024597167969e+00
3.805355000000000043e+00 2.565608024597167969e+00
3.810162000000000049e+00 2.565608024597167969e+00
3.814910999999999941e+00 2.565608024597167969e+00
3.819650999999999907e+00 2.565608024597167969e+00
3.824402000000000079e+00 2.565608024597167969e+00
3.829149000000000136e+00 2.565608024597167969e+00
3.833941999999999961e+00 2.565608024597167969e+00
3.838684999999999903e+00 2.565608024597167969e+00
3.846474000000000171e+00 2.560433387756347656e+00
3.851496000000000031e+00 2.560433387756347656e+00
3.856253999999999849e+00 2.560433387756347656e+00
3.861186000000000007e+00 2.560433387756347656e+00
3.866083999999999854e+00 2.560433387756347656e+00
3.871011000000000202e+00 2.560433387756347656e+00
3.875780999999999921e+00 2.560433387756347656e+00
3.880621999999999794e+00 2.560433387756347656e+00
3.885413999999999923e+00 2.560433387756347656e+00
3.888910999999999785e+00 2.555258750915527344e+00
3.893705999999999889e+00 2.560433387756347656e+00
3.898476000000000052e+00 2.565608024597167969e+00
3.903350000000000097e+00 2.560433387756347656e+00
3.908145999999999898e+00 2.565608024597167969e+00
3.913076000000000221e+00 2.565608024597167969e+00
3.916539999999999910e+00 2.565608024597167969e+00
3.921283999999999992e+00 2.565608024597167969e+00
3.926088000000000022e+00 2.565608024597167969e+00
3.930937000000000126e+00 2.565608024597167969e+00
3.935719000000000189e+00 2.565608024597167969e+00
3.940602000000000160e+00 2.565608024597167969e+00
3.945406999999999886e+00 2.560433387756347656e+00
3.950263000000000080e+00 2.560433387756347656e+00
3.955061999999999856e+00 2.560433387756347656e+00
3.962804000000000215e+00 2.560433387756347656e+00
3.966505000000000170e+00 2.560433387756347656e+00
3.971464000000000105e+00 2.555258750915527344e+00
3.976294000000000217e+00 2.555258750915527344e+00
3.981180999999999859e+00 2.555258750915527344e+00
3.986022000000000176e+00 2.555258750915527344e+00
3.990915000000000212e+00 2.560433387756347656e+00
3.995741999999999905e+00 2.565608024597167969e+00
4.000644999999999563e+00 2.565608024597167969e+00
4.005488999999999855e+00 2.560433387756347656e+00
4.010377000000000081e+00 2.565608024597167969e+00
4.015207000000000193e+00 2.565608024597167969e+00
4.018747000000000291e+00 2.565608024597167969e+00
4.023603999999999736e+00 2.565608024597167969e+00
4.028444999999999609e+00 2.565608024597167969e+00
4.033337999999999646e+00 2.565608024597167969e+00
4.038184000000000218e+00 2.565608024597167969e+00
4.041656999999999833e+00 2.560433387756347656e+00
4.046445000000000292e+00 2.560433387756347656e+00
4.049974999999999881e+00 2.560433387756347656e+00
4.054808000000000412e+00 2.560433387756347656e+00
4.059707999999999650e+00 2.560433387756347656e+00
4.064550999999999803e+00 2.555258750915527344e+00
4.069430999999999798e+00 2.555258750915527344e+00
4.077486999999999639e+00 2.555258750915527344e+00
4.082789000000000001e+00 2.555258750915527344e+00
4.086329000000000100e+00 2.555258750915527344e+00
4.091207999999999956e+00 2.560433387756347656e+00
4.096105999999999803e+00 2.565608024597167969e+00
4.101058000000000092e+00 2.570782661437988281e+00
4.105978000000000350e+00 2.570782661437988281e+00
4.110964000000000063e+00 2.565608024597167969e+00
4.115880999999999901e+00 2.565608024597167969e+00
4.120904000000000345e+00 2.565608024597167969e+00
4.125810999999999673e+00 2.565608024597167969e+00
4.129356999999999722e+00 2.565608024597167969e+00
4.134272000000000169e+00 2.570782661437988281e+00
4.139205999999999719e+00 2.565608024597167969e+00
4.144160000000000288e+00 2.560433387756347656e+00
4.149071000000000176e+00 2.555258750915527344e+00
4.154031999999999947e+00 2.555258750915527344e+00
4.158978000000000286e+00 2.560433387756347656e+00
4.162539999999999907e+00 2.555258750915527344e+00
4.167423999999999573e+00 2.560433387756347656e+00
4.172429000000000165e+00 2.555258750915527344e+00
4.177728000000000108e+00 2.555258750915527344e+00
4.182705999999999591e+00 2.560433387756347656e+00
4.187803999999999860e+00 2.560433387756347656e+00
4.195381000000000249e+00 2.565608024597167969e+00
4.201242999999999839e+00 2.565608024597167969e+00
4.210240999999999900e+00 2.570782661437988281e+00
4.219777999999999807e+00 2.565608024597167969e+00
4.228864999999999874e+00 2.565608024597167969e+00
4.245639999999999858e+00 2.555258750915527344e+00
4.257990999999999637e+00 2.555258750915527344e+00
4.265426999999999857e+00 2.555258750915527344e+00
4.270739999999999981e+00 2.560433387756347656e+00
4.275691000000000130e+00 2.560433387756347656e+00
4.281041000000000096e+00 2.565608024597167969e+00
4.286026999999999809e+00 2.560433387756347656e+00
4.291065999999999825e+00 2.565608024597167969e+00
4.296046999999999727e+00 2.565608024597167969e+00
4.301237000000000421e+00 2.565608024597167969e+00
4.308843000000000423e+00 2.565608024597167969e+00
4.314259999999999984e+00 2.565608024597167969e+00
4.319247999999999976e+00 2.560433387756347656e+00
4.324334000000000344e+00 2.565608024597167969e+00
4.329341999999999580e+00 2.565608024597167969e+00
4.334445999999999799e+00 2.565608024597167969e+00
4.339447999999999972e+00 2.565608024597167969e+00
4.344458999999999627e+00 2.560433387756347656e+00
4.349454999999999849e+00 2.560433387756347656e+00
4.354498000000000424e+00 2.560433387756347656e+00
4.359492000000000367e+00 2.560433387756347656e+00
4.364508999999999972e+00 2.560433387756347656e+00
4.369538999999999618e+00 2.560433387756347656e+00
4.374568000000000012e+00 2.560433387756347656e+00
4.379534999999999734e+00 2.560433387756347656e+00
4.384610999999999592e+00 2.560433387756347656e+00
4.389645999999999937e+00 2.560433387756347656e+00
4.394688999999999623e+00 2.565608024597167969e+00
4.399747999999999770e+00 2.560433387756347656e+00
4.404753000000000362e+00 2.560433387756347656e+00
4.409803000000000139e+00 2.565608024597167969e+00
4.414837999999999596e+00 2.565608024597167969e+00
4.422893000000000185e+00 2.560433387756347656e+00
4.428245999999999682e+00 2.565608024597167969e+00
4.433358000000000132e+00 2.565608024597167969e+00
4.438347000000000264e+00 2.565608024597167969e+00
4.443459999999999965e+00 2.560433387756347656e+00
4.448497999999999841e+00 2.560433387756347656e+00
4.453611000000000431e+00 2.560433387756347656e+00
4.458662000000000347e+00 2.560433387756347656e+00
4.463728999999999836e+00 2.560433387756347656e+00
4.467331999999999859e+00 2.560433387756347656e+00
4.472356000000000442e+00 2.560433387756347656e+00
4.475952000000000375e+00 2.555258750915527344e+00
4.480997000000000341e+00 2.555258750915527344e+00
4.486081000000000429e+00 2.555258750915527344e+00
4.491160999999999959e+00 2.560433387756347656e+00
4.494645000000000223e+00 2.565608024597167969e+00
4.499711999999999712e+00 2.565608024597167969e+00
4.504769999999999719e+00 2.565608024597167969e+00
4.509975999999999985e+00 2.565608024597167969e+00
4.515001999999999960e+00 2.565608024597167969e+00
4.520134999999999792e+00 2.565608024597167969e+00
4.525153999999999677e+00 2.565608024597167969e+00
4.530293000000000347e+00 2.565608024597167969e+00
4.538368000000000180e+00 2.565608024597167969e+00
4.543842999999999854e+00 2.560433387756347656e+00
4.548934000000000033e+00 2.560433387756347656e+00
4.554062000000000054e+00 2.560433387756347656e+00
4.559167000000000414e+00 2.560433387756347656e+00
4.564309999999999867e+00 2.560433387756347656e+00
4.569357000000000113e+00 2.555258750915527344e+00
4.574455999999999634e+00 2.555258750915527344e+00
4.579577999999999705e+00 2.560433387756347656e+00
4.584711999999999676e+00 2.555258750915527344e+00
4.590200000000000280e+00 2.555258750915527344e+00
4.595279999999999809e+00 2.560433387756347656e+00
4.598917000000000144e+00 2.565608024597167969e+00
4.604058000000000206e+00 2.565608024597167969e+00
4.609181999999999668e+00 2.565608024597167969e+00
4.614319000000000059e+00 2.565608024597167969e+00
4.617929000000000173e+00 2.565608024597167969e+00
4.623096000000000316e+00 2.565608024597167969e+00
4.628209000000000017e+00 2.570782661437988281e+00
4.633365000000000400e+00 2.565608024597167969e+00
4.638500999999999763e+00 2.565608024597167969e+00
4.643696000000000268e+00 2.560433387756347656e+00
4.648940999999999768e+00 2.555258750915527344e+00
4.656892000000000031e+00 2.555258750915527344e+00
4.662411999999999779e+00 2.555258750915527344e+00
4.667550000000000310e+00 2.555258750915527344e+00
4.672723000000000404e+00 2.555258750915527344e+00
4.677849000000000146e+00 2.555258750915527344e+00
4.683057999999999943e+00 2.560433387756347656e+00
4.686709999999999710e+00 2.560433387756347656e+00
4.691824000000000439e+00 2.565608024597167969e+00
4.696960999999999942e+00 2.570782661437988281e+00
4.702129000000000225e+00 2.565608024597167969e+00
4.707273999999999958e+00 2.565608024597167969e+00
4.712481000000000364e+00 2.570782661437988281e+00
4.717572999999999794e+00 2.565608024597167969e+00
4.722780000000000200e+00 2.565608024597167969e+00
4.727940000000000254e+00 2.565608024597167969e+00
4.733130000000000059e+00 2.565608024597167969e+00
4.738269999999999982e+00 2.565608024597167969e+00
4.743490000000000428e+00 2.560433387756347656e+00
4.747105000000000352e+00 2.555258750915527344e+00
4.750700000000000145e+00 2.555258750915527344e+00
4.755784000000000233e+00 2.555258750915527344e+00
4.761031000000000013e+00 2.560433387756347656e+00
4.769069000000000003e+00 2.555258750915527344e+00
4.774632000000000431e+00 2.560433387756347656e+00
4.779932999999999765e+00 2.560433387756347656e+00
4.785169999999999924e+00 2.560433387756347656e+00
4.790458000000000105e+00 2.560433387756347656e+00
4.796025000000000205e+00 2.565608024597167969e+00
4.799718000000000373e+00 2.565608024597167969e+00
4.803308999999999607e+00 2.565608024597167969e+00
4.806907999999999959e+00 2.565608024597167969e+00
4.810507000000000311e+00 2.570782661437988281e+00
4.815720999999999918e+00 2.565608024597167969e+00
4.821015000000000050e+00 2.565608024597167969e+00
4.826262999999999970e+00 2.565608024597167969e+00
4.829984999999999751e+00 2.565608024597167969e+00
4.835129000000000232e+00 2.565608024597167969e+00
4.840403000000000233e+00 2.565608024597167969e+00
4.845603999999999800e+00 2.555258750915527344e+00
4.850835000000000008e+00 2.555258750915527344e+00
4.856021000000000143e+00 2.560433387756347656e+00
4.861214000000000368e+00 2.560433387756347656e+00
4.866455000000000197e+00 2.560433387756347656e+00
4.871679999999999566e+00 2.560433387756347656e+00
4.875302999999999720e+00 2.560433387756347656e+00
4.883446000000000176e+00 2.560433387756347656e+00
4.889002999999999766e+00 2.560433387756347656e+00
4.894359999999999822e+00 2.565608024597167969e+00
4.899977999999999945e+00 2.570782661437988281e+00
4.905218999999999774e+00 2.560433387756347656e+00
4.910546000000000078e+00 2.565608024597167969e+00
4.915796000000000276e+00 2.565608024597167969e+00
4.921109000000000400e+00 2.565608024597167969e+00
4.926370999999999611e+00 2.565608024597167969e+00
4.931676999999999644e+00 2.565608024597167969e+00
4.936927999999999983e+00 2.565608024597167969e+00
4.942211000000000354e+00 2.565608024597167969e+00
4.945939000000000085e+00 2.560433387756347656e+00
4.951223999999999847e+00 2.560433387756347656e+00
4.956472999999999907e+00 2.560433387756347656e+00
4.961762000000000228e+00 2.560433387756347656e+00
4.967032999999999809e+00 2.560433387756347656e+00
4.972361000000000253e+00 2.560433387756347656e+00
4.977621000000000073e+00 2.560433387756347656e+00
4.983050000000000423e+00 2.555258750915527344e+00
4.986705999999999861e+00 2.555258750915527344e+00
4.992016999999999705e+00 2.560433387756347656e+00
5.000003999999999671e+00 2.565608024597167969e+00
5.005742999999999832e+00 2.565608024597167969e+00
5.011095000000000077e+00 2.565608024597167969e+00
5.016380999999999979e+00 2.565608024597167969e+00
5.020112000000000130e+00 2.565608024597167969e+00
5.023714000000000013e+00 2.565608024597167969e+00
5.028965999999999603e+00 2.565608024597167969e+00
5.034256000000000064e+00 2.570782661437988281e+00
5.039565999999999768e+00 2.565608024597167969e+00
5.044866999999999990e+00 2.565608024597167969e+00
5.050251000000000268e+00 2.560433387756347656e+00
5.055558000000000440e+00 2.560433387756347656e+00
5.061023999999999745e+00 2.560433387756347656e+00
5.066333000000000197e+00 2.560433387756347656e+00
5.071635999999999811e+00 2.555258750915527344e+00
5.076896999999999771e+00 2.555258750915527344e+00
5.082243000000000066e+00 2.555258750915527344e+00
5.087500000000000355e+00 2.555258750915527344e+00
5.092883999999999745e+00 2.560433387756347656e+00
5.098180000000000156e+00 2.560433387756347656e+00
5.103552999999999784e+00 2.565608024597167969e+00
5.109208999999999889e+00 2.565608024597167969e+00
5.117539999999999978e+00 2.565608024597167969e+00
5.123202000000000034e+00 2.565608024597167969e+00
5.128491000000000355e+00 2.565608024597167969e+00
5.133850999999999942e+00 2.565608024597167969e+00
5.139197000000000237e+00 2.565608024597167969e+00
5.144540000000000113e+00 2.565608024597167969e+00
5.149922000000000111e+00 2.555258750915527344e+00
5.155253000000000085e+00 2.555258750915527344e+00
5.160650999999999655e+00 2.560433387756347656e+00
5.165963999999999778e+00 2.560433387756347656e+00
5.171317000000000164e+00 2.555258750915527344e+00
5.176643999999999579e+00 2.555258750915527344e+00
5.181999000000000244e+00 2.560433387756347656e+00
5.187318000000000318e+00 2.555258750915527344e+00
5.191101999999999883e+00 2.565608024597167969e+00
5.196372000000000213e+00 2.565608024597167969e+00
5.200146000000000157e+00 2.565608024597167969e+00
5.205414000000000208e+00 2.565608024597167969e+00
5.211667000000000272e+00 2.570782661437988281e+00
5.219572999999999574e+00 2.565608024597167969e+00
5.231022000000000283e+00 2.565608024597167969e+00
5.244458999999999982e+00 2.565608024597167969e+00
5.253182999999999936e+00 2.555258750915527344e+00
5.262558000000000291e+00 2.555258750915527344e+00
5.276010000000000311e+00 2.565608024597167969e+00
5.283739999999999881e+00 2.565608024597167969e+00
5.287526999999999866e+00 2.560433387756347656e+00
5.292930000000000135e+00 2.565608024597167969e+00
5.296731000000000300e+00 2.570782661437988281e+00
5.302054000000000045e+00 2.570782661437988281e+00
5.307433999999999763e+00 2.565608024597167969e+00
5.312902000000000236e+00 2.565608024597167969e+00
5.318286999999999765e+00 2.565608024597167969e+00
5.323743999999999588e+00 2.565608024597167969e+00
5.327528000000000041e+00 2.565608024597167969e+00
5.331317999999999557e+00 2.565608024597167969e+00
5.336672000000000082e+00 2.565608024597167969e+00
5.342069000000000401e+00 2.560433387756347656e+00
5.347472999999999921e+00 2.560433387756347656e+00
5.352920000000000122e+00 2.560433387756347656e+00
5.358328000000000202e+00 2.560433387756347656e+00
5.362124999999999808e+00 2.560433387756347656e+00
5.367487999999999815e+00 2.560433387756347656e+00
5.371317000000000341e+00 2.560433387756347656e+00
5.376700999999999731e+00 2.560433387756347656e+00
5.382366000000000206e+00 2.560433387756347656e+00
5.392946000000000240e+00 2.565608024597167969e+00
5.398328000000000237e+00 2.565608024597167969e+00
5.403832999999999664e+00 2.565608024597167969e+00
5.409273999999999916e+00 2.565608024597167969e+00
5.414772000000000141e+00 2.565608024597167969e+00
5.418534000000000184e+00 2.565608024597167969e+00
5.423987999999999587e+00 2.565608024597167969e+00
5.429464000000000290e+00 2.565608024597167969e+00
5.434910999999999603e+00 2.565608024597167969e+00
5.440407000000000437e+00 2.565608024597167969e+00
5.445878999999999692e+00 2.560433387756347656e+00
5.451353000000000115e+00 2.565608024597167969e+00
5.455124999999999780e+00 2.560433387756347656e+00
5.460573000000000121e+00 2.560433387756347656e+00
5.466048999999999936e+00 2.560433387756347656e+00
5.471496000000000137e+00 2.560433387756347656e+00
5.476944999999999730e+00 2.560433387756347656e+00
5.482490000000000308e+00 2.560433387756347656e+00
5.487973000000000212e+00 2.555258750915527344e+00
5.493648000000000309e+00 2.560433387756347656e+00
5.501718000000000330e+00 2.565608024597167969e+00
5.507524000000000086e+00 2.565608024597167969e+00
5.513048999999999644e+00 2.565608024597167969e+00
5.518818999999999697e+00 2.565608024597167969e+00
5.524293000000000120e+00 2.565608024597167969e+00
5.529791999999999597e+00 2.565608024597167969e+00
5.535262999999999600e+00 2.565608024597167969e+00
5.540778999999999677e+00 2.565608024597167969e+00
5.546257999999999910e+00 2.560433387756347656e+00
5.551747999999999905e+00 2.560433387756347656e+00
5.557233000000000089e+00 2.560433387756347656e+00
5.562738000000000405e+00 2.560433387756347656e+00
5.568181000000000047e+00 2.560433387756347656e+00
5.573705999999999605e+00 2.555258750915527344e+00
5.579187000000000118e+00 2.560433387756347656e+00
5.584685999999999595e+00 2.560433387756347656e+00
5.588512999999999842e+00 2.560433387756347656e+00
5.593987000000000265e+00 2.560433387756347656e+00
5.599491999999999692e+00 2.565608024597167969e+00
5.603304999999999758e+00 2.565608024597167969e+00
5.608778000000000041e+00 2.565608024597167969e+00
5.617193000000000325e+00 2.565608024597167969e+00
5.623361000000000054e+00 2.565608024597167969e+00
5.628848999999999769e+00 2.570782661437988281e+00
5.634388000000000396e+00 2.565608024597167969e+00
5.639955999999999747e+00 2.565608024597167969e+00
5.645496999999999765e+00 2.560433387756347656e+00
5.649335999999999913e+00 2.560433387756347656e+00
5.654869999999999841e+00 2.555258750915527344e+00
5.660483000000000153e+00 2.555258750915527344e+00
5.666019000000000361e+00 2.555258750915527344e+00
5.671541000000000388e+00 2.555258750915527344e+00
5.677063999999999666e+00 2.555258750915527344e+00
5.682669999999999888e+00 2.560433387756347656e+00
5.686518000000000406e+00 2.555258750915527344e+00
5.692021999999999693e+00 2.560433387756347656e+00
5.697530000000000427e+00 2.565608024597167969e+00
5.703134999999999621e+00 2.565608024597167969e+00
5.708664999999999878e+00 2.565608024597167969e+00
5.714159000000000432e+00 2.565608024597167969e+00
5.719750000000000334e+00 2.565608024597167969e+00
5.725793999999999606e+00 2.565608024597167969e+00
5.734307000000000265e+00 2.570782661437988281e+00
5.740142999999999773e+00 2.565608024597167969e+00
5.745694000000000301e+00 2.560433387756347656e+00
5.751324999999999577e+00 2.560433387756347656e+00
5.756889000000000145e+00 2.555258750915527344e+00
5.762497999999999898e+00 2.560433387756347656e+00
5.768040000000000056e+00 2.555258750915527344e+00
5.773684000000000260e+00 2.555258750915527344e+00
5.777452000000000254e+00 2.560433387756347656e+00
5.782987000000000322e+00 2.560433387756347656e+00
5.788549999999999862e+00 2.560433387756347656e+00
5.794162000000000035e+00 2.565608024597167969e+00
5.799817000000000000e+00 2.570782661437988281e+00
5.805366000000000248e+00 2.565608024597167969e+00
5.810992999999999853e+00 2.570782661437988281e+00
5.816576999999999664e+00 2.565608024597167969e+00
5.822172000000000125e+00 2.565608024597167969e+00
5.828138000000000041e+00 2.565608024597167969e+00
5.833760999999999974e+00 2.565608024597167969e+00
5.839342000000000255e+00 2.565608024597167969e+00
5.847927000000000319e+00 2.560433387756347656e+00
5.853876999999999775e+00 2.555258750915527344e+00
5.859430999999999834e+00 2.560433387756347656e+00
5.865020999999999596e+00 2.560433387756347656e+00
5.870655000000000179e+00 2.560433387756347656e+00
5.876216999999999580e+00 2.560433387756347656e+00
5.881813000000000180e+00 2.560433387756347656e+00
5.887376999999999860e+00 2.555258750915527344e+00
5.891334999999999766e+00 2.565608024597167969e+00
5.896878000000000064e+00 2.565608024597167969e+00
5.902547000000000210e+00 2.565608024597167969e+00
5.908170000000000144e+00 2.565608024597167969e+00
5.913859000000000421e+00 2.565608024597167969e+00
5.919463999999999615e+00 2.565608024597167969e+00
5.925080999999999598e+00 2.565608024597167969e+00
5.930875000000000341e+00 2.565608024597167969e+00
5.936541000000000068e+00 2.565608024597167969e+00
5.942180999999999713e+00 2.565608024597167969e+00
5.947760999999999854e+00 2.560433387756347656e+00
5.951698000000000377e+00 2.560433387756347656e+00
5.957271000000000427e+00 2.560433387756347656e+00
5.965696999999999584e+00 2.560433387756347656e+00
5.971664999999999779e+00 2.555258750915527344e+00
5.977305999999999564e+00 2.560433387756347656e+00
5.982995999999999981e+00 2.565608024597167969e+00
5.988621000000000194e+00 2.560433387756347656e+00
5.994209999999999816e+00 2.565608024597167969e+00
5.999882000000000382e+00 2.565608024597167969e+00
6.005516000000000076e+00 2.565608024597167969e+00
6.011271999999999949e+00 2.565608024597167969e+00
6.016899999999999693e+00 2.565608024597167969e+00
6.022757999999999612e+00 2.565608024597167969e+00
6.028385000000000105e+00 2.565608024597167969e+00
6.034423999999999566e+00 2.565608024597167969e+00
6.040131999999999834e+00 2.570782661437988281e+00
6.045804000000000400e+00 2.560433387756347656e+00
6.051459000000000366e+00 2.560433387756347656e+00
6.057128999999999763e+00 2.565608024597167969e+00
6.062899999999999956e+00 2.560433387756347656e+00
6.068565999999999683e+00 2.560433387756347656e+00
6.074258999999999631e+00 2.560433387756347656e+00
6.082931000000000310e+00 2.555258750915527344e+00
6.088923999999999559e+00 2.555258750915527344e+00
6.094616000000000255e+00 2.565608024597167969e+00
6.098507999999999818e+00 2.565608024597167969e+00
6.104218000000000366e+00 2.565608024597167969e+00
6.109903000000000084e+00 2.570782661437988281e+00
6.115594999999999892e+00 2.565608024597167969e+00
6.121319999999999872e+00 2.565608024597167969e+00
6.127017999999999631e+00 2.565608024597167969e+00
6.132761999999999603e+00 2.565608024597167969e+00
6.138791999999999582e+00 2.565608024597167969e+00
6.144499999999999851e+00 2.565608024597167969e+00
6.150259000000000142e+00 2.560433387756347656e+00
6.155942999999999721e+00 2.560433387756347656e+00
6.161669999999999980e+00 2.560433387756347656e+00
6.167371000000000159e+00 2.560433387756347656e+00
6.173098999999999670e+00 2.555258750915527344e+00
6.178797999999999568e+00 2.555258750915527344e+00
6.182732999999999812e+00 2.560433387756347656e+00
6.188371000000000066e+00 2.560433387756347656e+00
6.194313000000000180e+00 2.565608024597167969e+00
6.205278999999999989e+00 2.565608024597167969e+00
6.211415999999999826e+00 2.570782661437988281e+00
6.219825000000000159e+00 2.565608024597167969e+00
6.231048000000000364e+00 2.565608024597167969e+00
6.239677000000000362e+00 2.565608024597167969e+00
6.256954000000000349e+00 2.555258750915527344e+00
6.268582000000000320e+00 2.560433387756347656e+00
6.278404000000000096e+00 2.560433387756347656e+00
6.284614000000000367e+00 2.560433387756347656e+00
6.288522000000000389e+00 2.560433387756347656e+00
6.294308000000000014e+00 2.565608024597167969e+00
6.300113999999999770e+00 2.565608024597167969e+00
6.305881000000000292e+00 2.565608024597167969e+00
6.311830999999999747e+00 2.565608024597167969e+00
6.320267000000000301e+00 2.570782661437988281e+00
6.326365000000000016e+00 2.565608024597167969e+00
6.332164999999999822e+00 2.565608024597167969e+00
6.337906000000000262e+00 2.565608024597167969e+00
6.343899000000000399e+00 2.560433387756347656e+00
6.349730000000000096e+00 2.555258750915527344e+00
6.355502999999999680e+00 2.555258750915527344e+00
6.361316999999999666e+00 2.560433387756347656e+00
6.367102000000000039e+00 2.560433387756347656e+00
6.372875999999999763e+00 2.560433387756347656e+00
6.378656999999999577e+00 2.560433387756347656e+00
6.384433999999999720e+00 2.560433387756347656e+00
6.390260999999999747e+00 2.560433387756347656e+00
6.396031999999999940e+00 2.565608024597167969e+00
6.401836000000000304e+00 2.565608024597167969e+00
6.407591000000000037e+00 2.570782661437988281e+00
6.413448999999999955e+00 2.565608024597167969e+00
6.419209999999999638e+00 2.565608024597167969e+00
6.425066000000000166e+00 2.565608024597167969e+00
6.434257999999999811e+00 2.565608024597167969e+00
6.440361000000000224e+00 2.565608024597167969e+00
6.446172999999999931e+00 2.560433387756347656e+00
6.452003000000000377e+00 2.565608024597167969e+00
6.457813999999999943e+00 2.560433387756347656e+00
6.463719000000000214e+00 2.560433387756347656e+00
6.469479999999999897e+00 2.560433387756347656e+00
6.475252000000000230e+00 2.560433387756347656e+00
6.481190999999999924e+00 2.560433387756347656e+00
6.487040000000000362e+00 2.560433387756347656e+00
6.492900999999999812e+00 2.560433387756347656e+00
6.498688999999999716e+00 2.565608024597167969e+00
6.504576000000000136e+00 2.565608024597167969e+00
6.510456999999999717e+00 2.565608024597167969e+00
6.516264999999999752e+00 2.565608024597167969e+00
6.522098999999999869e+00 2.565608024597167969e+00
6.527913999999999994e+00 2.565608024597167969e+00
6.531900000000000261e+00 2.565608024597167969e+00
6.537830999999999726e+00 2.565608024597167969e+00
6.546541000000000388e+00 2.565608024597167969e+00
6.552863999999999578e+00 2.560433387756347656e+00
6.558702000000000254e+00 2.560433387756347656e+00
6.564548000000000272e+00 2.560433387756347656e+00
6.570384999999999920e+00 2.560433387756347656e+00
6.576230999999999938e+00 2.565608024597167969e+00
6.582100999999999758e+00 2.560433387756347656e+00
6.586108000000000295e+00 2.555258750915527344e+00
6.591904000000000430e+00 2.565608024597167969e+00
6.595920999999999701e+00 2.565608024597167969e+00
6.601744000000000057e+00 2.565608024597167969e+00
6.605720999999999954e+00 2.565608024597167969e+00
6.611519999999999619e+00 2.565608024597167969e+00
6.615527000000000157e+00 2.565608024597167969e+00
6.621477999999999753e+00 2.570782661437988281e+00
6.627316999999999680e+00 2.570782661437988281e+00
6.633213999999999722e+00 2.570782661437988281e+00
6.639083000000000290e+00 2.570782661437988281e+00
6.644981999999999722e+00 2.565608024597167969e+00
6.650885999999999854e+00 2.560433387756347656e+00
6.657143999999999728e+00 2.560433387756347656e+00
6.666028999999999982e+00 2.555258750915527344e+00
6.672255999999999965e+00 2.555258750915527344e+00
6.678149000000000335e+00 2.555258750915527344e+00
6.684098999999999791e+00 2.560433387756347656e+00
6.690070000000000405e+00 2.560433387756347656e+00
6.694111000000000367e+00 2.565608024597167969e+00
6.700001000000000317e+00 2.565608024597167969e+00
6.705872000000000277e+00 2.570782661437988281e+00
6.711780000000000079e+00 2.565608024597167969e+00
6.717678000000000260e+00 2.570782661437988281e+00
6.723581000000000252e+00 2.565608024597167969e+00
6.729480999999999824e+00 2.565608024597167969e+00
6.735392000000000046e+00 2.570782661437988281e+00
6.741387999999999714e+00 2.565608024597167969e+00
6.747277999999999665e+00 2.560433387756347656e+00
6.753242000000000189e+00 2.555258750915527344e+00
6.759312999999999683e+00 2.560433387756347656e+00
6.765253000000000405e+00 2.560433387756347656e+00
6.771187000000000289e+00 2.555258750915527344e+00
6.780308999999999919e+00 2.555258750915527344e+00
6.786520000000000330e+00 2.560433387756347656e+00
6.792513999999999719e+00 2.565608024597167969e+00
6.798445000000000071e+00 2.565608024597167969e+00
6.804446000000000438e+00 2.565608024597167969e+00
6.810450000000000337e+00 2.570782661437988281e+00
6.816456999999999766e+00 2.565608024597167969e+00
6.822428000000000381e+00 2.570782661437988281e+00
6.828395000000000437e+00 2.565608024597167969e+00
6.834455000000000169e+00 2.565608024597167969e+00
6.838521000000000072e+00 2.565608024597167969e+00
6.844522999999999691e+00 2.560433387756347656e+00
6.850539000000000378e+00 2.555258750915527344e+00
6.856561000000000128e+00 2.555258750915527344e+00
6.862751000000000268e+00 2.555258750915527344e+00
6.868678000000000061e+00 2.560433387756347656e+00
6.874605999999999995e+00 2.565608024597167969e+00
6.880615999999999843e+00 2.560433387756347656e+00
6.886593999999999660e+00 2.560433387756347656e+00
6.895554999999999879e+00 2.565608024597167969e+00
6.901690999999999576e+00 2.565608024597167969e+00
6.905755000000000088e+00 2.565608024597167969e+00
6.912005999999999872e+00 2.565608024597167969e+00
6.918141999999999570e+00 2.565608024597167969e+00
6.924709000000000003e+00 2.565608024597167969e+00
6.931052000000000213e+00 2.565608024597167969e+00
6.937018000000000129e+00 2.565608024597167969e+00
6.943412999999999613e+00 2.565608024597167969e+00
6.949552999999999869e+00 2.560433387756347656e+00
6.955593999999999610e+00 2.560433387756347656e+00
6.961613999999999969e+00 2.565608024597167969e+00
6.967788999999999788e+00 2.565608024597167969e+00
6.971922000000000175e+00 2.565608024597167969e+00
6.977909000000000361e+00 2.560433387756347656e+00
6.984022999999999648e+00 2.560433387756347656e+00
6.990108000000000210e+00 2.560433387756347656e+00
6.996082999999999608e+00 2.565608024597167969e+00
7.000053000000000303e+00 2.565608024597167969e+00
7.004108999999999696e+00 2.565608024597167969e+00
7.013601999999999670e+00 2.565608024597167969e+00
7.019949000000000439e+00 2.565608024597167969e+00
7.026005999999999752e+00 2.565608024597167969e+00
7.032256000000000284e+00 2.565608024597167969e+00
7.036538000000000181e+00 2.565608024597167969e+00
7.040731000000000073e+00 2.565608024597167969e+00
7.044983000000000217e+00 2.565608024597167969e+00
7.049193999999999960e+00 2.565608024597167969e+00
7.055347000000000257e+00 2.560433387756347656e+00
7.061423999999999701e+00 2.565608024597167969e+00
7.065527000000000335e+00 2.565608024597167969e+00
7.071641999999999761e+00 2.560433387756347656e+00
7.077664000000000399e+00 2.565608024597167969e+00
7.083708999999999811e+00 2.555258750915527344e+00
7.089806000000000274e+00 2.560433387756347656e+00
7.095769999999999911e+00 2.560433387756347656e+00
7.101778999999999620e+00 2.565608024597167969e+00
7.107764999999999667e+00 2.565608024597167969e+00
7.113823000000000008e+00 2.565608024597167969e+00
7.119864999999999888e+00 2.565608024597167969e+00
7.128741999999999912e+00 2.570782661437988281e+00
7.134934000000000331e+00 2.565608024597167969e+00
7.141099999999999781e+00 2.565608024597167969e+00
7.147092999999999918e+00 2.560433387756347656e+00
7.153192999999999913e+00 2.565608024597167969e+00
7.159178999999999959e+00 2.560433387756347656e+00
7.163335000000000008e+00 2.560433387756347656e+00
7.167544000000000359e+00 2.555258750915527344e+00
7.173610000000000042e+00 2.555258750915527344e+00
7.179647000000000112e+00 2.560433387756347656e+00
7.183717999999999826e+00 2.560433387756347656e+00
7.189845000000000041e+00 2.555258750915527344e+00
7.195858999999999561e+00 2.565608024597167969e+00
7.201875000000000249e+00 2.565608024597167969e+00
7.207920999999999800e+00 2.565608024597167969e+00
7.214004000000000083e+00 2.565608024597167969e+00
7.222500000000000142e+00 2.570782661437988281e+00
7.236955000000000027e+00 2.565608024597167969e+00
7.246607000000000021e+00 2.565608024597167969e+00
7.258096000000000103e+00 2.555258750915527344e+00
7.265995000000000203e+00 2.560433387756347656e+00
7.283990000000000187e+00 2.560433387756347656e+00
7.292561000000000071e+00 2.560433387756347656e+00
7.298898999999999582e+00 2.565608024597167969e+00
7.305087000000000330e+00 2.565608024597167969e+00
7.311276999999999582e+00 2.570782661437988281e+00
7.317432000000000158e+00 2.570782661437988281e+00
7.323649999999999771e+00 2.575957298278808594e+00
7.329823000000000199e+00 2.710496902465820312e+00
7.335968000000000266e+00 3.305574417114257812e+00
7.342150000000000176e+00 4.790682792663574219e+00
7.346314999999999706e+00 4.790682792663574219e+00
7.352440999999999782e+00 4.790682792663574219e+00
7.358518000000000114e+00 4.790682792663574219e+00
7.364722999999999686e+00 4.790682792663574219e+00
7.370955999999999619e+00 4.790682792663574219e+00
7.377276000000000167e+00 4.790682792663574219e+00
7.383500999999999870e+00 4.790682792663574219e+00
7.389732000000000411e+00 4.795857429504394531e+00
7.398810000000000109e+00 4.795857429504394531e+00
7.405352999999999852e+00 4.801032066345214844e+00
7.411539999999999573e+00 4.801032066345214844e+00
7.417704999999999771e+00 4.795857429504394531e+00
7.423903000000000141e+00 4.795857429504394531e+00
7.430069999999999730e+00 4.790682792663574219e+00
7.436214999999999797e+00 4.795857429504394531e+00
7.440387000000000306e+00 4.790682792663574219e+00
7.446495999999999782e+00 4.790682792663574219e+00
7.452647999999999939e+00 4.790682792663574219e+00
7.458777999999999686e+00 4.790682792663574219e+00
7.464979999999999727e+00 4.790682792663574219e+00
7.469115999999999644e+00 4.790682792663574219e+00
7.473333000000000226e+00 4.790682792663574219e+00
7.479447999999999652e+00 4.790682792663574219e+00
7.485642000000000351e+00 4.790682792663574219e+00
7.491829000000000072e+00 4.801032066345214844e+00
7.497969000000000328e+00 4.801032066345214844e+00
7.504177999999999571e+00 4.795857429504394531e+00
7.510574000000000083e+00 4.795857429504394531e+00
7.519439000000000206e+00 4.795857429504394531e+00
7.526004999999999612e+00 4.795857429504394531e+00
7.530151000000000039e+00 4.795857429504394531e+00
7.536294999999999966e+00 4.795857429504394531e+00
7.542474000000000345e+00 4.790682792663574219e+00
7.548631999999999564e+00 4.790682792663574219e+00
7.554832000000000214e+00 4.790682792663574219e+00
7.561078000000000188e+00 4.795857429504394531e+00
7.567283999999999899e+00 4.790682792663574219e+00
7.573508999999999602e+00 4.790682792663574219e+00
7.579817000000000249e+00 4.790682792663574219e+00
7.587895999999999752e+00 4.785508155822753906e+00
7.595977999999999675e+00 4.795857429504394531e+00
7.604002999999999624e+00 4.795857429504394531e+00
7.612025000000000041e+00 4.795857429504394531e+00
7.620111999999999775e+00 4.795857429504394531e+00
7.628378999999999799e+00 4.801032066345214844e+00
7.640926999999999580e+00 4.795857429504394531e+00
7.649333000000000382e+00 4.795857429504394531e+00
7.654766999999999655e+00 4.790682792663574219e+00
7.662874999999999659e+00 4.795857429504394531e+00
7.671007000000000353e+00 4.790682792663574219e+00
7.679040999999999784e+00 4.790682792663574219e+00
7.686034000000000255e+00 4.790682792663574219e+00
7.692254000000000147e+00 4.795857429504394531e+00
7.698463000000000278e+00 4.795857429504394531e+00
7.702722999999999764e+00 4.795857429504394531e+00
