5.289999999999999564e-04 2.591481208801269531e+00
8.123999999999999277e-03 2.596655845642089844e+00
1.155899999999999983e-02 2.596655845642089844e+00
1.499999999999999944e-02 2.591481208801269531e+00
1.846499999999999878e-02 2.596655845642089844e+00
2.180500000000000146e-02 2.596655845642089844e+00
2.520299999999999971e-02 2.591481208801269531e+00
2.865799999999999945e-02 2.591481208801269531e+00
3.195599999999999830e-02 2.586306571960449219e+00
3.541300000000000003e-02 2.586306571960449219e+00
3.885999999999999871e-02 2.586306571960449219e+00
4.215599999999999903e-02 2.586306571960449219e+00
4.560499999999999970e-02 2.586306571960449219e+00
4.905799999999999744e-02 2.581131935119628906e+00
5.236899999999999888e-02 2.581131935119628906e+00
5.580899999999999750e-02 2.586306571960449219e+00
5.926100000000000118e-02 2.586306571960449219e+00
6.269900000000000473e-02 2.591481208801269531e+00
6.616900000000000559e-02 2.591481208801269531e+00
6.961799999999999933e-02 2.591481208801269531e+00
7.306400000000000394e-02 2.591481208801269531e+00
7.635699999999999432e-02 2.596655845642089844e+00
7.985000000000000431e-02 2.591481208801269531e+00
8.314499999999999669e-02 2.591481208801269531e+00
8.660500000000000143e-02 2.596655845642089844e+00
9.004600000000000104e-02 2.596655845642089844e+00
9.334099999999999342e-02 2.596655845642089844e+00
9.679500000000000604e-02 2.596655845642089844e+00
1.002470000000000028e-01 2.591481208801269531e+00
1.038619999999999960e-01 2.591481208801269531e+00
1.077660000000000007e-01 2.591481208801269531e+00
1.115130000000000010e-01 2.591481208801269531e+00
1.188059999999999949e-01 2.596655845642089844e+00
1.224179999999999990e-01 2.591481208801269531e+00
1.258559999999999957e-01 2.591481208801269531e+00
1.291499999999999870e-01 2.591481208801269531e+00
1.326029999999999986e-01 2.586306571960449219e+00
1.360619999999999885e-01 2.586306571960449219e+00
1.393550000000000066e-01 2.586306571960449219e+00
1.428030000000000133e-01 2.591481208801269531e+00
1.462569999999999981e-01 2.586306571960449219e+00
1.495470000000000133e-01 2.591481208801269531e+00
1.530040000000000011e-01 2.586306571960449219e+00
1.564639999999999920e-01 2.586306571960449219e+00
1.597520000000000051e-01 2.586306571960449219e+00
1.632020000000000137e-01 2.591481208801269531e+00
1.666569999999999996e-01 2.586306571960449219e+00
1.702680000000000027e-01 2.586306571960449219e+00
1.735970000000000013e-01 2.586306571960449219e+00
1.770500000000000129e-01 2.591481208801269531e+00
1.803470000000000073e-01 2.591481208801269531e+00
1.837979999999999892e-01 2.586306571960449219e+00
1.872570000000000068e-01 2.591481208801269531e+00
1.905519999999999992e-01 2.591481208801269531e+00
1.939960000000000018e-01 2.596655845642089844e+00
1.974519999999999886e-01 2.591481208801269531e+00
2.007500000000000118e-01 2.596655845642089844e+00
2.041969999999999896e-01 2.596655845642089844e+00
2.076490000000000002e-01 2.591481208801269531e+00
2.109429999999999916e-01 2.596655845642089844e+00
2.144159999999999955e-01 2.591481208801269531e+00
2.176859999999999906e-01 2.591481208801269531e+00
2.211480000000000112e-01 2.591481208801269531e+00
2.293850000000000056e-01 2.596655845642089844e+00
2.327919999999999989e-01 2.586306571960449219e+00
2.362480000000000135e-01 2.591481208801269531e+00
2.395400000000000029e-01 2.591481208801269531e+00
2.429870000000000085e-01 2.586306571960449219e+00
2.464429999999999954e-01 2.591481208801269531e+00
2.497320000000000095e-01 2.586306571960449219e+00
2.531880000000000241e-01 2.586306571960449219e+00
2.566419999999999813e-01 2.591481208801269531e+00
2.599270000000000191e-01 2.586306571960449219e+00
2.633789999999999742e-01 2.591481208801269531e+00
2.666609999999999814e-01 2.586306571960449219e+00
2.700380000000000003e-01 2.586306571960449219e+00
2.732990000000000141e-01 2.581131935119628906e+00
2.767479999999999940e-01 2.581131935119628906e+00
2.801980000000000026e-01 2.586306571960449219e+00
2.836529999999999885e-01 2.591481208801269531e+00
2.869499999999999829e-01 2.591481208801269531e+00
2.903979999999999895e-01 2.591481208801269531e+00
2.938640000000000141e-01 2.596655845642089844e+00
2.971509999999999985e-01 2.596655845642089844e+00
3.005970000000000031e-01 2.591481208801269531e+00
3.040559999999999929e-01 2.596655845642089844e+00
3.081169999999999742e-01 2.596655845642089844e+00
3.115669999999999829e-01 2.591481208801269531e+00
3.150169999999999915e-01 2.596655845642089844e+00
3.183099999999999818e-01 2.596655845642089844e+00
3.218230000000000257e-01 2.596655845642089844e+00
3.252209999999999823e-01 2.596655845642089844e+00
3.285049999999999915e-01 2.596655845642089844e+00
3.319619999999999793e-01 2.591481208801269531e+00
3.354139999999999899e-01 2.591481208801269531e+00
3.431500000000000106e-01 2.586306571960449219e+00
3.466009999999999924e-01 2.586306571960449219e+00
3.500530000000000030e-01 2.586306571960449219e+00
3.533519999999999994e-01 2.586306571960449219e+00
3.568040000000000100e-01 2.586306571960449219e+00
3.602589999999999959e-01 2.586306571960449219e+00
3.635820000000000163e-01 2.581131935119628906e+00
3.670410000000000061e-01 2.581131935119628906e+00
3.703620000000000245e-01 2.586306571960449219e+00
3.737809999999999744e-01 2.586306571960449219e+00
3.772360000000000158e-01 2.586306571960449219e+00
3.805279999999999774e-01 2.586306571960449219e+00
3.839799999999999880e-01 2.591481208801269531e+00
3.874429999999999819e-01 2.591481208801269531e+00
3.982720000000000149e-01 2.601830482482910156e+00
4.052490000000000259e-01 2.596655845642089844e+00
4.087350000000000150e-01 2.596655845642089844e+00
4.148140000000000160e-01 2.596655845642089844e+00
4.183959999999999901e-01 2.596655845642089844e+00
4.217859999999999943e-01 2.596655845642089844e+00
4.259339999999999793e-01 2.596655845642089844e+00
4.293750000000000067e-01 2.596655845642089844e+00
4.328299999999999925e-01 2.591481208801269531e+00
4.361329999999999929e-01 2.586306571960449219e+00
4.396090000000000275e-01 2.586306571960449219e+00
4.429040000000000199e-01 2.586306571960449219e+00
4.463449999999999918e-01 2.586306571960449219e+00
4.540950000000000264e-01 2.581131935119628906e+00
4.575339999999999963e-01 2.586306571960449219e+00
4.610190000000000121e-01 2.581131935119628906e+00
4.646480000000000055e-01 2.586306571960449219e+00
4.679240000000000066e-01 2.581131935119628906e+00
4.713809999999999945e-01 2.581131935119628906e+00
4.749840000000000173e-01 2.586306571960449219e+00
4.784300000000000219e-01 2.586306571960449219e+00
4.817739999999999800e-01 2.591481208801269531e+00
4.851800000000000002e-01 2.596655845642089844e+00
4.886329999999999840e-01 2.596655845642089844e+00
4.919310000000000072e-01 2.596655845642089844e+00
4.953679999999999750e-01 2.591481208801269531e+00
4.988230000000000164e-01 2.596655845642089844e+00
5.021269999999999900e-01 2.596655845642089844e+00
5.055709999999999926e-01 2.596655845642089844e+00
5.090219999999999745e-01 2.596655845642089844e+00
5.123220000000000551e-01 2.596655845642089844e+00
5.157680000000000042e-01 2.596655845642089844e+00
5.191999999999999948e-01 2.591481208801269531e+00
5.226779999999999760e-01 2.591481208801269531e+00
5.261160000000000281e-01 2.596655845642089844e+00
5.295600000000000307e-01 2.596655845642089844e+00
5.330240000000000533e-01 2.586306571960449219e+00
5.363229999999999942e-01 2.586306571960449219e+00
5.397699999999999720e-01 2.586306571960449219e+00
5.432090000000000529e-01 2.586306571960449219e+00
5.465039999999999898e-01 2.581131935119628906e+00
5.499519999999999964e-01 2.581131935119628906e+00
5.534050000000000358e-01 2.581131935119628906e+00
5.610209999999999919e-01 2.586306571960449219e+00
5.646139999999999493e-01 2.591481208801269531e+00
5.679199999999999804e-01 2.591481208801269531e+00
5.713719999999999910e-01 2.586306571960449219e+00
5.749779999999999891e-01 2.586306571960449219e+00
5.784289999999999710e-01 2.591481208801269531e+00
5.817780000000000173e-01 2.591481208801269531e+00
5.851750000000000007e-01 2.596655845642089844e+00
5.886230000000000073e-01 2.596655845642089844e+00
5.919180000000000552e-01 2.596655845642089844e+00
5.953640000000000043e-01 2.596655845642089844e+00
5.988120000000000109e-01 2.591481208801269531e+00
6.021199999999999886e-01 2.591481208801269531e+00
6.055629999999999624e-01 2.596655845642089844e+00
6.090029999999999610e-01 2.591481208801269531e+00
6.124640000000000084e-01 2.591481208801269531e+00
6.157580000000000275e-01 2.591481208801269531e+00
6.192020000000000302e-01 2.591481208801269531e+00
6.226739999999999498e-01 2.591481208801269531e+00
6.259639999999999649e-01 2.591481208801269531e+00
6.294089999999999963e-01 2.591481208801269531e+00
6.328770000000000229e-01 2.586306571960449219e+00
6.363140000000000462e-01 2.581131935119628906e+00
6.397669999999999746e-01 2.581131935119628906e+00
6.432120000000000060e-01 2.586306571960449219e+00
6.465100000000000291e-01 2.586306571960449219e+00
6.499899999999999567e-01 2.586306571960449219e+00
6.534470000000000001e-01 2.591481208801269531e+00
6.567460000000000520e-01 2.586306571960449219e+00
6.601890000000000258e-01 2.591481208801269531e+00
6.636560000000000237e-01 2.586306571960449219e+00
6.669399999999999773e-01 2.586306571960449219e+00
6.744360000000000355e-01 2.586306571960449219e+00
6.779619999999999536e-01 2.591481208801269531e+00
6.814320000000000377e-01 2.591481208801269531e+00
6.850420000000000398e-01 2.591481208801269531e+00
6.883340000000000014e-01 2.591481208801269531e+00
6.918370000000000353e-01 2.591481208801269531e+00
6.952329999999999899e-01 2.591481208801269531e+00
6.985249999999999515e-01 2.591481208801269531e+00
7.019840000000000524e-01 2.591481208801269531e+00
7.054289999999999727e-01 2.591481208801269531e+00
7.087210000000000454e-01 2.591481208801269531e+00
7.121800000000000352e-01 2.586306571960449219e+00
7.156219999999999803e-01 2.591481208801269531e+00
7.189069999999999627e-01 2.591481208801269531e+00
7.223760000000000181e-01 2.591481208801269531e+00
7.258179999999999632e-01 2.591481208801269531e+00
7.291100000000000358e-01 2.596655845642089844e+00
7.327190000000000092e-01 2.586306571960449219e+00
7.361680000000000446e-01 2.586306571960449219e+00
7.396220000000000017e-01 2.586306571960449219e+00
7.429080000000000128e-01 2.586306571960449219e+00
7.464049999999999851e-01 2.586306571960449219e+00
7.498519999999999630e-01 2.586306571960449219e+00
7.531449999999999534e-01 2.586306571960449219e+00
7.565990000000000215e-01 2.586306571960449219e+00
7.600470000000000281e-01 2.591481208801269531e+00
7.633440000000000225e-01 2.586306571960449219e+00
7.667950000000000044e-01 2.586306571960449219e+00
7.702459999999999862e-01 2.586306571960449219e+00
7.738610000000000211e-01 2.586306571960449219e+00
7.771489999999999787e-01 2.586306571960449219e+00
7.807849999999999513e-01 2.586306571960449219e+00
7.880530000000000035e-01 2.586306571960449219e+00
7.916429999999999856e-01 2.591481208801269531e+00
7.952460000000000084e-01 2.591481208801269531e+00
7.985449999999999493e-01 2.586306571960449219e+00
8.019920000000000382e-01 2.591481208801269531e+00
8.054550000000000320e-01 2.591481208801269531e+00
8.087410000000000432e-01 2.591481208801269531e+00
8.121950000000000003e-01 2.591481208801269531e+00
8.156440000000000357e-01 2.591481208801269531e+00
8.189560000000000173e-01 2.591481208801269531e+00
8.224010000000000487e-01 2.591481208801269531e+00
8.258499999999999730e-01 2.591481208801269531e+00
8.291380000000000416e-01 2.591481208801269531e+00
8.325900000000000523e-01 2.586306571960449219e+00
8.360429999999999806e-01 2.586306571960449219e+00
8.393410000000000037e-01 2.591481208801269531e+00
8.428219999999999601e-01 2.586306571960449219e+00
8.461170000000000080e-01 2.586306571960449219e+00
8.495669999999999611e-01 2.586306571960449219e+00
8.530210000000000292e-01 2.586306571960449219e+00
8.563220000000000276e-01 2.581131935119628906e+00
8.597679999999999767e-01 2.581131935119628906e+00
8.632100000000000328e-01 2.581131935119628906e+00
8.665070000000000272e-01 2.581131935119628906e+00
8.699569999999999803e-01 2.581131935119628906e+00
8.734359999999999902e-01 2.581131935119628906e+00
8.768610000000000015e-01 2.581131935119628906e+00
8.801550000000000207e-01 2.586306571960449219e+00
8.836039999999999450e-01 2.586306571960449219e+00
8.870609999999999884e-01 2.591481208801269531e+00
8.903600000000000403e-01 2.591481208801269531e+00
8.981059999999999599e-01 2.591481208801269531e+00
9.015499999999999625e-01 2.591481208801269531e+00
9.050049999999999484e-01 2.596655845642089844e+00
9.084499999999999797e-01 2.591481208801269531e+00
9.117990000000000261e-01 2.596655845642089844e+00
9.152029999999999887e-01 2.591481208801269531e+00
9.186549999999999994e-01 2.591481208801269531e+00
9.219420000000000393e-01 2.591481208801269531e+00
9.254000000000000004e-01 2.596655845642089844e+00
9.288509999999999822e-01 2.596655845642089844e+00
9.321669999999999678e-01 2.586306571960449219e+00
9.356409999999999449e-01 2.586306571960449219e+00
9.389389999999999681e-01 2.581131935119628906e+00
9.423869999999999747e-01 2.581131935119628906e+00
9.458419999999999606e-01 2.581131935119628906e+00
9.491349999999999509e-01 2.581131935119628906e+00
9.525810000000000111e-01 2.581131935119628906e+00
9.560349999999999682e-01 2.575957298278808594e+00
9.593270000000000408e-01 2.575957298278808594e+00
9.627750000000000474e-01 2.575957298278808594e+00
9.662279999999999758e-01 2.575957298278808594e+00
9.695169999999999622e-01 2.575957298278808594e+00
9.729769999999999808e-01 2.581131935119628906e+00
9.764260000000000161e-01 2.581131935119628906e+00
9.797160000000000313e-01 2.581131935119628906e+00
9.831659999999999844e-01 2.591481208801269531e+00
9.866219999999999990e-01 2.596655845642089844e+00
9.899200000000000221e-01 2.596655845642089844e+00
9.933619999999999672e-01 2.591481208801269531e+00
9.968139999999999779e-01 2.591481208801269531e+00
1.000105000000000022e+00 2.591481208801269531e+00
1.003713999999999995e+00 2.596655845642089844e+00
1.012397999999999909e+00 2.596655845642089844e+00
1.016966000000000037e+00 2.591481208801269531e+00
1.021101999999999954e+00 2.591481208801269531e+00
1.025641000000000025e+00 2.586306571960449219e+00
1.029751000000000083e+00 2.591481208801269531e+00
1.033927000000000040e+00 2.581131935119628906e+00
1.038046999999999942e+00 2.575957298278808594e+00
1.042272000000000087e+00 2.575957298278808594e+00
1.046397000000000022e+00 2.575957298278808594e+00
1.050486999999999949e+00 2.575957298278808594e+00
1.054664999999999964e+00 2.581131935119628906e+00
1.058821000000000012e+00 2.575957298278808594e+00
1.062985000000000069e+00 2.581131935119628906e+00
1.067142999999999953e+00 2.581131935119628906e+00
1.071229999999999905e+00 2.581131935119628906e+00
1.075517000000000056e+00 2.581131935119628906e+00
1.079665000000000097e+00 2.581131935119628906e+00
1.083860999999999963e+00 2.591481208801269531e+00
1.088008000000000086e+00 2.591481208801269531e+00
1.092230000000000034e+00 2.591481208801269531e+00
1.096422000000000008e+00 2.591481208801269531e+00
1.100565999999999933e+00 2.591481208801269531e+00
1.104778999999999956e+00 2.591481208801269531e+00
1.108961000000000086e+00 2.591481208801269531e+00
1.113127999999999895e+00 2.586306571960449219e+00
1.117272999999999961e+00 2.586306571960449219e+00
1.121429999999999927e+00 2.591481208801269531e+00
1.130376999999999965e+00 2.586306571960449219e+00
1.134813999999999989e+00 2.575957298278808594e+00
1.139027000000000012e+00 2.581131935119628906e+00
1.143245000000000067e+00 2.575957298278808594e+00
1.147431000000000090e+00 2.575957298278808594e+00
1.151648999999999923e+00 2.581131935119628906e+00
1.155982999999999983e+00 2.581131935119628906e+00
1.160187000000000079e+00 2.581131935119628906e+00
1.164841000000000015e+00 2.586306571960449219e+00
1.170026999999999928e+00 2.581131935119628906e+00
1.174339999999999939e+00 2.586306571960449219e+00
1.178298999999999985e+00 2.581131935119628906e+00
1.181951999999999892e+00 2.586306571960449219e+00
1.185537000000000063e+00 2.591481208801269531e+00
1.189111999999999947e+00 2.591481208801269531e+00
1.192717000000000027e+00 2.586306571960449219e+00
1.196293000000000051e+00 2.586306571960449219e+00
1.199872999999999967e+00 2.586306571960449219e+00
1.203478000000000048e+00 2.586306571960449219e+00
1.207071999999999923e+00 2.586306571960449219e+00
1.210679000000000061e+00 2.586306571960449219e+00
1.214439000000000046e+00 2.586306571960449219e+00
1.218039000000000094e+00 2.586306571960449219e+00
1.221645000000000092e+00 2.586306571960449219e+00
1.225397999999999987e+00 2.586306571960449219e+00
1.229190000000000005e+00 2.586306571960449219e+00
1.232814000000000076e+00 2.581131935119628906e+00
1.236409000000000091e+00 2.586306571960449219e+00
1.240056000000000047e+00 2.581131935119628906e+00
1.246733000000000091e+00 2.581131935119628906e+00
1.250423000000000062e+00 2.581131935119628906e+00
1.254177000000000097e+00 2.586306571960449219e+00
1.257816999999999963e+00 2.581131935119628906e+00
1.261446000000000067e+00 2.586306571960449219e+00
1.265107999999999899e+00 2.581131935119628906e+00
1.268731000000000053e+00 2.581131935119628906e+00
1.272412000000000099e+00 2.581131935119628906e+00
1.276059000000000054e+00 2.581131935119628906e+00
1.279687999999999937e+00 2.581131935119628906e+00
1.283344000000000040e+00 2.581131935119628906e+00
1.286988000000000021e+00 2.586306571960449219e+00
1.290605999999999920e+00 2.586306571960449219e+00
1.294307000000000096e+00 2.586306571960449219e+00
1.297951999999999995e+00 2.586306571960449219e+00
1.301582999999999934e+00 2.586306571960449219e+00
1.305274999999999963e+00 2.586306571960449219e+00
1.308942000000000050e+00 2.586306571960449219e+00
1.312610000000000054e+00 2.586306571960449219e+00
1.316262999999999961e+00 2.586306571960449219e+00
1.319922000000000040e+00 2.591481208801269531e+00
1.323663000000000034e+00 2.591481208801269531e+00
1.327415999999999929e+00 2.591481208801269531e+00
1.331261000000000028e+00 2.591481208801269531e+00
1.335007000000000055e+00 2.581131935119628906e+00
1.338661000000000101e+00 2.586306571960449219e+00
1.342405000000000070e+00 2.581131935119628906e+00
1.346070000000000100e+00 2.581131935119628906e+00
1.349741000000000080e+00 2.575957298278808594e+00
1.353420000000000067e+00 2.581131935119628906e+00
1.357302999999999926e+00 2.575957298278808594e+00
1.363912999999999931e+00 2.575957298278808594e+00
1.367675999999999892e+00 2.575957298278808594e+00
1.371407999999999960e+00 2.575957298278808594e+00
1.375227999999999895e+00 2.575957298278808594e+00
1.378916000000000031e+00 2.575957298278808594e+00
1.382611999999999952e+00 2.575957298278808594e+00
1.386301000000000005e+00 2.586306571960449219e+00
1.390030000000000099e+00 2.586306571960449219e+00
1.393912000000000040e+00 2.586306571960449219e+00
1.400706999999999924e+00 2.591481208801269531e+00
1.407237000000000071e+00 2.591481208801269531e+00
1.412722000000000033e+00 2.591481208801269531e+00
1.422946000000000044e+00 2.591481208801269531e+00
1.427499000000000073e+00 2.591481208801269531e+00
1.431284000000000001e+00 2.586306571960449219e+00
1.435106999999999911e+00 2.581131935119628906e+00
1.438830999999999971e+00 2.581131935119628906e+00
1.442585999999999924e+00 2.575957298278808594e+00
1.446309999999999985e+00 2.575957298278808594e+00
1.450042999999999971e+00 2.570782661437988281e+00
1.453851000000000004e+00 2.575957298278808594e+00
1.457584999999999908e+00 2.575957298278808594e+00
1.461317999999999895e+00 2.575957298278808594e+00
1.465135000000000076e+00 2.575957298278808594e+00
1.468871999999999955e+00 2.575957298278808594e+00
1.475705000000000044e+00 2.575957298278808594e+00
1.479611999999999927e+00 2.575957298278808594e+00
1.483363999999999905e+00 2.581131935119628906e+00
1.487104999999999899e+00 2.586306571960449219e+00
1.490852000000000066e+00 2.591481208801269531e+00
1.494669999999999943e+00 2.591481208801269531e+00
1.498413999999999913e+00 2.591481208801269531e+00
1.502207999999999988e+00 2.591481208801269531e+00
1.505962000000000023e+00 2.591481208801269531e+00
1.509708000000000050e+00 2.586306571960449219e+00
1.513460000000000027e+00 2.591481208801269531e+00
1.517207999999999890e+00 2.586306571960449219e+00
1.520968000000000098e+00 2.591481208801269531e+00
1.524796999999999958e+00 2.586306571960449219e+00
1.528561999999999976e+00 2.586306571960449219e+00
1.532407999999999992e+00 2.575957298278808594e+00
1.536175999999999986e+00 2.575957298278808594e+00
1.539938000000000029e+00 2.575957298278808594e+00
1.543843999999999994e+00 2.575957298278808594e+00
1.547611000000000070e+00 2.575957298278808594e+00
1.551382999999999956e+00 2.570782661437988281e+00
1.555234000000000005e+00 2.575957298278808594e+00
1.559045999999999932e+00 2.575957298278808594e+00
1.562845000000000040e+00 2.575957298278808594e+00
1.566632999999999942e+00 2.575957298278808594e+00
1.570424000000000042e+00 2.575957298278808594e+00
1.574279999999999902e+00 2.575957298278808594e+00
1.578076000000000034e+00 2.581131935119628906e+00
1.581914999999999960e+00 2.581131935119628906e+00
1.588808999999999916e+00 2.581131935119628906e+00
1.592705999999999955e+00 2.586306571960449219e+00
1.596568999999999905e+00 2.591481208801269531e+00
1.600365999999999955e+00 2.586306571960449219e+00
1.604225999999999930e+00 2.586306571960449219e+00
1.608049999999999979e+00 2.586306571960449219e+00
1.611927000000000110e+00 2.586306571960449219e+00
1.615753999999999913e+00 2.581131935119628906e+00
1.619579000000000102e+00 2.581131935119628906e+00
1.623421999999999921e+00 2.581131935119628906e+00
1.627250000000000085e+00 2.581131935119628906e+00
1.631081999999999921e+00 2.575957298278808594e+00
1.635181999999999913e+00 2.575957298278808594e+00
1.639013000000000053e+00 2.575957298278808594e+00
1.642899000000000109e+00 2.570782661437988281e+00
1.646735999999999978e+00 2.575957298278808594e+00
1.650573999999999986e+00 2.570782661437988281e+00
1.654470000000000107e+00 2.581131935119628906e+00
1.658301000000000025e+00 2.575957298278808594e+00
1.662196999999999925e+00 2.581131935119628906e+00
1.666128000000000053e+00 2.575957298278808594e+00
1.669966999999999979e+00 2.581131935119628906e+00
1.673880999999999952e+00 2.575957298278808594e+00
1.677729999999999944e+00 2.581131935119628906e+00
1.681572000000000067e+00 2.581131935119628906e+00
1.685456000000000065e+00 2.586306571960449219e+00
1.689313999999999982e+00 2.591481208801269531e+00
1.693216000000000054e+00 2.586306571960449219e+00
1.697065000000000046e+00 2.586306571960449219e+00
1.704131999999999980e+00 2.575957298278808594e+00
1.708091999999999944e+00 2.581131935119628906e+00
1.712069999999999981e+00 2.581131935119628906e+00
1.715937999999999963e+00 2.581131935119628906e+00
1.719781999999999922e+00 2.586306571960449219e+00
1.723711999999999911e+00 2.586306571960449219e+00
1.727584999999999926e+00 2.586306571960449219e+00
1.731459000000000081e+00 2.586306571960449219e+00
1.735427000000000053e+00 2.570782661437988281e+00
1.739287000000000027e+00 2.581131935119628906e+00
1.743211999999999984e+00 2.581131935119628906e+00
1.747106000000000048e+00 2.575957298278808594e+00
1.750993000000000022e+00 2.575957298278808594e+00
1.754934999999999912e+00 2.575957298278808594e+00
1.758806000000000092e+00 2.575957298278808594e+00
1.762715000000000032e+00 2.575957298278808594e+00
1.766594999999999915e+00 2.575957298278808594e+00
1.770483000000000029e+00 2.581131935119628906e+00
1.774434999999999985e+00 2.586306571960449219e+00
1.778319999999999901e+00 2.581131935119628906e+00
1.782256999999999980e+00 2.575957298278808594e+00
1.786143000000000036e+00 2.581131935119628906e+00
1.790033999999999903e+00 2.581131935119628906e+00
1.794010000000000105e+00 2.586306571960449219e+00
1.797903000000000029e+00 2.586306571960449219e+00
1.801841000000000026e+00 2.581131935119628906e+00
1.805754999999999999e+00 2.586306571960449219e+00
1.809755000000000003e+00 2.581131935119628906e+00
1.816872999999999960e+00 2.581131935119628906e+00
1.821180000000000021e+00 2.586306571960449219e+00
1.825288000000000022e+00 2.586306571960449219e+00
1.829261999999999944e+00 2.586306571960449219e+00
1.833239999999999981e+00 2.575957298278808594e+00
1.837404000000000037e+00 2.581131935119628906e+00
1.841399999999999926e+00 2.575957298278808594e+00
1.845452000000000092e+00 2.581131935119628906e+00
1.849426000000000014e+00 2.575957298278808594e+00
1.853412000000000059e+00 2.575957298278808594e+00
1.857382000000000088e+00 2.575957298278808594e+00
1.861366999999999994e+00 2.575957298278808594e+00
1.865472999999999937e+00 2.570782661437988281e+00
1.869455000000000089e+00 2.570782661437988281e+00
1.873404999999999987e+00 2.575957298278808594e+00
1.877382000000000106e+00 2.570782661437988281e+00
1.881404999999999994e+00 2.575957298278808594e+00
1.886279999999999957e+00 2.575957298278808594e+00
1.891021999999999981e+00 2.581131935119628906e+00
1.895909000000000066e+00 2.581131935119628906e+00
1.900665999999999967e+00 2.575957298278808594e+00
1.905513999999999930e+00 2.586306571960449219e+00
1.910273000000000110e+00 2.586306571960449219e+00
1.915102000000000082e+00 2.586306571960449219e+00
1.919845000000000024e+00 2.586306571960449219e+00
1.929540999999999951e+00 2.581131935119628906e+00
1.934784999999999977e+00 2.581131935119628906e+00
1.939843999999999902e+00 2.575957298278808594e+00
1.944750999999999896e+00 2.575957298278808594e+00
1.949543000000000026e+00 2.570782661437988281e+00
1.954412999999999956e+00 2.570782661437988281e+00
1.959244999999999903e+00 2.570782661437988281e+00
1.964161000000000046e+00 2.570782661437988281e+00
1.968990999999999936e+00 2.570782661437988281e+00
1.973811999999999900e+00 2.570782661437988281e+00
1.978664999999999896e+00 2.575957298278808594e+00
1.983279000000000014e+00 2.575957298278808594e+00
1.987281999999999993e+00 2.581131935119628906e+00
1.991270000000000095e+00 2.586306571960449219e+00
1.995393999999999890e+00 2.586306571960449219e+00
1.999408000000000074e+00 2.581131935119628906e+00
2.003422000000000036e+00 2.586306571960449219e+00
2.007414999999999949e+00 2.586306571960449219e+00
2.011445999999999845e+00 2.586306571960449219e+00
2.015518999999999838e+00 2.586306571960449219e+00
2.019506999999999941e+00 2.586306571960449219e+00
2.023524999999999796e+00 2.586306571960449219e+00
2.026628999999999792e+00 2.586306571960449219e+00
2.030645999999999951e+00 2.581131935119628906e+00
2.034683999999999937e+00 2.575957298278808594e+00
2.042155000000000165e+00 2.575957298278808594e+00
2.046534999999999993e+00 2.570782661437988281e+00
2.050545000000000062e+00 2.570782661437988281e+00
2.054625000000000146e+00 2.570782661437988281e+00
2.058678000000000008e+00 2.575957298278808594e+00
2.062723000000000084e+00 2.575957298278808594e+00
2.066755999999999815e+00 2.575957298278808594e+00
2.069856000000000140e+00 2.575957298278808594e+00
2.073964999999999836e+00 2.575957298278808594e+00
2.078081000000000067e+00 2.575957298278808594e+00
2.082171000000000216e+00 2.581131935119628906e+00
2.086212999999999873e+00 2.586306571960449219e+00
2.090263000000000204e+00 2.586306571960449219e+00
2.094390999999999892e+00 2.586306571960449219e+00
2.098437000000000108e+00 2.581131935119628906e+00
2.102558000000000149e+00 2.581131935119628906e+00
2.105545999999999918e+00 2.586306571960449219e+00
2.109579999999999789e+00 2.586306571960449219e+00
2.113663999999999987e+00 2.586306571960449219e+00
2.117685999999999957e+00 2.581131935119628906e+00
2.121805000000000163e+00 2.581131935119628906e+00
2.125884000000000107e+00 2.575957298278808594e+00
2.129970999999999837e+00 2.581131935119628906e+00
2.134097000000000133e+00 2.570782661437988281e+00
2.138164999999999871e+00 2.570782661437988281e+00
2.142310999999999854e+00 2.570782661437988281e+00
2.146471000000000018e+00 2.570782661437988281e+00
2.150509000000000004e+00 2.570782661437988281e+00
2.157719000000000165e+00 2.575957298278808594e+00
2.162072000000000216e+00 2.575957298278808594e+00
2.166180000000000216e+00 2.575957298278808594e+00
2.170265999999999806e+00 2.575957298278808594e+00
2.173455999999999833e+00 2.575957298278808594e+00
2.177531000000000105e+00 2.575957298278808594e+00
2.181592000000000198e+00 2.581131935119628906e+00
2.185728999999999811e+00 2.586306571960449219e+00
2.188832999999999807e+00 2.581131935119628906e+00
2.192956999999999823e+00 2.586306571960449219e+00
2.197062999999999988e+00 2.586306571960449219e+00
2.201144999999999907e+00 2.575957298278808594e+00
2.205411999999999928e+00 2.581131935119628906e+00
2.209534999999999805e+00 2.581131935119628906e+00
2.213673000000000002e+00 2.575957298278808594e+00
2.216807000000000194e+00 2.575957298278808594e+00
2.220927000000000096e+00 2.581131935119628906e+00
2.225077999999999889e+00 2.581131935119628906e+00
2.228228999999999793e+00 2.581131935119628906e+00
2.232403999999999833e+00 2.575957298278808594e+00
2.236546999999999841e+00 2.575957298278808594e+00
2.239656999999999787e+00 2.575957298278808594e+00
2.243866000000000138e+00 2.570782661437988281e+00
2.248038000000000203e+00 2.575957298278808594e+00
2.252194999999999947e+00 2.570782661437988281e+00
2.256324000000000218e+00 2.581131935119628906e+00
2.260466999999999782e+00 2.575957298278808594e+00
2.264637000000000011e+00 2.575957298278808594e+00
2.268921999999999883e+00 2.575957298278808594e+00
2.276041999999999899e+00 2.575957298278808594e+00
2.280400999999999900e+00 2.575957298278808594e+00
2.284612999999999783e+00 2.575957298278808594e+00
2.288778000000000201e+00 2.575957298278808594e+00
2.292978999999999878e+00 2.581131935119628906e+00
2.297152999999999778e+00 2.581131935119628906e+00
2.301325999999999983e+00 2.581131935119628906e+00
2.305552000000000046e+00 2.581131935119628906e+00
2.309753999999999863e+00 2.581131935119628906e+00
2.313975000000000115e+00 2.575957298278808594e+00
2.318156999999999801e+00 2.575957298278808594e+00
2.322398999999999880e+00 2.581131935119628906e+00
2.326604000000000116e+00 2.581131935119628906e+00
2.330805999999999933e+00 2.581131935119628906e+00
2.335036000000000111e+00 2.575957298278808594e+00
2.339210000000000012e+00 2.575957298278808594e+00
2.343430000000000124e+00 2.575957298278808594e+00
2.347675999999999874e+00 2.570782661437988281e+00
2.350849000000000188e+00 2.570782661437988281e+00
2.355084000000000177e+00 2.575957298278808594e+00
2.358210000000000139e+00 2.575957298278808594e+00
2.362502999999999798e+00 2.575957298278808594e+00
2.366670000000000051e+00 2.575957298278808594e+00
2.369820999999999955e+00 2.570782661437988281e+00
2.374048999999999854e+00 2.570782661437988281e+00
2.378242000000000189e+00 2.570782661437988281e+00
2.382470999999999783e+00 2.575957298278808594e+00
2.385618000000000016e+00 2.575957298278808594e+00
2.392895000000000216e+00 2.581131935119628906e+00
2.397533999999999832e+00 2.575957298278808594e+00
2.404882999999999882e+00 2.581131935119628906e+00
2.411573999999999884e+00 2.581131935119628906e+00
2.417758000000000074e+00 2.581131935119628906e+00
2.424329999999999874e+00 2.586306571960449219e+00
2.429335000000000022e+00 2.586306571960449219e+00
2.433692000000000188e+00 2.575957298278808594e+00
2.438000999999999863e+00 2.575957298278808594e+00
2.441216999999999970e+00 2.575957298278808594e+00
2.445647999999999822e+00 2.575957298278808594e+00
2.449860000000000149e+00 2.570782661437988281e+00
2.454365999999999826e+00 2.570782661437988281e+00
2.457645999999999997e+00 2.570782661437988281e+00
2.462009000000000114e+00 2.570782661437988281e+00
2.466231000000000062e+00 2.570782661437988281e+00
2.470442999999999945e+00 2.570782661437988281e+00
2.474734999999999907e+00 2.570782661437988281e+00
2.478955000000000020e+00 2.570782661437988281e+00
2.483195999999999959e+00 2.575957298278808594e+00
2.487426999999999833e+00 2.575957298278808594e+00
2.491630999999999929e+00 2.581131935119628906e+00
2.495973000000000219e+00 2.581131935119628906e+00
2.500204000000000093e+00 2.581131935119628906e+00
2.507299000000000166e+00 2.586306571960449219e+00
2.511592999999999964e+00 2.581131935119628906e+00
2.515871000000000191e+00 2.581131935119628906e+00
2.520080000000000098e+00 2.581131935119628906e+00
2.524345999999999979e+00 2.581131935119628906e+00
2.528557000000000166e+00 2.581131935119628906e+00
2.532779999999999809e+00 2.575957298278808594e+00
2.536020999999999859e+00 2.570782661437988281e+00
2.540236999999999856e+00 2.570782661437988281e+00
2.544519000000000197e+00 2.570782661437988281e+00
2.548742999999999981e+00 2.570782661437988281e+00
2.552973999999999855e+00 2.565608024597167969e+00
2.557338999999999807e+00 2.570782661437988281e+00
2.561564999999999870e+00 2.570782661437988281e+00
2.565841999999999956e+00 2.570782661437988281e+00
2.569029000000000007e+00 2.570782661437988281e+00
2.573262999999999856e+00 2.570782661437988281e+00
2.577491000000000199e+00 2.570782661437988281e+00
2.581789999999999807e+00 2.575957298278808594e+00
2.586075000000000124e+00 2.581131935119628906e+00
2.590316000000000063e+00 2.586306571960449219e+00
2.594632999999999967e+00 2.581131935119628906e+00
2.598894000000000037e+00 2.581131935119628906e+00
2.603164000000000033e+00 2.575957298278808594e+00
2.607422000000000128e+00 2.586306571960449219e+00
2.611689999999999845e+00 2.581131935119628906e+00
2.615998999999999963e+00 2.581131935119628906e+00
2.623273999999999884e+00 2.575957298278808594e+00
2.627688000000000024e+00 2.575957298278808594e+00
2.632106999999999974e+00 2.575957298278808594e+00
2.636426000000000158e+00 2.570782661437988281e+00
2.640740999999999783e+00 2.575957298278808594e+00
2.645065000000000222e+00 2.570782661437988281e+00
2.649375000000000036e+00 2.570782661437988281e+00
2.653696000000000055e+00 2.570782661437988281e+00
2.658036000000000065e+00 2.570782661437988281e+00
2.662386999999999837e+00 2.575957298278808594e+00
2.665674999999999795e+00 2.575957298278808594e+00
2.669989999999999863e+00 2.575957298278808594e+00
2.674357999999999791e+00 2.575957298278808594e+00
2.678668000000000049e+00 2.570782661437988281e+00
2.683002999999999805e+00 2.581131935119628906e+00
2.686297000000000157e+00 2.581131935119628906e+00
2.691545000000000076e+00 2.581131935119628906e+00
2.696914000000000033e+00 2.581131935119628906e+00
2.702281000000000155e+00 2.581131935119628906e+00
2.707578999999999958e+00 2.575957298278808594e+00
2.712975000000000136e+00 2.575957298278808594e+00
2.718253999999999948e+00 2.575957298278808594e+00
2.723565999999999931e+00 2.575957298278808594e+00
2.728852999999999973e+00 2.575957298278808594e+00
2.734182999999999808e+00 2.570782661437988281e+00
2.743867999999999974e+00 2.565608024597167969e+00
2.749608999999999970e+00 2.570782661437988281e+00
2.754982000000000042e+00 2.570782661437988281e+00
2.760318999999999967e+00 2.570782661437988281e+00
2.765725000000000211e+00 2.575957298278808594e+00
2.771018999999999899e+00 2.575957298278808594e+00
2.776445999999999970e+00 2.570782661437988281e+00
2.781877999999999851e+00 2.575957298278808594e+00
2.787256000000000178e+00 2.575957298278808594e+00
2.791997999999999980e+00 2.575957298278808594e+00
2.796358999999999817e+00 2.575957298278808594e+00
2.800698000000000132e+00 2.581131935119628906e+00
2.804030000000000022e+00 2.575957298278808594e+00
2.807509000000000032e+00 2.581131935119628906e+00
2.811274000000000051e+00 2.575957298278808594e+00
2.816479999999999873e+00 2.575957298278808594e+00
2.821159000000000194e+00 2.575957298278808594e+00
2.825657999999999781e+00 2.575957298278808594e+00
2.830020000000000202e+00 2.575957298278808594e+00
2.834471000000000185e+00 2.570782661437988281e+00
2.838829000000000047e+00 2.575957298278808594e+00
2.843212999999999990e+00 2.575957298278808594e+00
2.847576000000000107e+00 2.575957298278808594e+00
2.852031000000000205e+00 2.570782661437988281e+00
2.859269999999999978e+00 2.570782661437988281e+00
2.864291000000000142e+00 2.570782661437988281e+00
2.868698999999999888e+00 2.575957298278808594e+00
2.873118999999999978e+00 2.570782661437988281e+00
2.876415999999999862e+00 2.570782661437988281e+00
2.880787000000000209e+00 2.570782661437988281e+00
2.885261999999999993e+00 2.575957298278808594e+00
2.889666000000000068e+00 2.575957298278808594e+00
2.894150999999999918e+00 2.575957298278808594e+00
2.898556000000000132e+00 2.570782661437988281e+00
2.902997000000000050e+00 2.575957298278808594e+00
2.907411000000000190e+00 2.575957298278808594e+00
2.911869999999999958e+00 2.575957298278808594e+00
2.916262000000000132e+00 2.581131935119628906e+00
2.920687000000000033e+00 2.581131935119628906e+00
2.925200999999999940e+00 2.581131935119628906e+00
2.929654999999999898e+00 2.581131935119628906e+00
2.934134999999999938e+00 2.570782661437988281e+00
2.937441000000000191e+00 2.570782661437988281e+00
2.941936999999999802e+00 2.575957298278808594e+00
2.946382999999999974e+00 2.570782661437988281e+00
2.950797000000000114e+00 2.575957298278808594e+00
2.955278999999999989e+00 2.570782661437988281e+00
2.959706000000000170e+00 2.565608024597167969e+00
2.964268999999999821e+00 2.570782661437988281e+00
2.968706000000000067e+00 2.570782661437988281e+00
2.976032000000000011e+00 2.570782661437988281e+00
2.980536999999999992e+00 2.570782661437988281e+00
2.985094999999999832e+00 2.570782661437988281e+00
2.988445000000000018e+00 2.570782661437988281e+00
2.992890000000000050e+00 2.575957298278808594e+00
2.996268999999999849e+00 2.575957298278808594e+00
3.000694999999999890e+00 2.575957298278808594e+00
3.005195000000000061e+00 2.581131935119628906e+00
3.009640000000000093e+00 2.575957298278808594e+00
3.014189000000000007e+00 2.581131935119628906e+00
3.018622000000000138e+00 2.581131935119628906e+00
3.023099999999999898e+00 2.581131935119628906e+00
3.027541999999999955e+00 2.575957298278808594e+00
3.032049999999999912e+00 2.575957298278808594e+00
3.036510999999999960e+00 2.570782661437988281e+00
3.039823999999999860e+00 2.570782661437988281e+00
3.044345999999999997e+00 2.570782661437988281e+00
3.047645999999999855e+00 2.570782661437988281e+00
3.052160999999999902e+00 2.565608024597167969e+00
3.056620999999999810e+00 2.570782661437988281e+00
3.061085999999999974e+00 2.565608024597167969e+00
3.064802999999999944e+00 2.570782661437988281e+00
3.069328000000000056e+00 2.570782661437988281e+00
3.072627999999999915e+00 2.565608024597167969e+00
3.077087999999999823e+00 2.565608024597167969e+00
3.081558999999999937e+00 2.570782661437988281e+00
3.089059999999999917e+00 2.575957298278808594e+00
3.093652000000000069e+00 2.581131935119628906e+00
3.098176000000000041e+00 2.581131935119628906e+00
3.102767000000000053e+00 2.581131935119628906e+00
3.107283999999999935e+00 2.581131935119628906e+00
3.110650000000000137e+00 2.581131935119628906e+00
3.115222999999999853e+00 2.581131935119628906e+00
3.119823999999999931e+00 2.581131935119628906e+00
3.124427999999999983e+00 2.575957298278808594e+00
3.128931000000000129e+00 2.575957298278808594e+00
3.133490000000000109e+00 2.570782661437988281e+00
3.138023000000000007e+00 2.570782661437988281e+00
3.141417999999999822e+00 2.570782661437988281e+00
3.145989999999999842e+00 2.570782661437988281e+00
3.150535999999999781e+00 2.565608024597167969e+00
3.155142999999999809e+00 2.570782661437988281e+00
3.159677999999999987e+00 2.570782661437988281e+00
3.164301000000000030e+00 2.570782661437988281e+00
3.169132999999999978e+00 2.570782661437988281e+00
3.172623000000000193e+00 2.575957298278808594e+00
3.176079999999999792e+00 2.575957298278808594e+00
3.180728000000000222e+00 2.575957298278808594e+00
3.185454000000000008e+00 2.575957298278808594e+00
3.190018999999999938e+00 2.581131935119628906e+00
3.194627000000000105e+00 2.581131935119628906e+00
3.199215999999999838e+00 2.581131935119628906e+00
3.206974000000000213e+00 2.575957298278808594e+00
3.211772999999999989e+00 2.575957298278808594e+00
3.216454000000000146e+00 2.575957298278808594e+00
3.221083999999999836e+00 2.575957298278808594e+00
3.225826000000000082e+00 2.575957298278808594e+00
3.230472999999999928e+00 2.575957298278808594e+00
3.235202000000000133e+00 2.570782661437988281e+00
3.239838000000000218e+00 2.570782661437988281e+00
3.244534999999999947e+00 2.565608024597167969e+00
3.249159000000000130e+00 2.570782661437988281e+00
3.252613000000000198e+00 2.570782661437988281e+00
3.256062000000000012e+00 2.570782661437988281e+00
3.260701000000000072e+00 2.570782661437988281e+00
3.265391999999999850e+00 2.570782661437988281e+00
3.270042999999999811e+00 2.570782661437988281e+00
3.274753000000000025e+00 2.575957298278808594e+00
3.279370000000000118e+00 2.570782661437988281e+00
3.284043000000000045e+00 2.575957298278808594e+00
3.287405999999999828e+00 2.581131935119628906e+00
3.292066000000000159e+00 2.575957298278808594e+00
3.295373000000000108e+00 2.575957298278808594e+00
3.299974999999999881e+00 2.575957298278808594e+00
3.304647999999999808e+00 2.575957298278808594e+00
3.308018000000000125e+00 2.575957298278808594e+00
3.312691000000000052e+00 2.575957298278808594e+00
3.320241000000000220e+00 2.575957298278808594e+00
3.325009999999999799e+00 2.575957298278808594e+00
3.328440000000000065e+00 2.575957298278808594e+00
3.333079000000000125e+00 2.570782661437988281e+00
3.337699000000000193e+00 2.570782661437988281e+00
3.342365000000000030e+00 2.575957298278808594e+00
3.347002999999999950e+00 2.575957298278808594e+00
3.350445999999999813e+00 2.570782661437988281e+00
3.355170999999999903e+00 2.570782661437988281e+00
3.359789000000000136e+00 2.575957298278808594e+00
3.363240999999999925e+00 2.570782661437988281e+00
3.367874000000000034e+00 2.575957298278808594e+00
3.372739999999999849e+00 2.570782661437988281e+00
3.377385999999999999e+00 2.570782661437988281e+00
3.382115000000000204e+00 2.570782661437988281e+00
3.386750999999999845e+00 2.575957298278808594e+00
3.391398000000000135e+00 2.575957298278808594e+00
3.396103999999999790e+00 2.575957298278808594e+00
3.400761999999999841e+00 2.575957298278808594e+00
3.405539000000000094e+00 2.575957298278808594e+00
3.415837999999999930e+00 2.575957298278808594e+00
3.422680999999999862e+00 2.575957298278808594e+00
3.430171000000000081e+00 2.575957298278808594e+00
3.439611999999999892e+00 2.570782661437988281e+00
3.446623000000000214e+00 2.575957298278808594e+00
3.451283000000000101e+00 2.570782661437988281e+00
3.454775000000000151e+00 2.570782661437988281e+00
3.458213000000000203e+00 2.570782661437988281e+00
3.461660999999999877e+00 2.570782661437988281e+00
3.466470000000000162e+00 2.570782661437988281e+00
3.471144999999999925e+00 2.570782661437988281e+00
3.476107999999999976e+00 2.570782661437988281e+00
3.480777999999999928e+00 2.570782661437988281e+00
3.485529999999999795e+00 2.575957298278808594e+00
3.490205000000000002e+00 2.575957298278808594e+00
3.495570999999999984e+00 2.570782661437988281e+00
3.501399999999999846e+00 2.575957298278808594e+00
3.507299000000000166e+00 2.581131935119628906e+00
3.513183999999999862e+00 2.581131935119628906e+00
3.519035000000000135e+00 2.575957298278808594e+00
3.524903000000000119e+00 2.575957298278808594e+00
3.530762000000000178e+00 2.581131935119628906e+00
3.536667000000000005e+00 2.570782661437988281e+00
3.542577999999999783e+00 2.570782661437988281e+00
3.553256999999999888e+00 2.570782661437988281e+00
3.559327000000000130e+00 2.565608024597167969e+00
3.563502000000000169e+00 2.570782661437988281e+00
3.569444999999999979e+00 2.565608024597167969e+00
3.575365999999999822e+00 2.570782661437988281e+00
3.581360000000000099e+00 2.570782661437988281e+00
3.587299999999999933e+00 2.575957298278808594e+00
3.593310999999999922e+00 2.581131935119628906e+00
3.597032000000000007e+00 2.575957298278808594e+00
3.601903000000000077e+00 2.581131935119628906e+00
3.606695999999999902e+00 2.575957298278808594e+00
3.611438999999999844e+00 2.581131935119628906e+00
3.616302999999999823e+00 2.575957298278808594e+00
3.621035000000000004e+00 2.575957298278808594e+00
3.624652999999999903e+00 2.575957298278808594e+00
3.629373999999999878e+00 2.570782661437988281e+00
3.634285000000000210e+00 2.570782661437988281e+00
3.639013999999999971e+00 2.570782661437988281e+00
3.643771999999999789e+00 2.570782661437988281e+00
3.647264999999999979e+00 2.570782661437988281e+00
3.652064999999999895e+00 2.570782661437988281e+00
3.656819000000000042e+00 2.570782661437988281e+00
3.661661000000000055e+00 2.565608024597167969e+00
3.669610000000000039e+00 2.570782661437988281e+00
3.674627000000000088e+00 2.570782661437988281e+00
3.679400999999999922e+00 2.570782661437988281e+00
3.684365999999999808e+00 2.570782661437988281e+00
3.687870999999999899e+00 2.575957298278808594e+00
3.692677000000000209e+00 2.575957298278808594e+00
3.697440999999999978e+00 2.581131935119628906e+00
3.702296000000000031e+00 2.581131935119628906e+00
3.707054999999999989e+00 2.581131935119628906e+00
3.711899999999999977e+00 2.581131935119628906e+00
3.716699000000000197e+00 2.570782661437988281e+00
3.721473000000000031e+00 2.575957298278808594e+00
3.726389000000000173e+00 2.570782661437988281e+00
3.731167999999999818e+00 2.570782661437988281e+00
3.736031000000000102e+00 2.565608024597167969e+00
3.740806000000000076e+00 2.570782661437988281e+00
3.745635000000000048e+00 2.570782661437988281e+00
3.750405999999999906e+00 2.570782661437988281e+00
3.755233000000000043e+00 2.570782661437988281e+00
3.760003999999999902e+00 2.575957298278808594e+00
3.764845999999999915e+00 2.570782661437988281e+00
3.769639000000000184e+00 2.570782661437988281e+00
3.774481999999999893e+00 2.570782661437988281e+00
3.779341000000000061e+00 2.575957298278808594e+00
3.786176999999999904e+00 2.575957298278808594e+00
3.791196999999999928e+00 2.575957298278808594e+00
3.796171000000000184e+00 2.575957298278808594e+00
3.801060999999999801e+00 2.575957298278808594e+00
3.806001999999999885e+00 2.575957298278808594e+00
3.810845000000000038e+00 2.575957298278808594e+00
3.815745999999999860e+00 2.575957298278808594e+00
3.819245000000000001e+00 2.575957298278808594e+00
3.824101999999999890e+00 2.575957298278808594e+00
3.828927000000000191e+00 2.575957298278808594e+00
3.833782999999999941e+00 2.565608024597167969e+00
3.838636999999999855e+00 2.565608024597167969e+00
3.843494000000000188e+00 2.575957298278808594e+00
3.848374999999999879e+00 2.570782661437988281e+00
3.853251000000000204e+00 2.570782661437988281e+00
3.858093999999999912e+00 2.565608024597167969e+00
3.862950999999999802e+00 2.570782661437988281e+00
3.867853000000000208e+00 2.570782661437988281e+00
3.872751000000000055e+00 2.570782661437988281e+00
3.876259000000000121e+00 2.570782661437988281e+00
3.881107999999999780e+00 2.565608024597167969e+00
3.886073999999999806e+00 2.570782661437988281e+00
3.890950000000000131e+00 2.575957298278808594e+00
3.895999999999999908e+00 2.570782661437988281e+00
3.904072000000000209e+00 2.575957298278808594e+00
3.909298000000000162e+00 2.575957298278808594e+00
3.914257999999999793e+00 2.575957298278808594e+00
3.917822000000000138e+00 2.575957298278808594e+00
3.922775999999999819e+00 2.581131935119628906e+00
3.927687000000000150e+00 2.575957298278808594e+00
3.931229999999999780e+00 2.575957298278808594e+00
3.936280000000000001e+00 2.565608024597167969e+00
3.939817999999999820e+00 2.570782661437988281e+00
3.944932999999999801e+00 2.570782661437988281e+00
3.949880999999999975e+00 2.570782661437988281e+00
3.954879000000000033e+00 2.570782661437988281e+00
3.959823000000000093e+00 2.570782661437988281e+00
3.964843999999999813e+00 2.565608024597167969e+00
3.969777999999999807e+00 2.565608024597167969e+00
3.974756999999999874e+00 2.570782661437988281e+00
3.979686000000000057e+00 2.570782661437988281e+00
3.984687999999999786e+00 2.570782661437988281e+00
3.988255999999999801e+00 2.570782661437988281e+00
3.993218999999999852e+00 2.575957298278808594e+00
3.998155999999999821e+00 2.575957298278808594e+00
4.003131999999999913e+00 2.575957298278808594e+00
4.008060000000000400e+00 2.575957298278808594e+00
4.013176999999999772e+00 2.575957298278808594e+00
4.021080000000000432e+00 2.575957298278808594e+00
4.026505000000000223e+00 2.581131935119628906e+00
4.031445999999999863e+00 2.575957298278808594e+00
4.036432999999999716e+00 2.570782661437988281e+00
4.041373000000000104e+00 2.570782661437988281e+00
4.046376999999999668e+00 2.570782661437988281e+00
4.051372999999999891e+00 2.565608024597167969e+00
4.055036000000000307e+00 2.565608024597167969e+00
4.059961000000000375e+00 2.570782661437988281e+00
4.064941000000000138e+00 2.570782661437988281e+00
4.069891000000000147e+00 2.565608024597167969e+00
4.074896999999999991e+00 2.570782661437988281e+00
4.078409999999999869e+00 2.565608024597167969e+00
4.083364000000000438e+00 2.570782661437988281e+00
4.088330000000000020e+00 2.575957298278808594e+00
4.093357000000000134e+00 2.575957298278808594e+00
4.098333000000000226e+00 2.575957298278808594e+00
4.103290000000000326e+00 2.581131935119628906e+00
4.108285999999999660e+00 2.575957298278808594e+00
4.113250999999999991e+00 2.575957298278808594e+00
4.118225999999999942e+00 2.575957298278808594e+00
4.123204000000000313e+00 2.575957298278808594e+00
4.128305000000000113e+00 2.581131935119628906e+00
4.136454999999999771e+00 2.565608024597167969e+00
4.141833000000000098e+00 2.565608024597167969e+00
4.146804000000000379e+00 2.565608024597167969e+00
4.151890999999999998e+00 2.565608024597167969e+00
4.156841000000000008e+00 2.565608024597167969e+00
4.161869000000000263e+00 2.570782661437988281e+00
4.165470000000000006e+00 2.570782661437988281e+00
4.169068000000000218e+00 2.565608024597167969e+00
4.172666999999999682e+00 2.570782661437988281e+00
4.176271999999999984e+00 2.570782661437988281e+00
4.179876000000000147e+00 2.570782661437988281e+00
4.184967000000000326e+00 2.570782661437988281e+00
4.189976999999999840e+00 2.581131935119628906e+00
4.195049000000000028e+00 2.575957298278808594e+00
4.200090999999999575e+00 2.575957298278808594e+00
4.205167999999999573e+00 2.575957298278808594e+00
4.210220999999999769e+00 2.575957298278808594e+00
4.215415000000000134e+00 2.575957298278808594e+00
4.220436000000000298e+00 2.570782661437988281e+00
4.225579999999999892e+00 2.575957298278808594e+00
4.230604999999999727e+00 2.575957298278808594e+00
4.235721999999999987e+00 2.565608024597167969e+00
4.240772999999999904e+00 2.565608024597167969e+00
4.250899999999999679e+00 2.565608024597167969e+00
4.256490999999999580e+00 2.565608024597167969e+00
4.261660000000000004e+00 2.565608024597167969e+00
4.266517000000000337e+00 2.565608024597167969e+00
4.270268999999999870e+00 2.570782661437988281e+00
4.274179000000000173e+00 2.570782661437988281e+00
4.279473000000000305e+00 2.570782661437988281e+00
4.284340000000000259e+00 2.575957298278808594e+00
4.288095000000000212e+00 2.581131935119628906e+00
4.291849000000000025e+00 2.575957298278808594e+00
4.297086000000000183e+00 2.575957298278808594e+00
4.301825000000000010e+00 2.570782661437988281e+00
4.307127000000000372e+00 2.575957298278808594e+00
4.311784000000000283e+00 2.570782661437988281e+00
4.317123999999999739e+00 2.570782661437988281e+00
4.321895999999999738e+00 2.570782661437988281e+00
4.325642000000000209e+00 2.575957298278808594e+00
4.330937999999999732e+00 2.570782661437988281e+00
4.337076999999999849e+00 2.565608024597167969e+00
4.342202999999999591e+00 2.570782661437988281e+00
4.347256999999999927e+00 2.570782661437988281e+00
4.352357999999999727e+00 2.565608024597167969e+00
4.357394000000000212e+00 2.570782661437988281e+00
4.365853999999999679e+00 2.570782661437988281e+00
4.371070999999999707e+00 2.575957298278808594e+00
4.376214000000000048e+00 2.570782661437988281e+00
4.381273000000000195e+00 2.570782661437988281e+00
4.386417999999999928e+00 2.575957298278808594e+00
4.390049999999999564e+00 2.570782661437988281e+00
4.395215000000000316e+00 2.570782661437988281e+00
4.400674999999999670e+00 2.575957298278808594e+00
4.405761000000000038e+00 2.575957298278808594e+00
4.410828000000000415e+00 2.570782661437988281e+00
4.418929000000000329e+00 2.570782661437988281e+00
4.426566000000000223e+00 2.570782661437988281e+00
4.436532999999999838e+00 2.570782661437988281e+00
4.443451999999999735e+00 2.570782661437988281e+00
4.448561999999999905e+00 2.565608024597167969e+00
4.453681999999999697e+00 2.570782661437988281e+00
4.458757000000000303e+00 2.570782661437988281e+00
4.463878000000000235e+00 2.570782661437988281e+00
4.468970999999999805e+00 2.565608024597167969e+00
4.474128999999999579e+00 2.565608024597167969e+00
4.482327999999999868e+00 2.570782661437988281e+00
4.487608999999999959e+00 2.570782661437988281e+00
4.492766999999999733e+00 2.570782661437988281e+00
4.497863999999999862e+00 2.570782661437988281e+00
4.503385999999999889e+00 2.570782661437988281e+00
4.508483000000000018e+00 2.570782661437988281e+00
4.513603999999999949e+00 2.570782661437988281e+00
4.517265000000000086e+00 2.575957298278808594e+00
4.522401999999999589e+00 2.575957298278808594e+00
4.527491000000000376e+00 2.575957298278808594e+00
4.532645999999999731e+00 2.570782661437988281e+00
4.537768999999999942e+00 2.570782661437988281e+00
4.541400000000000325e+00 2.570782661437988281e+00
4.546579999999999622e+00 2.570782661437988281e+00
4.551696999999999882e+00 2.565608024597167969e+00
4.556864000000000026e+00 2.565608024597167969e+00
4.562039999999999651e+00 2.565608024597167969e+00
4.567137999999999920e+00 2.565608024597167969e+00
4.572313000000000294e+00 2.565608024597167969e+00
4.577429999999999666e+00 2.565608024597167969e+00
4.582646000000000441e+00 2.565608024597167969e+00
4.587782999999999944e+00 2.575957298278808594e+00
4.596169999999999867e+00 2.575957298278808594e+00
4.601530999999999594e+00 2.575957298278808594e+00
4.606772000000000311e+00 2.575957298278808594e+00
4.610475000000000101e+00 2.581131935119628906e+00
4.615670999999999857e+00 2.575957298278808594e+00
4.620809000000000388e+00 2.575957298278808594e+00
4.626021999999999856e+00 2.575957298278808594e+00
4.631206999999999852e+00 2.575957298278808594e+00
4.636499999999999844e+00 2.565608024597167969e+00
4.640212000000000003e+00 2.565608024597167969e+00
4.645411000000000179e+00 2.565608024597167969e+00
4.650567999999999813e+00 2.565608024597167969e+00
4.655789999999999651e+00 2.565608024597167969e+00
4.660932999999999993e+00 2.565608024597167969e+00
4.666228000000000264e+00 2.565608024597167969e+00
4.671457000000000193e+00 2.565608024597167969e+00
4.676682999999999701e+00 2.565608024597167969e+00
4.681939999999999991e+00 2.570782661437988281e+00
4.687140999999999558e+00 2.575957298278808594e+00
4.690831000000000195e+00 2.575957298278808594e+00
4.696045999999999943e+00 2.575957298278808594e+00
4.701248999999999789e+00 2.575957298278808594e+00
4.709749999999999659e+00 2.575957298278808594e+00
4.715060000000000251e+00 2.575957298278808594e+00
4.720221999999999696e+00 2.575957298278808594e+00
4.725449000000000233e+00 2.570782661437988281e+00
4.730641999999999570e+00 2.570782661437988281e+00
4.735860999999999876e+00 2.570782661437988281e+00
4.741033999999999970e+00 2.570782661437988281e+00
4.746355000000000324e+00 2.565608024597167969e+00
4.751524999999999999e+00 2.565608024597167969e+00
4.755234999999999879e+00 2.565608024597167969e+00
4.760400999999999883e+00 2.565608024597167969e+00
4.765651000000000082e+00 2.570782661437988281e+00
4.770843000000000167e+00 2.570782661437988281e+00
4.776112000000000357e+00 2.570782661437988281e+00
4.781289000000000122e+00 2.570782661437988281e+00
4.786633000000000138e+00 2.570782661437988281e+00
4.791894000000000098e+00 2.570782661437988281e+00
4.797086000000000183e+00 2.575957298278808594e+00
4.802331999999999823e+00 2.575957298278808594e+00
4.806408000000000236e+00 2.570782661437988281e+00
4.811662000000000106e+00 2.570782661437988281e+00
4.816962000000000188e+00 2.570782661437988281e+00
4.821055000000000312e+00 2.575957298278808594e+00
4.829195000000000348e+00 2.570782661437988281e+00
4.835015000000000285e+00 2.565608024597167969e+00
4.840233999999999703e+00 2.570782661437988281e+00
4.845509999999999984e+00 2.565608024597167969e+00
4.849216000000000193e+00 2.570782661437988281e+00
4.854535000000000267e+00 2.565608024597167969e+00
4.858259999999999579e+00 2.570782661437988281e+00
4.862017999999999951e+00 2.570782661437988281e+00
4.867248000000000019e+00 2.565608024597167969e+00
4.872607000000000355e+00 2.570782661437988281e+00
4.877858999999999945e+00 2.570782661437988281e+00
4.883166000000000118e+00 2.570782661437988281e+00
4.888418999999999848e+00 2.570782661437988281e+00
4.893674999999999997e+00 2.570782661437988281e+00
4.898945000000000327e+00 2.570782661437988281e+00
4.904238000000000319e+00 2.570782661437988281e+00
4.909906000000000326e+00 2.570782661437988281e+00
4.915254000000000012e+00 2.570782661437988281e+00
4.920537999999999634e+00 2.570782661437988281e+00
4.925851999999999897e+00 2.570782661437988281e+00
4.931124999999999758e+00 2.575957298278808594e+00
4.936579000000000050e+00 2.570782661437988281e+00
4.945979999999999599e+00 2.565608024597167969e+00
4.951247000000000398e+00 2.570782661437988281e+00
4.956660000000000288e+00 2.570782661437988281e+00
4.961983000000000033e+00 2.565608024597167969e+00
4.967265000000000263e+00 2.565608024597167969e+00
4.971040999999999599e+00 2.565608024597167969e+00
4.976435999999999638e+00 2.565608024597167969e+00
4.981768999999999892e+00 2.565608024597167969e+00
4.987084000000000295e+00 2.570782661437988281e+00
4.990803999999999796e+00 2.570782661437988281e+00
4.996166999999999803e+00 2.570782661437988281e+00
5.001464000000000354e+00 2.570782661437988281e+00
5.006860999999999784e+00 2.570782661437988281e+00
5.011031000000000013e+00 2.570782661437988281e+00
5.016428000000000331e+00 2.570782661437988281e+00
5.021752000000000216e+00 2.575957298278808594e+00
5.027073999999999820e+00 2.575957298278808594e+00
5.030807000000000251e+00 2.570782661437988281e+00
5.036171000000000397e+00 2.570782661437988281e+00
5.041489999999999583e+00 2.570782661437988281e+00
5.046889000000000181e+00 2.570782661437988281e+00
5.055171999999999777e+00 2.565608024597167969e+00
5.060798000000000130e+00 2.565608024597167969e+00
5.066237000000000101e+00 2.565608024597167969e+00
5.070007000000000374e+00 2.565608024597167969e+00
5.075385999999999953e+00 2.565608024597167969e+00
5.080701000000000356e+00 2.565608024597167969e+00
5.086095000000000255e+00 2.570782661437988281e+00
5.091413000000000189e+00 2.570782661437988281e+00
5.095222999999999836e+00 2.570782661437988281e+00
5.100534999999999819e+00 2.570782661437988281e+00
5.105928999999999718e+00 2.570782661437988281e+00
5.111343999999999888e+00 2.575957298278808594e+00
5.116804000000000130e+00 2.575957298278808594e+00
5.122206000000000259e+00 2.575957298278808594e+00
5.127572999999999936e+00 2.570782661437988281e+00
5.133023999999999809e+00 2.570782661437988281e+00
5.136813000000000073e+00 2.570782661437988281e+00
5.142236999999999725e+00 2.570782661437988281e+00
5.146006999999999998e+00 2.565608024597167969e+00
5.151342999999999783e+00 2.565608024597167969e+00
5.156837999999999589e+00 2.565608024597167969e+00
5.162250000000000227e+00 2.565608024597167969e+00
5.170459000000000138e+00 2.565608024597167969e+00
5.175976999999999606e+00 2.565608024597167969e+00
5.181369000000000113e+00 2.565608024597167969e+00
5.186860000000000248e+00 2.570782661437988281e+00
5.192314999999999792e+00 2.570782661437988281e+00
5.197707000000000299e+00 2.575957298278808594e+00
5.203159999999999563e+00 2.575957298278808594e+00
5.208548000000000400e+00 2.575957298278808594e+00
5.212828000000000017e+00 2.575957298278808594e+00
5.218226999999999727e+00 2.570782661437988281e+00
5.222049000000000163e+00 2.575957298278808594e+00
5.227462000000000053e+00 2.570782661437988281e+00
5.232922000000000295e+00 2.570782661437988281e+00
5.238338999999999857e+00 2.565608024597167969e+00
5.243808999999999720e+00 2.565608024597167969e+00
5.249246000000000301e+00 2.565608024597167969e+00
5.254728000000000065e+00 2.565608024597167969e+00
5.260151999999999717e+00 2.570782661437988281e+00
5.264069000000000109e+00 2.565608024597167969e+00
5.269466999999999679e+00 2.565608024597167969e+00
5.274928000000000061e+00 2.570782661437988281e+00
5.280336000000000141e+00 2.570782661437988281e+00
5.288725999999999594e+00 2.570782661437988281e+00
5.294499000000000066e+00 2.570782661437988281e+00
5.299894000000000105e+00 2.575957298278808594e+00
5.305385000000000240e+00 2.575957298278808594e+00
5.310844000000000342e+00 2.570782661437988281e+00
5.316737999999999964e+00 2.570782661437988281e+00
5.322258999999999851e+00 2.570782661437988281e+00
5.326077999999999868e+00 2.570782661437988281e+00
5.329869000000000412e+00 2.570782661437988281e+00
5.335358000000000267e+00 2.565608024597167969e+00
5.340818999999999761e+00 2.565608024597167969e+00
5.346334999999999837e+00 2.565608024597167969e+00
5.351829999999999643e+00 2.570782661437988281e+00
5.357274999999999565e+00 2.565608024597167969e+00
5.362766999999999840e+00 2.570782661437988281e+00
5.368192999999999770e+00 2.570782661437988281e+00
5.372018999999999878e+00 2.570782661437988281e+00
5.377453000000000038e+00 2.570782661437988281e+00
5.381209000000000131e+00 2.570782661437988281e+00
5.386722999999999928e+00 2.570782661437988281e+00
5.392223000000000432e+00 2.570782661437988281e+00
5.397694000000000436e+00 2.570782661437988281e+00
5.406142000000000003e+00 2.570782661437988281e+00
5.411677000000000071e+00 2.570782661437988281e+00
5.416007999999999711e+00 2.570782661437988281e+00
5.421567999999999721e+00 2.570782661437988281e+00
5.431335999999999942e+00 2.570782661437988281e+00
5.447301000000000393e+00 2.570782661437988281e+00
5.454089999999999883e+00 2.570782661437988281e+00
5.459724999999999717e+00 2.570782661437988281e+00
5.463637000000000299e+00 2.565608024597167969e+00
5.469094000000000122e+00 2.565608024597167969e+00
5.474704000000000015e+00 2.570782661437988281e+00
5.480192999999999870e+00 2.565608024597167969e+00
5.485751999999999740e+00 2.570782661437988281e+00
5.489650000000000141e+00 2.570782661437988281e+00
5.495205000000000339e+00 2.570782661437988281e+00
5.500695000000000334e+00 2.570782661437988281e+00
5.506319000000000408e+00 2.570782661437988281e+00
5.511866000000000376e+00 2.570782661437988281e+00
5.516090000000000160e+00 2.570782661437988281e+00
5.524645999999999724e+00 2.575957298278808594e+00
5.530446000000000417e+00 2.575957298278808594e+00
5.536013999999999768e+00 2.570782661437988281e+00
5.539742000000000388e+00 2.565608024597167969e+00
5.543650000000000411e+00 2.565608024597167969e+00
5.549109999999999765e+00 2.565608024597167969e+00
5.554657999999999873e+00 2.565608024597167969e+00
5.560144000000000197e+00 2.565608024597167969e+00
5.564040999999999570e+00 2.565608024597167969e+00
5.569529000000000174e+00 2.565608024597167969e+00
5.575103000000000364e+00 2.565608024597167969e+00
5.580592000000000219e+00 2.565608024597167969e+00
5.586138000000000048e+00 2.570782661437988281e+00
5.590033000000000030e+00 2.570782661437988281e+00
5.595569000000000237e+00 2.570782661437988281e+00
5.601062999999999903e+00 2.570782661437988281e+00
5.606675000000000075e+00 2.575957298278808594e+00
5.612226999999999855e+00 2.575957298278808594e+00
5.617785999999999724e+00 2.575957298278808594e+00
5.621654000000000373e+00 2.575957298278808594e+00
5.627271000000000356e+00 2.570782661437988281e+00
5.632880000000000109e+00 2.570782661437988281e+00
5.641363000000000127e+00 2.570782661437988281e+00
5.647261999999999560e+00 2.565608024597167969e+00
5.652885000000000382e+00 2.565608024597167969e+00
5.658477999999999675e+00 2.565608024597167969e+00
5.664032999999999873e+00 2.565608024597167969e+00
5.669603000000000392e+00 2.565608024597167969e+00
5.675239000000000367e+00 2.565608024597167969e+00
5.680792000000000286e+00 2.565608024597167969e+00
5.686415000000000219e+00 2.570782661437988281e+00
5.692040999999999684e+00 2.570782661437988281e+00
5.697616000000000014e+00 2.570782661437988281e+00
5.703250999999999848e+00 2.570782661437988281e+00
5.708834000000000408e+00 2.570782661437988281e+00
5.714547999999999739e+00 2.570782661437988281e+00
5.718619999999999592e+00 2.570782661437988281e+00
5.724236999999999576e+00 2.575957298278808594e+00
5.729824999999999946e+00 2.570782661437988281e+00
5.735469000000000150e+00 2.570782661437988281e+00
5.741062999999999583e+00 2.565608024597167969e+00
5.745066999999999702e+00 2.565608024597167969e+00
5.750703999999999816e+00 2.565608024597167969e+00
5.759395999999999738e+00 2.565608024597167969e+00
5.765114999999999768e+00 2.565608024597167969e+00
5.770661999999999736e+00 2.565608024597167969e+00
5.776342999999999783e+00 2.565608024597167969e+00
5.781963000000000186e+00 2.570782661437988281e+00
5.787525999999999726e+00 2.570782661437988281e+00
5.793160999999999561e+00 2.570782661437988281e+00
5.798733000000000359e+00 2.575957298278808594e+00
5.804301999999999850e+00 2.570782661437988281e+00
5.809867999999999810e+00 2.575957298278808594e+00
5.815516999999999825e+00 2.570782661437988281e+00
5.821195999999999593e+00 2.570782661437988281e+00
5.826901999999999582e+00 2.570782661437988281e+00
5.832563000000000386e+00 2.570782661437988281e+00
5.838143999999999778e+00 2.565608024597167969e+00
5.843729999999999869e+00 2.565608024597167969e+00
5.849319999999999631e+00 2.565608024597167969e+00
5.854983999999999966e+00 2.570782661437988281e+00
5.860581999999999958e+00 2.565608024597167969e+00
5.866241999999999734e+00 2.565608024597167969e+00
5.874797000000000047e+00 2.570782661437988281e+00
5.880710999999999800e+00 2.570782661437988281e+00
5.886448999999999820e+00 2.570782661437988281e+00
5.892157000000000089e+00 2.570782661437988281e+00
5.897780000000000022e+00 2.570782661437988281e+00
5.903455000000000119e+00 2.570782661437988281e+00
5.909121999999999986e+00 2.570782661437988281e+00
5.914838999999999736e+00 2.570782661437988281e+00
5.920512999999999693e+00 2.570782661437988281e+00
5.926635000000000097e+00 2.570782661437988281e+00
5.932349999999999568e+00 2.570782661437988281e+00
5.938015000000000043e+00 2.565608024597167969e+00
5.943719999999999892e+00 2.565608024597167969e+00
5.949415000000000120e+00 2.565608024597167969e+00
5.953445999999999572e+00 2.565608024597167969e+00
5.959096999999999866e+00 2.570782661437988281e+00
5.964814999999999756e+00 2.565608024597167969e+00
5.970469999999999722e+00 2.565608024597167969e+00
5.976200999999999652e+00 2.565608024597167969e+00
5.981997999999999927e+00 2.570782661437988281e+00
5.990738999999999592e+00 2.570782661437988281e+00
5.996795999999999793e+00 2.570782661437988281e+00
6.002521999999999913e+00 2.570782661437988281e+00
6.006434999999999746e+00 2.570782661437988281e+00
6.012151000000000245e+00 2.570782661437988281e+00
6.017832000000000292e+00 2.570782661437988281e+00
6.023571999999999704e+00 2.575957298278808594e+00
6.029640999999999806e+00 2.570782661437988281e+00
6.033641000000000254e+00 2.570782661437988281e+00
6.039333000000000062e+00 2.570782661437988281e+00
6.045077000000000034e+00 2.565608024597167969e+00
6.049025999999999570e+00 2.565608024597167969e+00
6.054775000000000240e+00 2.565608024597167969e+00
6.060488999999999571e+00 2.570782661437988281e+00
6.066220000000000390e+00 2.565608024597167969e+00
6.071939000000000419e+00 2.565608024597167969e+00
6.077611000000000097e+00 2.565608024597167969e+00
6.083344000000000307e+00 2.570782661437988281e+00
6.089025999999999605e+00 2.570782661437988281e+00
6.094822999999999880e+00 2.570782661437988281e+00
6.103672000000000430e+00 2.570782661437988281e+00
6.109581999999999624e+00 2.570782661437988281e+00
6.115350000000000286e+00 2.570782661437988281e+00
6.121053999999999995e+00 2.570782661437988281e+00
6.125326000000000271e+00 2.570782661437988281e+00
6.131164000000000058e+00 2.575957298278808594e+00
6.135285999999999795e+00 2.565608024597167969e+00
6.140997999999999735e+00 2.570782661437988281e+00
6.146795000000000009e+00 2.565608024597167969e+00
6.152592000000000283e+00 2.565608024597167969e+00
6.158311999999999564e+00 2.565608024597167969e+00
6.164050999999999725e+00 2.565608024597167969e+00
6.169781999999999655e+00 2.565608024597167969e+00
6.173839000000000077e+00 2.565608024597167969e+00
6.179548999999999737e+00 2.565608024597167969e+00
6.185331999999999830e+00 2.565608024597167969e+00
6.191068999999999711e+00 2.570782661437988281e+00
6.196949000000000041e+00 2.570782661437988281e+00
6.202721999999999625e+00 2.570782661437988281e+00
6.208440999999999654e+00 2.575957298278808594e+00
6.217226000000000141e+00 2.570782661437988281e+00
6.223348999999999798e+00 2.570782661437988281e+00
6.229174999999999685e+00 2.570782661437988281e+00
6.235039000000000442e+00 2.565608024597167969e+00
6.240808999999999607e+00 2.565608024597167969e+00
6.246682999999999986e+00 2.565608024597167969e+00
6.252517000000000102e+00 2.565608024597167969e+00
6.258293000000000106e+00 2.565608024597167969e+00
6.264084999999999681e+00 2.565608024597167969e+00
6.269849999999999923e+00 2.565608024597167969e+00
6.275700999999999752e+00 2.570782661437988281e+00
6.281482999999999706e+00 2.565608024597167969e+00
6.287357000000000085e+00 2.570782661437988281e+00
6.293205000000000382e+00 2.570782661437988281e+00
6.298981000000000385e+00 2.570782661437988281e+00
6.304838000000000164e+00 2.575957298278808594e+00
6.308848000000000233e+00 2.575957298278808594e+00
6.314669999999999561e+00 2.570782661437988281e+00
6.320491999999999777e+00 2.570782661437988281e+00
6.326354000000000255e+00 2.570782661437988281e+00
6.335529000000000188e+00 2.570782661437988281e+00
6.341628000000000043e+00 2.565608024597167969e+00
6.347489000000000381e+00 2.565608024597167969e+00
6.353330999999999840e+00 2.560433387756347656e+00
6.359154000000000195e+00 2.565608024597167969e+00
6.365041999999999867e+00 2.565608024597167969e+00
6.370819000000000010e+00 2.565608024597167969e+00
6.376687999999999690e+00 2.565608024597167969e+00
6.382556000000000118e+00 2.565608024597167969e+00
6.388368999999999964e+00 2.570782661437988281e+00
6.394205000000000361e+00 2.570782661437988281e+00
6.400023000000000017e+00 2.570782661437988281e+00
6.405889000000000166e+00 2.570782661437988281e+00
6.411780000000000257e+00 2.570782661437988281e+00
6.417597999999999914e+00 2.570782661437988281e+00
6.423517999999999617e+00 2.570782661437988281e+00
6.433919999999999639e+00 2.565608024597167969e+00
6.445445000000000313e+00 2.565608024597167969e+00
6.455411999999999928e+00 2.565608024597167969e+00
6.466855999999999938e+00 2.565608024597167969e+00
6.472770999999999830e+00 2.570782661437988281e+00
6.478617999999999988e+00 2.570782661437988281e+00
6.484461999999999726e+00 2.570782661437988281e+00
6.490285000000000082e+00 2.570782661437988281e+00
6.496182000000000123e+00 2.570782661437988281e+00
6.502072000000000074e+00 2.565608024597167969e+00
6.507888000000000339e+00 2.570782661437988281e+00
6.513705999999999996e+00 2.570782661437988281e+00
6.519514000000000031e+00 2.565608024597167969e+00
6.525418000000000163e+00 2.570782661437988281e+00
6.531236999999999959e+00 2.575957298278808594e+00
6.537517000000000245e+00 2.570782661437988281e+00
6.543427999999999578e+00 2.565608024597167969e+00
6.547458999999999918e+00 2.565608024597167969e+00
6.553340999999999639e+00 2.565608024597167969e+00
6.559185000000000265e+00 2.565608024597167969e+00
6.563171999999999784e+00 2.570782661437988281e+00
6.568997000000000419e+00 2.565608024597167969e+00
6.577842000000000411e+00 2.565608024597167969e+00
6.584031000000000411e+00 2.565608024597167969e+00
6.589933000000000263e+00 2.570782661437988281e+00
6.595930000000000071e+00 2.570782661437988281e+00
6.601899999999999658e+00 2.570782661437988281e+00
6.607819000000000109e+00 2.570782661437988281e+00
6.613743000000000372e+00 2.570782661437988281e+00
6.617833000000000077e+00 2.570782661437988281e+00
6.623770999999999631e+00 2.570782661437988281e+00
6.629730000000000345e+00 2.570782661437988281e+00
6.635805000000000398e+00 2.565608024597167969e+00
6.641780999999999935e+00 2.565608024597167969e+00
6.647744999999999571e+00 2.565608024597167969e+00
6.653672000000000253e+00 2.565608024597167969e+00
6.659594000000000236e+00 2.565608024597167969e+00
6.665612000000000315e+00 2.565608024597167969e+00
6.671566000000000329e+00 2.565608024597167969e+00
6.677671000000000134e+00 2.565608024597167969e+00
6.683613000000000248e+00 2.565608024597167969e+00
6.689612000000000336e+00 2.565608024597167969e+00
6.698923999999999879e+00 2.575957298278808594e+00
6.705066999999999666e+00 2.570782661437988281e+00
6.710983999999999838e+00 2.570782661437988281e+00
6.717064999999999841e+00 2.570782661437988281e+00
6.723052000000000028e+00 2.570782661437988281e+00
6.728968000000000060e+00 2.570782661437988281e+00
6.735249999999999737e+00 2.565608024597167969e+00
6.741215999999999653e+00 2.565608024597167969e+00
6.747367999999999810e+00 2.565608024597167969e+00
6.753373999999999988e+00 2.565608024597167969e+00
6.757420999999999900e+00 2.565608024597167969e+00
6.763653999999999833e+00 2.565608024597167969e+00
6.769954000000000249e+00 2.560433387756347656e+00
6.775986999999999760e+00 2.565608024597167969e+00
6.780425000000000146e+00 2.570782661437988281e+00
6.786437000000000275e+00 2.570782661437988281e+00
6.792491000000000057e+00 2.570782661437988281e+00
6.798468999999999873e+00 2.570782661437988281e+00
6.804425000000000168e+00 2.570782661437988281e+00
6.813404000000000238e+00 2.570782661437988281e+00
6.819657000000000302e+00 2.570782661437988281e+00
6.825655000000000250e+00 2.570782661437988281e+00
6.831570000000000142e+00 2.570782661437988281e+00
6.837587000000000081e+00 2.565608024597167969e+00
6.843594000000000399e+00 2.565608024597167969e+00
6.847625999999999991e+00 2.560433387756347656e+00
6.853614000000000317e+00 2.565608024597167969e+00
6.859556000000000431e+00 2.565608024597167969e+00
6.865552000000000099e+00 2.565608024597167969e+00
6.871488000000000262e+00 2.570782661437988281e+00
6.875640999999999892e+00 2.570782661437988281e+00
6.881567999999999685e+00 2.565608024597167969e+00
6.887563000000000102e+00 2.570782661437988281e+00
6.891655000000000086e+00 2.570782661437988281e+00
6.897656999999999705e+00 2.570782661437988281e+00
6.903616999999999670e+00 2.570782661437988281e+00
6.909555000000000113e+00 2.570782661437988281e+00
6.915563999999999822e+00 2.570782661437988281e+00
6.919614000000000154e+00 2.570782661437988281e+00
6.925724999999999909e+00 2.570782661437988281e+00
6.934834999999999638e+00 2.560433387756347656e+00
6.941162000000000276e+00 2.565608024597167969e+00
6.947335999999999956e+00 2.565608024597167969e+00
6.953346999999999944e+00 2.565608024597167969e+00
6.959305999999999770e+00 2.565608024597167969e+00
6.965343999999999980e+00 2.565608024597167969e+00
6.971294999999999575e+00 2.565608024597167969e+00
6.977351999999999776e+00 2.565608024597167969e+00
6.981405999999999779e+00 2.570782661437988281e+00
6.987467999999999790e+00 2.570782661437988281e+00
6.993492999999999959e+00 2.570782661437988281e+00
6.999469999999999636e+00 2.570782661437988281e+00
7.003631000000000384e+00 2.570782661437988281e+00
7.009576000000000029e+00 2.570782661437988281e+00
7.015621999999999581e+00 2.570782661437988281e+00
7.021651000000000309e+00 2.570782661437988281e+00
7.025856000000000101e+00 2.607005119323730469e+00
7.031882999999999662e+00 2.736369132995605469e+00
7.037866000000000177e+00 2.995099067687988281e+00
7.047991999999999813e+00 4.785508155822753906e+00
7.054308999999999941e+00 4.790682792663574219e+00
7.058445999999999998e+00 4.790682792663574219e+00
7.064515000000000100e+00 4.790682792663574219e+00
7.070562999999999931e+00 4.790682792663574219e+00
7.076670000000000016e+00 4.790682792663574219e+00
7.080827000000000204e+00 4.795857429504394531e+00
7.085045000000000037e+00 4.790682792663574219e+00
7.091110999999999720e+00 4.795857429504394531e+00
7.097316000000000180e+00 4.790682792663574219e+00
7.103428000000000075e+00 4.795857429504394531e+00
7.109498000000000317e+00 4.790682792663574219e+00
7.115632999999999875e+00 4.795857429504394531e+00
7.121809999999999974e+00 4.795857429504394531e+00
7.129601000000000077e+00 4.795857429504394531e+00
7.137535999999999881e+00 4.790682792663574219e+00
7.145478999999999914e+00 4.790682792663574219e+00
7.153457000000000399e+00 4.790682792663574219e+00
7.166096999999999717e+00 4.785508155822753906e+00
7.174314999999999998e+00 4.790682792663574219e+00
7.182310000000000194e+00 4.790682792663574219e+00
7.190230999999999817e+00 4.795857429504394531e+00
7.198209000000000302e+00 4.795857429504394531e+00
7.206249999999999822e+00 4.795857429504394531e+00
7.214245000000000019e+00 4.795857429504394531e+00
7.222341000000000122e+00 4.795857429504394531e+00
7.228651000000000160e+00 4.795857429504394531e+00
7.234835000000000349e+00 1.980878829956054688e+00
7.240929999999999644e+00 2.327576637268066406e+00
7.247188999999999659e+00 2.218910217285156250e+00
7.253351999999999578e+00 2.224084854125976562e+00
7.259465999999999752e+00 2.234434127807617188e+00
7.265616999999999770e+00 2.234434127807617188e+00
7.271761999999999837e+00 2.203386306762695312e+00
7.280808999999999642e+00 2.405195236206054688e+00
7.287255000000000038e+00 4.795857429504394531e+00
7.293402999999999636e+00 4.795857429504394531e+00
7.299477000000000437e+00 4.801032066345214844e+00
7.305629999999999846e+00 4.764809608459472656e+00
7.311763000000000012e+00 4.795857429504394531e+00
7.317906999999999940e+00 4.795857429504394531e+00
7.322060999999999709e+00 4.795857429504394531e+00
7.328154999999999752e+00 4.795857429504394531e+00
7.334270000000000067e+00 4.785508155822753906e+00
7.338404999999999845e+00 4.754461288452148438e+00
7.344516999999999740e+00 4.785508155822753906e+00
7.350693999999999839e+00 4.790682792663574219e+00
7.356949000000000183e+00 4.785508155822753906e+00
7.363120000000000331e+00 4.785508155822753906e+00
7.369201999999999586e+00 4.790682792663574219e+00
7.375398999999999816e+00 4.790682792663574219e+00
7.381497999999999671e+00 4.790682792663574219e+00
7.387667000000000428e+00 4.795857429504394531e+00
7.393950000000000244e+00 4.795857429504394531e+00
7.402698000000000000e+00 4.795857429504394531e+00
7.409157999999999689e+00 4.795857429504394531e+00
7.415458000000000105e+00 4.790682792663574219e+00
7.421654000000000195e+00 4.795857429504394531e+00
7.427887000000000128e+00 4.801032066345214844e+00
7.438196999999999726e+00 4.790682792663574219e+00
7.450324000000000169e+00 4.759634971618652344e+00
7.460491000000000206e+00 2.249958038330078125e+00
7.466877000000000209e+00 2.244783401489257812e+00
7.473142000000000174e+00 2.441417694091796875e+00
7.479364999999999597e+00 4.790682792663574219e+00
7.483621000000000301e+00 4.801032066345214844e+00
7.487828999999999624e+00 4.795857429504394531e+00
7.492058000000000106e+00 4.795857429504394531e+00
7.498255999999999588e+00 4.785508155822753906e+00
7.504463000000000328e+00 4.780333518981933594e+00
7.510690999999999562e+00 4.795857429504394531e+00
