1.340000000000000045e-04 2.544909477233886719e+00
3.729999999999999809e-03 2.544909477233886719e+00
7.165000000000000362e-03 2.550084114074707031e+00
1.061899999999999997e-02 2.550084114074707031e+00
1.407199999999999944e-02 2.550084114074707031e+00
1.737100000000000102e-02 2.555258750915527344e+00
2.081799999999999970e-02 2.555258750915527344e+00
2.410999999999999949e-02 2.555258750915527344e+00
2.725100000000000092e-02 2.555258750915527344e+00
3.054899999999999977e-02 2.555258750915527344e+00
3.400500000000000050e-02 2.550084114074707031e+00
3.728499999999999870e-02 2.550084114074707031e+00
4.619199999999999695e-02 2.555258750915527344e+00
4.965300000000000269e-02 2.550084114074707031e+00
5.293899999999999995e-02 2.550084114074707031e+00
5.656599999999999823e-02 2.550084114074707031e+00
6.535100000000000631e-02 2.544909477233886719e+00
7.267400000000000249e-02 2.544909477233886719e+00
7.932899999999999674e-02 2.544909477233886719e+00
8.295500000000000096e-02 2.550084114074707031e+00
8.641500000000000570e-02 2.544909477233886719e+00
8.976099999999999357e-02 2.544909477233886719e+00
9.317599999999999494e-02 2.550084114074707031e+00
9.662999999999999368e-02 2.544909477233886719e+00
9.991999999999999493e-02 2.544909477233886719e+00
1.032160000000000022e-01 2.544909477233886719e+00
1.066760000000000069e-01 2.550084114074707031e+00
1.099689999999999973e-01 2.544909477233886719e+00
1.134180000000000049e-01 2.550084114074707031e+00
1.167220000000000063e-01 2.550084114074707031e+00
1.201640000000000069e-01 2.550084114074707031e+00
1.236099999999999977e-01 2.550084114074707031e+00
1.270709999999999895e-01 2.550084114074707031e+00
1.303610000000000047e-01 2.550084114074707031e+00
1.338169999999999915e-01 2.550084114074707031e+00
1.371179999999999899e-01 2.555258750915527344e+00
1.405550000000000133e-01 2.550084114074707031e+00
1.440079999999999971e-01 2.550084114074707031e+00
1.474669999999999870e-01 2.550084114074707031e+00
1.507560000000000011e-01 2.550084114074707031e+00
1.543609999999999982e-01 2.550084114074707031e+00
1.622510000000000063e-01 2.555258750915527344e+00
1.657430000000000014e-01 2.550084114074707031e+00
1.691880000000000051e-01 2.544909477233886719e+00
1.726419999999999899e-01 2.550084114074707031e+00
1.759419999999999873e-01 2.550084114074707031e+00
1.793859999999999899e-01 2.544909477233886719e+00
1.828450000000000075e-01 2.544909477233886719e+00
1.861510000000000109e-01 2.544909477233886719e+00
1.897570000000000090e-01 2.550084114074707031e+00
1.932069999999999899e-01 2.550084114074707031e+00
1.966590000000000005e-01 2.544909477233886719e+00
1.999249999999999916e-01 2.544909477233886719e+00
2.033919999999999895e-01 2.544909477233886719e+00
2.068490000000000051e-01 2.539734840393066406e+00
2.101399999999999935e-01 2.544909477233886719e+00
2.135900000000000021e-01 2.544909477233886719e+00
2.170469999999999899e-01 2.544909477233886719e+00
2.203360000000000041e-01 2.550084114074707031e+00
2.234760000000000080e-01 2.550084114074707031e+00
2.267780000000000074e-01 2.550084114074707031e+00
2.302309999999999912e-01 2.550084114074707031e+00
2.335210000000000063e-01 2.550084114074707031e+00
2.368190000000000017e-01 2.550084114074707031e+00
2.402849999999999986e-01 2.555258750915527344e+00
2.437070000000000070e-01 2.550084114074707031e+00
2.470239999999999936e-01 2.550084114074707031e+00
2.503130000000000077e-01 2.555258750915527344e+00
2.536140000000000061e-01 2.555258750915527344e+00
2.570720000000000227e-01 2.555258750915527344e+00
2.603579999999999783e-01 2.550084114074707031e+00
2.636919999999999820e-01 2.550084114074707031e+00
2.669900000000000051e-01 2.550084114074707031e+00
2.706069999999999864e-01 2.550084114074707031e+00
2.784940000000000193e-01 2.544909477233886719e+00
2.820099999999999829e-01 2.544909477233886719e+00
2.853959999999999830e-01 2.544909477233886719e+00
2.888450000000000184e-01 2.544909477233886719e+00
2.921349999999999780e-01 2.544909477233886719e+00
2.956389999999999851e-01 2.544909477233886719e+00
2.991980000000000195e-01 2.544909477233886719e+00
3.026510000000000034e-01 2.544909477233886719e+00
3.059540000000000037e-01 2.544909477233886719e+00
3.093949999999999756e-01 2.544909477233886719e+00
3.128630000000000022e-01 2.544909477233886719e+00
3.161550000000000193e-01 2.550084114074707031e+00
3.195950000000000180e-01 2.550084114074707031e+00
3.230509999999999771e-01 2.550084114074707031e+00
3.265129999999999977e-01 2.550084114074707031e+00
3.296769999999999978e-01 2.550084114074707031e+00
3.329360000000000097e-01 2.550084114074707031e+00
3.363949999999999996e-01 2.555258750915527344e+00
3.398399999999999754e-01 2.555258750915527344e+00
3.431330000000000213e-01 2.555258750915527344e+00
3.465860000000000052e-01 2.555258750915527344e+00
3.500329999999999830e-01 2.555258750915527344e+00
3.533240000000000269e-01 2.550084114074707031e+00
3.568149999999999933e-01 2.555258750915527344e+00
3.601079999999999837e-01 2.555258750915527344e+00
3.634069999999999800e-01 2.555258750915527344e+00
3.668569999999999887e-01 2.550084114074707031e+00
3.701570000000000138e-01 2.544909477233886719e+00
3.736129999999999729e-01 2.544909477233886719e+00
3.770589999999999775e-01 2.544909477233886719e+00
3.803549999999999986e-01 2.544909477233886719e+00
3.838159999999999905e-01 2.539734840393066406e+00
3.922080000000000011e-01 2.544909477233886719e+00
3.957620000000000027e-01 2.544909477233886719e+00
3.993720000000000048e-01 2.544909477233886719e+00
4.028200000000000114e-01 2.544909477233886719e+00
4.061230000000000118e-01 2.539734840393066406e+00
4.094119999999999981e-01 2.544909477233886719e+00
4.128620000000000068e-01 2.544909477233886719e+00
4.161730000000000151e-01 2.550084114074707031e+00
4.196159999999999890e-01 2.555258750915527344e+00
4.230689999999999729e-01 2.555258750915527344e+00
4.265369999999999995e-01 2.555258750915527344e+00
4.299729999999999941e-01 2.555258750915527344e+00
4.334290000000000087e-01 2.555258750915527344e+00
4.367159999999999931e-01 2.550084114074707031e+00
4.401680000000000037e-01 2.555258750915527344e+00
4.436169999999999836e-01 2.555258750915527344e+00
4.469049999999999967e-01 2.555258750915527344e+00
4.502090000000000258e-01 2.550084114074707031e+00
4.535390000000000255e-01 2.555258750915527344e+00
4.569889999999999786e-01 2.550084114074707031e+00
4.604449999999999932e-01 2.550084114074707031e+00
4.637390000000000123e-01 2.550084114074707031e+00
4.671899999999999942e-01 2.544909477233886719e+00
4.706380000000000008e-01 2.539734840393066406e+00
4.739360000000000239e-01 2.544909477233886719e+00
4.773890000000000078e-01 2.544909477233886719e+00
4.808419999999999916e-01 2.544909477233886719e+00
4.841320000000000068e-01 2.544909477233886719e+00
4.875820000000000154e-01 2.544909477233886719e+00
4.910379999999999745e-01 2.544909477233886719e+00
4.943359999999999976e-01 2.550084114074707031e+00
4.977690000000000170e-01 2.550084114074707031e+00
5.012370000000000436e-01 2.544909477233886719e+00
5.099139999999999784e-01 2.550084114074707031e+00
5.133229999999999738e-01 2.550084114074707031e+00
5.167920000000000291e-01 2.555258750915527344e+00
5.202459999999999862e-01 2.555258750915527344e+00
5.235340000000000549e-01 2.555258750915527344e+00
5.269949999999999912e-01 2.555258750915527344e+00
5.304419999999999691e-01 2.555258750915527344e+00
5.337300000000000377e-01 2.555258750915527344e+00
5.370439999999999658e-01 2.555258750915527344e+00
5.403289999999999482e-01 2.550084114074707031e+00
5.437739999999999796e-01 2.550084114074707031e+00
5.472690000000000055e-01 2.555258750915527344e+00
5.505619999999999958e-01 2.550084114074707031e+00
5.540129999999999777e-01 2.555258750915527344e+00
5.573029999999999928e-01 2.555258750915527344e+00
5.606029999999999625e-01 2.550084114074707031e+00
5.640560000000000018e-01 2.550084114074707031e+00
5.673529999999999962e-01 2.544909477233886719e+00
5.708079999999999821e-01 2.544909477233886719e+00
5.742610000000000214e-01 2.544909477233886719e+00
5.775529999999999831e-01 2.544909477233886719e+00
5.810110000000000552e-01 2.550084114074707031e+00
5.844620000000000370e-01 2.544909477233886719e+00
5.877559999999999452e-01 2.544909477233886719e+00
5.912060000000000093e-01 2.550084114074707031e+00
5.946599999999999664e-01 2.550084114074707031e+00
5.979470000000000063e-01 2.550084114074707031e+00
6.014129999999999754e-01 2.550084114074707031e+00
6.048740000000000228e-01 2.550084114074707031e+00
6.083100000000000174e-01 2.550084114074707031e+00
6.116080000000000405e-01 2.550084114074707031e+00
6.151290000000000369e-01 2.550084114074707031e+00
6.236279999999999601e-01 2.550084114074707031e+00
6.270299999999999763e-01 2.550084114074707031e+00
6.303180000000000449e-01 2.555258750915527344e+00
6.337629999999999653e-01 2.550084114074707031e+00
6.372240000000000126e-01 2.550084114074707031e+00
6.405170000000000030e-01 2.550084114074707031e+00
6.438490000000000046e-01 2.550084114074707031e+00
6.471470000000000278e-01 2.555258750915527344e+00
6.506009999999999849e-01 2.550084114074707031e+00
6.540460000000000163e-01 2.550084114074707031e+00
6.573489999999999611e-01 2.550084114074707031e+00
6.607979999999999965e-01 2.555258750915527344e+00
6.642500000000000071e-01 2.555258750915527344e+00
6.675480000000000302e-01 2.550084114074707031e+00
6.709960000000000369e-01 2.550084114074707031e+00
6.744480000000000475e-01 2.550084114074707031e+00
6.777459999999999596e-01 2.550084114074707031e+00
6.811960000000000237e-01 2.550084114074707031e+00
6.846539999999999848e-01 2.550084114074707031e+00
6.882559999999999789e-01 2.550084114074707031e+00
6.915529999999999733e-01 2.550084114074707031e+00
6.949999999999999512e-01 2.550084114074707031e+00
6.984479999999999578e-01 2.550084114074707031e+00
7.017550000000000177e-01 2.550084114074707031e+00
7.052049999999999708e-01 2.544909477233886719e+00
7.086599999999999566e-01 2.544909477233886719e+00
7.119529999999999470e-01 2.544909477233886719e+00
7.154080000000000439e-01 2.550084114074707031e+00
7.188710000000000377e-01 2.550084114074707031e+00
7.221589999999999954e-01 2.555258750915527344e+00
7.256179999999999852e-01 2.550084114074707031e+00
7.290680000000000494e-01 2.555258750915527344e+00
7.376070000000000126e-01 2.555258750915527344e+00
7.410520000000000440e-01 2.550084114074707031e+00
7.443509999999999849e-01 2.555258750915527344e+00
7.478029999999999955e-01 2.555258750915527344e+00
7.512499999999999734e-01 2.555258750915527344e+00
7.545450000000000212e-01 2.555258750915527344e+00
7.580069999999999864e-01 2.555258750915527344e+00
7.614520000000000177e-01 2.555258750915527344e+00
7.647540000000000449e-01 2.555258750915527344e+00
7.682050000000000267e-01 2.550084114074707031e+00
7.716560000000000086e-01 2.550084114074707031e+00
7.749470000000000525e-01 2.550084114074707031e+00
7.784050000000000136e-01 2.550084114074707031e+00
7.818519999999999914e-01 2.550084114074707031e+00
7.851460000000000106e-01 2.550084114074707031e+00
7.885990000000000499e-01 2.544909477233886719e+00
7.920519999999999783e-01 2.544909477233886719e+00
7.953400000000000469e-01 2.550084114074707031e+00
7.987840000000000495e-01 2.544909477233886719e+00
8.022460000000000147e-01 2.550084114074707031e+00
8.056060000000000443e-01 2.544909477233886719e+00
8.089969999999999661e-01 2.550084114074707031e+00
8.124479999999999480e-01 2.550084114074707031e+00
8.157469999999999999e-01 2.550084114074707031e+00
8.191899999999999737e-01 2.555258750915527344e+00
8.226499999999999924e-01 2.555258750915527344e+00
8.259459999999999580e-01 2.555258750915527344e+00
8.292399999999999771e-01 2.555258750915527344e+00
8.325759999999999827e-01 2.555258750915527344e+00
8.360290000000000221e-01 2.560433387756347656e+00
8.393169999999999797e-01 2.560433387756347656e+00
8.426099999999999701e-01 2.555258750915527344e+00
8.506510000000000460e-01 2.560433387756347656e+00
8.540900000000000158e-01 2.555258750915527344e+00
8.575530000000000097e-01 2.555258750915527344e+00
8.610039999999999916e-01 2.560433387756347656e+00
8.644570000000000309e-01 2.555258750915527344e+00
8.680630000000000290e-01 2.550084114074707031e+00
8.713610000000000522e-01 2.550084114074707031e+00
8.748139999999999805e-01 2.550084114074707031e+00
8.784170000000000034e-01 2.550084114074707031e+00
8.817070000000000185e-01 2.550084114074707031e+00
8.850050000000000416e-01 2.544909477233886719e+00
8.884600000000000275e-01 2.550084114074707031e+00
8.917610000000000259e-01 2.544909477233886719e+00
8.952369999999999495e-01 2.544909477233886719e+00
8.986819999999999808e-01 2.550084114074707031e+00
9.022670000000000412e-01 2.550084114074707031e+00
9.056220000000000381e-01 2.550084114074707031e+00
9.090169999999999639e-01 2.550084114074707031e+00
9.124700000000000033e-01 2.550084114074707031e+00
9.157840000000000424e-01 2.555258750915527344e+00
9.192200000000000371e-01 2.555258750915527344e+00
9.225079999999999947e-01 2.560433387756347656e+00
9.258140000000000258e-01 2.560433387756347656e+00
9.291380000000000194e-01 2.560433387756347656e+00
9.324519999999999476e-01 2.560433387756347656e+00
9.357410000000000450e-01 2.560433387756347656e+00
9.391789999999999861e-01 2.560433387756347656e+00
9.426369999999999472e-01 2.555258750915527344e+00
9.459459999999999535e-01 2.560433387756347656e+00
9.493800000000000017e-01 2.560433387756347656e+00
9.528309999999999835e-01 2.560433387756347656e+00
9.561279999999999779e-01 2.560433387756347656e+00
9.646390000000000242e-01 2.555258750915527344e+00
9.680590000000000028e-01 2.550084114074707031e+00
9.713739999999999597e-01 2.550084114074707031e+00
9.748200000000000198e-01 2.550084114074707031e+00
9.784249999999999892e-01 2.550084114074707031e+00
9.817230000000000123e-01 2.550084114074707031e+00
9.851670000000000149e-01 2.550084114074707031e+00
9.886200000000000543e-01 2.550084114074707031e+00
9.919120000000000159e-01 2.550084114074707031e+00
9.952389999999999848e-01 2.550084114074707031e+00
9.988219999999999876e-01 2.550084114074707031e+00
1.002426999999999957e+00 2.550084114074707031e+00
1.006639000000000062e+00 2.555258750915527344e+00
1.010763999999999996e+00 2.555258750915527344e+00
1.014836999999999989e+00 2.555258750915527344e+00
1.019072999999999896e+00 2.560433387756347656e+00
1.023141999999999996e+00 2.560433387756347656e+00
1.027215999999999907e+00 2.560433387756347656e+00
1.031274000000000024e+00 2.560433387756347656e+00
1.035481000000000096e+00 2.560433387756347656e+00
1.039652000000000021e+00 2.560433387756347656e+00
1.043739999999999890e+00 2.555258750915527344e+00
1.047903000000000029e+00 2.560433387756347656e+00
1.052122999999999919e+00 2.555258750915527344e+00
1.056265000000000009e+00 2.555258750915527344e+00
1.060362000000000027e+00 2.555258750915527344e+00
1.068983000000000017e+00 2.555258750915527344e+00
1.076549999999999896e+00 2.550084114074707031e+00
1.093215000000000048e+00 2.550084114074707031e+00
1.101574000000000053e+00 2.550084114074707031e+00
1.105901999999999941e+00 2.555258750915527344e+00
1.110022000000000064e+00 2.555258750915527344e+00
1.114073000000000091e+00 2.555258750915527344e+00
1.118263000000000007e+00 2.560433387756347656e+00
1.122319999999999984e+00 2.560433387756347656e+00
1.126476000000000033e+00 2.555258750915527344e+00
1.130552999999999919e+00 2.555258750915527344e+00
1.134662999999999977e+00 2.555258750915527344e+00
1.138906999999999892e+00 2.555258750915527344e+00
1.142976999999999910e+00 2.555258750915527344e+00
1.147086000000000050e+00 2.555258750915527344e+00
1.151240000000000041e+00 2.555258750915527344e+00
1.155315000000000092e+00 2.555258750915527344e+00
1.159575999999999940e+00 2.560433387756347656e+00
1.163748999999999922e+00 2.555258750915527344e+00
1.168010999999999910e+00 2.550084114074707031e+00
1.172109999999999985e+00 2.555258750915527344e+00
1.176271999999999984e+00 2.550084114074707031e+00
1.180371000000000059e+00 2.550084114074707031e+00
1.184476000000000084e+00 2.550084114074707031e+00
1.188657000000000075e+00 2.550084114074707031e+00
1.192760999999999960e+00 2.555258750915527344e+00
1.196890999999999927e+00 2.555258750915527344e+00
1.204547999999999952e+00 2.555258750915527344e+00
1.208361999999999936e+00 2.555258750915527344e+00
1.211915999999999993e+00 2.550084114074707031e+00
1.215462000000000042e+00 2.550084114074707031e+00
1.219076000000000048e+00 2.555258750915527344e+00
1.222615000000000007e+00 2.555258750915527344e+00
1.226234999999999964e+00 2.555258750915527344e+00
1.229780000000000095e+00 2.560433387756347656e+00
1.233352999999999922e+00 2.555258750915527344e+00
1.236917999999999962e+00 2.555258750915527344e+00
1.240469999999999962e+00 2.560433387756347656e+00
1.244026999999999994e+00 2.555258750915527344e+00
1.247670000000000057e+00 2.555258750915527344e+00
1.251281000000000088e+00 2.555258750915527344e+00
1.254834999999999923e+00 2.560433387756347656e+00
1.258453999999999962e+00 2.560433387756347656e+00
1.262024000000000035e+00 2.565608024597167969e+00
1.265641999999999934e+00 2.560433387756347656e+00
1.269219000000000097e+00 2.555258750915527344e+00
1.272802999999999907e+00 2.550084114074707031e+00
1.276397999999999922e+00 2.550084114074707031e+00
1.279979999999999896e+00 2.555258750915527344e+00
1.283598999999999934e+00 2.550084114074707031e+00
1.287179999999999991e+00 2.555258750915527344e+00
1.290767999999999915e+00 2.555258750915527344e+00
1.294361000000000095e+00 2.550084114074707031e+00
1.298008999999999968e+00 2.550084114074707031e+00
1.301663000000000014e+00 2.550084114074707031e+00
1.305280999999999914e+00 2.550084114074707031e+00
1.308947000000000083e+00 2.550084114074707031e+00
1.312545000000000073e+00 2.550084114074707031e+00
1.319657999999999998e+00 2.555258750915527344e+00
1.323350000000000026e+00 2.560433387756347656e+00
1.326975000000000016e+00 2.560433387756347656e+00
1.330580000000000096e+00 2.560433387756347656e+00
1.334195000000000020e+00 2.560433387756347656e+00
1.337876999999999983e+00 2.560433387756347656e+00
1.341488999999999931e+00 2.565608024597167969e+00
1.345107000000000053e+00 2.565608024597167969e+00
1.348819999999999908e+00 2.560433387756347656e+00
1.352430000000000021e+00 2.560433387756347656e+00
1.356125999999999943e+00 2.560433387756347656e+00
1.359755000000000047e+00 2.560433387756347656e+00
1.363385999999999987e+00 2.560433387756347656e+00
1.367078999999999933e+00 2.555258750915527344e+00
1.370708999999999955e+00 2.555258750915527344e+00
1.374352000000000018e+00 2.555258750915527344e+00
1.378049000000000079e+00 2.550084114074707031e+00
1.381687000000000110e+00 2.550084114074707031e+00
1.385359999999999925e+00 2.555258750915527344e+00
1.389053000000000093e+00 2.550084114074707031e+00
1.392697000000000074e+00 2.555258750915527344e+00
1.396338999999999997e+00 2.550084114074707031e+00
1.400017000000000067e+00 2.550084114074707031e+00
1.403690000000000104e+00 2.550084114074707031e+00
1.407426000000000066e+00 2.550084114074707031e+00
1.411213000000000051e+00 2.550084114074707031e+00
1.414870000000000072e+00 2.555258750915527344e+00
1.418628999999999918e+00 2.555258750915527344e+00
1.422293000000000029e+00 2.560433387756347656e+00
1.426010999999999918e+00 2.565608024597167969e+00
1.433173999999999948e+00 2.565608024597167969e+00
1.436943999999999999e+00 2.560433387756347656e+00
1.440627000000000102e+00 2.565608024597167969e+00
1.444312000000000040e+00 2.560433387756347656e+00
1.448074000000000083e+00 2.565608024597167969e+00
1.451761000000000079e+00 2.560433387756347656e+00
1.455448999999999993e+00 2.565608024597167969e+00
1.459154000000000062e+00 2.560433387756347656e+00
1.462842999999999893e+00 2.560433387756347656e+00
1.466571999999999987e+00 2.555258750915527344e+00
1.470263000000000098e+00 2.555258750915527344e+00
1.473961999999999994e+00 2.550084114074707031e+00
1.477724000000000038e+00 2.550084114074707031e+00
1.481421000000000099e+00 2.550084114074707031e+00
1.485122000000000053e+00 2.550084114074707031e+00
1.488901999999999948e+00 2.550084114074707031e+00
1.492615000000000025e+00 2.550084114074707031e+00
1.496320000000000094e+00 2.550084114074707031e+00
1.500029999999999974e+00 2.550084114074707031e+00
1.503732999999999986e+00 2.555258750915527344e+00
1.507538999999999962e+00 2.555258750915527344e+00
1.511303999999999981e+00 2.555258750915527344e+00
1.515017999999999976e+00 2.555258750915527344e+00
1.518821999999999894e+00 2.560433387756347656e+00
1.522542000000000062e+00 2.565608024597167969e+00
1.526351999999999931e+00 2.560433387756347656e+00
1.530087999999999893e+00 2.565608024597167969e+00
1.533849000000000018e+00 2.560433387756347656e+00
1.537657000000000052e+00 2.560433387756347656e+00
1.541392000000000095e+00 2.560433387756347656e+00
1.548713999999999924e+00 2.560433387756347656e+00
1.552553999999999990e+00 2.555258750915527344e+00
1.556416999999999939e+00 2.560433387756347656e+00
1.560164000000000106e+00 2.560433387756347656e+00
1.563914999999999944e+00 2.560433387756347656e+00
1.567741999999999969e+00 2.555258750915527344e+00
1.571509000000000045e+00 2.555258750915527344e+00
1.575253999999999932e+00 2.550084114074707031e+00
1.579050000000000065e+00 2.550084114074707031e+00
1.582802999999999960e+00 2.550084114074707031e+00
1.586592000000000002e+00 2.550084114074707031e+00
1.590354999999999963e+00 2.555258750915527344e+00
1.594122000000000039e+00 2.555258750915527344e+00
1.597957000000000072e+00 2.555258750915527344e+00
1.601714000000000082e+00 2.555258750915527344e+00
1.605469000000000035e+00 2.555258750915527344e+00
1.609313999999999911e+00 2.555258750915527344e+00
1.612379999999999924e+00 2.555258750915527344e+00
1.616201999999999916e+00 2.560433387756347656e+00
1.620000000000000107e+00 2.560433387756347656e+00
1.623763999999999985e+00 2.565608024597167969e+00
1.626805999999999974e+00 2.565608024597167969e+00
1.630571999999999910e+00 2.560433387756347656e+00
1.634371999999999936e+00 2.555258750915527344e+00
1.638217999999999952e+00 2.560433387756347656e+00
1.641996000000000011e+00 2.560433387756347656e+00
1.644967000000000068e+00 2.560433387756347656e+00
1.648886000000000074e+00 2.560433387756347656e+00
1.652727999999999975e+00 2.560433387756347656e+00
1.656530000000000058e+00 2.560433387756347656e+00
1.660719000000000056e+00 2.560433387756347656e+00
1.669893000000000072e+00 2.550084114074707031e+00
1.673748999999999931e+00 2.555258750915527344e+00
1.677647000000000110e+00 2.555258750915527344e+00
1.681451999999999947e+00 2.555258750915527344e+00
1.685256000000000087e+00 2.555258750915527344e+00
1.689092999999999956e+00 2.555258750915527344e+00
1.692900000000000071e+00 2.555258750915527344e+00
1.696749000000000063e+00 2.560433387756347656e+00
1.700580999999999898e+00 2.555258750915527344e+00
1.704404999999999948e+00 2.555258750915527344e+00
1.708321999999999896e+00 2.555258750915527344e+00
1.712250000000000050e+00 2.560433387756347656e+00
1.716307000000000027e+00 2.560433387756347656e+00
1.720250999999999975e+00 2.560433387756347656e+00
1.724085000000000090e+00 2.560433387756347656e+00
1.727978999999999932e+00 2.560433387756347656e+00
1.731816000000000022e+00 2.560433387756347656e+00
1.735722999999999905e+00 2.555258750915527344e+00
1.739567000000000085e+00 2.560433387756347656e+00
1.743413000000000102e+00 2.560433387756347656e+00
1.747258999999999896e+00 2.560433387756347656e+00
1.751139000000000001e+00 2.560433387756347656e+00
1.755009000000000041e+00 2.560433387756347656e+00
1.758947999999999956e+00 2.565608024597167969e+00
1.762794999999999890e+00 2.565608024597167969e+00
1.766650000000000054e+00 2.560433387756347656e+00
1.770551999999999904e+00 2.555258750915527344e+00
1.774413000000000018e+00 2.555258750915527344e+00
1.778415999999999997e+00 2.560433387756347656e+00
1.785805000000000087e+00 2.555258750915527344e+00
1.789746999999999977e+00 2.560433387756347656e+00
1.793641999999999959e+00 2.555258750915527344e+00
1.797585999999999906e+00 2.555258750915527344e+00
1.801488999999999896e+00 2.550084114074707031e+00
1.805392000000000108e+00 2.550084114074707031e+00
1.809285999999999950e+00 2.550084114074707031e+00
1.813163000000000080e+00 2.550084114074707031e+00
1.817134000000000027e+00 2.555258750915527344e+00
1.821018999999999943e+00 2.560433387756347656e+00
1.824886999999999926e+00 2.560433387756347656e+00
1.828851000000000004e+00 2.560433387756347656e+00
1.832726999999999995e+00 2.560433387756347656e+00
1.836673999999999918e+00 2.560433387756347656e+00
1.840567000000000064e+00 2.565608024597167969e+00
1.844462000000000046e+00 2.560433387756347656e+00
1.848459000000000074e+00 2.560433387756347656e+00
1.852352999999999916e+00 2.565608024597167969e+00
1.855418000000000012e+00 2.560433387756347656e+00
1.859350000000000058e+00 2.565608024597167969e+00
1.863259999999999916e+00 2.565608024597167969e+00
1.867183000000000037e+00 2.555258750915527344e+00
1.871069000000000093e+00 2.555258750915527344e+00
1.874961000000000100e+00 2.555258750915527344e+00
1.878953000000000095e+00 2.555258750915527344e+00
1.882020999999999944e+00 2.555258750915527344e+00
1.885957000000000106e+00 2.550084114074707031e+00
1.889871000000000079e+00 2.555258750915527344e+00
1.893790000000000084e+00 2.550084114074707031e+00
1.901321000000000039e+00 2.550084114074707031e+00
1.905761999999999956e+00 2.550084114074707031e+00
1.910536000000000012e+00 2.550084114074707031e+00
1.915262000000000020e+00 2.555258750915527344e+00
1.920230000000000103e+00 2.555258750915527344e+00
1.924917999999999907e+00 2.560433387756347656e+00
1.929826000000000041e+00 2.565608024597167969e+00
1.934536999999999951e+00 2.560433387756347656e+00
1.939356999999999998e+00 2.565608024597167969e+00
1.944104000000000054e+00 2.560433387756347656e+00
1.948898000000000019e+00 2.565608024597167969e+00
1.953648000000000051e+00 2.565608024597167969e+00
1.958453999999999917e+00 2.565608024597167969e+00
1.963173000000000057e+00 2.565608024597167969e+00
1.967958000000000096e+00 2.555258750915527344e+00
1.972734999999999905e+00 2.555258750915527344e+00
1.977481000000000044e+00 2.550084114074707031e+00
1.982205999999999912e+00 2.555258750915527344e+00
1.986946000000000101e+00 2.555258750915527344e+00
1.991695999999999911e+00 2.555258750915527344e+00
1.996512999999999982e+00 2.555258750915527344e+00
2.001285999999999898e+00 2.550084114074707031e+00
2.005916000000000032e+00 2.555258750915527344e+00
2.009888000000000119e+00 2.555258750915527344e+00
2.017507000000000161e+00 2.560433387756347656e+00
2.021948000000000079e+00 2.565608024597167969e+00
2.026002000000000081e+00 2.565608024597167969e+00
2.029983999999999789e+00 2.560433387756347656e+00
2.033968000000000220e+00 2.565608024597167969e+00
2.038040000000000074e+00 2.565608024597167969e+00
2.042027000000000037e+00 2.565608024597167969e+00
2.046086999999999989e+00 2.565608024597167969e+00
2.050075999999999787e+00 2.565608024597167969e+00
2.054065000000000030e+00 2.565608024597167969e+00
2.058139999999999858e+00 2.560433387756347656e+00
2.062148000000000092e+00 2.565608024597167969e+00
2.065239000000000047e+00 2.555258750915527344e+00
2.069342999999999932e+00 2.550084114074707031e+00
2.077253999999999934e+00 2.550084114074707031e+00
2.083006999999999831e+00 2.550084114074707031e+00
2.091270000000000184e+00 2.555258750915527344e+00
2.096769000000000105e+00 2.560433387756347656e+00
2.100925999999999849e+00 2.555258750915527344e+00
2.105017999999999834e+00 2.555258750915527344e+00
2.108246999999999982e+00 2.555258750915527344e+00
2.112248000000000125e+00 2.560433387756347656e+00
2.116372999999999838e+00 2.560433387756347656e+00
2.120416000000000079e+00 2.565608024597167969e+00
2.124578000000000078e+00 2.565608024597167969e+00
2.132416000000000089e+00 2.560433387756347656e+00
2.136604999999999865e+00 2.560433387756347656e+00
2.140633999999999926e+00 2.560433387756347656e+00
2.144655000000000200e+00 2.560433387756347656e+00
2.148751999999999995e+00 2.560433387756347656e+00
2.152829999999999799e+00 2.560433387756347656e+00
2.156912999999999858e+00 2.560433387756347656e+00
2.160960000000000214e+00 2.560433387756347656e+00
2.165000000000000036e+00 2.560433387756347656e+00
2.169189999999999952e+00 2.555258750915527344e+00
2.173217999999999872e+00 2.555258750915527344e+00
2.177281999999999940e+00 2.560433387756347656e+00
2.180422999999999778e+00 2.560433387756347656e+00
2.184435999999999822e+00 2.560433387756347656e+00
2.187632999999999939e+00 2.560433387756347656e+00
2.191666999999999810e+00 2.560433387756347656e+00
2.195793999999999802e+00 2.555258750915527344e+00
2.199863000000000124e+00 2.555258750915527344e+00
2.203929000000000027e+00 2.555258750915527344e+00
2.208045999999999953e+00 2.560433387756347656e+00
2.212123000000000062e+00 2.560433387756347656e+00
2.216248999999999914e+00 2.565608024597167969e+00
2.220324000000000186e+00 2.560433387756347656e+00
2.223440999999999779e+00 2.565608024597167969e+00
2.227510000000000101e+00 2.560433387756347656e+00
2.230631999999999948e+00 2.560433387756347656e+00
2.234674000000000049e+00 2.560433387756347656e+00
2.237836000000000158e+00 2.560433387756347656e+00
2.241899000000000086e+00 2.565608024597167969e+00
2.249587000000000003e+00 2.560433387756347656e+00
2.253785999999999845e+00 2.565608024597167969e+00
2.257988000000000106e+00 2.565608024597167969e+00
2.262100999999999917e+00 2.565608024597167969e+00
2.266271000000000146e+00 2.565608024597167969e+00
2.270391000000000048e+00 2.560433387756347656e+00
2.274497000000000213e+00 2.555258750915527344e+00
2.277671999999999919e+00 2.555258750915527344e+00
2.281763000000000208e+00 2.555258750915527344e+00
2.285934000000000133e+00 2.560433387756347656e+00
2.290058999999999845e+00 2.560433387756347656e+00
2.294189999999999952e+00 2.555258750915527344e+00
2.298366999999999827e+00 2.555258750915527344e+00
2.302491999999999983e+00 2.555258750915527344e+00
2.305663000000000018e+00 2.555258750915527344e+00
2.309769999999999879e+00 2.555258750915527344e+00
2.313933000000000018e+00 2.555258750915527344e+00
2.318131000000000164e+00 2.560433387756347656e+00
2.322312000000000154e+00 2.560433387756347656e+00
2.326598000000000166e+00 2.565608024597167969e+00
2.330731999999999804e+00 2.560433387756347656e+00
2.334855999999999820e+00 2.560433387756347656e+00
2.339154000000000178e+00 2.560433387756347656e+00
2.343293000000000070e+00 2.565608024597167969e+00
2.347710000000000186e+00 2.565608024597167969e+00
2.351894999999999847e+00 2.565608024597167969e+00
2.356138000000000066e+00 2.570782661437988281e+00
2.363881999999999817e+00 2.565608024597167969e+00
2.368224999999999802e+00 2.560433387756347656e+00
2.372399000000000147e+00 2.560433387756347656e+00
2.376590999999999898e+00 2.555258750915527344e+00
2.380761999999999823e+00 2.560433387756347656e+00
2.384938000000000002e+00 2.555258750915527344e+00
2.388250999999999902e+00 2.555258750915527344e+00
2.392399999999999860e+00 2.550084114074707031e+00
2.396592000000000056e+00 2.555258750915527344e+00
2.400773000000000046e+00 2.555258750915527344e+00
2.404968000000000217e+00 2.555258750915527344e+00
2.409301999999999833e+00 2.555258750915527344e+00
2.413485999999999798e+00 2.555258750915527344e+00
2.417750999999999983e+00 2.555258750915527344e+00
2.421978000000000186e+00 2.565608024597167969e+00
2.426273999999999820e+00 2.565608024597167969e+00
2.429482999999999837e+00 2.565608024597167969e+00
2.433647999999999811e+00 2.565608024597167969e+00
2.437901000000000096e+00 2.565608024597167969e+00
2.442101000000000077e+00 2.565608024597167969e+00
2.446349999999999802e+00 2.565608024597167969e+00
2.450552000000000064e+00 2.565608024597167969e+00
2.454768000000000061e+00 2.565608024597167969e+00
2.459042999999999868e+00 2.565608024597167969e+00
2.463255000000000194e+00 2.565608024597167969e+00
2.467487999999999904e+00 2.560433387756347656e+00
2.471706000000000181e+00 2.555258750915527344e+00
2.479588999999999821e+00 2.555258750915527344e+00
2.483910999999999980e+00 2.555258750915527344e+00
2.487238000000000060e+00 2.555258750915527344e+00
2.491430999999999951e+00 2.555258750915527344e+00
2.495716999999999963e+00 2.550084114074707031e+00
2.499983999999999984e+00 2.550084114074707031e+00
2.504306000000000143e+00 2.555258750915527344e+00
2.508612999999999982e+00 2.555258750915527344e+00
2.512843999999999856e+00 2.560433387756347656e+00
2.517097999999999836e+00 2.560433387756347656e+00
2.521348000000000145e+00 2.565608024597167969e+00
2.525628000000000206e+00 2.565608024597167969e+00
2.530082000000000164e+00 2.565608024597167969e+00
2.534323000000000103e+00 2.560433387756347656e+00
2.538628999999999802e+00 2.565608024597167969e+00
2.542873999999999857e+00 2.565608024597167969e+00
2.547175999999999885e+00 2.565608024597167969e+00
2.551432999999999840e+00 2.565608024597167969e+00
2.555750999999999884e+00 2.565608024597167969e+00
2.560014999999999930e+00 2.565608024597167969e+00
2.564294999999999991e+00 2.565608024597167969e+00
2.568659999999999943e+00 2.555258750915527344e+00
2.572925999999999824e+00 2.555258750915527344e+00
2.577221999999999902e+00 2.555258750915527344e+00
2.581529999999999880e+00 2.555258750915527344e+00
2.585862999999999801e+00 2.550084114074707031e+00
2.590269999999999850e+00 2.555258750915527344e+00
2.598132999999999804e+00 2.555258750915527344e+00
2.602481000000000044e+00 2.560433387756347656e+00
2.606789000000000023e+00 2.560433387756347656e+00
2.610056000000000154e+00 2.560433387756347656e+00
2.614304999999999879e+00 2.560433387756347656e+00
2.618643000000000054e+00 2.565608024597167969e+00
2.622946000000000222e+00 2.565608024597167969e+00
2.627282000000000117e+00 2.565608024597167969e+00
2.631768999999999803e+00 2.565608024597167969e+00
2.636128999999999944e+00 2.565608024597167969e+00
2.640420999999999907e+00 2.565608024597167969e+00
2.643625000000000114e+00 2.560433387756347656e+00
2.647968000000000099e+00 2.565608024597167969e+00
2.652280000000000193e+00 2.560433387756347656e+00
2.656597999999999793e+00 2.565608024597167969e+00
2.660931999999999853e+00 2.560433387756347656e+00
2.665239000000000136e+00 2.560433387756347656e+00
2.669598000000000138e+00 2.555258750915527344e+00
2.672867000000000104e+00 2.555258750915527344e+00
2.676015000000000033e+00 2.555258750915527344e+00
2.680314000000000085e+00 2.560433387756347656e+00
2.684613000000000138e+00 2.560433387756347656e+00
2.688960999999999935e+00 2.565608024597167969e+00
2.693289000000000044e+00 2.560433387756347656e+00
2.697639999999999816e+00 2.560433387756347656e+00
2.701973999999999876e+00 2.560433387756347656e+00
2.706471000000000071e+00 2.560433387756347656e+00
2.716505000000000170e+00 2.565608024597167969e+00
2.722106999999999832e+00 2.565608024597167969e+00
2.727460000000000218e+00 2.560433387756347656e+00
2.732848999999999862e+00 2.560433387756347656e+00
2.738290000000000113e+00 2.565608024597167969e+00
2.743609999999999882e+00 2.565608024597167969e+00
2.749029999999999863e+00 2.565608024597167969e+00
2.754401000000000099e+00 2.565608024597167969e+00
2.759808000000000039e+00 2.565608024597167969e+00
2.765149000000000079e+00 2.565608024597167969e+00
2.770681999999999867e+00 2.560433387756347656e+00
2.776120999999999839e+00 2.560433387756347656e+00
2.781470000000000109e+00 2.560433387756347656e+00
2.786890000000000089e+00 2.560433387756347656e+00
2.792269999999999808e+00 2.560433387756347656e+00
2.797663000000000011e+00 2.560433387756347656e+00
2.803053999999999935e+00 2.560433387756347656e+00
2.808485000000000120e+00 2.555258750915527344e+00
2.813452999999999982e+00 2.555258750915527344e+00
2.817889999999999784e+00 2.560433387756347656e+00
2.822289000000000048e+00 2.560433387756347656e+00
2.830182000000000198e+00 2.565608024597167969e+00
2.835109000000000101e+00 2.560433387756347656e+00
2.839668000000000081e+00 2.565608024597167969e+00
2.844062999999999786e+00 2.560433387756347656e+00
2.848523999999999834e+00 2.565608024597167969e+00
2.852920000000000122e+00 2.565608024597167969e+00
2.857352999999999810e+00 2.565608024597167969e+00
2.860644999999999882e+00 2.565608024597167969e+00
2.865022000000000180e+00 2.565608024597167969e+00
2.869526000000000021e+00 2.560433387756347656e+00
2.872828000000000159e+00 2.560433387756347656e+00
2.877264999999999961e+00 2.560433387756347656e+00
2.881679000000000102e+00 2.560433387756347656e+00
2.886204999999999909e+00 2.560433387756347656e+00
2.890629999999999811e+00 2.560433387756347656e+00
2.895054000000000016e+00 2.555258750915527344e+00
2.898432000000000119e+00 2.555258750915527344e+00
2.902829000000000104e+00 2.550084114074707031e+00
2.907245000000000079e+00 2.555258750915527344e+00
2.911658000000000079e+00 2.555258750915527344e+00
2.916132000000000168e+00 2.560433387756347656e+00
2.920554999999999790e+00 2.560433387756347656e+00
2.924974999999999881e+00 2.565608024597167969e+00
2.929529000000000050e+00 2.565608024597167969e+00
2.932818999999999843e+00 2.565608024597167969e+00
2.937356999999999996e+00 2.565608024597167969e+00
2.945195000000000007e+00 2.565608024597167969e+00
2.950042999999999971e+00 2.565608024597167969e+00
2.954476999999999798e+00 2.565608024597167969e+00
2.957870000000000221e+00 2.565608024597167969e+00
2.962302000000000213e+00 2.565608024597167969e+00
2.966784000000000088e+00 2.565608024597167969e+00
2.971241000000000021e+00 2.565608024597167969e+00
2.975766000000000133e+00 2.555258750915527344e+00
2.980227999999999877e+00 2.555258750915527344e+00
2.984696000000000016e+00 2.555258750915527344e+00
2.989219999999999988e+00 2.555258750915527344e+00
2.993667999999999996e+00 2.550084114074707031e+00
2.997040999999999844e+00 2.555258750915527344e+00
3.001488999999999852e+00 2.555258750915527344e+00
3.006008000000000013e+00 2.555258750915527344e+00
3.010475000000000012e+00 2.555258750915527344e+00
3.014947999999999961e+00 2.560433387756347656e+00
3.018425000000000136e+00 2.565608024597167969e+00
3.022873000000000143e+00 2.565608024597167969e+00
3.027349000000000068e+00 2.565608024597167969e+00
3.031820000000000181e+00 2.565608024597167969e+00
3.036427999999999905e+00 2.565608024597167969e+00
3.040985000000000049e+00 2.565608024597167969e+00
3.045453999999999883e+00 2.565608024597167969e+00
3.050397999999999943e+00 2.565608024597167969e+00
3.054930999999999841e+00 2.570782661437988281e+00
3.063213999999999881e+00 2.565608024597167969e+00
3.067975999999999814e+00 2.555258750915527344e+00
3.076332999999999984e+00 2.555258750915527344e+00
3.086450000000000138e+00 2.555258750915527344e+00
3.092541000000000206e+00 2.560433387756347656e+00
3.099101999999999801e+00 2.555258750915527344e+00
3.103635000000000144e+00 2.560433387756347656e+00
3.108330000000000037e+00 2.560433387756347656e+00
3.112877999999999812e+00 2.560433387756347656e+00
3.117447999999999997e+00 2.565608024597167969e+00
3.121998000000000051e+00 2.565608024597167969e+00
3.126615000000000144e+00 2.565608024597167969e+00
3.130024000000000139e+00 2.565608024597167969e+00
3.134562999999999988e+00 2.565608024597167969e+00
3.139202000000000048e+00 2.565608024597167969e+00
3.143835999999999853e+00 2.565608024597167969e+00
3.148446999999999996e+00 2.565608024597167969e+00
3.152986999999999984e+00 2.565608024597167969e+00
3.157548999999999939e+00 2.565608024597167969e+00
3.162093000000000043e+00 2.565608024597167969e+00
3.165440999999999949e+00 2.560433387756347656e+00
3.173481999999999914e+00 2.560433387756347656e+00
3.178167000000000186e+00 2.555258750915527344e+00
3.182697000000000109e+00 2.555258750915527344e+00
3.187253000000000114e+00 2.565608024597167969e+00
3.191791999999999963e+00 2.560433387756347656e+00
3.196381000000000139e+00 2.560433387756347656e+00
3.200947000000000209e+00 2.555258750915527344e+00
3.205500999999999934e+00 2.565608024597167969e+00
3.210191000000000017e+00 2.560433387756347656e+00
3.214729999999999865e+00 2.565608024597167969e+00
3.219335000000000058e+00 2.565608024597167969e+00
3.223920000000000119e+00 2.565608024597167969e+00
3.228534999999999933e+00 2.565608024597167969e+00
3.233083999999999847e+00 2.565608024597167969e+00
3.237639999999999851e+00 2.565608024597167969e+00
3.242201999999999806e+00 2.565608024597167969e+00
3.246837999999999891e+00 2.565608024597167969e+00
3.251399999999999846e+00 2.565608024597167969e+00
3.256025999999999865e+00 2.565608024597167969e+00
3.260581999999999869e+00 2.560433387756347656e+00
3.265147999999999939e+00 2.560433387756347656e+00
3.269776999999999934e+00 2.560433387756347656e+00
3.274341999999999864e+00 2.565608024597167969e+00
3.279002000000000194e+00 2.565608024597167969e+00
3.283742000000000161e+00 2.560433387756347656e+00
3.293735999999999997e+00 2.560433387756347656e+00
3.298381000000000007e+00 2.560433387756347656e+00
3.302963999999999789e+00 2.560433387756347656e+00
3.307560000000000056e+00 2.560433387756347656e+00
3.312146999999999952e+00 2.560433387756347656e+00
3.316783000000000037e+00 2.560433387756347656e+00
3.321372000000000213e+00 2.565608024597167969e+00
3.326027999999999984e+00 2.565608024597167969e+00
3.330646000000000218e+00 2.565608024597167969e+00
3.334052999999999933e+00 2.565608024597167969e+00
3.338687000000000182e+00 2.565608024597167969e+00
3.342022000000000048e+00 2.565608024597167969e+00
3.346687999999999885e+00 2.565608024597167969e+00
3.351288999999999962e+00 2.565608024597167969e+00
3.354670000000000041e+00 2.570782661437988281e+00
3.359373000000000165e+00 2.565608024597167969e+00
3.363985000000000003e+00 2.570782661437988281e+00
3.368666999999999856e+00 2.565608024597167969e+00
3.373285999999999785e+00 2.565608024597167969e+00
3.377987000000000073e+00 2.560433387756347656e+00
3.382598999999999911e+00 2.560433387756347656e+00
3.387229000000000045e+00 2.560433387756347656e+00
3.391849000000000114e+00 2.560433387756347656e+00
3.395218999999999987e+00 2.560433387756347656e+00
3.400017000000000067e+00 2.555258750915527344e+00
3.408326999999999884e+00 2.555258750915527344e+00
3.413187000000000193e+00 2.555258750915527344e+00
3.417931999999999970e+00 2.565608024597167969e+00
3.422607000000000177e+00 2.565608024597167969e+00
3.427305000000000046e+00 2.565608024597167969e+00
3.431989000000000178e+00 2.565608024597167969e+00
3.436761999999999873e+00 2.565608024597167969e+00
3.441450000000000120e+00 2.570782661437988281e+00
3.444758999999999904e+00 2.570782661437988281e+00
3.449574999999999836e+00 2.570782661437988281e+00
3.453034000000000159e+00 2.570782661437988281e+00
3.457717000000000152e+00 2.570782661437988281e+00
3.462425999999999782e+00 2.570782661437988281e+00
3.465835999999999917e+00 2.565608024597167969e+00
3.470495000000000108e+00 2.560433387756347656e+00
3.475172000000000150e+00 2.560433387756347656e+00
3.479998999999999842e+00 2.560433387756347656e+00
3.484696000000000016e+00 2.555258750915527344e+00
3.489408000000000065e+00 2.560433387756347656e+00
3.494108999999999909e+00 2.560433387756347656e+00
3.498851000000000155e+00 2.560433387756347656e+00
3.503538999999999959e+00 2.555258750915527344e+00
3.507026000000000199e+00 2.560433387756347656e+00
3.511721999999999788e+00 2.560433387756347656e+00
3.516666999999999987e+00 2.565608024597167969e+00
3.530149000000000203e+00 2.570782661437988281e+00
3.536691999999999947e+00 2.565608024597167969e+00
3.542518999999999973e+00 2.565608024597167969e+00
3.548351999999999951e+00 2.570782661437988281e+00
3.554380999999999791e+00 2.570782661437988281e+00
3.560283000000000087e+00 2.565608024597167969e+00
3.566181999999999963e+00 2.560433387756347656e+00
3.572032000000000096e+00 2.560433387756347656e+00
3.577888000000000179e+00 2.560433387756347656e+00
3.583722999999999992e+00 2.555258750915527344e+00
3.589639000000000024e+00 2.560433387756347656e+00
3.595509999999999984e+00 2.555258750915527344e+00
3.601405000000000189e+00 2.555258750915527344e+00
3.607362999999999875e+00 2.565608024597167969e+00
3.613234999999999975e+00 2.565608024597167969e+00
3.618609000000000187e+00 2.565608024597167969e+00
3.623326000000000047e+00 2.570782661437988281e+00
3.628121000000000151e+00 2.565608024597167969e+00
3.632848000000000077e+00 2.565608024597167969e+00
3.637575000000000003e+00 2.565608024597167969e+00
3.642374999999999918e+00 2.565608024597167969e+00
3.650682000000000205e+00 2.565608024597167969e+00
3.655952999999999786e+00 2.565608024597167969e+00
3.660686000000000107e+00 2.565608024597167969e+00
3.665430999999999884e+00 2.565608024597167969e+00
3.670212999999999948e+00 2.560433387756347656e+00
3.674948999999999799e+00 2.560433387756347656e+00
3.679853000000000041e+00 2.560433387756347656e+00
3.684607999999999883e+00 2.560433387756347656e+00
3.689455000000000151e+00 2.565608024597167969e+00
3.694212999999999969e+00 2.565608024597167969e+00
3.699012999999999884e+00 2.565608024597167969e+00
3.702463999999999977e+00 2.565608024597167969e+00
3.707206999999999919e+00 2.565608024597167969e+00
3.711965000000000181e+00 2.565608024597167969e+00
3.715412999999999855e+00 2.565608024597167969e+00
3.720251000000000197e+00 2.570782661437988281e+00
3.725035999999999792e+00 2.565608024597167969e+00
3.729899000000000076e+00 2.570782661437988281e+00
3.734688999999999925e+00 2.565608024597167969e+00
3.739498999999999906e+00 2.565608024597167969e+00
3.744269000000000069e+00 2.565608024597167969e+00
3.749089000000000116e+00 2.565608024597167969e+00
3.753887999999999892e+00 2.565608024597167969e+00
3.758862000000000148e+00 2.565608024597167969e+00
3.767152999999999974e+00 2.565608024597167969e+00
3.772012000000000143e+00 2.565608024597167969e+00
3.776885000000000048e+00 2.560433387756347656e+00
3.781686000000000103e+00 2.565608024597167969e+00
3.786541999999999852e+00 2.565608024597167969e+00
3.791351999999999833e+00 2.565608024597167969e+00
3.794845000000000024e+00 2.565608024597167969e+00
3.798449000000000186e+00 2.565608024597167969e+00
3.803236000000000061e+00 2.565608024597167969e+00
3.808105999999999991e+00 2.565608024597167969e+00
3.812931999999999988e+00 2.560433387756347656e+00
3.817769999999999886e+00 2.565608024597167969e+00
3.822594000000000047e+00 2.565608024597167969e+00
3.826045999999999836e+00 2.565608024597167969e+00
3.830872999999999973e+00 2.565608024597167969e+00
3.835760000000000058e+00 2.565608024597167969e+00
3.840561999999999809e+00 2.565608024597167969e+00
3.845390000000000086e+00 2.570782661437988281e+00
3.850328999999999890e+00 2.565608024597167969e+00
3.855167999999999928e+00 2.565608024597167969e+00
3.860084000000000071e+00 2.565608024597167969e+00
3.864898000000000167e+00 2.570782661437988281e+00
3.869809000000000054e+00 2.565608024597167969e+00
3.874639999999999862e+00 2.565608024597167969e+00
3.879827000000000137e+00 2.565608024597167969e+00
3.888637000000000121e+00 2.565608024597167969e+00
3.893476999999999855e+00 2.565608024597167969e+00
3.897046000000000010e+00 2.565608024597167969e+00
3.901873000000000147e+00 2.560433387756347656e+00
3.906781000000000059e+00 2.560433387756347656e+00
3.911627999999999883e+00 2.560433387756347656e+00
3.916532999999999820e+00 2.565608024597167969e+00
3.921386000000000038e+00 2.565608024597167969e+00
3.926349000000000089e+00 2.565608024597167969e+00
3.931198000000000192e+00 2.565608024597167969e+00
3.936110000000000220e+00 2.565608024597167969e+00
3.940981999999999985e+00 2.570782661437988281e+00
3.945895999999999848e+00 2.570782661437988281e+00
3.950750000000000206e+00 2.565608024597167969e+00
3.955684999999999896e+00 2.570782661437988281e+00
3.960615000000000219e+00 2.570782661437988281e+00
3.965479000000000198e+00 2.570782661437988281e+00
3.970406000000000102e+00 2.565608024597167969e+00
3.975302000000000113e+00 2.565608024597167969e+00
3.978829000000000171e+00 2.565608024597167969e+00
3.983645000000000103e+00 2.565608024597167969e+00
3.988569000000000031e+00 2.560433387756347656e+00
3.993444999999999911e+00 2.560433387756347656e+00
4.001835999999999949e+00 2.560433387756347656e+00
4.006850000000000023e+00 2.560433387756347656e+00
4.011730000000000018e+00 2.560433387756347656e+00
4.015252000000000265e+00 2.565608024597167969e+00
4.020171999999999635e+00 2.565608024597167969e+00
4.025051000000000379e+00 2.570782661437988281e+00
4.030092999999999925e+00 2.570782661437988281e+00
4.033642000000000394e+00 2.570782661437988281e+00
4.038556999999999952e+00 2.570782661437988281e+00
4.043452000000000268e+00 2.570782661437988281e+00
4.047056999999999682e+00 2.570782661437988281e+00
4.051930999999999727e+00 2.570782661437988281e+00
4.055480000000000196e+00 2.570782661437988281e+00
4.060424000000000255e+00 2.575957298278808594e+00
4.065324000000000382e+00 2.570782661437988281e+00
4.070343000000000266e+00 2.560433387756347656e+00
4.079150000000000276e+00 2.560433387756347656e+00
4.088115000000000165e+00 2.560433387756347656e+00
4.094082000000000221e+00 2.560433387756347656e+00
4.102153999999999634e+00 2.560433387756347656e+00
4.107108000000000203e+00 2.565608024597167969e+00
4.115403999999999840e+00 2.565608024597167969e+00
4.120748999999999995e+00 2.570782661437988281e+00
4.125731000000000037e+00 2.570782661437988281e+00
4.129239000000000104e+00 2.570782661437988281e+00
4.134157000000000082e+00 2.570782661437988281e+00
4.139126000000000083e+00 2.570782661437988281e+00
4.142647000000000190e+00 2.570782661437988281e+00
4.147586000000000439e+00 2.570782661437988281e+00
4.152508000000000088e+00 2.570782661437988281e+00
4.156067000000000178e+00 2.565608024597167969e+00
4.161043000000000269e+00 2.570782661437988281e+00
4.166038999999999604e+00 2.565608024597167969e+00
4.170969000000000371e+00 2.565608024597167969e+00
4.175963999999999565e+00 2.560433387756347656e+00
4.180902999999999814e+00 2.560433387756347656e+00
4.184446999999999584e+00 2.560433387756347656e+00
4.188045999999999935e+00 2.565608024597167969e+00
4.192954000000000292e+00 2.565608024597167969e+00
4.197935000000000194e+00 2.565608024597167969e+00
4.202876999999999974e+00 2.565608024597167969e+00
4.206440999999999875e+00 2.565608024597167969e+00
4.211390999999999885e+00 2.565608024597167969e+00
4.216400000000000148e+00 2.565608024597167969e+00
4.221334999999999837e+00 2.570782661437988281e+00
4.229828000000000365e+00 2.570782661437988281e+00
4.234879000000000282e+00 2.570782661437988281e+00
4.239995000000000402e+00 2.570782661437988281e+00
4.244978999999999836e+00 2.565608024597167969e+00
4.250219000000000413e+00 2.565608024597167969e+00
4.255194999999999617e+00 2.570782661437988281e+00
4.260303000000000395e+00 2.565608024597167969e+00
4.265513000000000332e+00 2.565608024597167969e+00
4.270538000000000167e+00 2.565608024597167969e+00
4.275585000000000413e+00 2.565608024597167969e+00
4.280600999999999878e+00 2.565608024597167969e+00
4.285661000000000165e+00 2.565608024597167969e+00
4.291224999999999845e+00 2.565608024597167969e+00
4.296260000000000190e+00 2.565608024597167969e+00
4.301249000000000322e+00 2.560433387756347656e+00
4.306400000000000006e+00 2.565608024597167969e+00
4.311427000000000120e+00 2.565608024597167969e+00
4.316487000000000407e+00 2.565608024597167969e+00
4.320071999999999690e+00 2.565608024597167969e+00
4.325109000000000314e+00 2.565608024597167969e+00
4.330288000000000359e+00 2.570782661437988281e+00
4.335278999999999883e+00 2.565608024597167969e+00
4.340322999999999709e+00 2.565608024597167969e+00
4.348900000000000432e+00 2.570782661437988281e+00
4.353977999999999682e+00 2.570782661437988281e+00
4.359043999999999919e+00 2.570782661437988281e+00
4.362664999999999793e+00 2.570782661437988281e+00
4.367886999999999631e+00 2.570782661437988281e+00
4.372914999999999885e+00 2.565608024597167969e+00
4.377971999999999753e+00 2.565608024597167969e+00
4.383017999999999859e+00 2.565608024597167969e+00
4.386689999999999756e+00 2.565608024597167969e+00
4.390292999999999779e+00 2.565608024597167969e+00
4.393904000000000032e+00 2.565608024597167969e+00
4.398994000000000071e+00 2.570782661437988281e+00
4.404023999999999717e+00 2.565608024597167969e+00
4.409132999999999747e+00 2.560433387756347656e+00
4.414184999999999803e+00 2.560433387756347656e+00
4.419267999999999752e+00 2.565608024597167969e+00
4.424318000000000417e+00 2.570782661437988281e+00
4.429454999999999920e+00 2.570782661437988281e+00
4.434520000000000017e+00 2.570782661437988281e+00
4.439676999999999651e+00 2.565608024597167969e+00
4.444754999999999789e+00 2.570782661437988281e+00
4.449917000000000122e+00 2.570782661437988281e+00
4.454994000000000121e+00 2.570782661437988281e+00
4.460262000000000171e+00 2.570782661437988281e+00
4.468797999999999604e+00 2.570782661437988281e+00
4.474575999999999887e+00 2.565608024597167969e+00
4.479835999999999707e+00 2.565608024597167969e+00
4.484952999999999967e+00 2.565608024597167969e+00
4.490169999999999995e+00 2.565608024597167969e+00
4.495243999999999573e+00 2.565608024597167969e+00
4.500485000000000291e+00 2.560433387756347656e+00
4.505692999999999948e+00 2.565608024597167969e+00
4.510826999999999920e+00 2.560433387756347656e+00
4.516017999999999866e+00 2.565608024597167969e+00
4.519639999999999880e+00 2.570782661437988281e+00
4.523241999999999763e+00 2.570782661437988281e+00
4.528419000000000416e+00 2.570782661437988281e+00
4.533532000000000117e+00 2.570782661437988281e+00
4.538650999999999769e+00 2.570782661437988281e+00
4.542237000000000080e+00 2.570782661437988281e+00
4.545842999999999634e+00 2.570782661437988281e+00
4.549439999999999706e+00 2.570782661437988281e+00
4.553043999999999869e+00 2.570782661437988281e+00
4.558181000000000260e+00 2.570782661437988281e+00
4.563334000000000223e+00 2.570782661437988281e+00
4.568497999999999948e+00 2.565608024597167969e+00
4.573644999999999960e+00 2.565608024597167969e+00
4.578774000000000122e+00 2.560433387756347656e+00
4.587678999999999618e+00 2.560433387756347656e+00
4.592846999999999902e+00 2.560433387756347656e+00
4.597978000000000343e+00 2.565608024597167969e+00
4.603124000000000215e+00 2.565608024597167969e+00
4.608297000000000310e+00 2.565608024597167969e+00
4.613451000000000413e+00 2.565608024597167969e+00
4.618644999999999889e+00 2.570782661437988281e+00
4.623757000000000339e+00 2.570782661437988281e+00
4.628951999999999956e+00 2.570782661437988281e+00
4.634081000000000117e+00 2.570782661437988281e+00
4.639266000000000112e+00 2.570782661437988281e+00
4.644428999999999697e+00 2.570782661437988281e+00
4.649627999999999872e+00 2.570782661437988281e+00
4.654762999999999984e+00 2.570782661437988281e+00
4.659964999999999691e+00 2.565608024597167969e+00
4.665102000000000082e+00 2.565608024597167969e+00
4.668839000000000183e+00 2.565608024597167969e+00
4.673994999999999678e+00 2.565608024597167969e+00
4.679185000000000372e+00 2.560433387756347656e+00
4.682857000000000269e+00 2.560433387756347656e+00
4.687949999999999839e+00 2.565608024597167969e+00
4.693082999999999672e+00 2.565608024597167969e+00
4.701699999999999768e+00 2.565608024597167969e+00
4.707199000000000133e+00 2.570782661437988281e+00
4.710831999999999908e+00 2.565608024597167969e+00
4.714428999999999981e+00 2.570782661437988281e+00
4.719615000000000116e+00 2.570782661437988281e+00
4.724747999999999948e+00 2.575957298278808594e+00
4.730336000000000318e+00 2.570782661437988281e+00
4.735557000000000016e+00 2.570782661437988281e+00
4.740698000000000079e+00 2.570782661437988281e+00
4.745923000000000336e+00 2.570782661437988281e+00
4.751088000000000200e+00 2.565608024597167969e+00
4.756314999999999849e+00 2.570782661437988281e+00
4.761543999999999777e+00 2.570782661437988281e+00
4.766878000000000171e+00 2.565608024597167969e+00
4.772084000000000437e+00 2.560433387756347656e+00
4.777298000000000044e+00 2.565608024597167969e+00
4.781208000000000347e+00 2.565608024597167969e+00
4.786457000000000406e+00 2.565608024597167969e+00
4.791663999999999923e+00 2.570782661437988281e+00
4.797190999999999761e+00 2.570782661437988281e+00
4.802515999999999785e+00 2.565608024597167969e+00
4.807847999999999900e+00 2.570782661437988281e+00
4.816103000000000023e+00 2.570782661437988281e+00
4.821621999999999630e+00 2.570782661437988281e+00
4.826420999999999850e+00 2.570782661437988281e+00
4.830327999999999733e+00 2.570782661437988281e+00
4.835843999999999809e+00 2.570782661437988281e+00
4.840605000000000047e+00 2.570782661437988281e+00
4.844534999999999592e+00 2.570782661437988281e+00
4.850615999999999595e+00 2.570782661437988281e+00
4.855990000000000251e+00 2.570782661437988281e+00
4.861305999999999905e+00 2.570782661437988281e+00
4.866671000000000191e+00 2.570782661437988281e+00
4.872616999999999976e+00 2.565608024597167969e+00
4.878404999999999880e+00 2.565608024597167969e+00
4.883723999999999954e+00 2.565608024597167969e+00
4.889110999999999763e+00 2.570782661437988281e+00
4.894394000000000133e+00 2.570782661437988281e+00
4.899700000000000166e+00 2.565608024597167969e+00
4.904976999999999698e+00 2.565608024597167969e+00
4.910408999999999580e+00 2.565608024597167969e+00
4.915759000000000434e+00 2.565608024597167969e+00
4.920996999999999844e+00 2.570782661437988281e+00
4.926345000000000418e+00 2.570782661437988281e+00
4.935317000000000398e+00 2.570782661437988281e+00
4.941012999999999877e+00 2.570782661437988281e+00
4.946385000000000254e+00 2.570782661437988281e+00
4.951713999999999949e+00 2.570782661437988281e+00
4.957086000000000325e+00 2.575957298278808594e+00
4.962334000000000245e+00 2.570782661437988281e+00
4.967645000000000088e+00 2.570782661437988281e+00
4.972974999999999923e+00 2.570782661437988281e+00
4.978378000000000192e+00 2.570782661437988281e+00
4.983709000000000167e+00 2.565608024597167969e+00
4.989107999999999876e+00 2.565608024597167969e+00
4.994380999999999737e+00 2.565608024597167969e+00
4.999763999999999875e+00 2.565608024597167969e+00
5.005069999999999908e+00 2.565608024597167969e+00
5.010508999999999880e+00 2.565608024597167969e+00
5.015871999999999886e+00 2.565608024597167969e+00
5.021138999999999797e+00 2.570782661437988281e+00
5.026559999999999917e+00 2.570782661437988281e+00
5.033250999999999920e+00 2.570782661437988281e+00
5.040054999999999730e+00 2.570782661437988281e+00
5.047127999999999837e+00 2.575957298278808594e+00
5.059320999999999735e+00 2.575957298278808594e+00
5.066625000000000156e+00 2.570782661437988281e+00
5.073424000000000156e+00 2.570782661437988281e+00
5.086452999999999669e+00 2.565608024597167969e+00
5.101501999999999981e+00 2.565608024597167969e+00
5.110681999999999725e+00 2.565608024597167969e+00
5.120612000000000386e+00 2.575957298278808594e+00
5.127666999999999753e+00 2.575957298278808594e+00
5.133575000000000443e+00 2.570782661437988281e+00
5.138474000000000430e+00 2.575957298278808594e+00
5.143304999999999794e+00 2.570782661437988281e+00
5.147668000000000355e+00 2.575957298278808594e+00
5.153309000000000140e+00 2.575957298278808594e+00
5.158241000000000298e+00 2.570782661437988281e+00
5.163916000000000395e+00 2.570782661437988281e+00
5.174339999999999939e+00 2.565608024597167969e+00
5.179297000000000040e+00 2.565608024597167969e+00
5.184936999999999685e+00 2.565608024597167969e+00
5.189891000000000254e+00 2.570782661437988281e+00
5.195516999999999719e+00 2.565608024597167969e+00
5.200466999999999729e+00 2.565608024597167969e+00
5.206160999999999817e+00 2.565608024597167969e+00
5.211049000000000042e+00 2.570782661437988281e+00
5.216734999999999900e+00 2.570782661437988281e+00
5.220965999999999774e+00 2.575957298278808594e+00
5.225882999999999612e+00 2.575957298278808594e+00
5.231550000000000367e+00 2.575957298278808594e+00
5.236462000000000394e+00 2.575957298278808594e+00
5.242134000000000071e+00 2.575957298278808594e+00
5.247034000000000198e+00 2.570782661437988281e+00
5.252707000000000015e+00 2.570782661437988281e+00
5.257609000000000421e+00 2.570782661437988281e+00
5.263281000000000098e+00 2.570782661437988281e+00
5.268186000000000035e+00 2.565608024597167969e+00
5.272085999999999828e+00 2.565608024597167969e+00
5.277842999999999840e+00 2.565608024597167969e+00
5.289725999999999928e+00 2.570782661437988281e+00
5.295110000000000205e+00 2.565608024597167969e+00
5.299057999999999602e+00 2.570782661437988281e+00
5.304462000000000010e+00 2.565608024597167969e+00
5.308253999999999806e+00 2.565608024597167969e+00
5.313648999999999845e+00 2.570782661437988281e+00
5.319130999999999609e+00 2.570782661437988281e+00
5.324538999999999689e+00 2.575957298278808594e+00
5.330028999999999684e+00 2.570782661437988281e+00
5.335421000000000191e+00 2.570782661437988281e+00
5.340968000000000160e+00 2.575957298278808594e+00
5.346421999999999564e+00 2.570782661437988281e+00
5.351848999999999634e+00 2.570782661437988281e+00
5.357274999999999565e+00 2.570782661437988281e+00
5.362702999999999776e+00 2.570782661437988281e+00
5.366480000000000139e+00 2.565608024597167969e+00
5.370231000000000421e+00 2.570782661437988281e+00
5.375640999999999892e+00 2.570782661437988281e+00
5.379425999999999597e+00 2.565608024597167969e+00
5.385011999999999688e+00 2.565608024597167969e+00
5.390514999999999723e+00 2.570782661437988281e+00
5.396044999999999980e+00 2.565608024597167969e+00
5.404851999999999990e+00 2.565608024597167969e+00
5.410661000000000165e+00 2.565608024597167969e+00
5.416209000000000273e+00 2.565608024597167969e+00
5.421637999999999735e+00 2.575957298278808594e+00
5.425441000000000180e+00 2.570782661437988281e+00
5.430934999999999846e+00 2.570782661437988281e+00
5.436469999999999914e+00 2.570782661437988281e+00
5.440242999999999718e+00 2.575957298278808594e+00
5.445864000000000260e+00 2.570782661437988281e+00
5.451492000000000004e+00 2.570782661437988281e+00
5.457101999999999897e+00 2.575957298278808594e+00
5.462616999999999834e+00 2.575957298278808594e+00
5.468118999999999730e+00 2.570782661437988281e+00
5.473594000000000293e+00 2.570782661437988281e+00
5.479153000000000162e+00 2.570782661437988281e+00
5.484685999999999950e+00 2.565608024597167969e+00
5.490256999999999721e+00 2.570782661437988281e+00
5.495822000000000429e+00 2.570782661437988281e+00
5.499635999999999747e+00 2.591481208801269531e+00
5.505129000000000161e+00 3.378019332885742188e+00
5.510792000000000357e+00 4.790682792663574219e+00
5.516376000000000168e+00 4.790682792663574219e+00
5.525286000000000364e+00 4.790682792663574219e+00
5.531142000000000003e+00 4.795857429504394531e+00
5.536685000000000301e+00 4.795857429504394531e+00
5.542196999999999818e+00 4.795857429504394531e+00
5.547710000000000363e+00 4.795857429504394531e+00
5.553177999999999948e+00 4.795857429504394531e+00
5.558734000000000286e+00 4.795857429504394531e+00
5.564237000000000322e+00 4.795857429504394531e+00
5.569797000000000331e+00 4.790682792663574219e+00
5.573631999999999920e+00 4.795857429504394531e+00
5.579139999999999766e+00 4.785508155822753906e+00
5.584716000000000236e+00 4.785508155822753906e+00
5.590338000000000029e+00 4.790682792663574219e+00
5.595893000000000228e+00 4.790682792663574219e+00
5.601370000000000182e+00 4.785508155822753906e+00
5.605227000000000182e+00 4.785508155822753906e+00
5.610852000000000395e+00 4.785508155822753906e+00
5.616412999999999656e+00 4.795857429504394531e+00
5.621946000000000332e+00 4.795857429504394531e+00
5.627482999999999791e+00 4.795857429504394531e+00
5.632979999999999876e+00 4.795857429504394531e+00
5.644368000000000052e+00 4.795857429504394531e+00
5.650324000000000346e+00 4.795857429504394531e+00
5.655915000000000248e+00 4.795857429504394531e+00
5.661440999999999946e+00 4.790682792663574219e+00
5.665191000000000088e+00 4.790682792663574219e+00
5.670752000000000237e+00 4.785508155822753906e+00
5.676350000000000229e+00 4.790682792663574219e+00
5.681892000000000387e+00 4.790682792663574219e+00
5.687656999999999741e+00 4.785508155822753906e+00
5.693209000000000408e+00 4.790682792663574219e+00
5.698820000000000441e+00 4.785508155822753906e+00
5.702689000000000341e+00 4.790682792663574219e+00
5.708197000000000187e+00 4.790682792663574219e+00
5.712047000000000097e+00 4.790682792663574219e+00
5.717573999999999934e+00 4.795857429504394531e+00
5.723123000000000182e+00 4.801032066345214844e+00
5.728739000000000026e+00 4.795857429504394531e+00
5.734291999999999945e+00 4.795857429504394531e+00
5.739899999999999558e+00 4.795857429504394531e+00
5.745447999999999666e+00 4.790682792663574219e+00
5.751147999999999705e+00 4.790682792663574219e+00
5.757119000000000320e+00 4.795857429504394531e+00
5.767015999999999920e+00 4.785508155822753906e+00
5.772545000000000037e+00 4.790682792663574219e+00
5.778094000000000285e+00 4.790682792663574219e+00
5.784178999999999959e+00 4.785508155822753906e+00
5.789950000000000152e+00 4.790682792663574219e+00
5.795499999999999652e+00 4.790682792663574219e+00
5.801120000000000054e+00 4.790682792663574219e+00
5.806709999999999816e+00 4.790682792663574219e+00
5.812284000000000006e+00 4.795857429504394531e+00
