1.392999999999999924e-03 2.550084114074707031e+00
5.120999999999999684e-03 2.550084114074707031e+00
8.623000000000000456e-03 2.550084114074707031e+00
1.205400000000000048e-02 2.550084114074707031e+00
2.058799999999999866e-02 2.550084114074707031e+00
2.418100000000000110e-02 2.550084114074707031e+00
2.746300000000000130e-02 2.544909477233886719e+00
3.110800000000000023e-02 2.550084114074707031e+00
3.455199999999999938e-02 2.550084114074707031e+00
3.785000000000000170e-02 2.555258750915527344e+00
4.129599999999999937e-02 2.560433387756347656e+00
4.474399999999999905e-02 2.560433387756347656e+00
4.826699999999999741e-02 2.565608024597167969e+00
5.181299999999999795e-02 2.565608024597167969e+00
5.509700000000000014e-02 2.560433387756347656e+00
5.855899999999999994e-02 2.560433387756347656e+00
6.203999999999999793e-02 2.560433387756347656e+00
6.561500000000000665e-02 2.565608024597167969e+00
6.908000000000000251e-02 2.565608024597167969e+00
7.251799999999999913e-02 2.560433387756347656e+00
7.596799999999999387e-02 2.565608024597167969e+00
7.926999999999999325e-02 2.560433387756347656e+00
8.271699999999999886e-02 2.560433387756347656e+00
8.616300000000000348e-02 2.555258750915527344e+00
8.945400000000000573e-02 2.550084114074707031e+00
9.275700000000000611e-02 2.550084114074707031e+00
9.604999999999999649e-02 2.550084114074707031e+00
9.949600000000000111e-02 2.550084114074707031e+00
1.029570000000000068e-01 2.550084114074707031e+00
1.064060000000000006e-01 2.550084114074707031e+00
1.098539999999999933e-01 2.550084114074707031e+00
1.132999999999999979e-01 2.550084114074707031e+00
1.167890000000000039e-01 2.550084114074707031e+00
1.201990000000000003e-01 2.550084114074707031e+00
1.286889999999999978e-01 2.555258750915527344e+00
1.320199999999999985e-01 2.550084114074707031e+00
1.354809999999999903e-01 2.555258750915527344e+00
1.389350000000000029e-01 2.560433387756347656e+00
1.423830000000000096e-01 2.560433387756347656e+00
1.456810000000000049e-01 2.560433387756347656e+00
1.491220000000000045e-01 2.565608024597167969e+00
1.525859999999999994e-01 2.560433387756347656e+00
1.558710000000000095e-01 2.565608024597167969e+00
1.593249999999999944e-01 2.560433387756347656e+00
1.627720000000000000e-01 2.560433387756347656e+00
1.660649999999999904e-01 2.560433387756347656e+00
1.695149999999999990e-01 2.560433387756347656e+00
1.729739999999999889e-01 2.560433387756347656e+00
1.762620000000000020e-01 2.560433387756347656e+00
1.794090000000000129e-01 2.560433387756347656e+00
1.826959999999999973e-01 2.560433387756347656e+00
1.861500000000000099e-01 2.560433387756347656e+00
1.894569999999999865e-01 2.550084114074707031e+00
1.928920000000000079e-01 2.550084114074707031e+00
1.963390000000000135e-01 2.550084114074707031e+00
2.000609999999999888e-01 2.550084114074707031e+00
2.108440000000000036e-01 2.560433387756347656e+00
2.165960000000000107e-01 2.555258750915527344e+00
2.208459999999999868e-01 2.555258750915527344e+00
2.261380000000000057e-01 2.550084114074707031e+00
2.297379999999999978e-01 2.555258750915527344e+00
2.331860000000000044e-01 2.555258750915527344e+00
2.418490000000000084e-01 2.560433387756347656e+00
2.452950000000000130e-01 2.560433387756347656e+00
2.487580000000000069e-01 2.555258750915527344e+00
2.520780000000000243e-01 2.560433387756347656e+00
2.555339999999999834e-01 2.560433387756347656e+00
2.589839999999999920e-01 2.560433387756347656e+00
2.622780000000000111e-01 2.555258750915527344e+00
2.657220000000000137e-01 2.560433387756347656e+00
2.690330000000000221e-01 2.555258750915527344e+00
2.724610000000000087e-01 2.555258750915527344e+00
2.759079999999999866e-01 2.560433387756347656e+00
2.793680000000000052e-01 2.560433387756347656e+00
2.826529999999999876e-01 2.560433387756347656e+00
2.860969999999999902e-01 2.560433387756347656e+00
2.895590000000000108e-01 2.555258750915527344e+00
2.928540000000000032e-01 2.555258750915527344e+00
2.959860000000000269e-01 2.550084114074707031e+00
2.992870000000000252e-01 2.555258750915527344e+00
3.027329999999999743e-01 2.555258750915527344e+00
3.061900000000000177e-01 2.555258750915527344e+00
3.099540000000000073e-01 2.555258750915527344e+00
3.134009999999999851e-01 2.555258750915527344e+00
3.167380000000000195e-01 2.555258750915527344e+00
3.201930000000000054e-01 2.555258750915527344e+00
3.234790000000000165e-01 2.555258750915527344e+00
3.269310000000000271e-01 2.555258750915527344e+00
3.303829999999999822e-01 2.555258750915527344e+00
3.336790000000000034e-01 2.550084114074707031e+00
3.371350000000000180e-01 2.550084114074707031e+00
3.407339999999999813e-01 2.555258750915527344e+00
3.445509999999999962e-01 2.560433387756347656e+00
3.527239999999999820e-01 2.555258750915527344e+00
3.561389999999999834e-01 2.555258750915527344e+00
3.595970000000000000e-01 2.555258750915527344e+00
3.628850000000000131e-01 2.555258750915527344e+00
3.663350000000000217e-01 2.560433387756347656e+00
3.697929999999999828e-01 2.560433387756347656e+00
3.730840000000000267e-01 2.560433387756347656e+00
3.765350000000000086e-01 2.560433387756347656e+00
3.799989999999999757e-01 2.560433387756347656e+00
3.832840000000000136e-01 2.560433387756347656e+00
3.867369999999999974e-01 2.565608024597167969e+00
3.901939999999999853e-01 2.560433387756347656e+00
3.934849999999999737e-01 2.555258750915527344e+00
3.969409999999999883e-01 2.555258750915527344e+00
4.003990000000000049e-01 2.555258750915527344e+00
4.036870000000000180e-01 2.555258750915527344e+00
4.071310000000000207e-01 2.555258750915527344e+00
4.105860000000000065e-01 2.555258750915527344e+00
4.139180000000000081e-01 2.555258750915527344e+00
4.173729999999999940e-01 2.555258750915527344e+00
4.209860000000000269e-01 2.550084114074707031e+00
4.242619999999999725e-01 2.550084114074707031e+00
4.277239999999999931e-01 2.550084114074707031e+00
4.311809999999999810e-01 2.555258750915527344e+00
4.344709999999999961e-01 2.550084114074707031e+00
4.379279999999999839e-01 2.555258750915527344e+00
4.413830000000000253e-01 2.555258750915527344e+00
4.446709999999999829e-01 2.555258750915527344e+00
4.481789999999999941e-01 2.560433387756347656e+00
4.515810000000000102e-01 2.560433387756347656e+00
4.548719999999999986e-01 2.560433387756347656e+00
4.633169999999999789e-01 2.560433387756347656e+00
4.666509999999999825e-01 2.560433387756347656e+00
4.701130000000000031e-01 2.565608024597167969e+00
4.735599999999999810e-01 2.560433387756347656e+00
4.768510000000000248e-01 2.560433387756347656e+00
4.803009999999999780e-01 2.560433387756347656e+00
4.837529999999999886e-01 2.565608024597167969e+00
4.872119999999999784e-01 2.560433387756347656e+00
4.906530000000000058e-01 2.555258750915527344e+00
4.940970000000000084e-01 2.555258750915527344e+00
4.975479999999999903e-01 2.555258750915527344e+00
5.011619999999999964e-01 2.555258750915527344e+00
5.044480000000000075e-01 2.550084114074707031e+00
5.079339999999999966e-01 2.550084114074707031e+00
5.112409999999999455e-01 2.550084114074707031e+00
5.145279999999999854e-01 2.555258750915527344e+00
5.179799999999999960e-01 2.550084114074707031e+00
5.212729999999999864e-01 2.550084114074707031e+00
5.247140000000000137e-01 2.555258750915527344e+00
5.282550000000000301e-01 2.550084114074707031e+00
5.318019999999999969e-01 2.550084114074707031e+00
5.350800000000000001e-01 2.550084114074707031e+00
5.385410000000000474e-01 2.555258750915527344e+00
5.419899999999999718e-01 2.560433387756347656e+00
5.452780000000000404e-01 2.560433387756347656e+00
5.487360000000000015e-01 2.565608024597167969e+00
5.521829999999999794e-01 2.565608024597167969e+00
5.554759999999999698e-01 2.560433387756347656e+00
5.589239999999999764e-01 2.565608024597167969e+00
5.623770000000000158e-01 2.565608024597167969e+00
5.656670000000000309e-01 2.565608024597167969e+00
5.691230000000000455e-01 2.565608024597167969e+00
5.725729999999999986e-01 2.560433387756347656e+00
5.812329999999999997e-01 2.560433387756347656e+00
5.846820000000000350e-01 2.560433387756347656e+00
5.881539999999999546e-01 2.560433387756347656e+00
5.915970000000000395e-01 2.555258750915527344e+00
5.948900000000000299e-01 2.550084114074707031e+00
5.983559999999999990e-01 2.555258750915527344e+00
6.016860000000000541e-01 2.550084114074707031e+00
6.051189999999999625e-01 2.550084114074707031e+00
6.085909999999999931e-01 2.555258750915527344e+00
6.118689999999999962e-01 2.550084114074707031e+00
6.153189999999999493e-01 2.550084114074707031e+00
6.187799999999999967e-01 2.555258750915527344e+00
6.220689999999999831e-01 2.555258750915527344e+00
6.251980000000000315e-01 2.555258750915527344e+00
6.285159999999999636e-01 2.560433387756347656e+00
6.319620000000000237e-01 2.555258750915527344e+00
6.352510000000000101e-01 2.560433387756347656e+00
6.384020000000000250e-01 2.560433387756347656e+00
6.417049999999999699e-01 2.565608024597167969e+00
6.451369999999999605e-01 2.565608024597167969e+00
6.486060000000000159e-01 2.565608024597167969e+00
6.518920000000000270e-01 2.565608024597167969e+00
6.553409999999999513e-01 2.565608024597167969e+00
6.588049999999999740e-01 2.565608024597167969e+00
6.620890000000000386e-01 2.565608024597167969e+00
6.655370000000000452e-01 2.565608024597167969e+00
6.689969999999999528e-01 2.560433387756347656e+00
6.722900000000000542e-01 2.560433387756347656e+00
6.757339999999999458e-01 2.560433387756347656e+00
6.791920000000000179e-01 2.560433387756347656e+00
6.824879999999999836e-01 2.565608024597167969e+00
6.859410000000000229e-01 2.565608024597167969e+00
6.945559999999999512e-01 2.560433387756347656e+00
6.981159999999999588e-01 2.555258750915527344e+00
7.015400000000000524e-01 2.555258750915527344e+00
7.049910000000000343e-01 2.555258750915527344e+00
7.082889999999999464e-01 2.555258750915527344e+00
7.117329999999999490e-01 2.555258750915527344e+00
7.151830000000000132e-01 2.560433387756347656e+00
7.184920000000000195e-01 2.560433387756347656e+00
7.219330000000000469e-01 2.560433387756347656e+00
7.252089999999999925e-01 2.555258750915527344e+00
7.285350000000000437e-01 2.555258750915527344e+00
7.319750000000000423e-01 2.560433387756347656e+00
7.352680000000000327e-01 2.560433387756347656e+00
7.387320000000000553e-01 2.560433387756347656e+00
7.421750000000000291e-01 2.565608024597167969e+00
7.454709999999999948e-01 2.565608024597167969e+00
7.489130000000000509e-01 2.565608024597167969e+00
7.523640000000000327e-01 2.560433387756347656e+00
7.556659999999999489e-01 2.560433387756347656e+00
7.591189999999999882e-01 2.565608024597167969e+00
7.625589999999999868e-01 2.560433387756347656e+00
7.658530000000000060e-01 2.565608024597167969e+00
7.693020000000000413e-01 2.565608024597167969e+00
7.727559999999999985e-01 2.560433387756347656e+00
7.760449999999999848e-01 2.560433387756347656e+00
7.791820000000000412e-01 2.560433387756347656e+00
7.824799999999999534e-01 2.565608024597167969e+00
7.859289999999999887e-01 2.565608024597167969e+00
7.893879999999999786e-01 2.555258750915527344e+00
7.927159999999999762e-01 2.560433387756347656e+00
7.961679999999999868e-01 2.560433387756347656e+00
7.994590000000000307e-01 2.560433387756347656e+00
8.076259999999999550e-01 2.560433387756347656e+00
8.112530000000000019e-01 2.555258750915527344e+00
8.147119999999999918e-01 2.560433387756347656e+00
8.182829999999999826e-01 2.560433387756347656e+00
8.217759999999999510e-01 2.560433387756347656e+00
8.250499999999999501e-01 2.560433387756347656e+00
8.285240000000000382e-01 2.560433387756347656e+00
8.319619999999999793e-01 2.560433387756347656e+00
8.352570000000000272e-01 2.555258750915527344e+00
8.387229999999999963e-01 2.560433387756347656e+00
8.421610000000000484e-01 2.560433387756347656e+00
8.454519999999999813e-01 2.560433387756347656e+00
8.489079999999999959e-01 2.565608024597167969e+00
8.523570000000000313e-01 2.565608024597167969e+00
8.558069999999999844e-01 2.560433387756347656e+00
8.591100000000000403e-01 2.560433387756347656e+00
8.625559999999999894e-01 2.560433387756347656e+00
8.658749999999999503e-01 2.565608024597167969e+00
8.692990000000000439e-01 2.565608024597167969e+00
8.727549999999999475e-01 2.565608024597167969e+00
8.761980000000000324e-01 2.565608024597167969e+00
8.794980000000000020e-01 2.565608024597167969e+00
8.829500000000000126e-01 2.565608024597167969e+00
8.863990000000000480e-01 2.565608024597167969e+00
8.897370000000000001e-01 2.565608024597167969e+00
8.931900000000000395e-01 2.560433387756347656e+00
8.964900000000000091e-01 2.560433387756347656e+00
8.999369999999999870e-01 2.560433387756347656e+00
9.033900000000000263e-01 2.560433387756347656e+00
9.066819999999999879e-01 2.560433387756347656e+00
9.101339999999999986e-01 2.560433387756347656e+00
9.187060000000000226e-01 2.560433387756347656e+00
9.220829999999999860e-01 2.555258750915527344e+00
9.255309999999999926e-01 2.555258750915527344e+00
9.290030000000000232e-01 2.555258750915527344e+00
9.322869999999999768e-01 2.555258750915527344e+00
9.357379999999999587e-01 2.555258750915527344e+00
9.391979999999999773e-01 2.560433387756347656e+00
9.424879999999999924e-01 2.565608024597167969e+00
9.459440000000000071e-01 2.565608024597167969e+00
9.494019999999999682e-01 2.565608024597167969e+00
9.526900000000000368e-01 2.565608024597167969e+00
9.561479999999999979e-01 2.560433387756347656e+00
9.595960000000000045e-01 2.565608024597167969e+00
9.628929999999999989e-01 2.565608024597167969e+00
9.663690000000000335e-01 2.565608024597167969e+00
9.698039999999999994e-01 2.565608024597167969e+00
9.730940000000000145e-01 2.565608024597167969e+00
9.765430000000000499e-01 2.570782661437988281e+00
9.800029999999999575e-01 2.565608024597167969e+00
9.832980000000000054e-01 2.565608024597167969e+00
9.867949999999999777e-01 2.565608024597167969e+00
9.900839999999999641e-01 2.565608024597167969e+00
9.935319999999999707e-01 2.560433387756347656e+00
9.969860000000000388e-01 2.560433387756347656e+00
1.000281999999999893e+00 2.560433387756347656e+00
1.005155000000000021e+00 2.555258750915527344e+00
1.009282000000000012e+00 2.555258750915527344e+00
1.013368000000000047e+00 2.550084114074707031e+00
1.017444999999999933e+00 2.560433387756347656e+00
1.021682999999999897e+00 2.555258750915527344e+00
1.025811000000000028e+00 2.555258750915527344e+00
1.035522999999999971e+00 2.555258750915527344e+00
1.039843999999999991e+00 2.560433387756347656e+00
1.043943000000000065e+00 2.565608024597167969e+00
1.047976000000000019e+00 2.565608024597167969e+00
1.052138999999999935e+00 2.565608024597167969e+00
1.056216999999999961e+00 2.565608024597167969e+00
1.060443999999999942e+00 2.565608024597167969e+00
1.064534000000000091e+00 2.565608024597167969e+00
1.068737000000000048e+00 2.565608024597167969e+00
1.072843999999999909e+00 2.565608024597167969e+00
1.076950000000000074e+00 2.565608024597167969e+00
1.081145000000000023e+00 2.565608024597167969e+00
1.085232999999999892e+00 2.565608024597167969e+00
1.089383999999999908e+00 2.560433387756347656e+00
1.093504999999999949e+00 2.560433387756347656e+00
1.097604999999999942e+00 2.555258750915527344e+00
1.101822000000000079e+00 2.555258750915527344e+00
1.105985999999999914e+00 2.555258750915527344e+00
1.110190999999999928e+00 2.555258750915527344e+00
1.114305000000000101e+00 2.555258750915527344e+00
1.118495999999999935e+00 2.560433387756347656e+00
1.122665000000000024e+00 2.555258750915527344e+00
1.126875999999999989e+00 2.555258750915527344e+00
1.131092999999999904e+00 2.560433387756347656e+00
1.135224999999999929e+00 2.560433387756347656e+00
1.139515000000000056e+00 2.565608024597167969e+00
1.143672000000000022e+00 2.565608024597167969e+00
1.152131999999999934e+00 2.565608024597167969e+00
1.156477999999999895e+00 2.565608024597167969e+00
1.160789000000000071e+00 2.570782661437988281e+00
1.164897999999999989e+00 2.565608024597167969e+00
1.169071999999999889e+00 2.565608024597167969e+00
1.173238000000000003e+00 2.565608024597167969e+00
1.177375999999999978e+00 2.565608024597167969e+00
1.181651999999999925e+00 2.565608024597167969e+00
1.185816999999999899e+00 2.565608024597167969e+00
1.189991999999999939e+00 2.560433387756347656e+00
1.194161999999999946e+00 2.560433387756347656e+00
1.198407999999999918e+00 2.560433387756347656e+00
1.202582000000000040e+00 2.560433387756347656e+00
1.212618999999999891e+00 2.555258750915527344e+00
1.233772000000000091e+00 2.565608024597167969e+00
1.246121999999999952e+00 2.565608024597167969e+00
1.251031000000000004e+00 2.565608024597167969e+00
1.255233000000000043e+00 2.565608024597167969e+00
1.259489000000000081e+00 2.565608024597167969e+00
1.268154999999999921e+00 2.565608024597167969e+00
1.272704999999999975e+00 2.565608024597167969e+00
1.277045999999999903e+00 2.565608024597167969e+00
1.281352999999999964e+00 2.565608024597167969e+00
1.285552999999999946e+00 2.565608024597167969e+00
1.289816999999999991e+00 2.560433387756347656e+00
1.294049000000000005e+00 2.555258750915527344e+00
1.298356999999999983e+00 2.560433387756347656e+00
1.302591999999999972e+00 2.565608024597167969e+00
1.306839000000000084e+00 2.560433387756347656e+00
1.311148999999999898e+00 2.565608024597167969e+00
1.315374999999999961e+00 2.565608024597167969e+00
1.319592000000000098e+00 2.565608024597167969e+00
1.323833999999999955e+00 2.565608024597167969e+00
1.328111000000000042e+00 2.560433387756347656e+00
1.332406999999999897e+00 2.565608024597167969e+00
1.336819999999999897e+00 2.560433387756347656e+00
1.341164999999999941e+00 2.565608024597167969e+00
1.345428000000000068e+00 2.565608024597167969e+00
1.349717000000000056e+00 2.565608024597167969e+00
1.353996999999999895e+00 2.565608024597167969e+00
1.358387999999999929e+00 2.565608024597167969e+00
1.362659000000000065e+00 2.565608024597167969e+00
1.366926000000000085e+00 2.565608024597167969e+00
1.371285000000000087e+00 2.565608024597167969e+00
1.375618000000000007e+00 2.565608024597167969e+00
1.385388000000000064e+00 2.565608024597167969e+00
1.390168999999999988e+00 2.565608024597167969e+00
1.394470000000000098e+00 2.565608024597167969e+00
1.398844999999999894e+00 2.560433387756347656e+00
1.403161000000000103e+00 2.565608024597167969e+00
1.407454999999999901e+00 2.560433387756347656e+00
1.411947999999999981e+00 2.560433387756347656e+00
1.416241000000000083e+00 2.560433387756347656e+00
1.420644000000000018e+00 2.560433387756347656e+00
1.425014000000000003e+00 2.560433387756347656e+00
1.429348999999999981e+00 2.555258750915527344e+00
1.433683999999999958e+00 2.560433387756347656e+00
1.438109999999999999e+00 2.560433387756347656e+00
1.442509000000000041e+00 2.565608024597167969e+00
1.446827000000000085e+00 2.565608024597167969e+00
1.451241000000000003e+00 2.565608024597167969e+00
1.455565999999999915e+00 2.565608024597167969e+00
1.459923999999999999e+00 2.565608024597167969e+00
1.463160999999999934e+00 2.565608024597167969e+00
1.467494000000000076e+00 2.565608024597167969e+00
1.472034999999999982e+00 2.565608024597167969e+00
1.476391000000000009e+00 2.565608024597167969e+00
1.480806999999999984e+00 2.565608024597167969e+00
1.485135000000000094e+00 2.565608024597167969e+00
1.490258000000000083e+00 2.565608024597167969e+00
1.495085999999999915e+00 2.560433387756347656e+00
1.503743000000000052e+00 2.565608024597167969e+00
1.508440999999999921e+00 2.560433387756347656e+00
1.512910999999999895e+00 2.555258750915527344e+00
1.517277999999999905e+00 2.560433387756347656e+00
1.521800000000000042e+00 2.560433387756347656e+00
1.526208000000000009e+00 2.560433387756347656e+00
1.530693999999999999e+00 2.560433387756347656e+00
1.535080000000000000e+00 2.555258750915527344e+00
1.539530000000000065e+00 2.560433387756347656e+00
1.543938000000000033e+00 2.565608024597167969e+00
1.548415000000000097e+00 2.565608024597167969e+00
1.552820000000000089e+00 2.565608024597167969e+00
1.557236000000000065e+00 2.570782661437988281e+00
1.561790000000000012e+00 2.565608024597167969e+00
1.566189000000000053e+00 2.570782661437988281e+00
1.570697000000000010e+00 2.570782661437988281e+00
1.575110999999999928e+00 2.565608024597167969e+00
1.579501000000000044e+00 2.570782661437988281e+00
1.583917999999999937e+00 2.570782661437988281e+00
1.588411000000000017e+00 2.565608024597167969e+00
1.592889999999999917e+00 2.560433387756347656e+00
1.596160999999999941e+00 2.560433387756347656e+00
1.600664000000000087e+00 2.560433387756347656e+00
1.605099000000000053e+00 2.555258750915527344e+00
1.609588999999999936e+00 2.555258750915527344e+00
1.614025999999999961e+00 2.555258750915527344e+00
1.623969999999999914e+00 2.560433387756347656e+00
1.628940999999999972e+00 2.555258750915527344e+00
1.633418000000000037e+00 2.560433387756347656e+00
1.637858999999999954e+00 2.565608024597167969e+00
1.642687000000000008e+00 2.565608024597167969e+00
1.647127000000000008e+00 2.565608024597167969e+00
1.651659999999999906e+00 2.565608024597167969e+00
1.656106999999999996e+00 2.570782661437988281e+00
1.660719000000000056e+00 2.570782661437988281e+00
1.665173000000000014e+00 2.565608024597167969e+00
1.669710999999999945e+00 2.565608024597167969e+00
1.674215000000000009e+00 2.565608024597167969e+00
1.678800000000000070e+00 2.565608024597167969e+00
1.683273999999999937e+00 2.565608024597167969e+00
1.687743999999999911e+00 2.565608024597167969e+00
1.692317999999999989e+00 2.560433387756347656e+00
1.696812999999999905e+00 2.555258750915527344e+00
1.701381999999999950e+00 2.560433387756347656e+00
1.705893000000000104e+00 2.560433387756347656e+00
1.710506000000000082e+00 2.560433387756347656e+00
1.715011999999999981e+00 2.560433387756347656e+00
1.719524000000000052e+00 2.565608024597167969e+00
1.724024000000000001e+00 2.565608024597167969e+00
1.728583999999999898e+00 2.565608024597167969e+00
1.733098999999999945e+00 2.565608024597167969e+00
1.743368999999999946e+00 2.560433387756347656e+00
1.748456000000000010e+00 2.565608024597167969e+00
1.753052999999999972e+00 2.570782661437988281e+00
1.757654000000000050e+00 2.565608024597167969e+00
1.762367999999999935e+00 2.565608024597167969e+00
1.766955999999999971e+00 2.565608024597167969e+00
1.771430000000000060e+00 2.565608024597167969e+00
1.775258000000000003e+00 2.565608024597167969e+00
1.779112000000000027e+00 2.565608024597167969e+00
1.782942000000000027e+00 2.565608024597167969e+00
1.786785000000000068e+00 2.565608024597167969e+00
1.790712000000000081e+00 2.560433387756347656e+00
1.794562999999999908e+00 2.560433387756347656e+00
1.798457999999999890e+00 2.560433387756347656e+00
1.802297999999999956e+00 2.560433387756347656e+00
1.806157999999999930e+00 2.565608024597167969e+00
1.810124999999999984e+00 2.565608024597167969e+00
1.813954999999999984e+00 2.565608024597167969e+00
1.817787999999999959e+00 2.565608024597167969e+00
1.821671000000000040e+00 2.565608024597167969e+00
1.825506999999999991e+00 2.565608024597167969e+00
1.829353999999999925e+00 2.565608024597167969e+00
1.833198000000000105e+00 2.565608024597167969e+00
1.837045000000000039e+00 2.565608024597167969e+00
1.840910999999999964e+00 2.565608024597167969e+00
1.844813000000000036e+00 2.565608024597167969e+00
1.848732000000000042e+00 2.565608024597167969e+00
1.852578000000000058e+00 2.565608024597167969e+00
1.860001999999999933e+00 2.565608024597167969e+00
1.863944999999999963e+00 2.565608024597167969e+00
1.867796999999999930e+00 2.565608024597167969e+00
1.871779000000000082e+00 2.565608024597167969e+00
1.875652000000000097e+00 2.565608024597167969e+00
1.880023999999999917e+00 2.565608024597167969e+00
1.883926999999999907e+00 2.570782661437988281e+00
1.887796000000000030e+00 2.565608024597167969e+00
1.891845999999999917e+00 2.565608024597167969e+00
1.895732999999999890e+00 2.565608024597167969e+00
1.899632999999999905e+00 2.565608024597167969e+00
1.903518999999999961e+00 2.565608024597167969e+00
1.907397999999999927e+00 2.565608024597167969e+00
1.911473999999999895e+00 2.565608024597167969e+00
1.915361000000000091e+00 2.565608024597167969e+00
1.919259000000000048e+00 2.565608024597167969e+00
1.923148000000000080e+00 2.565608024597167969e+00
1.927086000000000077e+00 2.560433387756347656e+00
1.931084999999999940e+00 2.560433387756347656e+00
1.934989000000000070e+00 2.560433387756347656e+00
1.938957000000000042e+00 2.560433387756347656e+00
1.942857000000000056e+00 2.565608024597167969e+00
1.946851000000000109e+00 2.570782661437988281e+00
1.950925999999999938e+00 2.565608024597167969e+00
1.954843000000000108e+00 2.570782661437988281e+00
1.958830000000000071e+00 2.565608024597167969e+00
1.962744000000000044e+00 2.565608024597167969e+00
1.966658000000000017e+00 2.565608024597167969e+00
1.974210000000000020e+00 2.570782661437988281e+00
1.978526000000000007e+00 2.565608024597167969e+00
1.982479000000000102e+00 2.565608024597167969e+00
1.986405999999999894e+00 2.570782661437988281e+00
1.990420000000000078e+00 2.565608024597167969e+00
1.994399000000000033e+00 2.565608024597167969e+00
1.998426000000000036e+00 2.565608024597167969e+00
2.002387999999999835e+00 2.565608024597167969e+00
2.006315999999999988e+00 2.565608024597167969e+00
2.010399000000000047e+00 2.565608024597167969e+00
2.014353999999999978e+00 2.560433387756347656e+00
2.018362000000000211e+00 2.560433387756347656e+00
2.022330000000000183e+00 2.560433387756347656e+00
2.026286999999999949e+00 2.560433387756347656e+00
2.030355999999999828e+00 2.560433387756347656e+00
2.034323000000000103e+00 2.560433387756347656e+00
2.038361000000000089e+00 2.560433387756347656e+00
2.042336999999999847e+00 2.565608024597167969e+00
2.046362999999999932e+00 2.565608024597167969e+00
2.050374000000000141e+00 2.570782661437988281e+00
2.054317000000000171e+00 2.570782661437988281e+00
2.058336999999999861e+00 2.570782661437988281e+00
2.062302999999999997e+00 2.570782661437988281e+00
2.066260999999999903e+00 2.570782661437988281e+00
2.069377999999999940e+00 2.570782661437988281e+00
2.073360000000000092e+00 2.570782661437988281e+00
2.077386000000000177e+00 2.570782661437988281e+00
2.081472000000000211e+00 2.570782661437988281e+00
2.088975000000000026e+00 2.570782661437988281e+00
2.093052999999999830e+00 2.565608024597167969e+00
2.097052000000000138e+00 2.560433387756347656e+00
2.101128000000000107e+00 2.560433387756347656e+00
2.105126999999999970e+00 2.560433387756347656e+00
2.109160999999999841e+00 2.560433387756347656e+00
2.113178000000000001e+00 2.560433387756347656e+00
2.117182000000000119e+00 2.560433387756347656e+00
2.121303000000000161e+00 2.560433387756347656e+00
2.125299000000000049e+00 2.560433387756347656e+00
2.129318000000000044e+00 2.560433387756347656e+00
2.133322000000000163e+00 2.560433387756347656e+00
2.137324000000000002e+00 2.565608024597167969e+00
2.141455000000000108e+00 2.570782661437988281e+00
2.145452999999999832e+00 2.570782661437988281e+00
2.149534000000000056e+00 2.570782661437988281e+00
2.153553000000000051e+00 2.570782661437988281e+00
2.157561999999999980e+00 2.570782661437988281e+00
2.161703999999999848e+00 2.565608024597167969e+00
2.165716999999999892e+00 2.570782661437988281e+00
2.169750000000000068e+00 2.570782661437988281e+00
2.173763999999999807e+00 2.570782661437988281e+00
2.177830000000000155e+00 2.565608024597167969e+00
2.181899000000000033e+00 2.565608024597167969e+00
2.185921000000000003e+00 2.570782661437988281e+00
2.189932999999999907e+00 2.565608024597167969e+00
2.193941000000000141e+00 2.560433387756347656e+00
2.197998999999999814e+00 2.560433387756347656e+00
2.205588000000000104e+00 2.560433387756347656e+00
2.209762000000000004e+00 2.555258750915527344e+00
2.213851000000000013e+00 2.560433387756347656e+00
2.221801999999999833e+00 2.560433387756347656e+00
2.227857999999999894e+00 2.565608024597167969e+00
2.234561999999999937e+00 2.565608024597167969e+00
2.240886999999999851e+00 2.565608024597167969e+00
2.246573999999999849e+00 2.565608024597167969e+00
2.250811000000000117e+00 2.570782661437988281e+00
2.254869999999999930e+00 2.570782661437988281e+00
2.257957000000000214e+00 2.570782661437988281e+00
2.262150000000000105e+00 2.565608024597167969e+00
2.266236000000000139e+00 2.570782661437988281e+00
2.270415999999999990e+00 2.565608024597167969e+00
2.274474999999999802e+00 2.565608024597167969e+00
2.278690000000000104e+00 2.565608024597167969e+00
2.282764999999999933e+00 2.565608024597167969e+00
2.286855000000000082e+00 2.565608024597167969e+00
2.291014000000000106e+00 2.565608024597167969e+00
2.295150000000000023e+00 2.560433387756347656e+00
2.299277000000000015e+00 2.560433387756347656e+00
2.302382999999999846e+00 2.560433387756347656e+00
2.306493000000000126e+00 2.560433387756347656e+00
2.310643999999999920e+00 2.565608024597167969e+00
2.313804999999999890e+00 2.565608024597167969e+00
2.317072000000000020e+00 2.565608024597167969e+00
2.324606000000000172e+00 2.565608024597167969e+00
2.329003000000000156e+00 2.565608024597167969e+00
2.333126000000000033e+00 2.565608024597167969e+00
2.337251999999999885e+00 2.565608024597167969e+00
2.341448999999999891e+00 2.570782661437988281e+00
2.345642999999999923e+00 2.565608024597167969e+00
2.349795999999999996e+00 2.565608024597167969e+00
2.353976999999999986e+00 2.565608024597167969e+00
2.358159999999999812e+00 2.565608024597167969e+00
2.362349000000000032e+00 2.565608024597167969e+00
2.366477000000000164e+00 2.565608024597167969e+00
2.370689000000000046e+00 2.570782661437988281e+00
2.374838000000000005e+00 2.565608024597167969e+00
2.379072999999999993e+00 2.565608024597167969e+00
2.383202999999999960e+00 2.565608024597167969e+00
2.387335999999999903e+00 2.565608024597167969e+00
2.391570000000000196e+00 2.565608024597167969e+00
2.395761999999999947e+00 2.565608024597167969e+00
2.399919999999999831e+00 2.565608024597167969e+00
2.404062000000000143e+00 2.560433387756347656e+00
2.408272000000000190e+00 2.565608024597167969e+00
2.412501999999999924e+00 2.565608024597167969e+00
2.416663999999999923e+00 2.565608024597167969e+00
2.420878999999999781e+00 2.560433387756347656e+00
2.425038999999999945e+00 2.565608024597167969e+00
2.429279999999999884e+00 2.565608024597167969e+00
2.433457000000000203e+00 2.560433387756347656e+00
2.441266000000000158e+00 2.565608024597167969e+00
2.445806000000000147e+00 2.565608024597167969e+00
2.449990999999999808e+00 2.570782661437988281e+00
2.454206999999999805e+00 2.565608024597167969e+00
2.458441999999999794e+00 2.565608024597167969e+00
2.462661999999999907e+00 2.565608024597167969e+00
2.466832000000000136e+00 2.565608024597167969e+00
2.471060000000000034e+00 2.565608024597167969e+00
2.475314000000000014e+00 2.570782661437988281e+00
2.480484999999999829e+00 2.570782661437988281e+00
2.485587000000000213e+00 2.565608024597167969e+00
2.490759999999999863e+00 2.565608024597167969e+00
2.495918000000000081e+00 2.565608024597167969e+00
2.501116000000000117e+00 2.565608024597167969e+00
2.506209000000000131e+00 2.565608024597167969e+00
2.511369000000000185e+00 2.565608024597167969e+00
2.516474000000000100e+00 2.560433387756347656e+00
2.521625999999999923e+00 2.560433387756347656e+00
2.526777000000000051e+00 2.565608024597167969e+00
2.532011999999999929e+00 2.560433387756347656e+00
2.537132999999999861e+00 2.560433387756347656e+00
2.542317999999999856e+00 2.565608024597167969e+00
2.547483000000000164e+00 2.565608024597167969e+00
2.552757000000000165e+00 2.565608024597167969e+00
2.566050000000000164e+00 2.570782661437988281e+00
2.571286000000000183e+00 2.565608024597167969e+00
2.575069000000000052e+00 2.565608024597167969e+00
2.579705000000000137e+00 2.565608024597167969e+00
2.583931000000000200e+00 2.565608024597167969e+00
2.588232000000000088e+00 2.570782661437988281e+00
2.592464000000000102e+00 2.565608024597167969e+00
2.596706000000000181e+00 2.565608024597167969e+00
2.600999999999999979e+00 2.560433387756347656e+00
2.605229000000000017e+00 2.560433387756347656e+00
2.609475000000000211e+00 2.560433387756347656e+00
2.613715000000000011e+00 2.560433387756347656e+00
2.617954000000000114e+00 2.560433387756347656e+00
2.622276999999999969e+00 2.555258750915527344e+00
2.626517000000000213e+00 2.560433387756347656e+00
2.630853999999999804e+00 2.565608024597167969e+00
2.635105999999999948e+00 2.560433387756347656e+00
2.639355999999999813e+00 2.560433387756347656e+00
2.642539000000000193e+00 2.565608024597167969e+00
2.646840000000000082e+00 2.565608024597167969e+00
2.651170000000000027e+00 2.570782661437988281e+00
2.654427999999999788e+00 2.570782661437988281e+00
2.658815999999999846e+00 2.570782661437988281e+00
2.663146999999999931e+00 2.570782661437988281e+00
2.667421000000000042e+00 2.570782661437988281e+00
2.671781000000000184e+00 2.570782661437988281e+00
2.679689000000000210e+00 2.570782661437988281e+00
2.684276000000000106e+00 2.565608024597167969e+00
2.688626000000000182e+00 2.565608024597167969e+00
2.692899000000000154e+00 2.565608024597167969e+00
2.697194999999999787e+00 2.560433387756347656e+00
2.701528999999999847e+00 2.560433387756347656e+00
2.705802999999999958e+00 2.560433387756347656e+00
2.710091999999999945e+00 2.560433387756347656e+00
2.714389000000000163e+00 2.560433387756347656e+00
2.718722999999999779e+00 2.560433387756347656e+00
2.721992999999999885e+00 2.560433387756347656e+00
2.726259999999999906e+00 2.560433387756347656e+00
2.730652000000000079e+00 2.560433387756347656e+00
2.734945000000000181e+00 2.565608024597167969e+00
2.739265000000000061e+00 2.565608024597167969e+00
2.743548999999999793e+00 2.570782661437988281e+00
2.747867999999999977e+00 2.570782661437988281e+00
2.752308000000000199e+00 2.565608024597167969e+00
2.755567999999999795e+00 2.570782661437988281e+00
2.759911999999999921e+00 2.570782661437988281e+00
2.764238999999999891e+00 2.570782661437988281e+00
2.768602000000000007e+00 2.565608024597167969e+00
2.772914999999999797e+00 2.565608024597167969e+00
2.776181999999999928e+00 2.565608024597167969e+00
2.780612000000000084e+00 2.565608024597167969e+00
2.784912999999999972e+00 2.565608024597167969e+00
2.789232000000000156e+00 2.565608024597167969e+00
2.797150999999999943e+00 2.560433387756347656e+00
2.801861000000000157e+00 2.560433387756347656e+00
2.806201000000000167e+00 2.560433387756347656e+00
2.810592000000000201e+00 2.565608024597167969e+00
2.814947999999999784e+00 2.565608024597167969e+00
2.818185000000000162e+00 2.565608024597167969e+00
2.822548999999999975e+00 2.565608024597167969e+00
2.826894999999999936e+00 2.565608024597167969e+00
2.831344999999999779e+00 2.565608024597167969e+00
2.834537999999999780e+00 2.565608024597167969e+00
2.838937000000000044e+00 2.565608024597167969e+00
2.843287000000000120e+00 2.570782661437988281e+00
2.846569999999999823e+00 2.570782661437988281e+00
2.850978000000000012e+00 2.570782661437988281e+00
2.855318000000000023e+00 2.565608024597167969e+00
2.858627999999999947e+00 2.565608024597167969e+00
2.863030999999999882e+00 2.565608024597167969e+00
2.867382000000000097e+00 2.565608024597167969e+00
2.871811000000000114e+00 2.565608024597167969e+00
2.876173999999999786e+00 2.565608024597167969e+00
2.880650000000000155e+00 2.565608024597167969e+00
2.884996999999999812e+00 2.565608024597167969e+00
2.889345000000000052e+00 2.565608024597167969e+00
2.893720000000000070e+00 2.565608024597167969e+00
2.898177000000000003e+00 2.565608024597167969e+00
2.902541999999999955e+00 2.565608024597167969e+00
2.910601999999999911e+00 2.565608024597167969e+00
2.915328999999999837e+00 2.565608024597167969e+00
2.919713999999999920e+00 2.565608024597167969e+00
2.923023999999999845e+00 2.560433387756347656e+00
2.927420000000000133e+00 2.565608024597167969e+00
2.931938999999999851e+00 2.565608024597167969e+00
2.936322999999999794e+00 2.565608024597167969e+00
2.940774999999999917e+00 2.565608024597167969e+00
2.945195000000000007e+00 2.565608024597167969e+00
2.949631000000000114e+00 2.570782661437988281e+00
2.954035000000000188e+00 2.565608024597167969e+00
2.958488000000000007e+00 2.565608024597167969e+00
2.962909999999999933e+00 2.565608024597167969e+00
2.967309000000000196e+00 2.565608024597167969e+00
2.971830000000000194e+00 2.565608024597167969e+00
2.975140999999999813e+00 2.565608024597167969e+00
2.979604999999999837e+00 2.565608024597167969e+00
2.984017000000000142e+00 2.565608024597167969e+00
2.988478000000000190e+00 2.565608024597167969e+00
2.992903000000000091e+00 2.565608024597167969e+00
2.997361999999999860e+00 2.560433387756347656e+00
3.000779000000000085e+00 2.565608024597167969e+00
3.005220000000000002e+00 2.565608024597167969e+00
3.009646000000000043e+00 2.565608024597167969e+00
3.014152000000000164e+00 2.565608024597167969e+00
3.018645999999999940e+00 2.565608024597167969e+00
3.026705999999999896e+00 2.560433387756347656e+00
3.031315999999999899e+00 2.560433387756347656e+00
3.035744999999999916e+00 2.565608024597167969e+00
3.040204999999999824e+00 2.565608024597167969e+00
3.044643000000000210e+00 2.565608024597167969e+00
3.047994999999999788e+00 2.565608024597167969e+00
3.052493999999999819e+00 2.570782661437988281e+00
3.055813999999999808e+00 2.570782661437988281e+00
3.060363999999999862e+00 2.565608024597167969e+00
3.065157999999999827e+00 2.570782661437988281e+00
3.069630000000000081e+00 2.570782661437988281e+00
3.072982999999999798e+00 2.570782661437988281e+00
3.077450999999999937e+00 2.570782661437988281e+00
3.082170000000000076e+00 2.570782661437988281e+00
3.086622999999999895e+00 2.570782661437988281e+00
3.091153999999999957e+00 2.570782661437988281e+00
3.095651000000000153e+00 2.565608024597167969e+00
3.100166000000000199e+00 2.565608024597167969e+00
3.104636999999999869e+00 2.560433387756347656e+00
3.107978000000000129e+00 2.560433387756347656e+00
3.112531000000000159e+00 2.560433387756347656e+00
3.117024999999999935e+00 2.560433387756347656e+00
3.121529000000000220e+00 2.560433387756347656e+00
3.126012999999999931e+00 2.560433387756347656e+00
3.130580000000000140e+00 2.560433387756347656e+00
3.135045999999999999e+00 2.560433387756347656e+00
3.138602000000000114e+00 2.565608024597167969e+00
3.148312000000000221e+00 2.565608024597167969e+00
3.152810999999999808e+00 2.570782661437988281e+00
3.157445000000000057e+00 2.570782661437988281e+00
3.162053999999999920e+00 2.565608024597167969e+00
3.166609999999999925e+00 2.570782661437988281e+00
3.171193999999999846e+00 2.570782661437988281e+00
3.175707000000000058e+00 2.570782661437988281e+00
3.180254999999999832e+00 2.570782661437988281e+00
3.183584000000000191e+00 2.570782661437988281e+00
3.188172999999999924e+00 2.570782661437988281e+00
3.192673999999999790e+00 2.565608024597167969e+00
3.197188000000000141e+00 2.560433387756347656e+00
3.201829000000000036e+00 2.560433387756347656e+00
3.206341000000000108e+00 2.560433387756347656e+00
3.209763999999999839e+00 2.560433387756347656e+00
3.214300000000000157e+00 2.565608024597167969e+00
3.218904999999999905e+00 2.560433387756347656e+00
3.227339999999999876e+00 2.560433387756347656e+00
3.239605000000000068e+00 2.560433387756347656e+00
3.245130000000000070e+00 2.570782661437988281e+00
3.251911000000000218e+00 2.570782661437988281e+00
3.260635999999999868e+00 2.570782661437988281e+00
3.265366000000000213e+00 2.570782661437988281e+00
3.270217999999999847e+00 2.565608024597167969e+00
3.274776000000000131e+00 2.570782661437988281e+00
3.279348000000000152e+00 2.565608024597167969e+00
3.284648999999999930e+00 2.565608024597167969e+00
3.290488999999999997e+00 2.565608024597167969e+00
3.296463999999999839e+00 2.560433387756347656e+00
3.301584000000000074e+00 2.560433387756347656e+00
3.307555999999999941e+00 2.560433387756347656e+00
3.312926000000000037e+00 2.560433387756347656e+00
3.318977999999999984e+00 2.565608024597167969e+00
3.324104999999999865e+00 2.565608024597167969e+00
3.328333000000000208e+00 2.560433387756347656e+00
3.332535000000000025e+00 2.565608024597167969e+00
3.338567999999999980e+00 2.565608024597167969e+00
3.343722000000000083e+00 2.570782661437988281e+00
3.349820999999999938e+00 2.570782661437988281e+00
3.355069999999999997e+00 2.565608024597167969e+00
3.361162000000000205e+00 2.565608024597167969e+00
3.371621000000000201e+00 2.565608024597167969e+00
3.377949000000000090e+00 2.565608024597167969e+00
3.383582000000000090e+00 2.565608024597167969e+00
3.387019000000000002e+00 2.565608024597167969e+00
3.391659999999999897e+00 2.560433387756347656e+00
3.396253000000000188e+00 2.560433387756347656e+00
3.400939000000000156e+00 2.565608024597167969e+00
3.404342999999999897e+00 2.565608024597167969e+00
3.409015000000000128e+00 2.565608024597167969e+00
3.413644999999999818e+00 2.560433387756347656e+00
3.418330999999999786e+00 2.565608024597167969e+00
3.422953999999999830e+00 2.565608024597167969e+00
3.427545999999999982e+00 2.565608024597167969e+00
3.432326999999999906e+00 2.565608024597167969e+00
3.436920000000000197e+00 2.565608024597167969e+00
3.440363000000000060e+00 2.565608024597167969e+00
3.444976000000000038e+00 2.565608024597167969e+00
3.449637000000000064e+00 2.565608024597167969e+00
3.454251999999999878e+00 2.565608024597167969e+00
3.458943000000000101e+00 2.565608024597167969e+00
3.462355000000000071e+00 2.565608024597167969e+00
3.466976999999999975e+00 2.570782661437988281e+00
3.471649999999999903e+00 2.565608024597167969e+00
3.476342999999999961e+00 2.565608024597167969e+00
3.481078000000000117e+00 2.565608024597167969e+00
3.489374999999999893e+00 2.570782661437988281e+00
3.494085999999999803e+00 2.565608024597167969e+00
3.498790000000000067e+00 2.565608024597167969e+00
3.503429999999999822e+00 2.565608024597167969e+00
3.508109000000000144e+00 2.565608024597167969e+00
3.512763000000000080e+00 2.560433387756347656e+00
3.517431000000000196e+00 2.565608024597167969e+00
3.522234999999999783e+00 2.565608024597167969e+00
3.526860999999999802e+00 2.560433387756347656e+00
3.531553999999999860e+00 2.560433387756347656e+00
3.534977000000000036e+00 2.560433387756347656e+00
3.539623999999999882e+00 2.565608024597167969e+00
3.544287000000000187e+00 2.565608024597167969e+00
3.549001000000000072e+00 2.565608024597167969e+00
3.553646000000000083e+00 2.565608024597167969e+00
3.558361999999999803e+00 2.565608024597167969e+00
3.563023999999999969e+00 2.565608024597167969e+00
3.567712000000000216e+00 2.570782661437988281e+00
3.572451000000000043e+00 2.570782661437988281e+00
3.577158999999999978e+00 2.565608024597167969e+00
3.581894999999999829e+00 2.570782661437988281e+00
3.586555000000000160e+00 2.570782661437988281e+00
3.591276000000000135e+00 2.565608024597167969e+00
3.595952000000000037e+00 2.565608024597167969e+00
3.600764999999999993e+00 2.565608024597167969e+00
3.609011999999999887e+00 2.560433387756347656e+00
3.613786000000000165e+00 2.555258750915527344e+00
3.618532000000000082e+00 2.560433387756347656e+00
3.623225000000000140e+00 2.560433387756347656e+00
3.627904000000000018e+00 2.560433387756347656e+00
3.632690999999999892e+00 2.560433387756347656e+00
3.637376999999999860e+00 2.560433387756347656e+00
3.642224000000000128e+00 2.565608024597167969e+00
3.646921999999999997e+00 2.565608024597167969e+00
3.651717000000000102e+00 2.570782661437988281e+00
3.656411999999999995e+00 2.565608024597167969e+00
3.661176999999999904e+00 2.565608024597167969e+00
3.665872999999999937e+00 2.570782661437988281e+00
3.669340000000000046e+00 2.570782661437988281e+00
3.672819000000000056e+00 2.570782661437988281e+00
3.677576999999999874e+00 2.570782661437988281e+00
3.682379000000000069e+00 2.570782661437988281e+00
3.687091999999999814e+00 2.570782661437988281e+00
3.690564999999999873e+00 2.560433387756347656e+00
3.695286999999999988e+00 2.560433387756347656e+00
3.700064999999999937e+00 2.560433387756347656e+00
3.704803000000000068e+00 2.560433387756347656e+00
3.709538999999999920e+00 2.560433387756347656e+00
3.713020999999999905e+00 2.560433387756347656e+00
3.717799999999999994e+00 2.560433387756347656e+00
3.726376000000000133e+00 2.560433387756347656e+00
3.731491999999999809e+00 2.560433387756347656e+00
3.734936999999999951e+00 2.565608024597167969e+00
3.739717000000000180e+00 2.565608024597167969e+00
3.743217000000000017e+00 2.570782661437988281e+00
3.748015000000000096e+00 2.570782661437988281e+00
3.752867999999999871e+00 2.570782661437988281e+00
3.756352999999999831e+00 2.565608024597167969e+00
3.761203000000000074e+00 2.565608024597167969e+00
3.765998000000000179e+00 2.570782661437988281e+00
3.770849000000000117e+00 2.570782661437988281e+00
3.775633000000000017e+00 2.565608024597167969e+00
3.780533999999999839e+00 2.565608024597167969e+00
3.785359999999999836e+00 2.565608024597167969e+00
3.790134000000000114e+00 2.560433387756347656e+00
3.793610999999999844e+00 2.560433387756347656e+00
3.798474000000000128e+00 2.560433387756347656e+00
3.803256999999999888e+00 2.560433387756347656e+00
3.808043000000000067e+00 2.560433387756347656e+00
3.811544000000000043e+00 2.560433387756347656e+00
3.816323999999999828e+00 2.560433387756347656e+00
3.821164000000000005e+00 2.565608024597167969e+00
3.825934000000000168e+00 2.565608024597167969e+00
3.830769999999999786e+00 2.565608024597167969e+00
3.835587999999999997e+00 2.565608024597167969e+00
3.844015000000000182e+00 2.565608024597167969e+00
3.849228000000000094e+00 2.565608024597167969e+00
3.854067999999999827e+00 2.570782661437988281e+00
3.858934999999999782e+00 2.565608024597167969e+00
3.863738000000000117e+00 2.565608024597167969e+00
3.868654999999999955e+00 2.570782661437988281e+00
3.873472000000000026e+00 2.565608024597167969e+00
3.876952999999999872e+00 2.565608024597167969e+00
3.881893999999999956e+00 2.565608024597167969e+00
3.885378000000000220e+00 2.565608024597167969e+00
3.890197999999999823e+00 2.565608024597167969e+00
3.895026000000000099e+00 2.560433387756347656e+00
3.899885999999999964e+00 2.560433387756347656e+00
3.904719000000000051e+00 2.560433387756347656e+00
3.909562999999999899e+00 2.565608024597167969e+00
3.914406000000000052e+00 2.560433387756347656e+00
3.917956000000000216e+00 2.565608024597167969e+00
3.922839999999999883e+00 2.560433387756347656e+00
3.927656999999999954e+00 2.565608024597167969e+00
3.932634000000000185e+00 2.560433387756347656e+00
3.936193999999999971e+00 2.565608024597167969e+00
3.939791000000000043e+00 2.565608024597167969e+00
3.944644999999999957e+00 2.565608024597167969e+00
3.949705999999999939e+00 2.565608024597167969e+00
3.954734999999999889e+00 2.565608024597167969e+00
3.963332999999999995e+00 2.565608024597167969e+00
3.968494999999999884e+00 2.565608024597167969e+00
3.973380999999999830e+00 2.565608024597167969e+00
3.978312999999999988e+00 2.565608024597167969e+00
3.983244000000000007e+00 2.565608024597167969e+00
3.986796000000000006e+00 2.565608024597167969e+00
3.990403000000000144e+00 2.565608024597167969e+00
3.995274999999999910e+00 2.565608024597167969e+00
4.000151999999999930e+00 2.565608024597167969e+00
4.005040000000000155e+00 2.565608024597167969e+00
4.009938000000000002e+00 2.565608024597167969e+00
4.014838000000000129e+00 2.565608024597167969e+00
4.019765999999999728e+00 2.565608024597167969e+00
4.024674000000000085e+00 2.565608024597167969e+00
4.029620999999999675e+00 2.560433387756347656e+00
4.034548000000000023e+00 2.560433387756347656e+00
4.039437999999999640e+00 2.565608024597167969e+00
4.042945999999999707e+00 2.565608024597167969e+00
4.047849000000000252e+00 2.565608024597167969e+00
4.052814999999999834e+00 2.565608024597167969e+00
4.056353999999999793e+00 2.565608024597167969e+00
4.059955999999999676e+00 2.565608024597167969e+00
4.064841000000000371e+00 2.565608024597167969e+00
4.068388999999999811e+00 2.570782661437988281e+00
4.071979999999999933e+00 2.570782661437988281e+00
4.080585000000000129e+00 2.565608024597167969e+00
4.084725999999999857e+00 2.565608024597167969e+00
4.089697000000000138e+00 2.565608024597167969e+00
4.094638999999999918e+00 2.565608024597167969e+00
4.099592999999999599e+00 2.565608024597167969e+00
4.104549999999999699e+00 2.565608024597167969e+00
4.109501999999999988e+00 2.565608024597167969e+00
4.114436999999999678e+00 2.560433387756347656e+00
4.119460000000000122e+00 2.560433387756347656e+00
4.124393000000000420e+00 2.555258750915527344e+00
4.128007000000000204e+00 2.560433387756347656e+00
4.133075999999999972e+00 2.560433387756347656e+00
4.138041000000000302e+00 2.555258750915527344e+00
4.143035000000000245e+00 2.565608024597167969e+00
4.146579000000000015e+00 2.565608024597167969e+00
4.150178999999999618e+00 2.565608024597167969e+00
4.155114000000000196e+00 2.570782661437988281e+00
4.160074999999999967e+00 2.565608024597167969e+00
4.165021999999999558e+00 2.570782661437988281e+00
4.170022999999999591e+00 2.570782661437988281e+00
4.173554000000000208e+00 2.570782661437988281e+00
4.178563999999999723e+00 2.570782661437988281e+00
4.183570999999999707e+00 2.565608024597167969e+00
4.188941999999999943e+00 2.565608024597167969e+00
4.197453000000000323e+00 2.560433387756347656e+00
4.202861000000000402e+00 2.560433387756347656e+00
4.207872000000000057e+00 2.555258750915527344e+00
4.212983999999999618e+00 2.555258750915527344e+00
4.217960999999999849e+00 2.560433387756347656e+00
4.221587999999999674e+00 2.560433387756347656e+00
4.231201999999999686e+00 2.560433387756347656e+00
4.241460000000000008e+00 2.565608024597167969e+00
4.247715000000000352e+00 2.570782661437988281e+00
4.256780000000000008e+00 2.570782661437988281e+00
4.261866999999999628e+00 2.565608024597167969e+00
4.266882999999999981e+00 2.565608024597167969e+00
4.271935000000000038e+00 2.565608024597167969e+00
4.276909999999999989e+00 2.565608024597167969e+00
4.281962000000000046e+00 2.565608024597167969e+00
4.287018999999999913e+00 2.565608024597167969e+00
4.290969999999999729e+00 2.560433387756347656e+00
4.294567999999999941e+00 2.560433387756347656e+00
4.299578999999999596e+00 2.560433387756347656e+00
4.303147000000000055e+00 2.555258750915527344e+00
4.311741999999999742e+00 2.555258750915527344e+00
4.317066999999999766e+00 2.555258750915527344e+00
4.322174999999999656e+00 2.560433387756347656e+00
4.327194999999999681e+00 2.565608024597167969e+00
4.332371000000000194e+00 2.565608024597167969e+00
4.335977999999999888e+00 2.560433387756347656e+00
4.341109999999999580e+00 2.565608024597167969e+00
4.346155999999999686e+00 2.570782661437988281e+00
4.351290999999999798e+00 2.570782661437988281e+00
4.356364000000000125e+00 2.565608024597167969e+00
4.361468999999999596e+00 2.570782661437988281e+00
4.366500000000000270e+00 2.565608024597167969e+00
4.371634000000000242e+00 2.565608024597167969e+00
4.376676999999999929e+00 2.565608024597167969e+00
4.380359000000000336e+00 2.565608024597167969e+00
4.383964999999999890e+00 2.565608024597167969e+00
4.387560999999999822e+00 2.565608024597167969e+00
4.392768000000000228e+00 2.560433387756347656e+00
4.397819000000000145e+00 2.555258750915527344e+00
4.401597999999999900e+00 2.560433387756347656e+00
4.406671000000000227e+00 2.560433387756347656e+00
4.411788999999999739e+00 2.565608024597167969e+00
4.416834999999999845e+00 2.565608024597167969e+00
4.421986000000000416e+00 2.565608024597167969e+00
4.430607000000000184e+00 2.560433387756347656e+00
4.435960999999999821e+00 2.565608024597167969e+00
4.441098000000000212e+00 2.565608024597167969e+00
4.446126999999999718e+00 2.565608024597167969e+00
4.451329000000000313e+00 2.565608024597167969e+00
4.454976000000000269e+00 2.565608024597167969e+00
4.458585000000000242e+00 2.565608024597167969e+00
4.462182999999999566e+00 2.565608024597167969e+00
4.465783000000000058e+00 2.565608024597167969e+00
4.470922999999999981e+00 2.565608024597167969e+00
4.475998999999999839e+00 2.565608024597167969e+00
4.481142000000000181e+00 2.565608024597167969e+00
4.484797999999999618e+00 2.565608024597167969e+00
4.489885000000000126e+00 2.565608024597167969e+00
4.495290999999999926e+00 2.560433387756347656e+00
4.500357000000000163e+00 2.565608024597167969e+00
4.503949000000000424e+00 2.565608024597167969e+00
4.507545999999999609e+00 2.565608024597167969e+00
4.512698999999999572e+00 2.565608024597167969e+00
4.517795999999999701e+00 2.565608024597167969e+00
4.522975999999999885e+00 2.560433387756347656e+00
4.526595999999999620e+00 2.560433387756347656e+00
4.531728000000000200e+00 2.560433387756347656e+00
4.536851999999999663e+00 2.560433387756347656e+00
4.545606000000000257e+00 2.565608024597167969e+00
4.551095000000000113e+00 2.565608024597167969e+00
4.556254000000000026e+00 2.565608024597167969e+00
4.561409000000000269e+00 2.565608024597167969e+00
4.566480000000000317e+00 2.565608024597167969e+00
4.571651000000000131e+00 2.565608024597167969e+00
4.576743999999999701e+00 2.570782661437988281e+00
4.581916999999999796e+00 2.565608024597167969e+00
4.587066000000000088e+00 2.565608024597167969e+00
4.592253999999999614e+00 2.560433387756347656e+00
4.597667999999999644e+00 2.560433387756347656e+00
4.602949999999999875e+00 2.560433387756347656e+00
4.608050000000000423e+00 2.565608024597167969e+00
4.613228999999999580e+00 2.560433387756347656e+00
4.618402999999999814e+00 2.560433387756347656e+00
4.623552000000000106e+00 2.560433387756347656e+00
4.628714000000000439e+00 2.555258750915527344e+00
4.633816000000000379e+00 2.555258750915527344e+00
4.639013000000000275e+00 2.560433387756347656e+00
4.644155999999999729e+00 2.565608024597167969e+00
4.649326000000000292e+00 2.565608024597167969e+00
4.654495999999999967e+00 2.565608024597167969e+00
4.663312000000000346e+00 2.570782661437988281e+00
4.668854999999999755e+00 2.565608024597167969e+00
4.674030000000000129e+00 2.565608024597167969e+00
4.679242000000000345e+00 2.570782661437988281e+00
4.684376000000000317e+00 2.565608024597167969e+00
4.689611000000000196e+00 2.565608024597167969e+00
4.694740999999999609e+00 2.560433387756347656e+00
4.700253000000000014e+00 2.560433387756347656e+00
4.705435999999999730e+00 2.560433387756347656e+00
4.710681000000000118e+00 2.560433387756347656e+00
4.714356999999999687e+00 2.560433387756347656e+00
4.719571000000000183e+00 2.555258750915527344e+00
4.724765999999999799e+00 2.560433387756347656e+00
4.729934000000000083e+00 2.555258750915527344e+00
4.735127999999999560e+00 2.560433387756347656e+00
4.740342000000000056e+00 2.560433387756347656e+00
4.745531999999999861e+00 2.565608024597167969e+00
4.750799999999999912e+00 2.565608024597167969e+00
4.756013000000000268e+00 2.570782661437988281e+00
4.761243999999999588e+00 2.565608024597167969e+00
4.764942999999999707e+00 2.570782661437988281e+00
4.770148999999999972e+00 2.570782661437988281e+00
4.775593999999999895e+00 2.570782661437988281e+00
4.786578999999999695e+00 2.565608024597167969e+00
4.790385999999999811e+00 2.560433387756347656e+00
4.795608999999999789e+00 2.560433387756347656e+00
4.799421999999999855e+00 2.560433387756347656e+00
4.804669999999999774e+00 2.560433387756347656e+00
4.808353999999999573e+00 2.560433387756347656e+00
4.813568000000000069e+00 2.555258750915527344e+00
4.818931000000000076e+00 2.555258750915527344e+00
4.824205000000000076e+00 2.555258750915527344e+00
4.829494999999999649e+00 2.560433387756347656e+00
4.834755999999999609e+00 2.565608024597167969e+00
4.840053000000000161e+00 2.565608024597167969e+00
4.845291999999999710e+00 2.565608024597167969e+00
4.848962000000000216e+00 2.570782661437988281e+00
4.854174999999999685e+00 2.570782661437988281e+00
4.859479999999999578e+00 2.570782661437988281e+00
4.864747999999999628e+00 2.565608024597167969e+00
4.870044000000000040e+00 2.565608024597167969e+00
4.875318000000000040e+00 2.565608024597167969e+00
4.880603999999999942e+00 2.565608024597167969e+00
4.885888999999999704e+00 2.565608024597167969e+00
4.891251999999999711e+00 2.560433387756347656e+00
4.900070000000000370e+00 2.555258750915527344e+00
4.905924999999999869e+00 2.555258750915527344e+00
4.911230999999999902e+00 2.560433387756347656e+00
4.916458000000000439e+00 2.565608024597167969e+00
4.921839000000000297e+00 2.560433387756347656e+00
4.927075999999999567e+00 2.565608024597167969e+00
4.932457000000000313e+00 2.560433387756347656e+00
4.937691000000000052e+00 2.560433387756347656e+00
4.943023000000000167e+00 2.570782661437988281e+00
4.948347000000000051e+00 2.565608024597167969e+00
4.953645999999999994e+00 2.565608024597167969e+00
4.957376000000000005e+00 2.565608024597167969e+00
4.962724999999999831e+00 2.565608024597167969e+00
4.968016999999999683e+00 2.565608024597167969e+00
4.973430999999999713e+00 2.565608024597167969e+00
4.978767000000000387e+00 2.565608024597167969e+00
4.983988000000000085e+00 2.565608024597167969e+00
4.989392999999999745e+00 2.565608024597167969e+00
4.994669000000000025e+00 2.565608024597167969e+00
4.999952999999999648e+00 2.560433387756347656e+00
5.005292999999999992e+00 2.565608024597167969e+00
5.010568000000000133e+00 2.565608024597167969e+00
5.019485999999999670e+00 2.560433387756347656e+00
5.025053999999999910e+00 2.560433387756347656e+00
5.030370999999999704e+00 2.560433387756347656e+00
5.035624000000000322e+00 2.560433387756347656e+00
5.040995999999999810e+00 2.565608024597167969e+00
5.046269999999999811e+00 2.565608024597167969e+00
5.051636000000000237e+00 2.565608024597167969e+00
5.055353000000000208e+00 2.565608024597167969e+00
5.060640000000000249e+00 2.565608024597167969e+00
5.064400000000000013e+00 2.565608024597167969e+00
5.069736999999999938e+00 2.565608024597167969e+00
5.075052999999999592e+00 2.565608024597167969e+00
5.080377000000000365e+00 2.570782661437988281e+00
5.085664999999999658e+00 2.565608024597167969e+00
5.091070000000000206e+00 2.565608024597167969e+00
5.094784999999999897e+00 2.560433387756347656e+00
5.100079000000000029e+00 2.560433387756347656e+00
5.105533000000000321e+00 2.560433387756347656e+00
5.110909000000000368e+00 2.565608024597167969e+00
5.116196999999999662e+00 2.560433387756347656e+00
5.119990999999999737e+00 2.560433387756347656e+00
5.123745999999999690e+00 2.555258750915527344e+00
5.129093000000000124e+00 2.560433387756347656e+00
5.138156999999999641e+00 2.560433387756347656e+00
5.143670000000000186e+00 2.565608024597167969e+00
5.149066999999999616e+00 2.565608024597167969e+00
5.152797999999999767e+00 2.565608024597167969e+00
5.158211999999999797e+00 2.565608024597167969e+00
5.161996000000000251e+00 2.565608024597167969e+00
5.165739000000000303e+00 2.570782661437988281e+00
5.171160000000000423e+00 2.570782661437988281e+00
5.176465000000000316e+00 2.565608024597167969e+00
5.181890000000000107e+00 2.565608024597167969e+00
5.187249000000000443e+00 2.565608024597167969e+00
5.191145999999999816e+00 2.565608024597167969e+00
5.196493000000000251e+00 2.560433387756347656e+00
5.201857999999999649e+00 2.560433387756347656e+00
5.207313000000000081e+00 2.560433387756347656e+00
5.212741000000000291e+00 2.555258750915527344e+00
5.218124999999999680e+00 2.555258750915527344e+00
5.221948000000000256e+00 2.555258750915527344e+00
5.227316000000000074e+00 2.555258750915527344e+00
5.237301000000000428e+00 2.555258750915527344e+00
5.250963999999999743e+00 2.565608024597167969e+00
5.261211000000000304e+00 2.565608024597167969e+00
5.270124000000000031e+00 2.565608024597167969e+00
5.275532000000000110e+00 2.565608024597167969e+00
5.280998000000000303e+00 2.565608024597167969e+00
5.284804000000000279e+00 2.565608024597167969e+00
5.288565000000000182e+00 2.560433387756347656e+00
5.293929000000000329e+00 2.555258750915527344e+00
5.299344999999999750e+00 2.555258750915527344e+00
5.304756000000000249e+00 2.555258750915527344e+00
5.310171999999999670e+00 2.555258750915527344e+00
5.315534999999999677e+00 2.555258750915527344e+00
5.319360999999999784e+00 2.555258750915527344e+00
5.324735999999999692e+00 2.555258750915527344e+00
5.330123999999999640e+00 2.555258750915527344e+00
5.335518000000000427e+00 2.560433387756347656e+00
5.340981000000000201e+00 2.565608024597167969e+00
5.346394000000000091e+00 2.565608024597167969e+00
5.351861999999999675e+00 2.570782661437988281e+00
5.357268000000000363e+00 2.565608024597167969e+00
5.361199000000000048e+00 2.565608024597167969e+00
5.364950999999999581e+00 2.565608024597167969e+00
5.370370999999999562e+00 2.565608024597167969e+00
5.379487000000000130e+00 2.565608024597167969e+00
5.385225000000000151e+00 2.565608024597167969e+00
5.390698999999999685e+00 2.560433387756347656e+00
5.396092000000000333e+00 2.555258750915527344e+00
5.401562000000000197e+00 2.555258750915527344e+00
5.405380000000000074e+00 2.555258750915527344e+00
5.410889000000000060e+00 2.560433387756347656e+00
5.416291000000000189e+00 2.560433387756347656e+00
5.420181999999999611e+00 2.560433387756347656e+00
5.425641999999999854e+00 2.560433387756347656e+00
5.431136000000000408e+00 2.560433387756347656e+00
5.436530999999999558e+00 2.565608024597167969e+00
5.440418000000000198e+00 2.565608024597167969e+00
5.444168000000000340e+00 2.565608024597167969e+00
5.449640999999999735e+00 2.565608024597167969e+00
5.455104000000000397e+00 2.565608024597167969e+00
5.458961999999999648e+00 2.565608024597167969e+00
5.464406999999999570e+00 2.565608024597167969e+00
5.469846999999999682e+00 2.565608024597167969e+00
5.475291999999999604e+00 2.565608024597167969e+00
5.480725999999999765e+00 2.565608024597167969e+00
5.486146999999999885e+00 2.565608024597167969e+00
5.491801999999999850e+00 2.555258750915527344e+00
5.501064000000000398e+00 2.560433387756347656e+00
5.506888000000000005e+00 2.560433387756347656e+00
5.512410000000000032e+00 2.565608024597167969e+00
5.516174000000000355e+00 2.565608024597167969e+00
5.521683000000000341e+00 2.560433387756347656e+00
5.527159000000000155e+00 2.560433387756347656e+00
5.532696999999999754e+00 2.560433387756347656e+00
5.538225999999999871e+00 2.560433387756347656e+00
5.543674000000000213e+00 2.565608024597167969e+00
5.549207000000000001e+00 2.565608024597167969e+00
5.554680000000000284e+00 2.565608024597167969e+00
5.560153999999999819e+00 2.565608024597167969e+00
5.565591999999999651e+00 2.565608024597167969e+00
5.571151999999999660e+00 2.565608024597167969e+00
5.574981000000000186e+00 2.565608024597167969e+00
5.580455999999999861e+00 2.565608024597167969e+00
5.585903000000000063e+00 2.565608024597167969e+00
5.589781999999999584e+00 2.560433387756347656e+00
5.595239000000000296e+00 2.560433387756347656e+00
5.600694999999999979e+00 2.560433387756347656e+00
5.606156000000000361e+00 2.560433387756347656e+00
5.613745999999999903e+00 2.560433387756347656e+00
5.619699999999999918e+00 2.560433387756347656e+00
5.625212000000000323e+00 2.560433387756347656e+00
5.630690999999999669e+00 2.555258750915527344e+00
5.636179000000000272e+00 2.555258750915527344e+00
5.641760999999999804e+00 2.560433387756347656e+00
5.645590999999999582e+00 2.560433387756347656e+00
5.651136000000000159e+00 2.565608024597167969e+00
5.656632000000000104e+00 2.560433387756347656e+00
5.662180000000000213e+00 2.565608024597167969e+00
5.666021999999999892e+00 2.565608024597167969e+00
5.671597000000000222e+00 2.565608024597167969e+00
5.677109999999999879e+00 2.565608024597167969e+00
5.680968000000000018e+00 2.570782661437988281e+00
5.686456999999999873e+00 2.565608024597167969e+00
5.692027000000000392e+00 2.560433387756347656e+00
5.697536000000000378e+00 2.560433387756347656e+00
5.703122999999999720e+00 2.560433387756347656e+00
5.706958000000000197e+00 2.555258750915527344e+00
5.712513999999999648e+00 2.555258750915527344e+00
5.718148000000000231e+00 2.555258750915527344e+00
5.727758999999999823e+00 2.560433387756347656e+00
5.733520999999999646e+00 2.555258750915527344e+00
5.737385999999999875e+00 2.560433387756347656e+00
5.743070000000000341e+00 2.565608024597167969e+00
5.748632999999999882e+00 2.565608024597167969e+00
5.754148999999999958e+00 2.565608024597167969e+00
5.759784999999999933e+00 2.565608024597167969e+00
5.765329999999999622e+00 2.565608024597167969e+00
5.770934999999999704e+00 2.565608024597167969e+00
5.776485000000000092e+00 2.565608024597167969e+00
5.780350000000000321e+00 2.565608024597167969e+00
5.784099000000000323e+00 2.565608024597167969e+00
5.789716999999999558e+00 2.565608024597167969e+00
5.793600999999999779e+00 2.555258750915527344e+00
5.799182000000000059e+00 2.555258750915527344e+00
5.804723000000000077e+00 2.555258750915527344e+00
5.808556000000000274e+00 2.555258750915527344e+00
5.814090000000000202e+00 2.555258750915527344e+00
5.819719000000000086e+00 2.555258750915527344e+00
5.825312000000000268e+00 2.555258750915527344e+00
5.830934000000000061e+00 2.555258750915527344e+00
5.836738000000000426e+00 2.560433387756347656e+00
5.845818000000000403e+00 2.565608024597167969e+00
5.851669000000000231e+00 2.565608024597167969e+00
5.857274999999999565e+00 2.565608024597167969e+00
5.863006000000000384e+00 2.565608024597167969e+00
5.868669999999999831e+00 2.565608024597167969e+00
5.872563000000000422e+00 2.565608024597167969e+00
5.878205000000000346e+00 2.565608024597167969e+00
5.883847000000000271e+00 2.565608024597167969e+00
5.889554999999999652e+00 2.565608024597167969e+00
5.895202000000000275e+00 2.555258750915527344e+00
5.900826999999999600e+00 2.560433387756347656e+00
5.906480000000000175e+00 2.555258750915527344e+00
5.912143999999999622e+00 2.555258750915527344e+00
5.917753000000000263e+00 2.560433387756347656e+00
5.923756000000000022e+00 2.560433387756347656e+00
5.929456000000000060e+00 2.560433387756347656e+00
5.935120000000000395e+00 2.560433387756347656e+00
5.940729000000000148e+00 2.565608024597167969e+00
5.946333000000000091e+00 2.565608024597167969e+00
5.952010999999999719e+00 2.565608024597167969e+00
5.961246000000000045e+00 2.565608024597167969e+00
5.967196000000000389e+00 2.565608024597167969e+00
5.972965000000000302e+00 2.565608024597167969e+00
5.978660999999999781e+00 2.565608024597167969e+00
5.982578000000000173e+00 2.565608024597167969e+00
5.988247999999999571e+00 2.565608024597167969e+00
5.993926000000000087e+00 2.555258750915527344e+00
5.999611999999999945e+00 2.555258750915527344e+00
6.005239999999999689e+00 2.560433387756347656e+00
6.010989000000000360e+00 2.560433387756347656e+00
6.016612000000000293e+00 2.560433387756347656e+00
6.022321999999999953e+00 2.560433387756347656e+00
6.028004000000000140e+00 2.560433387756347656e+00
6.033762000000000292e+00 2.560433387756347656e+00
6.039475000000000371e+00 2.560433387756347656e+00
6.043377999999999695e+00 2.565608024597167969e+00
6.049062000000000161e+00 2.565608024597167969e+00
6.054695999999999856e+00 2.565608024597167969e+00
6.060348000000000290e+00 2.565608024597167969e+00
6.066017999999999688e+00 2.565608024597167969e+00
6.073471999999999760e+00 2.565608024597167969e+00
6.079323999999999728e+00 2.560433387756347656e+00
6.085020000000000095e+00 2.565608024597167969e+00
6.090771000000000157e+00 2.565608024597167969e+00
6.096503000000000227e+00 2.555258750915527344e+00
6.102274000000000420e+00 2.560433387756347656e+00
6.107968999999999760e+00 2.560433387756347656e+00
6.113887000000000072e+00 2.560433387756347656e+00
6.119664000000000215e+00 2.560433387756347656e+00
6.125363000000000113e+00 2.560433387756347656e+00
6.131177000000000099e+00 2.555258750915527344e+00
6.136894999999999989e+00 2.555258750915527344e+00
6.140972999999999793e+00 2.560433387756347656e+00
6.146692999999999962e+00 2.560433387756347656e+00
6.152464000000000155e+00 2.565608024597167969e+00
6.156376999999999988e+00 2.565608024597167969e+00
6.162315999999999683e+00 2.565608024597167969e+00
6.168027999999999622e+00 2.565608024597167969e+00
6.173831999999999987e+00 2.565608024597167969e+00
6.179626999999999981e+00 2.565608024597167969e+00
6.185470999999999719e+00 2.565608024597167969e+00
6.196977000000000402e+00 2.560433387756347656e+00
6.202738000000000085e+00 2.560433387756347656e+00
6.208549999999999791e+00 2.560433387756347656e+00
6.214235999999999649e+00 2.555258750915527344e+00
6.219940000000000246e+00 2.555258750915527344e+00
6.225628000000000384e+00 2.555258750915527344e+00
6.231447000000000180e+00 2.555258750915527344e+00
6.237225999999999715e+00 2.560433387756347656e+00
6.247266999999999904e+00 2.565608024597167969e+00
6.256901000000000046e+00 2.565608024597167969e+00
6.263976000000000433e+00 2.565608024597167969e+00
6.269930999999999699e+00 2.565608024597167969e+00
6.277318000000000175e+00 2.565608024597167969e+00
6.283355000000000246e+00 2.565608024597167969e+00
6.289169000000000231e+00 2.560433387756347656e+00
6.294902000000000442e+00 2.555258750915527344e+00
6.300677000000000305e+00 2.560433387756347656e+00
6.309948000000000334e+00 2.555258750915527344e+00
6.315978999999999566e+00 2.550084114074707031e+00
6.321819999999999773e+00 2.555258750915527344e+00
6.327583999999999875e+00 2.555258750915527344e+00
6.333465999999999596e+00 2.555258750915527344e+00
6.339281999999999861e+00 2.560433387756347656e+00
6.345087999999999617e+00 2.565608024597167969e+00
6.350849000000000188e+00 2.565608024597167969e+00
6.354828000000000365e+00 2.565608024597167969e+00
6.358744999999999870e+00 2.565608024597167969e+00
6.364488999999999841e+00 2.565608024597167969e+00
6.370239999999999903e+00 2.565608024597167969e+00
6.374139999999999695e+00 2.565608024597167969e+00
6.379903999999999797e+00 2.565608024597167969e+00
6.385665999999999620e+00 2.565608024597167969e+00
6.391502000000000017e+00 2.555258750915527344e+00
6.397251999999999938e+00 2.555258750915527344e+00
6.403110999999999997e+00 2.560433387756347656e+00
6.408976000000000006e+00 2.555258750915527344e+00
6.414740000000000109e+00 2.555258750915527344e+00
6.420551999999999815e+00 2.560433387756347656e+00
6.429942999999999742e+00 2.560433387756347656e+00
6.436365000000000336e+00 2.560433387756347656e+00
6.442237999999999687e+00 2.565608024597167969e+00
6.446203999999999823e+00 2.565608024597167969e+00
6.452050999999999981e+00 2.565608024597167969e+00
6.457868999999999637e+00 2.565608024597167969e+00
6.463784999999999670e+00 2.560433387756347656e+00
6.469613999999999976e+00 2.565608024597167969e+00
6.473559999999999981e+00 2.560433387756347656e+00
6.479442999999999842e+00 2.560433387756347656e+00
6.485223000000000404e+00 2.560433387756347656e+00
6.491127999999999787e+00 2.555258750915527344e+00
6.495175999999999839e+00 2.555258750915527344e+00
6.501109999999999722e+00 2.560433387756347656e+00
6.506906999999999996e+00 2.555258750915527344e+00
6.512814999999999799e+00 2.555258750915527344e+00
6.518749999999999822e+00 2.560433387756347656e+00
6.524624000000000201e+00 2.560433387756347656e+00
6.530495000000000161e+00 2.555258750915527344e+00
6.536361999999999561e+00 2.560433387756347656e+00
6.542303999999999675e+00 2.565608024597167969e+00
6.551980000000000359e+00 2.565608024597167969e+00
6.557985999999999649e+00 2.565608024597167969e+00
6.563945999999999614e+00 2.560433387756347656e+00
6.569830999999999754e+00 2.560433387756347656e+00
6.575683999999999862e+00 2.560433387756347656e+00
6.581608000000000125e+00 2.560433387756347656e+00
6.585557999999999801e+00 2.560433387756347656e+00
6.591488000000000014e+00 2.560433387756347656e+00
6.597332999999999892e+00 2.555258750915527344e+00
6.603290000000000326e+00 2.560433387756347656e+00
6.609249000000000152e+00 2.560433387756347656e+00
6.615145000000000053e+00 2.560433387756347656e+00
6.619151999999999703e+00 2.560433387756347656e+00
6.625007000000000090e+00 2.560433387756347656e+00
6.630888999999999811e+00 2.555258750915527344e+00
6.636798999999999893e+00 2.555258750915527344e+00
6.642703000000000024e+00 2.565608024597167969e+00
6.648601000000000205e+00 2.560433387756347656e+00
6.654442999999999664e+00 2.560433387756347656e+00
6.660352999999999746e+00 2.560433387756347656e+00
6.669789999999999885e+00 2.565608024597167969e+00
6.675766999999999562e+00 2.565608024597167969e+00
6.681738000000000177e+00 2.565608024597167969e+00
6.687574999999999825e+00 2.565608024597167969e+00
6.693566999999999823e+00 2.560433387756347656e+00
6.697545999999999999e+00 2.560433387756347656e+00
6.701762000000000441e+00 2.555258750915527344e+00
6.705820000000000114e+00 2.560433387756347656e+00
6.711807000000000301e+00 2.560433387756347656e+00
6.717679000000000400e+00 2.555258750915527344e+00
6.723722000000000421e+00 2.555258750915527344e+00
6.727763999999999633e+00 2.555258750915527344e+00
6.733704000000000356e+00 2.555258750915527344e+00
6.739930000000000199e+00 2.555258750915527344e+00
6.743934000000000317e+00 2.560433387756347656e+00
6.747993000000000130e+00 2.565608024597167969e+00
6.753932999999999964e+00 2.565608024597167969e+00
6.759961999999999804e+00 2.565608024597167969e+00
6.764005000000000045e+00 2.565608024597167969e+00
6.769966000000000150e+00 2.565608024597167969e+00
6.775915000000000354e+00 2.565608024597167969e+00
6.781949000000000005e+00 2.565608024597167969e+00
6.791752999999999929e+00 2.565608024597167969e+00
6.797849000000000252e+00 2.560433387756347656e+00
6.803912000000000404e+00 2.555258750915527344e+00
6.809928000000000203e+00 2.555258750915527344e+00
6.813996000000000386e+00 2.555258750915527344e+00
6.819964999999999833e+00 2.555258750915527344e+00
6.825947000000000209e+00 2.555258750915527344e+00
6.831942999999999877e+00 2.555258750915527344e+00
6.837869000000000419e+00 2.555258750915527344e+00
6.844204999999999650e+00 2.560433387756347656e+00
6.850151000000000323e+00 2.565608024597167969e+00
6.856086999999999598e+00 2.565608024597167969e+00
6.862118999999999858e+00 2.565608024597167969e+00
6.866194000000000131e+00 2.607005119323730469e+00
6.872195999999999749e+00 2.684623718261718750e+00
6.878282999999999703e+00 2.922655105590820312e+00
6.882393999999999679e+00 4.780333518981933594e+00
6.888727000000000267e+00 4.790682792663574219e+00
6.894790000000000418e+00 4.790682792663574219e+00
6.904590999999999923e+00 4.785508155822753906e+00
6.910809000000000424e+00 4.790682792663574219e+00
6.916832000000000313e+00 4.790682792663574219e+00
6.922877999999999865e+00 4.790682792663574219e+00
6.929049000000000014e+00 4.790682792663574219e+00
6.935083999999999804e+00 4.790682792663574219e+00
6.941207000000000349e+00 4.795857429504394531e+00
6.945558000000000121e+00 4.801032066345214844e+00
6.949772000000000283e+00 4.795857429504394531e+00
6.955839000000000105e+00 4.795857429504394531e+00
6.961960000000000370e+00 4.801032066345214844e+00
6.968027000000000193e+00 4.790682792663574219e+00
6.974117999999999817e+00 4.795857429504394531e+00
6.978226000000000262e+00 4.790682792663574219e+00
6.984315999999999747e+00 4.790682792663574219e+00
6.990393000000000079e+00 4.790682792663574219e+00
6.997027000000000108e+00 4.785508155822753906e+00
7.003104000000000440e+00 4.785508155822753906e+00
7.009228000000000236e+00 4.790682792663574219e+00
7.013500999999999763e+00 4.790682792663574219e+00
7.024351000000000234e+00 4.790682792663574219e+00
7.030877000000000265e+00 4.790682792663574219e+00
7.036982000000000070e+00 4.790682792663574219e+00
7.043124999999999858e+00 4.795857429504394531e+00
7.049496000000000429e+00 4.795857429504394531e+00
7.055517000000000039e+00 4.790682792663574219e+00
7.061725000000000030e+00 4.795857429504394531e+00
7.067808999999999564e+00 4.790682792663574219e+00
7.074017999999999695e+00 4.790682792663574219e+00
7.080422999999999689e+00 4.795857429504394531e+00
7.086477000000000359e+00 4.795857429504394531e+00
7.092640000000000278e+00 4.790682792663574219e+00
7.099058999999999564e+00 4.790682792663574219e+00
7.105643999999999849e+00 4.790682792663574219e+00
7.111784000000000106e+00 4.790682792663574219e+00
7.117885000000000240e+00 4.785508155822753906e+00
7.124132999999999605e+00 4.790682792663574219e+00
7.130410999999999611e+00 4.790682792663574219e+00
7.140215000000000423e+00 4.790682792663574219e+00
7.146724999999999994e+00 4.790682792663574219e+00
7.152915000000000134e+00 4.795857429504394531e+00
7.159049000000000440e+00 4.795857429504394531e+00
7.165204000000000129e+00 4.795857429504394531e+00
7.169391000000000069e+00 4.790682792663574219e+00
7.175462999999999703e+00 4.790682792663574219e+00
7.181604000000000099e+00 4.795857429504394531e+00
7.187712000000000323e+00 4.801032066345214844e+00
7.191955000000000098e+00 4.790682792663574219e+00
7.198095000000000354e+00 4.790682792663574219e+00
7.204208999999999641e+00 4.790682792663574219e+00
7.210327999999999626e+00 4.790682792663574219e+00
7.216431000000000040e+00 4.790682792663574219e+00
7.222602000000000189e+00 4.790682792663574219e+00
