8.399999999999999535e-05 2.570782661437988281e+00
3.484999999999999817e-03 2.560433387756347656e+00
6.797000000000000090e-03 2.560433387756347656e+00
9.938999999999999918e-03 2.565608024597167969e+00
1.307999999999999961e-02 2.570782661437988281e+00
1.637600000000000167e-02 2.565608024597167969e+00
1.971099999999999935e-02 2.565608024597167969e+00
2.680300000000000044e-02 2.565608024597167969e+00
3.009699999999999875e-02 2.565608024597167969e+00
3.339299999999999907e-02 2.565608024597167969e+00
3.654199999999999809e-02 2.565608024597167969e+00
3.967899999999999899e-02 2.565608024597167969e+00
4.327000000000000290e-02 2.565608024597167969e+00
4.658000000000000335e-02 2.570782661437988281e+00
4.972399999999999737e-02 2.565608024597167969e+00
5.302199999999999969e-02 2.570782661437988281e+00
5.631499999999999700e-02 2.565608024597167969e+00
5.962100000000000039e-02 2.570782661437988281e+00
6.291299999999999670e-02 2.570782661437988281e+00
6.608799999999999397e-02 2.565608024597167969e+00
6.938600000000000323e-02 2.565608024597167969e+00
7.257500000000000062e-02 2.570782661437988281e+00
7.618800000000000572e-02 2.565608024597167969e+00
7.978699999999999681e-02 2.570782661437988281e+00
8.323300000000000143e-02 2.565608024597167969e+00
8.720899999999999486e-02 2.565608024597167969e+00
9.090099999999999569e-02 2.570782661437988281e+00
9.449399999999999467e-02 2.570782661437988281e+00
9.825000000000000400e-02 2.565608024597167969e+00
1.018509999999999971e-01 2.565608024597167969e+00
1.054640000000000022e-01 2.565608024597167969e+00
1.090549999999999992e-01 2.565608024597167969e+00
1.126459999999999961e-01 2.565608024597167969e+00
1.162460000000000021e-01 2.565608024597167969e+00
1.198489999999999972e-01 2.565608024597167969e+00
1.234520000000000062e-01 2.565608024597167969e+00
1.270459999999999923e-01 2.570782661437988281e+00
1.306519999999999904e-01 2.565608024597167969e+00
1.413860000000000117e-01 2.560433387756347656e+00
1.450410000000000033e-01 2.565608024597167969e+00
1.486629999999999896e-01 2.565608024597167969e+00
1.522610000000000074e-01 2.570782661437988281e+00
1.558599999999999985e-01 2.570782661437988281e+00
1.594969999999999999e-01 2.570782661437988281e+00
1.630949999999999900e-01 2.570782661437988281e+00
1.666940000000000088e-01 2.565608024597167969e+00
1.703089999999999882e-01 2.570782661437988281e+00
1.738770000000000038e-01 2.565608024597167969e+00
1.774830000000000019e-01 2.570782661437988281e+00
1.807819999999999983e-01 2.570782661437988281e+00
1.842280000000000029e-01 2.570782661437988281e+00
1.878319999999999990e-01 2.570782661437988281e+00
1.912889999999999868e-01 2.570782661437988281e+00
1.945810000000000040e-01 2.570782661437988281e+00
1.981860000000000011e-01 2.565608024597167969e+00
2.016320000000000057e-01 2.565608024597167969e+00
2.050949999999999995e-01 2.570782661437988281e+00
2.086899999999999866e-01 2.565608024597167969e+00
2.119920000000000138e-01 2.565608024597167969e+00
2.154369999999999896e-01 2.565608024597167969e+00
2.188980000000000092e-01 2.565608024597167969e+00
2.221869999999999956e-01 2.565608024597167969e+00
2.256420000000000092e-01 2.565608024597167969e+00
2.290919999999999901e-01 2.560433387756347656e+00
2.323850000000000082e-01 2.560433387756347656e+00
2.358369999999999911e-01 2.560433387756347656e+00
2.392990000000000117e-01 2.565608024597167969e+00
2.425879999999999981e-01 2.565608024597167969e+00
2.461990000000000012e-01 2.565608024597167969e+00
2.496500000000000108e-01 2.565608024597167969e+00
2.582380000000000231e-01 2.565608024597167969e+00
2.620839999999999836e-01 2.570782661437988281e+00
2.657100000000000017e-01 2.570782661437988281e+00
2.689989999999999881e-01 2.570782661437988281e+00
2.724730000000000207e-01 2.570782661437988281e+00
2.758950000000000014e-01 2.570782661437988281e+00
2.791989999999999750e-01 2.570782661437988281e+00
2.826469999999999816e-01 2.570782661437988281e+00
2.861009999999999942e-01 2.570782661437988281e+00
2.895490000000000008e-01 2.570782661437988281e+00
2.929899999999999727e-01 2.570782661437988281e+00
2.964459999999999873e-01 2.565608024597167969e+00
2.998999999999999999e-01 2.565608024597167969e+00
3.033460000000000045e-01 2.565608024597167969e+00
3.067980000000000151e-01 2.565608024597167969e+00
3.102480000000000238e-01 2.560433387756347656e+00
3.136999999999999789e-01 2.560433387756347656e+00
3.169930000000000248e-01 2.565608024597167969e+00
3.204500000000000126e-01 2.565608024597167969e+00
3.239090000000000025e-01 2.560433387756347656e+00
3.271919999999999829e-01 2.560433387756347656e+00
3.306459999999999955e-01 2.560433387756347656e+00
3.341009999999999813e-01 2.565608024597167969e+00
3.375440000000000107e-01 2.560433387756347656e+00
3.409929999999999906e-01 2.565608024597167969e+00
3.444459999999999744e-01 2.565608024597167969e+00
3.480489999999999973e-01 2.570782661437988281e+00
3.513850000000000029e-01 2.570782661437988281e+00
3.548319999999999808e-01 2.570782661437988281e+00
3.582870000000000221e-01 2.570782661437988281e+00
3.615829999999999878e-01 2.570782661437988281e+00
3.650309999999999944e-01 2.570782661437988281e+00
3.684879999999999822e-01 2.570782661437988281e+00
3.774509999999999810e-01 2.570782661437988281e+00
3.810390000000000166e-01 2.570782661437988281e+00
3.843759999999999954e-01 2.570782661437988281e+00
3.877999999999999781e-01 2.570782661437988281e+00
3.912439999999999807e-01 2.570782661437988281e+00
3.947030000000000260e-01 2.570782661437988281e+00
3.981529999999999792e-01 2.565608024597167969e+00
4.015810000000000213e-01 2.560433387756347656e+00
4.050460000000000171e-01 2.560433387756347656e+00
4.086659999999999737e-01 2.560433387756347656e+00
4.119479999999999809e-01 2.565608024597167969e+00
4.154039999999999955e-01 2.560433387756347656e+00
4.188529999999999753e-01 2.565608024597167969e+00
4.223000000000000087e-01 2.565608024597167969e+00
4.255999999999999783e-01 2.560433387756347656e+00
4.290530000000000177e-01 2.565608024597167969e+00
4.324979999999999936e-01 2.565608024597167969e+00
4.361119999999999997e-01 2.565608024597167969e+00
4.394029999999999880e-01 2.565608024597167969e+00
4.428560000000000274e-01 2.565608024597167969e+00
4.461849999999999983e-01 2.570782661437988281e+00
4.496370000000000089e-01 2.565608024597167969e+00
4.530959999999999988e-01 2.570782661437988281e+00
4.566979999999999928e-01 2.570782661437988281e+00
4.599929999999999852e-01 2.570782661437988281e+00
4.634440000000000226e-01 2.570782661437988281e+00
4.668979999999999797e-01 2.570782661437988281e+00
4.705059999999999798e-01 2.570782661437988281e+00
4.738020000000000009e-01 2.565608024597167969e+00
4.772520000000000095e-01 2.565608024597167969e+00
4.805579999999999852e-01 2.570782661437988281e+00
4.839930000000000065e-01 2.565608024597167969e+00
4.874459999999999904e-01 2.570782661437988281e+00
4.965749999999999886e-01 2.565608024597167969e+00
5.000200000000000200e-01 2.565608024597167969e+00
5.032950000000000479e-01 2.560433387756347656e+00
5.066009999999999680e-01 2.560433387756347656e+00
5.100639999999999619e-01 2.565608024597167969e+00
5.133499999999999730e-01 2.565608024597167969e+00
5.167950000000000044e-01 2.565608024597167969e+00
5.202579999999999982e-01 2.565608024597167969e+00
5.237020000000000008e-01 2.565608024597167969e+00
5.269979999999999665e-01 2.565608024597167969e+00
5.304489999999999483e-01 2.565608024597167969e+00
5.339019999999999877e-01 2.565608024597167969e+00
5.373550000000000271e-01 2.570782661437988281e+00
5.408020000000000049e-01 2.570782661437988281e+00
5.442890000000000228e-01 2.565608024597167969e+00
5.478969999999999674e-01 2.565608024597167969e+00
5.511970000000000480e-01 2.570782661437988281e+00
5.546550000000000091e-01 2.565608024597167969e+00
5.582510000000000527e-01 2.570782661437988281e+00
5.615470000000000184e-01 2.565608024597167969e+00
5.649910000000000210e-01 2.565608024597167969e+00
5.684489999999999821e-01 2.565608024597167969e+00
5.719020000000000215e-01 2.570782661437988281e+00
5.752500000000000391e-01 2.570782661437988281e+00
5.786470000000000224e-01 2.565608024597167969e+00
5.821030000000000371e-01 2.565608024597167969e+00
5.854049999999999532e-01 2.570782661437988281e+00
5.888529999999999598e-01 2.570782661437988281e+00
5.921509999999999829e-01 2.570782661437988281e+00
5.956019999999999648e-01 2.565608024597167969e+00
5.990490000000000537e-01 2.565608024597167969e+00
6.024880000000000235e-01 2.570782661437988281e+00
6.117939999999999490e-01 2.565608024597167969e+00
6.152600000000000291e-01 2.565608024597167969e+00
6.186679999999999957e-01 2.565608024597167969e+00
6.219660000000000188e-01 2.565608024597167969e+00
6.254110000000000502e-01 2.565608024597167969e+00
6.288610000000000033e-01 2.565608024597167969e+00
6.321520000000000472e-01 2.565608024597167969e+00
6.355990000000000251e-01 2.565608024597167969e+00
6.390959999999999974e-01 2.565608024597167969e+00
6.423879999999999590e-01 2.565608024597167969e+00
6.458390000000000519e-01 2.565608024597167969e+00
6.492930000000000090e-01 2.565608024597167969e+00
6.525849999999999707e-01 2.570782661437988281e+00
6.560430000000000428e-01 2.570782661437988281e+00
6.594940000000000246e-01 2.570782661437988281e+00
6.627830000000000110e-01 2.570782661437988281e+00
6.662320000000000464e-01 2.570782661437988281e+00
6.696900000000000075e-01 2.565608024597167969e+00
6.729800000000000226e-01 2.570782661437988281e+00
6.764310000000000045e-01 2.570782661437988281e+00
6.798859999999999904e-01 2.570782661437988281e+00
6.831829999999999847e-01 2.570782661437988281e+00
6.866269999999999873e-01 2.570782661437988281e+00
6.900819999999999732e-01 2.570782661437988281e+00
6.933770000000000211e-01 2.570782661437988281e+00
6.968269999999999742e-01 2.565608024597167969e+00
7.002890000000000503e-01 2.565608024597167969e+00
7.035670000000000535e-01 2.565608024597167969e+00
7.070300000000000473e-01 2.565608024597167969e+00
7.104869999999999797e-01 2.565608024597167969e+00
7.137780000000000236e-01 2.565608024597167969e+00
7.172260000000000302e-01 2.565608024597167969e+00
7.206820000000000448e-01 2.565608024597167969e+00
7.294239999999999613e-01 2.565608024597167969e+00
7.327770000000000117e-01 2.560433387756347656e+00
7.362760000000000415e-01 2.560433387756347656e+00
7.395730000000000359e-01 2.565608024597167969e+00
7.430179999999999563e-01 2.565608024597167969e+00
7.464730000000000532e-01 2.565608024597167969e+00
7.497700000000000475e-01 2.570782661437988281e+00
7.532219999999999471e-01 2.565608024597167969e+00
7.566730000000000400e-01 2.570782661437988281e+00
7.599650000000000016e-01 2.570782661437988281e+00
7.634090000000000042e-01 2.570782661437988281e+00
7.668639999999999901e-01 2.570782661437988281e+00
7.701590000000000380e-01 2.570782661437988281e+00
7.736079999999999623e-01 2.575957298278808594e+00
7.770559999999999690e-01 2.570782661437988281e+00
7.803499999999999881e-01 2.570782661437988281e+00
7.838019999999999987e-01 2.570782661437988281e+00
7.872540000000000093e-01 2.570782661437988281e+00
7.907049999999999912e-01 2.570782661437988281e+00
7.940000000000000391e-01 2.570782661437988281e+00
7.974529999999999674e-01 2.565608024597167969e+00
8.007530000000000481e-01 2.565608024597167969e+00
8.040359999999999729e-01 2.565608024597167969e+00
8.075010000000000243e-01 2.565608024597167969e+00
8.108130000000000059e-01 2.565608024597167969e+00
8.142479999999999718e-01 2.565608024597167969e+00
8.178520000000000234e-01 2.560433387756347656e+00
8.211490000000000178e-01 2.565608024597167969e+00
8.246010000000000284e-01 2.560433387756347656e+00
8.280490000000000350e-01 2.565608024597167969e+00
8.403720000000000079e-01 2.565608024597167969e+00
8.540919999999999623e-01 2.570782661437988281e+00
8.605089999999999684e-01 2.570782661437988281e+00
8.640349999999999975e-01 2.570782661437988281e+00
8.675140000000000073e-01 2.575957298278808594e+00
8.708059999999999690e-01 2.570782661437988281e+00
8.742590000000000083e-01 2.570782661437988281e+00
8.778709999999999569e-01 2.570782661437988281e+00
8.811980000000000368e-01 2.570782661437988281e+00
8.846460000000000434e-01 2.570782661437988281e+00
8.882569999999999633e-01 2.570782661437988281e+00
8.917079999999999451e-01 2.570782661437988281e+00
8.952039999999999997e-01 2.565608024597167969e+00
8.986150000000000526e-01 2.565608024597167969e+00
9.020540000000000225e-01 2.565608024597167969e+00
9.056509999999999838e-01 2.565608024597167969e+00
9.089509999999999534e-01 2.565608024597167969e+00
9.123970000000000136e-01 2.565608024597167969e+00
9.158589999999999787e-01 2.560433387756347656e+00
9.193050000000000388e-01 2.565608024597167969e+00
9.227499999999999591e-01 2.565608024597167969e+00
9.262369999999999770e-01 2.565608024597167969e+00
9.296929999999999916e-01 2.565608024597167969e+00
9.329849999999999532e-01 2.565608024597167969e+00
9.364350000000000174e-01 2.565608024597167969e+00
9.398940000000000072e-01 2.565608024597167969e+00
9.431840000000000224e-01 2.565608024597167969e+00
9.466329999999999467e-01 2.565608024597167969e+00
9.500880000000000436e-01 2.570782661437988281e+00
9.533789999999999765e-01 2.570782661437988281e+00
9.568349999999999911e-01 2.570782661437988281e+00
9.603220000000000089e-01 2.570782661437988281e+00
9.687820000000000320e-01 2.570782661437988281e+00
9.722389999999999644e-01 2.570782661437988281e+00
9.757000000000000117e-01 2.570782661437988281e+00
9.789900000000000269e-01 2.570782661437988281e+00
9.824330000000000007e-01 2.570782661437988281e+00
9.858959999999999946e-01 2.570782661437988281e+00
9.894929999999999559e-01 2.570782661437988281e+00
9.927880000000000038e-01 2.570782661437988281e+00
9.962520000000000264e-01 2.565608024597167969e+00
9.996960000000000290e-01 2.565608024597167969e+00
1.005703000000000014e+00 2.565608024597167969e+00
1.009770000000000056e+00 2.565608024597167969e+00
1.013808000000000042e+00 2.565608024597167969e+00
1.017903999999999920e+00 2.565608024597167969e+00
1.022003999999999913e+00 2.570782661437988281e+00
1.026108000000000020e+00 2.570782661437988281e+00
1.030143000000000031e+00 2.570782661437988281e+00
1.034176999999999902e+00 2.570782661437988281e+00
1.038288000000000100e+00 2.565608024597167969e+00
1.042408999999999919e+00 2.570782661437988281e+00
1.046491999999999978e+00 2.570782661437988281e+00
1.050543000000000005e+00 2.570782661437988281e+00
1.054556999999999967e+00 2.575957298278808594e+00
1.058791000000000038e+00 2.570782661437988281e+00
1.062853999999999965e+00 2.570782661437988281e+00
1.066883000000000026e+00 2.565608024597167969e+00
1.070940000000000003e+00 2.565608024597167969e+00
1.074997999999999898e+00 2.570782661437988281e+00
1.085690000000000044e+00 2.570782661437988281e+00
1.090111000000000052e+00 2.570782661437988281e+00
1.094171999999999922e+00 2.570782661437988281e+00
1.098356000000000110e+00 2.565608024597167969e+00
1.102446999999999955e+00 2.565608024597167969e+00
1.106616999999999962e+00 2.565608024597167969e+00
1.110694000000000070e+00 2.570782661437988281e+00
1.114846000000000004e+00 2.565608024597167969e+00
1.119048000000000043e+00 2.565608024597167969e+00
1.123207000000000066e+00 2.565608024597167969e+00
1.127397999999999900e+00 2.565608024597167969e+00
1.131472999999999951e+00 2.565608024597167969e+00
1.135656999999999917e+00 2.565608024597167969e+00
1.139833000000000096e+00 2.565608024597167969e+00
1.143915999999999933e+00 2.565608024597167969e+00
1.148077000000000014e+00 2.570782661437988281e+00
1.152184000000000097e+00 2.570782661437988281e+00
1.156365000000000087e+00 2.570782661437988281e+00
1.160490000000000022e+00 2.565608024597167969e+00
1.164625000000000021e+00 2.565608024597167969e+00
1.168867000000000100e+00 2.570782661437988281e+00
1.173068999999999917e+00 2.570782661437988281e+00
1.177303999999999906e+00 2.570782661437988281e+00
1.181443000000000021e+00 2.570782661437988281e+00
1.185631000000000101e+00 2.570782661437988281e+00
1.190012000000000070e+00 2.575957298278808594e+00
1.194180999999999937e+00 2.570782661437988281e+00
1.202909999999999924e+00 2.570782661437988281e+00
1.209691000000000072e+00 2.565608024597167969e+00
1.213864000000000054e+00 2.570782661437988281e+00
1.218083999999999945e+00 2.565608024597167969e+00
1.222229000000000010e+00 2.570782661437988281e+00
1.226383000000000001e+00 2.565608024597167969e+00
1.230566000000000049e+00 2.565608024597167969e+00
1.234734999999999916e+00 2.565608024597167969e+00
1.239041000000000059e+00 2.565608024597167969e+00
1.243201000000000001e+00 2.560433387756347656e+00
1.247468999999999939e+00 2.565608024597167969e+00
1.251643000000000061e+00 2.565608024597167969e+00
1.255908000000000024e+00 2.565608024597167969e+00
1.259122000000000074e+00 2.570782661437988281e+00
1.263343000000000105e+00 2.570782661437988281e+00
1.267635999999999985e+00 2.570782661437988281e+00
1.271819000000000033e+00 2.575957298278808594e+00
1.276092000000000004e+00 2.570782661437988281e+00
1.280302999999999969e+00 2.570782661437988281e+00
1.284526000000000057e+00 2.570782661437988281e+00
1.288890000000000091e+00 2.575957298278808594e+00
1.293102999999999891e+00 2.575957298278808594e+00
1.297404000000000002e+00 2.565608024597167969e+00
1.301601000000000008e+00 2.565608024597167969e+00
1.305854999999999988e+00 2.570782661437988281e+00
1.310321999999999987e+00 2.565608024597167969e+00
1.314505999999999952e+00 2.565608024597167969e+00
1.325310999999999906e+00 2.565608024597167969e+00
1.330041999999999947e+00 2.560433387756347656e+00
1.334302000000000099e+00 2.565608024597167969e+00
1.338640000000000052e+00 2.565608024597167969e+00
1.342908999999999908e+00 2.565608024597167969e+00
1.347191000000000027e+00 2.570782661437988281e+00
1.351461999999999941e+00 2.570782661437988281e+00
1.355812999999999935e+00 2.570782661437988281e+00
1.360092000000000079e+00 2.570782661437988281e+00
1.364367000000000107e+00 2.575957298278808594e+00
1.368814999999999893e+00 2.575957298278808594e+00
1.373148999999999953e+00 2.575957298278808594e+00
1.377520000000000078e+00 2.575957298278808594e+00
1.381812000000000040e+00 2.570782661437988281e+00
1.386252000000000040e+00 2.570782661437988281e+00
1.390594000000000108e+00 2.575957298278808594e+00
1.394891000000000103e+00 2.570782661437988281e+00
1.399289999999999923e+00 2.565608024597167969e+00
1.403675000000000006e+00 2.565608024597167969e+00
1.408090999999999982e+00 2.565608024597167969e+00
1.412641999999999953e+00 2.565608024597167969e+00
1.416943999999999981e+00 2.560433387756347656e+00
1.421249999999999902e+00 2.565608024597167969e+00
1.425626000000000060e+00 2.565608024597167969e+00
1.429964000000000013e+00 2.565608024597167969e+00
1.434277000000000024e+00 2.565608024597167969e+00
1.442944999999999922e+00 2.565608024597167969e+00
1.447689999999999921e+00 2.570782661437988281e+00
1.452739000000000003e+00 2.570782661437988281e+00
1.457168999999999937e+00 2.575957298278808594e+00
1.461518000000000095e+00 2.575957298278808594e+00
1.465945999999999971e+00 2.570782661437988281e+00
1.470310000000000006e+00 2.570782661437988281e+00
1.474650000000000016e+00 2.575957298278808594e+00
1.479144000000000014e+00 2.570782661437988281e+00
1.483490999999999893e+00 2.570782661437988281e+00
1.487953999999999999e+00 2.570782661437988281e+00
1.492331999999999992e+00 2.570782661437988281e+00
1.496731000000000034e+00 2.570782661437988281e+00
1.501101999999999936e+00 2.565608024597167969e+00
1.505579000000000001e+00 2.565608024597167969e+00
1.509988000000000108e+00 2.565608024597167969e+00
1.514585000000000070e+00 2.565608024597167969e+00
1.519079000000000068e+00 2.565608024597167969e+00
1.523462000000000094e+00 2.570782661437988281e+00
1.527940999999999994e+00 2.570782661437988281e+00
1.532370999999999928e+00 2.565608024597167969e+00
1.536721999999999921e+00 2.570782661437988281e+00
1.541179000000000077e+00 2.565608024597167969e+00
1.545660999999999952e+00 2.565608024597167969e+00
1.550021000000000093e+00 2.570782661437988281e+00
1.561801999999999913e+00 2.570782661437988281e+00
1.566621999999999959e+00 2.565608024597167969e+00
1.571031999999999984e+00 2.570782661437988281e+00
1.575512000000000024e+00 2.565608024597167969e+00
1.579928999999999917e+00 2.570782661437988281e+00
1.584344999999999892e+00 2.570782661437988281e+00
1.588912000000000102e+00 2.570782661437988281e+00
1.593342000000000036e+00 2.570782661437988281e+00
1.597842999999999902e+00 2.565608024597167969e+00
1.602263999999999911e+00 2.565608024597167969e+00
1.606740999999999975e+00 2.570782661437988281e+00
1.611167999999999934e+00 2.570782661437988281e+00
1.615728000000000053e+00 2.565608024597167969e+00
1.620184000000000069e+00 2.565608024597167969e+00
1.624764000000000097e+00 2.570782661437988281e+00
1.629310999999999954e+00 2.570782661437988281e+00
1.633777999999999953e+00 2.570782661437988281e+00
1.638295999999999975e+00 2.565608024597167969e+00
1.642806999999999906e+00 2.565608024597167969e+00
1.647280000000000078e+00 2.570782661437988281e+00
1.651744000000000101e+00 2.570782661437988281e+00
1.656444000000000027e+00 2.570782661437988281e+00
1.660941000000000001e+00 2.570782661437988281e+00
1.665488999999999997e+00 2.570782661437988281e+00
1.670001999999999986e+00 2.570782661437988281e+00
1.678644000000000025e+00 2.570782661437988281e+00
1.685667000000000026e+00 2.570782661437988281e+00
1.690158000000000049e+00 2.575957298278808594e+00
1.694655000000000022e+00 2.570782661437988281e+00
1.699251000000000067e+00 2.565608024597167969e+00
1.703764000000000056e+00 2.565608024597167969e+00
1.708366000000000051e+00 2.570782661437988281e+00
1.712822999999999984e+00 2.570782661437988281e+00
1.717362999999999973e+00 2.570782661437988281e+00
1.721869000000000094e+00 2.570782661437988281e+00
1.726418000000000008e+00 2.565608024597167969e+00
1.730914999999999981e+00 2.565608024597167969e+00
1.735500000000000043e+00 2.565608024597167969e+00
1.740081999999999907e+00 2.570782661437988281e+00
1.744596000000000036e+00 2.565608024597167969e+00
1.749282999999999921e+00 2.565608024597167969e+00
1.753800999999999943e+00 2.570782661437988281e+00
1.758442999999999978e+00 2.570782661437988281e+00
1.762968000000000091e+00 2.570782661437988281e+00
1.767582999999999904e+00 2.570782661437988281e+00
1.772127000000000008e+00 2.575957298278808594e+00
1.776680999999999955e+00 2.575957298278808594e+00
1.781222000000000083e+00 2.575957298278808594e+00
1.785917999999999894e+00 2.570782661437988281e+00
1.790019000000000027e+00 2.575957298278808594e+00
1.800453000000000081e+00 2.565608024597167969e+00
1.804667999999999939e+00 2.570782661437988281e+00
1.808654999999999902e+00 2.570782661437988281e+00
1.812459000000000042e+00 2.565608024597167969e+00
1.816283000000000092e+00 2.565608024597167969e+00
1.820281000000000038e+00 2.565608024597167969e+00
1.824097000000000079e+00 2.565608024597167969e+00
1.827974999999999905e+00 2.565608024597167969e+00
1.831787999999999972e+00 2.565608024597167969e+00
1.835682000000000036e+00 2.565608024597167969e+00
1.841320000000000068e+00 2.565608024597167969e+00
1.849310000000000009e+00 2.565608024597167969e+00
1.855556999999999901e+00 2.570782661437988281e+00
1.862152999999999947e+00 2.575957298278808594e+00
1.866130999999999984e+00 2.575957298278808594e+00
1.869998999999999967e+00 2.570782661437988281e+00
1.873918999999999890e+00 2.575957298278808594e+00
1.879442999999999975e+00 2.575957298278808594e+00
1.883804999999999952e+00 2.570782661437988281e+00
1.887872999999999912e+00 2.575957298278808594e+00
1.891904999999999948e+00 2.575957298278808594e+00
1.895953999999999917e+00 2.575957298278808594e+00
1.899896000000000029e+00 2.565608024597167969e+00
1.903817000000000093e+00 2.565608024597167969e+00
1.907969000000000026e+00 2.565608024597167969e+00
1.916233000000000075e+00 2.560433387756347656e+00
1.921024999999999983e+00 2.565608024597167969e+00
1.924967000000000095e+00 2.565608024597167969e+00
1.928976000000000024e+00 2.565608024597167969e+00
1.932919000000000054e+00 2.565608024597167969e+00
1.936887000000000025e+00 2.565608024597167969e+00
1.940825000000000022e+00 2.570782661437988281e+00
1.944760000000000044e+00 2.570782661437988281e+00
1.948784000000000072e+00 2.570782661437988281e+00
1.952723999999999904e+00 2.570782661437988281e+00
1.956685999999999925e+00 2.575957298278808594e+00
1.960641000000000078e+00 2.575957298278808594e+00
1.964585999999999943e+00 2.575957298278808594e+00
1.968676000000000093e+00 2.570782661437988281e+00
1.972614000000000090e+00 2.575957298278808594e+00
1.976591999999999905e+00 2.575957298278808594e+00
1.980518000000000001e+00 2.575957298278808594e+00
1.984477999999999964e+00 2.570782661437988281e+00
1.988521999999999901e+00 2.570782661437988281e+00
1.992486999999999897e+00 2.570782661437988281e+00
1.996480999999999950e+00 2.570782661437988281e+00
2.000461000000000045e+00 2.565608024597167969e+00
2.004429000000000016e+00 2.565608024597167969e+00
2.008464000000000027e+00 2.565608024597167969e+00
2.012445000000000039e+00 2.565608024597167969e+00
2.016449000000000158e+00 2.565608024597167969e+00
2.020642000000000049e+00 2.565608024597167969e+00
2.028691999999999940e+00 2.570782661437988281e+00
2.032846999999999849e+00 2.565608024597167969e+00
2.036839000000000066e+00 2.570782661437988281e+00
2.040814999999999824e+00 2.570782661437988281e+00
2.043851999999999780e+00 2.565608024597167969e+00
2.047881999999999980e+00 2.570782661437988281e+00
2.051870000000000083e+00 2.570782661437988281e+00
2.055928000000000200e+00 2.575957298278808594e+00
2.059909999999999908e+00 2.570782661437988281e+00
2.063899000000000150e+00 2.575957298278808594e+00
2.067954999999999988e+00 2.570782661437988281e+00
2.071938999999999975e+00 2.575957298278808594e+00
2.076010999999999829e+00 2.570782661437988281e+00
2.079994999999999816e+00 2.570782661437988281e+00
2.083981999999999779e+00 2.570782661437988281e+00
2.087041999999999842e+00 2.570782661437988281e+00
2.091053000000000051e+00 2.570782661437988281e+00
2.095047000000000104e+00 2.570782661437988281e+00
2.099143000000000203e+00 2.565608024597167969e+00
2.103146000000000182e+00 2.565608024597167969e+00
2.106292999999999971e+00 2.565608024597167969e+00
2.110298999999999925e+00 2.565608024597167969e+00
2.114313999999999805e+00 2.570782661437988281e+00
2.118384999999999962e+00 2.570782661437988281e+00
2.122460999999999931e+00 2.570782661437988281e+00
2.126492999999999967e+00 2.565608024597167969e+00
2.130508999999999986e+00 2.570782661437988281e+00
2.134507000000000154e+00 2.570782661437988281e+00
2.138894000000000073e+00 2.570782661437988281e+00
2.147543000000000202e+00 2.575957298278808594e+00
2.151618000000000031e+00 2.570782661437988281e+00
2.155734999999999957e+00 2.570782661437988281e+00
2.159752000000000116e+00 2.570782661437988281e+00
2.163799000000000028e+00 2.570782661437988281e+00
2.167908999999999864e+00 2.570782661437988281e+00
2.171965000000000146e+00 2.570782661437988281e+00
2.176092999999999833e+00 2.570782661437988281e+00
2.180162000000000155e+00 2.575957298278808594e+00
2.183275000000000077e+00 2.570782661437988281e+00
2.187435999999999936e+00 2.570782661437988281e+00
2.191486999999999963e+00 2.570782661437988281e+00
2.195624000000000020e+00 2.575957298278808594e+00
2.199698000000000153e+00 2.565608024597167969e+00
2.203755999999999826e+00 2.565608024597167969e+00
2.207898999999999834e+00 2.570782661437988281e+00
2.212000999999999884e+00 2.570782661437988281e+00
2.216130000000000155e+00 2.570782661437988281e+00
2.220200000000000173e+00 2.570782661437988281e+00
2.224711999999999801e+00 2.570782661437988281e+00
2.228870999999999825e+00 2.570782661437988281e+00
2.232965000000000089e+00 2.565608024597167969e+00
2.237003000000000075e+00 2.565608024597167969e+00
2.241067000000000142e+00 2.565608024597167969e+00
2.245191999999999855e+00 2.565608024597167969e+00
2.248304000000000080e+00 2.570782661437988281e+00
2.252374999999999794e+00 2.570782661437988281e+00
2.260841999999999796e+00 2.570782661437988281e+00
2.265058999999999934e+00 2.570782661437988281e+00
2.268257999999999885e+00 2.570782661437988281e+00
2.272317999999999838e+00 2.570782661437988281e+00
2.275472000000000161e+00 2.570782661437988281e+00
2.279548000000000130e+00 2.575957298278808594e+00
2.282665000000000166e+00 2.570782661437988281e+00
2.286770000000000191e+00 2.575957298278808594e+00
2.289873000000000047e+00 2.575957298278808594e+00
2.293962000000000057e+00 2.575957298278808594e+00
2.298130000000000006e+00 2.570782661437988281e+00
2.302188000000000123e+00 2.570782661437988281e+00
2.306312999999999835e+00 2.570782661437988281e+00
2.310433999999999877e+00 2.570782661437988281e+00
2.314559000000000033e+00 2.570782661437988281e+00
2.318760999999999850e+00 2.565608024597167969e+00
2.321919999999999984e+00 2.565608024597167969e+00
2.326254000000000044e+00 2.565608024597167969e+00
2.330398000000000192e+00 2.565608024597167969e+00
2.334521000000000068e+00 2.565608024597167969e+00
2.338718000000000075e+00 2.565608024597167969e+00
2.342840999999999951e+00 2.565608024597167969e+00
2.346985999999999795e+00 2.565608024597167969e+00
2.351132000000000222e+00 2.570782661437988281e+00
2.355280000000000040e+00 2.570782661437988281e+00
2.359424000000000188e+00 2.570782661437988281e+00
2.363551000000000180e+00 2.570782661437988281e+00
2.367738000000000120e+00 2.570782661437988281e+00
2.370873000000000008e+00 2.575957298278808594e+00
2.379290000000000127e+00 2.575957298278808594e+00
2.383576999999999835e+00 2.570782661437988281e+00
2.387812999999999963e+00 2.575957298278808594e+00
2.391986999999999863e+00 2.575957298278808594e+00
2.396214000000000066e+00 2.575957298278808594e+00
2.400386999999999826e+00 2.570782661437988281e+00
2.404551000000000105e+00 2.565608024597167969e+00
2.408783999999999814e+00 2.565608024597167969e+00
2.412946999999999953e+00 2.565608024597167969e+00
2.417162999999999951e+00 2.565608024597167969e+00
2.421457999999999888e+00 2.565608024597167969e+00
2.425761000000000056e+00 2.565608024597167969e+00
2.429959000000000202e+00 2.570782661437988281e+00
2.434146000000000143e+00 2.570782661437988281e+00
2.438362000000000140e+00 2.565608024597167969e+00
2.441535000000000011e+00 2.565608024597167969e+00
2.444672999999999874e+00 2.570782661437988281e+00
2.448965999999999976e+00 2.570782661437988281e+00
2.453148999999999802e+00 2.581131935119628906e+00
2.457412000000000152e+00 2.575957298278808594e+00
2.461606999999999879e+00 2.575957298278808594e+00
2.465847999999999818e+00 2.575957298278808594e+00
2.470019999999999882e+00 2.575957298278808594e+00
2.474216999999999889e+00 2.575957298278808594e+00
2.478454999999999853e+00 2.575957298278808594e+00
2.482657000000000114e+00 2.575957298278808594e+00
2.486958000000000002e+00 2.575957298278808594e+00
2.496766000000000041e+00 2.570782661437988281e+00
2.502469000000000054e+00 2.565608024597167969e+00
2.507662999999999975e+00 2.565608024597167969e+00
2.512831999999999955e+00 2.565608024597167969e+00
2.518066000000000138e+00 2.565608024597167969e+00
2.523238999999999788e+00 2.565608024597167969e+00
2.528528000000000109e+00 2.565608024597167969e+00
2.533694000000000113e+00 2.565608024597167969e+00
2.538950999999999958e+00 2.570782661437988281e+00
2.544138999999999928e+00 2.570782661437988281e+00
2.549412999999999929e+00 2.570782661437988281e+00
2.554612000000000105e+00 2.575957298278808594e+00
2.559899000000000147e+00 2.575957298278808594e+00
2.565097000000000182e+00 2.575957298278808594e+00
2.570345999999999798e+00 2.575957298278808594e+00
2.575575999999999866e+00 2.570782661437988281e+00
2.580808999999999909e+00 2.570782661437988281e+00
2.586021999999999821e+00 2.570782661437988281e+00
2.591209000000000096e+00 2.570782661437988281e+00
2.596051000000000109e+00 2.570782661437988281e+00
2.600286999999999793e+00 2.565608024597167969e+00
2.603527999999999842e+00 2.565608024597167969e+00
2.612099000000000171e+00 2.565608024597167969e+00
2.616540000000000088e+00 2.570782661437988281e+00
2.620805999999999969e+00 2.565608024597167969e+00
2.625036000000000147e+00 2.570782661437988281e+00
2.629420999999999786e+00 2.570782661437988281e+00
2.633691999999999922e+00 2.570782661437988281e+00
2.638018999999999892e+00 2.570782661437988281e+00
2.642294000000000143e+00 2.570782661437988281e+00
2.645497000000000209e+00 2.570782661437988281e+00
2.649764999999999926e+00 2.570782661437988281e+00
2.654063999999999979e+00 2.575957298278808594e+00
2.658401000000000014e+00 2.575957298278808594e+00
2.662700000000000067e+00 2.575957298278808594e+00
2.666973000000000038e+00 2.570782661437988281e+00
2.671259000000000050e+00 2.575957298278808594e+00
2.675590999999999831e+00 2.570782661437988281e+00
2.679885000000000073e+00 2.570782661437988281e+00
2.684137000000000217e+00 2.570782661437988281e+00
2.688461000000000212e+00 2.570782661437988281e+00
2.692715000000000192e+00 2.570782661437988281e+00
2.697038000000000046e+00 2.570782661437988281e+00
2.701286000000000076e+00 2.565608024597167969e+00
2.705658000000000118e+00 2.570782661437988281e+00
2.708886000000000127e+00 2.570782661437988281e+00
2.713204000000000171e+00 2.570782661437988281e+00
2.717544000000000182e+00 2.570782661437988281e+00
2.722061000000000064e+00 2.575957298278808594e+00
2.730491999999999919e+00 2.570782661437988281e+00
2.735011000000000081e+00 2.565608024597167969e+00
2.739428000000000196e+00 2.570782661437988281e+00
2.743720000000000159e+00 2.565608024597167969e+00
2.748083999999999971e+00 2.570782661437988281e+00
2.752409999999999801e+00 2.570782661437988281e+00
2.755672000000000121e+00 2.570782661437988281e+00
2.760013999999999967e+00 2.570782661437988281e+00
2.764346999999999888e+00 2.570782661437988281e+00
2.768705000000000194e+00 2.575957298278808594e+00
2.773041000000000089e+00 2.575957298278808594e+00
2.777458000000000204e+00 2.570782661437988281e+00
2.781788999999999845e+00 2.570782661437988281e+00
2.786186999999999969e+00 2.575957298278808594e+00
2.790526999999999980e+00 2.575957298278808594e+00
2.794868999999999826e+00 2.575957298278808594e+00
2.799287000000000081e+00 2.570782661437988281e+00
2.803636000000000017e+00 2.570782661437988281e+00
2.808049000000000017e+00 2.570782661437988281e+00
2.812403999999999904e+00 2.570782661437988281e+00
2.816777999999999782e+00 2.570782661437988281e+00
2.821124000000000187e+00 2.570782661437988281e+00
2.825530000000000097e+00 2.565608024597167969e+00
2.829893000000000214e+00 2.570782661437988281e+00
2.834382000000000179e+00 2.565608024597167969e+00
2.838940000000000019e+00 2.565608024597167969e+00
2.843449999999999811e+00 2.570782661437988281e+00
2.852710000000000079e+00 2.570782661437988281e+00
2.863738000000000117e+00 2.570782661437988281e+00
2.872806999999999888e+00 2.575957298278808594e+00
2.877301999999999804e+00 2.575957298278808594e+00
2.881917000000000062e+00 2.575957298278808594e+00
2.888574999999999893e+00 2.575957298278808594e+00
2.891880000000000006e+00 2.575957298278808594e+00
2.896361000000000185e+00 2.570782661437988281e+00
2.900736000000000203e+00 2.570782661437988281e+00
2.905102999999999991e+00 2.570782661437988281e+00
2.909539999999999793e+00 2.570782661437988281e+00
2.913943999999999868e+00 2.570782661437988281e+00
2.917323999999999806e+00 2.565608024597167969e+00
2.921711000000000169e+00 2.570782661437988281e+00
2.926175999999999888e+00 2.565608024597167969e+00
2.930590000000000028e+00 2.565608024597167969e+00
2.933921999999999919e+00 2.565608024597167969e+00
2.938534000000000201e+00 2.565608024597167969e+00
2.942956000000000127e+00 2.565608024597167969e+00
2.946266000000000052e+00 2.570782661437988281e+00
2.950718000000000174e+00 2.575957298278808594e+00
2.955252000000000212e+00 2.581131935119628906e+00
2.964341000000000115e+00 2.575957298278808594e+00
2.968939000000000217e+00 2.575957298278808594e+00
2.973368999999999929e+00 2.575957298278808594e+00
2.977866999999999820e+00 2.575957298278808594e+00
2.982299999999999951e+00 2.575957298278808594e+00
2.986765999999999810e+00 2.575957298278808594e+00
2.991225000000000023e+00 2.575957298278808594e+00
2.995734999999999815e+00 2.570782661437988281e+00
3.000135000000000218e+00 2.570782661437988281e+00
3.004585000000000061e+00 2.570782661437988281e+00
3.009151000000000131e+00 2.565608024597167969e+00
3.013545999999999836e+00 2.570782661437988281e+00
3.018063000000000162e+00 2.565608024597167969e+00
3.022524000000000211e+00 2.565608024597167969e+00
3.027001999999999970e+00 2.565608024597167969e+00
3.030285000000000117e+00 2.565608024597167969e+00
3.034724999999999895e+00 2.570782661437988281e+00
3.039350000000000218e+00 2.570782661437988281e+00
3.043839999999999879e+00 2.570782661437988281e+00
3.048359000000000041e+00 2.570782661437988281e+00
3.051670000000000105e+00 2.575957298278808594e+00
3.056293000000000148e+00 2.575957298278808594e+00
3.060776000000000163e+00 2.581131935119628906e+00
3.065309000000000061e+00 2.575957298278808594e+00
3.069855000000000000e+00 2.575957298278808594e+00
3.078397999999999968e+00 2.575957298278808594e+00
3.083035999999999888e+00 2.570782661437988281e+00
3.087610000000000188e+00 2.570782661437988281e+00
3.092092000000000063e+00 2.575957298278808594e+00
3.096594000000000069e+00 2.570782661437988281e+00
3.101094999999999935e+00 2.565608024597167969e+00
3.105633000000000088e+00 2.565608024597167969e+00
3.110119000000000078e+00 2.565608024597167969e+00
3.114615000000000133e+00 2.565608024597167969e+00
3.119248999999999938e+00 2.570782661437988281e+00
3.123733999999999789e+00 2.570782661437988281e+00
3.127139000000000113e+00 2.570782661437988281e+00
3.131635999999999864e+00 2.570782661437988281e+00
3.136209000000000024e+00 2.570782661437988281e+00
3.140741999999999923e+00 2.570782661437988281e+00
3.145310999999999968e+00 2.570782661437988281e+00
3.148680000000000145e+00 2.575957298278808594e+00
3.153188999999999798e+00 2.575957298278808594e+00
3.157751999999999892e+00 2.575957298278808594e+00
3.162259000000000153e+00 2.575957298278808594e+00
3.166796000000000166e+00 2.570782661437988281e+00
3.171337999999999990e+00 2.570782661437988281e+00
3.175891000000000020e+00 2.570782661437988281e+00
3.180362000000000133e+00 2.570782661437988281e+00
3.184880000000000155e+00 2.570782661437988281e+00
3.188299999999999912e+00 2.575957298278808594e+00
3.197068999999999939e+00 2.575957298278808594e+00
3.201817000000000135e+00 2.570782661437988281e+00
3.206379999999999786e+00 2.570782661437988281e+00
3.209613000000000049e+00 2.570782661437988281e+00
3.214161999999999964e+00 2.570782661437988281e+00
3.218745999999999885e+00 2.570782661437988281e+00
3.223247000000000195e+00 2.570782661437988281e+00
3.226653000000000215e+00 2.570782661437988281e+00
3.231215999999999866e+00 2.570782661437988281e+00
3.235822000000000198e+00 2.570782661437988281e+00
3.240448999999999913e+00 2.570782661437988281e+00
3.244988000000000206e+00 2.565608024597167969e+00
3.249623000000000150e+00 2.570782661437988281e+00
3.254157999999999884e+00 2.575957298278808594e+00
3.258748999999999896e+00 2.570782661437988281e+00
3.262068000000000190e+00 2.570782661437988281e+00
3.266630000000000145e+00 2.575957298278808594e+00
3.271187999999999985e+00 2.575957298278808594e+00
3.275843000000000060e+00 2.575957298278808594e+00
3.280383000000000049e+00 2.575957298278808594e+00
3.284956000000000209e+00 2.575957298278808594e+00
3.289559000000000122e+00 2.575957298278808594e+00
3.294134999999999813e+00 2.575957298278808594e+00
3.297538999999999998e+00 2.570782661437988281e+00
3.303138999999999825e+00 2.570782661437988281e+00
3.308885000000000076e+00 2.570782661437988281e+00
3.320529000000000064e+00 2.570782661437988281e+00
3.326900000000000190e+00 2.570782661437988281e+00
3.332602000000000064e+00 2.565608024597167969e+00
3.338350999999999846e+00 2.570782661437988281e+00
3.344577999999999829e+00 2.565608024597167969e+00
3.350382999999999889e+00 2.570782661437988281e+00
3.356164999999999843e+00 2.575957298278808594e+00
3.361838999999999800e+00 2.570782661437988281e+00
3.367570999999999870e+00 2.575957298278808594e+00
3.373184999999999878e+00 2.575957298278808594e+00
3.379029000000000060e+00 2.581131935119628906e+00
3.384705999999999992e+00 2.575957298278808594e+00
3.390503999999999962e+00 2.575957298278808594e+00
3.396243000000000123e+00 2.575957298278808594e+00
3.401463999999999821e+00 2.570782661437988281e+00
3.406118999999999897e+00 2.570782661437988281e+00
3.409507000000000065e+00 2.570782661437988281e+00
3.414104000000000028e+00 2.565608024597167969e+00
3.418766000000000194e+00 2.565608024597167969e+00
3.423381000000000007e+00 2.565608024597167969e+00
3.428046000000000149e+00 2.565608024597167969e+00
3.432812000000000197e+00 2.565608024597167969e+00
3.441412000000000138e+00 2.565608024597167969e+00
3.446804000000000201e+00 2.565608024597167969e+00
3.451462999999999948e+00 2.570782661437988281e+00
3.456198999999999799e+00 2.575957298278808594e+00
3.460860999999999965e+00 2.575957298278808594e+00
3.465559999999999974e+00 2.575957298278808594e+00
3.470245999999999942e+00 2.575957298278808594e+00
3.473665000000000003e+00 2.581131935119628906e+00
3.478394999999999904e+00 2.575957298278808594e+00
3.483073999999999781e+00 2.575957298278808594e+00
3.487837999999999994e+00 2.581131935119628906e+00
3.492475000000000218e+00 2.575957298278808594e+00
3.497155999999999931e+00 2.575957298278808594e+00
3.501829999999999998e+00 2.565608024597167969e+00
3.506540999999999908e+00 2.570782661437988281e+00
3.511213999999999835e+00 2.565608024597167969e+00
3.515956000000000081e+00 2.570782661437988281e+00
3.520640999999999909e+00 2.570782661437988281e+00
3.525367999999999835e+00 2.570782661437988281e+00
3.530072999999999794e+00 2.565608024597167969e+00
3.534775999999999918e+00 2.565608024597167969e+00
3.539531999999999901e+00 2.570782661437988281e+00
3.544235000000000024e+00 2.570782661437988281e+00
3.549395000000000078e+00 2.575957298278808594e+00
3.554269000000000123e+00 2.575957298278808594e+00
3.563987000000000016e+00 2.575957298278808594e+00
3.568799999999999972e+00 2.575957298278808594e+00
3.572258999999999851e+00 2.575957298278808594e+00
3.575711000000000084e+00 2.575957298278808594e+00
3.580411999999999928e+00 2.575957298278808594e+00
3.585109000000000101e+00 2.570782661437988281e+00
3.589849000000000068e+00 2.570782661437988281e+00
3.594542999999999822e+00 2.570782661437988281e+00
3.599381000000000164e+00 2.570782661437988281e+00
3.604067999999999827e+00 2.570782661437988281e+00
3.608880999999999784e+00 2.570782661437988281e+00
3.613614999999999799e+00 2.570782661437988281e+00
3.617058999999999802e+00 2.565608024597167969e+00
3.620506999999999920e+00 2.570782661437988281e+00
3.625281999999999893e+00 2.570782661437988281e+00
3.630015000000000214e+00 2.570782661437988281e+00
3.633452000000000126e+00 2.570782661437988281e+00
3.638224999999999820e+00 2.570782661437988281e+00
3.642924999999999969e+00 2.565608024597167969e+00
3.647743999999999875e+00 2.570782661437988281e+00
3.652855000000000185e+00 2.581131935119628906e+00
3.657643000000000200e+00 2.581131935119628906e+00
3.662390999999999952e+00 2.575957298278808594e+00
3.667157000000000000e+00 2.570782661437988281e+00
3.672003000000000128e+00 2.575957298278808594e+00
3.680787000000000031e+00 2.570782661437988281e+00
3.685776999999999859e+00 2.575957298278808594e+00
3.690557999999999783e+00 2.570782661437988281e+00
3.695351000000000052e+00 2.570782661437988281e+00
3.700082999999999789e+00 2.565608024597167969e+00
3.704835000000000100e+00 2.565608024597167969e+00
3.709678999999999949e+00 2.570782661437988281e+00
3.714446999999999832e+00 2.570782661437988281e+00
3.719294999999999796e+00 2.570782661437988281e+00
3.724031999999999787e+00 2.570782661437988281e+00
3.728839999999999932e+00 2.570782661437988281e+00
3.733567999999999998e+00 2.570782661437988281e+00
3.738398999999999806e+00 2.570782661437988281e+00
3.741858999999999824e+00 2.570782661437988281e+00
3.746658000000000044e+00 2.570782661437988281e+00
3.751446000000000058e+00 2.570782661437988281e+00
3.756494000000000000e+00 2.570782661437988281e+00
3.761292000000000080e+00 2.575957298278808594e+00
3.766144000000000158e+00 2.575957298278808594e+00
3.770906999999999787e+00 2.575957298278808594e+00
3.775764999999999816e+00 2.570782661437988281e+00
3.780549000000000159e+00 2.575957298278808594e+00
3.785365000000000091e+00 2.570782661437988281e+00
3.790169999999999817e+00 2.575957298278808594e+00
3.799246999999999819e+00 2.581131935119628906e+00
3.805248000000000186e+00 2.570782661437988281e+00
3.810064999999999813e+00 2.570782661437988281e+00
3.814865999999999868e+00 2.570782661437988281e+00
3.819682999999999939e+00 2.570782661437988281e+00
3.824495999999999896e+00 2.570782661437988281e+00
3.828104000000000173e+00 2.570782661437988281e+00
3.832896999999999998e+00 2.565608024597167969e+00
3.837788999999999895e+00 2.570782661437988281e+00
3.843306999999999807e+00 2.570782661437988281e+00
3.846883000000000052e+00 2.570782661437988281e+00
3.856771999999999867e+00 2.570782661437988281e+00
3.865925999999999974e+00 2.570782661437988281e+00
3.870750999999999831e+00 2.570782661437988281e+00
3.876835999999999949e+00 2.581131935119628906e+00
3.883344000000000129e+00 2.581131935119628906e+00
3.888279999999999959e+00 2.575957298278808594e+00
3.893145000000000078e+00 2.575957298278808594e+00
3.896643000000000079e+00 2.575957298278808594e+00
3.901496999999999993e+00 2.570782661437988281e+00
3.906394000000000144e+00 2.570782661437988281e+00
3.914082000000000061e+00 2.575957298278808594e+00
3.919398999999999855e+00 2.570782661437988281e+00
3.924253999999999909e+00 2.565608024597167969e+00
3.929152000000000200e+00 2.565608024597167969e+00
3.933996000000000048e+00 2.570782661437988281e+00
3.938890999999999920e+00 2.570782661437988281e+00
3.943754999999999900e+00 2.570782661437988281e+00
3.948644999999999960e+00 2.570782661437988281e+00
3.953495999999999899e+00 2.570782661437988281e+00
3.958445000000000213e+00 2.575957298278808594e+00
3.963311000000000028e+00 2.581131935119628906e+00
3.966854000000000102e+00 2.575957298278808594e+00
3.971721000000000057e+00 2.581131935119628906e+00
3.976558999999999955e+00 2.575957298278808594e+00
3.981400999999999968e+00 2.581131935119628906e+00
3.986304000000000070e+00 2.575957298278808594e+00
3.991168000000000049e+00 2.581131935119628906e+00
3.996081999999999912e+00 2.575957298278808594e+00
4.000980000000000203e+00 2.565608024597167969e+00
4.005899999999999572e+00 2.570782661437988281e+00
4.010779000000000316e+00 2.570782661437988281e+00
4.014262000000000441e+00 2.570782661437988281e+00
4.017865999999999715e+00 2.570782661437988281e+00
4.027057000000000109e+00 2.565608024597167969e+00
4.032105999999999746e+00 2.565608024597167969e+00
4.037010999999999683e+00 2.570782661437988281e+00
4.041908000000000278e+00 2.570782661437988281e+00
4.046813000000000216e+00 2.570782661437988281e+00
4.051680000000000170e+00 2.575957298278808594e+00
4.056572000000000067e+00 2.575957298278808594e+00
4.061741999999999742e+00 2.581131935119628906e+00
4.065305000000000391e+00 2.575957298278808594e+00
4.070181999999999967e+00 2.575957298278808594e+00
4.075057000000000151e+00 2.575957298278808594e+00
4.080020000000000202e+00 2.575957298278808594e+00
4.084925000000000139e+00 2.570782661437988281e+00
4.089858000000000438e+00 2.570782661437988281e+00
4.094754000000000005e+00 2.570782661437988281e+00
4.099815999999999683e+00 2.565608024597167969e+00
4.104757000000000211e+00 2.570782661437988281e+00
4.109742999999999924e+00 2.570782661437988281e+00
4.114607999999999599e+00 2.565608024597167969e+00
4.118295999999999957e+00 2.565608024597167969e+00
4.123185000000000322e+00 2.570782661437988281e+00
4.128142999999999674e+00 2.570782661437988281e+00
4.133010999999999768e+00 2.570782661437988281e+00
4.138067000000000384e+00 2.570782661437988281e+00
4.147066999999999837e+00 2.570782661437988281e+00
4.152171000000000056e+00 2.575957298278808594e+00
4.157085000000000363e+00 2.581131935119628906e+00
4.162030999999999814e+00 2.575957298278808594e+00
4.166976000000000013e+00 2.575957298278808594e+00
4.171945000000000014e+00 2.570782661437988281e+00
4.176896000000000164e+00 2.570782661437988281e+00
4.181830999999999854e+00 2.575957298278808594e+00
4.186784000000000283e+00 2.570782661437988281e+00
4.191715000000000302e+00 2.570782661437988281e+00
4.196683000000000163e+00 2.575957298278808594e+00
4.201621000000000272e+00 2.570782661437988281e+00
4.206591999999999665e+00 2.565608024597167969e+00
4.211533000000000193e+00 2.570782661437988281e+00
4.216488000000000014e+00 2.570782661437988281e+00
4.221419000000000032e+00 2.570782661437988281e+00
4.226441000000000336e+00 2.570782661437988281e+00
4.231370000000000076e+00 2.570782661437988281e+00
4.234886000000000372e+00 2.570782661437988281e+00
4.238488000000000255e+00 2.570782661437988281e+00
4.243402999999999814e+00 2.570782661437988281e+00
4.248385999999999996e+00 2.575957298278808594e+00
4.253322999999999965e+00 2.575957298278808594e+00
4.258318000000000048e+00 2.575957298278808594e+00
4.267858999999999625e+00 2.575957298278808594e+00
4.273302000000000156e+00 2.575957298278808594e+00
4.278355999999999604e+00 2.575957298278808594e+00
4.283330000000000304e+00 2.575957298278808594e+00
4.288355000000000139e+00 2.575957298278808594e+00
4.293339999999999712e+00 2.575957298278808594e+00
4.298396999999999579e+00 2.575957298278808594e+00
4.303389000000000131e+00 2.570782661437988281e+00
4.308442000000000327e+00 2.570782661437988281e+00
4.313433999999999990e+00 2.570782661437988281e+00
4.317083000000000226e+00 2.570782661437988281e+00
4.322029999999999816e+00 2.570782661437988281e+00
4.327022999999999620e+00 2.575957298278808594e+00
4.332036999999999694e+00 2.570782661437988281e+00
4.337069999999999759e+00 2.570782661437988281e+00
4.342084999999999972e+00 2.565608024597167969e+00
4.347120000000000317e+00 2.570782661437988281e+00
4.352140999999999593e+00 2.570782661437988281e+00
4.357166000000000317e+00 2.575957298278808594e+00
4.362190000000000012e+00 2.575957298278808594e+00
4.367309999999999803e+00 2.570782661437988281e+00
4.372365000000000279e+00 2.575957298278808594e+00
4.377405000000000435e+00 2.575957298278808594e+00
4.386883000000000088e+00 2.575957298278808594e+00
4.392338999999999771e+00 2.581131935119628906e+00
4.397382999999999598e+00 2.575957298278808594e+00
4.402448999999999835e+00 2.570782661437988281e+00
4.406096999999999930e+00 2.570782661437988281e+00
4.409696000000000282e+00 2.575957298278808594e+00
4.413299999999999557e+00 2.570782661437988281e+00
4.418432000000000137e+00 2.570782661437988281e+00
4.423511999999999666e+00 2.570782661437988281e+00
4.428638000000000297e+00 2.565608024597167969e+00
4.433665999999999663e+00 2.565608024597167969e+00
4.438798000000000243e+00 2.570782661437988281e+00
4.443864999999999732e+00 2.570782661437988281e+00
4.448997000000000313e+00 2.570782661437988281e+00
4.454043999999999670e+00 2.570782661437988281e+00
4.459189000000000291e+00 2.575957298278808594e+00
4.464260999999999591e+00 2.581131935119628906e+00
4.469655999999999629e+00 2.575957298278808594e+00
4.473264999999999603e+00 2.581131935119628906e+00
4.478388999999999953e+00 2.581131935119628906e+00
4.483475999999999573e+00 2.575957298278808594e+00
4.488599999999999923e+00 2.575957298278808594e+00
4.493809999999999860e+00 2.575957298278808594e+00
4.502989999999999604e+00 2.575957298278808594e+00
4.508466999999999558e+00 2.565608024597167969e+00
4.513505000000000322e+00 2.565608024597167969e+00
4.518623999999999974e+00 2.565608024597167969e+00
4.523708000000000062e+00 2.565608024597167969e+00
4.528820999999999763e+00 2.570782661437988281e+00
4.533885999999999861e+00 2.570782661437988281e+00
4.539015000000000022e+00 2.570782661437988281e+00
4.544088999999999601e+00 2.570782661437988281e+00
4.549197999999999631e+00 2.575957298278808594e+00
4.554299999999999571e+00 2.581131935119628906e+00
4.559442999999999913e+00 2.581131935119628906e+00
4.564542000000000321e+00 2.581131935119628906e+00
4.569790000000000241e+00 2.581131935119628906e+00
4.574860000000000149e+00 2.581131935119628906e+00
4.580007000000000161e+00 2.575957298278808594e+00
4.585112999999999772e+00 2.575957298278808594e+00
4.590239000000000402e+00 2.575957298278808594e+00
4.595407999999999937e+00 2.570782661437988281e+00
4.600488999999999606e+00 2.565608024597167969e+00
4.605642999999999709e+00 2.565608024597167969e+00
4.609257999999999633e+00 2.570782661437988281e+00
4.618788999999999589e+00 2.565608024597167969e+00
4.624335000000000306e+00 2.570782661437988281e+00
4.629550000000000054e+00 2.570782661437988281e+00
4.635036000000000378e+00 2.575957298278808594e+00
4.640302000000000149e+00 2.570782661437988281e+00
4.645495000000000374e+00 2.575957298278808594e+00
4.650634000000000157e+00 2.575957298278808594e+00
4.655835999999999864e+00 2.581131935119628906e+00
4.661429000000000045e+00 2.581131935119628906e+00
4.665089000000000041e+00 2.575957298278808594e+00
4.670341999999999771e+00 2.581131935119628906e+00
4.675580000000000069e+00 2.575957298278808594e+00
4.679266000000000147e+00 2.570782661437988281e+00
4.684414000000000300e+00 2.570782661437988281e+00
4.689708000000000432e+00 2.575957298278808594e+00
4.694867000000000345e+00 2.575957298278808594e+00
4.700155999999999779e+00 2.570782661437988281e+00
4.705343000000000053e+00 2.570782661437988281e+00
4.710499000000000436e+00 2.570782661437988281e+00
4.715721000000000274e+00 2.570782661437988281e+00
4.720870999999999817e+00 2.570782661437988281e+00
4.730470000000000397e+00 2.570782661437988281e+00
4.736148000000000025e+00 2.570782661437988281e+00
4.741322000000000259e+00 2.570782661437988281e+00
4.746597000000000399e+00 2.570782661437988281e+00
4.751763000000000403e+00 2.581131935119628906e+00
4.756922999999999568e+00 2.575957298278808594e+00
4.762116999999999933e+00 2.575957298278808594e+00
4.767332999999999821e+00 2.570782661437988281e+00
4.772814999999999586e+00 2.575957298278808594e+00
4.778082000000000384e+00 2.575957298278808594e+00
4.783284000000000091e+00 2.570782661437988281e+00
4.788547999999999583e+00 2.575957298278808594e+00
4.793757000000000268e+00 2.575957298278808594e+00
4.797476999999999769e+00 2.570782661437988281e+00
4.802680999999999756e+00 2.570782661437988281e+00
4.807954999999999757e+00 2.570782661437988281e+00
4.811658999999999686e+00 2.570782661437988281e+00
4.816877999999999993e+00 2.570782661437988281e+00
4.822103000000000250e+00 2.570782661437988281e+00
4.827373999999999832e+00 2.570782661437988281e+00
4.832588999999999579e+00 2.570782661437988281e+00
4.838029999999999831e+00 2.570782661437988281e+00
4.847458999999999740e+00 2.570782661437988281e+00
4.859797999999999618e+00 2.575957298278808594e+00
4.868750000000000355e+00 2.575957298278808594e+00
4.877448000000000228e+00 2.575957298278808594e+00
4.884731000000000378e+00 2.575957298278808594e+00
4.890197999999999823e+00 2.581131935119628906e+00
4.895471999999999824e+00 2.581131935119628906e+00
4.900694999999999801e+00 2.570782661437988281e+00
4.905950999999999951e+00 2.570782661437988281e+00
4.911143000000000036e+00 2.570782661437988281e+00
4.916433999999999749e+00 2.570782661437988281e+00
4.921679000000000137e+00 2.570782661437988281e+00
4.926917000000000435e+00 2.570782661437988281e+00
4.932115999999999723e+00 2.570782661437988281e+00
4.937376999999999683e+00 2.565608024597167969e+00
4.942625999999999742e+00 2.570782661437988281e+00
4.947921000000000014e+00 2.570782661437988281e+00
4.953284000000000020e+00 2.570782661437988281e+00
4.962858999999999909e+00 2.575957298278808594e+00
4.968581000000000358e+00 2.575957298278808594e+00
4.973881000000000441e+00 2.575957298278808594e+00
4.979197000000000095e+00 2.581131935119628906e+00
4.984414000000000122e+00 2.575957298278808594e+00
4.989724999999999966e+00 2.575957298278808594e+00
4.994970999999999606e+00 2.581131935119628906e+00
5.000320000000000320e+00 2.575957298278808594e+00
5.005613000000000312e+00 2.570782661437988281e+00
5.010864999999999903e+00 2.570782661437988281e+00
5.016168999999999656e+00 2.570782661437988281e+00
5.021415000000000184e+00 2.570782661437988281e+00
5.025117999999999974e+00 2.570782661437988281e+00
5.030374000000000123e+00 2.570782661437988281e+00
5.035674000000000206e+00 2.565608024597167969e+00
5.040928000000000075e+00 2.565608024597167969e+00
5.046224999999999739e+00 2.565608024597167969e+00
5.051497000000000348e+00 2.575957298278808594e+00
5.056752999999999609e+00 2.581131935119628906e+00
5.060469999999999580e+00 2.581131935119628906e+00
5.065776999999999752e+00 2.575957298278808594e+00
5.069518999999999664e+00 2.581131935119628906e+00
5.079449999999999577e+00 2.581131935119628906e+00
5.085234999999999950e+00 2.575957298278808594e+00
5.090588000000000335e+00 2.581131935119628906e+00
5.095934999999999881e+00 2.575957298278808594e+00
5.101242000000000054e+00 2.570782661437988281e+00
5.106616999999999962e+00 2.570782661437988281e+00
5.111938000000000315e+00 2.570782661437988281e+00
5.117239999999999789e+00 2.565608024597167969e+00
5.122544999999999682e+00 2.570782661437988281e+00
5.127939999999999721e+00 2.570782661437988281e+00
5.133710999999999913e+00 2.570782661437988281e+00
5.139196000000000097e+00 2.570782661437988281e+00
5.144533000000000023e+00 2.570782661437988281e+00
5.149981999999999616e+00 2.575957298278808594e+00
5.154080000000000439e+00 2.581131935119628906e+00
5.159430999999999656e+00 2.581131935119628906e+00
5.164750999999999870e+00 2.575957298278808594e+00
5.170209999999999972e+00 2.581131935119628906e+00
5.175642999999999994e+00 2.575957298278808594e+00
5.180982000000000198e+00 2.575957298278808594e+00
5.186434000000000211e+00 2.575957298278808594e+00
5.196285999999999738e+00 2.570782661437988281e+00
5.202039000000000080e+00 2.570782661437988281e+00
5.207386999999999766e+00 2.570782661437988281e+00
5.212703000000000308e+00 2.570782661437988281e+00
5.216840000000000366e+00 2.570782661437988281e+00
5.222253000000000256e+00 2.575957298278808594e+00
5.227615000000000123e+00 2.570782661437988281e+00
5.232946000000000097e+00 2.570782661437988281e+00
5.239047000000000232e+00 2.570782661437988281e+00
5.242849999999999788e+00 2.570782661437988281e+00
5.248266000000000098e+00 2.570782661437988281e+00
5.253606999999999694e+00 2.581131935119628906e+00
5.259024000000000143e+00 2.575957298278808594e+00
5.264434999999999754e+00 2.575957298278808594e+00
5.269873999999999725e+00 2.575957298278808594e+00
5.275443000000000104e+00 2.575957298278808594e+00
5.280801000000000300e+00 2.575957298278808594e+00
5.286194000000000059e+00 2.575957298278808594e+00
5.291544000000000025e+00 2.575957298278808594e+00
5.295272999999999897e+00 2.570782661437988281e+00
5.300633000000000372e+00 2.570782661437988281e+00
5.306192000000000242e+00 2.570782661437988281e+00
5.315700999999999787e+00 2.570782661437988281e+00
5.321518000000000193e+00 2.575957298278808594e+00
5.327040000000000219e+00 2.570782661437988281e+00
5.332576999999999678e+00 2.570782661437988281e+00
5.338290999999999897e+00 2.570782661437988281e+00
5.343124000000000429e+00 2.570782661437988281e+00
5.347197000000000422e+00 2.575957298278808594e+00
5.351091000000000264e+00 2.570782661437988281e+00
5.356793999999999834e+00 2.575957298278808594e+00
5.361671000000000298e+00 2.575957298278808594e+00
5.365732999999999642e+00 2.575957298278808594e+00
5.371357999999999855e+00 2.575957298278808594e+00
5.376310000000000144e+00 2.575957298278808594e+00
5.380366999999999678e+00 2.575957298278808594e+00
5.384269999999999889e+00 2.575957298278808594e+00
5.389788000000000245e+00 2.581131935119628906e+00
5.395260999999999640e+00 2.581131935119628906e+00
5.400705000000000311e+00 2.570782661437988281e+00
5.406200000000000117e+00 2.570782661437988281e+00
5.411591999999999736e+00 2.570782661437988281e+00
5.417015000000000136e+00 2.575957298278808594e+00
5.420869999999999855e+00 2.575957298278808594e+00
5.426334999999999908e+00 2.570782661437988281e+00
5.436092000000000368e+00 2.565608024597167969e+00
5.441881999999999664e+00 2.570782661437988281e+00
5.445697000000000010e+00 2.570782661437988281e+00
5.451111000000000040e+00 2.570782661437988281e+00
5.456608000000000125e+00 2.575957298278808594e+00
5.462024999999999686e+00 2.575957298278808594e+00
5.467476999999999698e+00 2.570782661437988281e+00
5.472923999999999900e+00 2.581131935119628906e+00
5.478443000000000396e+00 2.575957298278808594e+00
5.483851999999999727e+00 2.575957298278808594e+00
5.489340999999999582e+00 2.575957298278808594e+00
5.494729000000000418e+00 2.581131935119628906e+00
5.500702999999999676e+00 2.570782661437988281e+00
5.506509999999999572e+00 2.575957298278808594e+00
5.511992000000000225e+00 2.570782661437988281e+00
5.517409999999999926e+00 2.570782661437988281e+00
5.522854999999999848e+00 2.565608024597167969e+00
5.528304000000000329e+00 2.565608024597167969e+00
5.533733999999999931e+00 2.565608024597167969e+00
5.539247999999999728e+00 2.570782661437988281e+00
5.543065000000000353e+00 2.565608024597167969e+00
5.552737999999999730e+00 2.575957298278808594e+00
5.558511000000000202e+00 2.575957298278808594e+00
5.563935999999999993e+00 2.581131935119628906e+00
5.569496000000000002e+00 2.581131935119628906e+00
5.575007000000000268e+00 2.581131935119628906e+00
5.580637000000000292e+00 2.581131935119628906e+00
5.584524000000000044e+00 2.581131935119628906e+00
5.590116000000000085e+00 2.581131935119628906e+00
5.595653000000000432e+00 2.575957298278808594e+00
5.599508000000000152e+00 2.570782661437988281e+00
5.605031999999999570e+00 2.570782661437988281e+00
5.610586999999999769e+00 2.570782661437988281e+00
5.616108999999999796e+00 2.570782661437988281e+00
5.621655999999999764e+00 2.570782661437988281e+00
5.625498999999999583e+00 2.570782661437988281e+00
5.630991999999999997e+00 2.570782661437988281e+00
5.636546000000000056e+00 2.570782661437988281e+00
5.642038000000000331e+00 2.570782661437988281e+00
5.647516999999999676e+00 2.575957298278808594e+00
5.653051999999999744e+00 2.581131935119628906e+00
5.658684000000000047e+00 2.575957298278808594e+00
5.668523999999999674e+00 2.575957298278808594e+00
5.674258000000000024e+00 2.581131935119628906e+00
5.679937999999999931e+00 2.581131935119628906e+00
5.685660000000000380e+00 2.575957298278808594e+00
5.691161000000000136e+00 2.575957298278808594e+00
5.696686999999999834e+00 2.570782661437988281e+00
5.702172000000000018e+00 2.570782661437988281e+00
5.707702000000000275e+00 2.570782661437988281e+00
5.713186999999999571e+00 2.570782661437988281e+00
5.718727999999999589e+00 2.570782661437988281e+00
5.724236000000000324e+00 2.570782661437988281e+00
5.729776000000000202e+00 2.575957298278808594e+00
5.735324000000000311e+00 2.570782661437988281e+00
5.740833000000000297e+00 2.570782661437988281e+00
5.744699999999999918e+00 2.575957298278808594e+00
5.750250999999999557e+00 2.575957298278808594e+00
5.755901999999999852e+00 2.581131935119628906e+00
5.761408999999999558e+00 2.575957298278808594e+00
5.766994000000000398e+00 2.575957298278808594e+00
5.772524999999999906e+00 2.575957298278808594e+00
5.776596999999999760e+00 2.575957298278808594e+00
5.788559000000000232e+00 2.575957298278808594e+00
5.794151000000000273e+00 2.570782661437988281e+00
5.799803999999999959e+00 2.570782661437988281e+00
5.805430000000000312e+00 2.570782661437988281e+00
5.811011999999999844e+00 2.570782661437988281e+00
5.816862999999999673e+00 2.570782661437988281e+00
5.823049000000000142e+00 2.570782661437988281e+00
5.828706000000000387e+00 2.570782661437988281e+00
5.834306999999999910e+00 2.570782661437988281e+00
5.840049999999999741e+00 2.570782661437988281e+00
5.845708000000000126e+00 2.570782661437988281e+00
5.851306000000000118e+00 2.575957298278808594e+00
5.857003999999999877e+00 2.581131935119628906e+00
5.875995999999999775e+00 2.575957298278808594e+00
5.886385999999999896e+00 2.570782661437988281e+00
5.893397000000000219e+00 2.575957298278808594e+00
5.908187999999999995e+00 2.570782661437988281e+00
5.914031999999999734e+00 2.570782661437988281e+00
5.919692000000000398e+00 2.575957298278808594e+00
5.925373999999999697e+00 2.570782661437988281e+00
5.930926000000000364e+00 2.570782661437988281e+00
5.936576999999999771e+00 2.570782661437988281e+00
5.942192000000000363e+00 2.570782661437988281e+00
5.947813000000000017e+00 2.570782661437988281e+00
5.953420999999999630e+00 2.575957298278808594e+00
5.959065999999999974e+00 2.575957298278808594e+00
5.964655999999999736e+00 2.575957298278808594e+00
5.970397000000000176e+00 2.575957298278808594e+00
5.976036999999999821e+00 2.575957298278808594e+00
5.981619000000000241e+00 2.575957298278808594e+00
5.987255000000000216e+00 2.581131935119628906e+00
5.992943999999999605e+00 2.575957298278808594e+00
5.996870999999999619e+00 2.575957298278808594e+00
6.002419999999999867e+00 2.570782661437988281e+00
6.008333999999999619e+00 2.575957298278808594e+00
6.017922999999999689e+00 2.570782661437988281e+00
6.023785000000000167e+00 2.565608024597167969e+00
6.029449999999999754e+00 2.570782661437988281e+00
6.035041999999999796e+00 2.565608024597167969e+00
6.039088999999999707e+00 2.570782661437988281e+00
6.044753000000000043e+00 2.570782661437988281e+00
6.050510000000000055e+00 2.570782661437988281e+00
6.056237000000000315e+00 2.575957298278808594e+00
6.061874999999999680e+00 2.575957298278808594e+00
6.067563999999999957e+00 2.575957298278808594e+00
6.073211999999999833e+00 2.581131935119628906e+00
6.078883000000000258e+00 2.575957298278808594e+00
6.084564000000000306e+00 2.575957298278808594e+00
6.088702999999999754e+00 2.581131935119628906e+00
6.094356000000000328e+00 2.581131935119628906e+00
6.100144000000000233e+00 2.570782661437988281e+00
6.104104999999999670e+00 2.570782661437988281e+00
6.109820000000000029e+00 2.570782661437988281e+00
6.115503999999999607e+00 2.570782661437988281e+00
6.121186999999999934e+00 2.570782661437988281e+00
6.131257999999999875e+00 2.570782661437988281e+00
6.137141999999999875e+00 2.570782661437988281e+00
6.142859999999999765e+00 2.570782661437988281e+00
6.148577000000000403e+00 2.575957298278808594e+00
6.154281000000000112e+00 2.581131935119628906e+00
6.158271000000000051e+00 2.575957298278808594e+00
6.163876000000000133e+00 2.581131935119628906e+00
6.169614000000000154e+00 2.581131935119628906e+00
6.175390000000000157e+00 2.575957298278808594e+00
6.181057000000000023e+00 2.581131935119628906e+00
6.186767999999999823e+00 2.575957298278808594e+00
6.192542000000000435e+00 2.575957298278808594e+00
6.198343000000000380e+00 2.570782661437988281e+00
6.203972000000000264e+00 2.570782661437988281e+00
6.209718999999999767e+00 2.570782661437988281e+00
6.215474000000000387e+00 2.570782661437988281e+00
6.221237000000000350e+00 2.565608024597167969e+00
6.226924000000000348e+00 2.570782661437988281e+00
6.230864999999999654e+00 2.570782661437988281e+00
6.236587000000000103e+00 2.575957298278808594e+00
6.246605999999999881e+00 2.570782661437988281e+00
6.252576000000000356e+00 2.575957298278808594e+00
6.258398999999999823e+00 2.575957298278808594e+00
6.264128000000000362e+00 2.581131935119628906e+00
6.269910999999999568e+00 2.570782661437988281e+00
6.273882999999999655e+00 2.575957298278808594e+00
6.279676000000000258e+00 2.575957298278808594e+00
6.283694999999999808e+00 2.575957298278808594e+00
6.289444999999999730e+00 2.575957298278808594e+00
6.295116000000000156e+00 2.575957298278808594e+00
6.301179999999999559e+00 2.570782661437988281e+00
6.306962999999999653e+00 2.565608024597167969e+00
6.312673000000000201e+00 2.570782661437988281e+00
6.318462000000000245e+00 2.570782661437988281e+00
6.324247999999999870e+00 2.575957298278808594e+00
6.330188999999999844e+00 2.570782661437988281e+00
6.335989999999999789e+00 2.575957298278808594e+00
6.341727999999999810e+00 2.570782661437988281e+00
6.345692999999999806e+00 2.570782661437988281e+00
6.351439000000000057e+00 2.575957298278808594e+00
6.357209000000000110e+00 2.575957298278808594e+00
6.367143000000000441e+00 2.575957298278808594e+00
6.373164000000000051e+00 2.575957298278808594e+00
6.378978000000000037e+00 2.575957298278808594e+00
6.384672000000000125e+00 2.575957298278808594e+00
6.390554999999999986e+00 2.575957298278808594e+00
6.396366999999999692e+00 2.575957298278808594e+00
6.402166000000000246e+00 2.575957298278808594e+00
6.407954000000000150e+00 2.570782661437988281e+00
6.413704000000000072e+00 2.575957298278808594e+00
6.419506000000000157e+00 2.570782661437988281e+00
6.425335999999999714e+00 2.570782661437988281e+00
6.431058000000000163e+00 2.570782661437988281e+00
6.436874000000000429e+00 2.570782661437988281e+00
6.440904999999999880e+00 2.570782661437988281e+00
6.446715000000000195e+00 2.570782661437988281e+00
6.450715999999999894e+00 2.575957298278808594e+00
6.456573999999999813e+00 2.575957298278808594e+00
6.462539999999999729e+00 2.575957298278808594e+00
6.468422999999999590e+00 2.575957298278808594e+00
6.474260000000000126e+00 2.575957298278808594e+00
6.484272999999999954e+00 2.581131935119628906e+00
6.490363999999999578e+00 2.575957298278808594e+00
6.496296000000000070e+00 2.581131935119628906e+00
6.502156000000000269e+00 2.575957298278808594e+00
6.508098000000000383e+00 2.575957298278808594e+00
6.513937999999999562e+00 2.570782661437988281e+00
6.519843999999999973e+00 2.570782661437988281e+00
6.525758999999999865e+00 2.570782661437988281e+00
6.531615999999999644e+00 2.570782661437988281e+00
6.535658999999999885e+00 2.570782661437988281e+00
6.541530999999999985e+00 2.565608024597167969e+00
6.547359000000000151e+00 2.570782661437988281e+00
6.553246999999999822e+00 2.570782661437988281e+00
6.559165000000000134e+00 2.575957298278808594e+00
6.564979000000000120e+00 2.575957298278808594e+00
6.569110000000000227e+00 2.575957298278808594e+00
6.574962000000000195e+00 2.581131935119628906e+00
6.580810999999999744e+00 2.581131935119628906e+00
6.586685000000000123e+00 2.581131935119628906e+00
6.597132000000000218e+00 2.581131935119628906e+00
6.603298999999999808e+00 2.570782661437988281e+00
6.609268000000000143e+00 2.570782661437988281e+00
6.615127000000000201e+00 2.570782661437988281e+00
6.621006000000000391e+00 2.570782661437988281e+00
6.625115000000000087e+00 2.570782661437988281e+00
6.631084000000000422e+00 2.570782661437988281e+00
6.636998000000000175e+00 2.570782661437988281e+00
6.642859999999999765e+00 2.570782661437988281e+00
6.648786999999999558e+00 2.575957298278808594e+00
6.654626000000000374e+00 2.581131935119628906e+00
6.660637000000000363e+00 2.581131935119628906e+00
6.666542999999999886e+00 2.575957298278808594e+00
6.672458999999999918e+00 2.581131935119628906e+00
6.678378999999999621e+00 2.575957298278808594e+00
6.684245999999999910e+00 2.575957298278808594e+00
6.690158000000000271e+00 2.575957298278808594e+00
6.696080000000000254e+00 2.575957298278808594e+00
6.701933000000000362e+00 2.570782661437988281e+00
6.708003999999999856e+00 2.570782661437988281e+00
6.720405000000000406e+00 2.570782661437988281e+00
6.726325000000000109e+00 2.570782661437988281e+00
6.732231999999999772e+00 2.575957298278808594e+00
6.738173999999999886e+00 2.575957298278808594e+00
6.744049999999999656e+00 2.570782661437988281e+00
6.749951000000000256e+00 2.575957298278808594e+00
6.755879000000000190e+00 2.581131935119628906e+00
6.761765999999999721e+00 2.581131935119628906e+00
6.767641000000000240e+00 2.575957298278808594e+00
6.771690999999999683e+00 2.575957298278808594e+00
6.777587999999999724e+00 2.575957298278808594e+00
6.781659000000000326e+00 2.575957298278808594e+00
6.787504000000000204e+00 2.575957298278808594e+00
6.793413000000000146e+00 2.575957298278808594e+00
6.799337000000000408e+00 2.570782661437988281e+00
6.805290000000000283e+00 2.570782661437988281e+00
6.811498000000000275e+00 2.570782661437988281e+00
6.817487999999999992e+00 2.570782661437988281e+00
6.823442000000000007e+00 2.575957298278808594e+00
6.829418000000000433e+00 2.575957298278808594e+00
6.839853999999999878e+00 2.575957298278808594e+00
6.846147000000000205e+00 2.575957298278808594e+00
6.850272000000000361e+00 2.575957298278808594e+00
6.856271999999999700e+00 2.575957298278808594e+00
6.862250999999999657e+00 2.581131935119628906e+00
6.873080999999999996e+00 2.575957298278808594e+00
6.884883999999999560e+00 2.575957298278808594e+00
6.891882999999999981e+00 2.575957298278808594e+00
6.902712000000000181e+00 2.575957298278808594e+00
6.908717000000000219e+00 2.570782661437988281e+00
6.913081000000000031e+00 2.570782661437988281e+00
6.919055000000000177e+00 2.575957298278808594e+00
6.924991999999999592e+00 2.575957298278808594e+00
6.931000000000000050e+00 2.570782661437988281e+00
6.937032999999999561e+00 2.570782661437988281e+00
6.941107999999999834e+00 2.570782661437988281e+00
6.947076000000000029e+00 2.570782661437988281e+00
6.957207000000000363e+00 2.575957298278808594e+00
6.963394000000000084e+00 2.575957298278808594e+00
6.969401999999999653e+00 2.575957298278808594e+00
6.973518999999999579e+00 2.575957298278808594e+00
6.979523999999999617e+00 2.575957298278808594e+00
6.985521999999999565e+00 2.581131935119628906e+00
6.991513000000000311e+00 2.581131935119628906e+00
6.997517000000000209e+00 2.581131935119628906e+00
7.003474999999999895e+00 2.570782661437988281e+00
7.009495000000000253e+00 2.570782661437988281e+00
7.015512000000000192e+00 2.570782661437988281e+00
7.021467000000000347e+00 2.575957298278808594e+00
7.027503000000000277e+00 2.570782661437988281e+00
7.033469000000000193e+00 2.570782661437988281e+00
7.039480000000000182e+00 2.570782661437988281e+00
7.045541000000000054e+00 2.570782661437988281e+00
7.051502000000000159e+00 2.575957298278808594e+00
7.057578000000000351e+00 2.575957298278808594e+00
7.063685999999999687e+00 2.575957298278808594e+00
7.073901000000000217e+00 2.581131935119628906e+00
7.080225000000000435e+00 2.581131935119628906e+00
7.086326999999999821e+00 2.581131935119628906e+00
7.092338999999999949e+00 2.581131935119628906e+00
7.096464000000000105e+00 2.581131935119628906e+00
7.102483000000000324e+00 2.570782661437988281e+00
7.108623999999999832e+00 2.570782661437988281e+00
7.115005000000000024e+00 2.570782661437988281e+00
7.121146000000000420e+00 2.570782661437988281e+00
7.127184999999999881e+00 2.570782661437988281e+00
7.133229000000000042e+00 2.565608024597167969e+00
7.139304000000000094e+00 2.570782661437988281e+00
7.145419000000000409e+00 2.570782661437988281e+00
7.151402000000000037e+00 2.575957298278808594e+00
7.157462999999999909e+00 2.581131935119628906e+00
7.163501000000000118e+00 2.581131935119628906e+00
7.169605999999999923e+00 2.581131935119628906e+00
7.175698999999999828e+00 2.581131935119628906e+00
7.181758000000000308e+00 2.575957298278808594e+00
7.192122999999999600e+00 2.581131935119628906e+00
7.198519000000000112e+00 2.570782661437988281e+00
7.204538999999999582e+00 2.570782661437988281e+00
7.210760999999999754e+00 2.570782661437988281e+00
7.214887000000000050e+00 2.570782661437988281e+00
7.221115000000000173e+00 2.570782661437988281e+00
7.227214000000000027e+00 2.570782661437988281e+00
7.233267999999999809e+00 2.570782661437988281e+00
7.237454999999999750e+00 2.575957298278808594e+00
7.243477000000000388e+00 2.575957298278808594e+00
7.249595000000000233e+00 2.575957298278808594e+00
7.255702000000000318e+00 2.581131935119628906e+00
7.261809000000000403e+00 2.581131935119628906e+00
7.267838000000000243e+00 2.581131935119628906e+00
7.273877999999999844e+00 2.581131935119628906e+00
7.280014000000000429e+00 2.575957298278808594e+00
7.286124000000000045e+00 2.575957298278808594e+00
7.292196999999999818e+00 2.575957298278808594e+00
7.298364000000000296e+00 2.570782661437988281e+00
7.309023999999999965e+00 2.570782661437988281e+00
7.315428999999999959e+00 2.570782661437988281e+00
7.321564999999999657e+00 2.570782661437988281e+00
7.327715000000000423e+00 2.570782661437988281e+00
7.333815999999999669e+00 2.570782661437988281e+00
7.339940999999999605e+00 2.570782661437988281e+00
7.344069000000000180e+00 2.575957298278808594e+00
7.348284999999999734e+00 2.575957298278808594e+00
7.354376000000000246e+00 2.581131935119628906e+00
7.360521999999999565e+00 2.575957298278808594e+00
7.366692999999999714e+00 2.575957298278808594e+00
7.372800999999999938e+00 2.575957298278808594e+00
7.379025000000000389e+00 2.575957298278808594e+00
7.385099000000000302e+00 2.575957298278808594e+00
7.389279000000000153e+00 2.575957298278808594e+00
7.395446999999999882e+00 2.575957298278808594e+00
7.401572999999999958e+00 2.570782661437988281e+00
7.407689999999999664e+00 2.575957298278808594e+00
7.412284999999999791e+00 2.570782661437988281e+00
7.418819000000000052e+00 2.575957298278808594e+00
7.429996000000000045e+00 2.575957298278808594e+00
7.436378000000000377e+00 2.575957298278808594e+00
7.442529000000000394e+00 2.570782661437988281e+00
7.448770999999999809e+00 2.570782661437988281e+00
7.454895999999999745e+00 2.575957298278808594e+00
7.461147000000000418e+00 2.575957298278808594e+00
7.465317999999999898e+00 2.575957298278808594e+00
7.471442999999999834e+00 2.581131935119628906e+00
7.477573999999999721e+00 2.575957298278808594e+00
7.483660999999999675e+00 2.575957298278808594e+00
7.489842000000000333e+00 2.581131935119628906e+00
7.494049000000000404e+00 2.581131935119628906e+00
7.498261000000000287e+00 2.570782661437988281e+00
7.504343000000000430e+00 2.575957298278808594e+00
7.510558999999999763e+00 2.570782661437988281e+00
7.516722999999999821e+00 2.570782661437988281e+00
7.522863000000000078e+00 2.570782661437988281e+00
7.529176999999999786e+00 2.570782661437988281e+00
7.535338000000000314e+00 2.570782661437988281e+00
7.541812000000000182e+00 2.570782661437988281e+00
7.554736000000000118e+00 2.575957298278808594e+00
7.559057000000000137e+00 2.575957298278808594e+00
7.565227000000000146e+00 2.575957298278808594e+00
7.569473000000000340e+00 2.581131935119628906e+00
7.575657999999999781e+00 2.581131935119628906e+00
7.581787000000000276e+00 2.581131935119628906e+00
7.587928999999999924e+00 2.581131935119628906e+00
7.594070999999999572e+00 2.581131935119628906e+00
7.598202999999999818e+00 2.575957298278808594e+00
7.604375000000000107e+00 2.575957298278808594e+00
7.608679999999999666e+00 2.570782661437988281e+00
7.612886999999999738e+00 2.570782661437988281e+00
7.619112000000000329e+00 2.570782661437988281e+00
7.623302999999999940e+00 2.570782661437988281e+00
7.629637999999999920e+00 2.570782661437988281e+00
7.633880999999999695e+00 2.570782661437988281e+00
7.640113999999999628e+00 2.570782661437988281e+00
7.646410000000000373e+00 2.570782661437988281e+00
7.652580000000000382e+00 2.653575897216796875e+00
7.656852999999999909e+00 2.881258010864257812e+00
7.663147000000000375e+00 4.775158882141113281e+00
7.673564999999999969e+00 4.795857429504394531e+00
7.680094999999999672e+00 4.795857429504394531e+00
7.686367999999999867e+00 4.795857429504394531e+00
7.692588999999999899e+00 4.795857429504394531e+00
7.696856999999999616e+00 4.790682792663574219e+00
7.702974000000000210e+00 4.785508155822753906e+00
7.709298999999999680e+00 4.785508155822753906e+00
7.715510000000000090e+00 4.785508155822753906e+00
7.719725999999999644e+00 4.785508155822753906e+00
7.725965000000000416e+00 4.785508155822753906e+00
7.732527000000000150e+00 4.785508155822753906e+00
7.738769999999999705e+00 4.790682792663574219e+00
7.744959999999999845e+00 4.790682792663574219e+00
7.751203000000000287e+00 4.795857429504394531e+00
7.757405999999999580e+00 4.795857429504394531e+00
7.761650999999999634e+00 4.795857429504394531e+00
7.767883000000000315e+00 4.790682792663574219e+00
7.772071999999999647e+00 4.795857429504394531e+00
7.778426999999999758e+00 4.795857429504394531e+00
7.784711999999999854e+00 4.795857429504394531e+00
7.795214999999999783e+00 4.795857429504394531e+00
7.801683999999999841e+00 4.790682792663574219e+00
7.807914000000000243e+00 4.790682792663574219e+00
7.814178000000000068e+00 4.785508155822753906e+00
7.818465999999999916e+00 4.790682792663574219e+00
7.824631000000000114e+00 4.790682792663574219e+00
7.831020999999999788e+00 4.790682792663574219e+00
7.837360000000000326e+00 4.790682792663574219e+00
7.843671999999999755e+00 4.790682792663574219e+00
7.849959000000000131e+00 4.795857429504394531e+00
7.856275000000000119e+00 4.795857429504394531e+00
7.862557999999999936e+00 4.795857429504394531e+00
7.868894000000000055e+00 4.790682792663574219e+00
7.880074999999999719e+00 4.790682792663574219e+00
7.892263999999999946e+00 4.790682792663574219e+00
7.899765000000000370e+00 4.790682792663574219e+00
7.915098999999999663e+00 4.790682792663574219e+00
7.921950999999999965e+00 4.790682792663574219e+00
7.928351000000000148e+00 4.790682792663574219e+00
7.934638999999999776e+00 4.790682792663574219e+00
7.941313000000000066e+00 4.790682792663574219e+00
7.947593999999999603e+00 4.790682792663574219e+00
7.954025999999999819e+00 4.790682792663574219e+00
7.960422999999999583e+00 4.795857429504394531e+00
7.966798999999999964e+00 4.790682792663574219e+00
7.971078000000000330e+00 4.790682792663574219e+00
7.975303000000000253e+00 4.790682792663574219e+00
7.981624000000000052e+00 4.790682792663574219e+00
7.987898000000000387e+00 4.795857429504394531e+00
7.994201999999999586e+00 4.795857429504394531e+00
8.000567999999999458e+00 4.790682792663574219e+00
8.006942000000000448e+00 4.790682792663574219e+00
8.013284000000000518e+00 4.790682792663574219e+00
8.019667999999999353e+00 4.790682792663574219e+00
8.026032000000000721e+00 4.790682792663574219e+00
