3.809999999999999910e-04 3.134813308715820312e+00
8.930999999999999703e-03 3.129638671875000000e+00
1.439000000000000001e-02 3.134813308715820312e+00
2.104500000000000121e-02 3.150337219238281250e+00
2.435500000000000165e-02 3.150337219238281250e+00
2.765499999999999903e-02 3.150337219238281250e+00
3.110399999999999970e-02 3.145162582397460938e+00
3.424499999999999766e-02 3.150337219238281250e+00
3.754799999999999804e-02 3.145162582397460938e+00
4.087500000000000161e-02 3.150337219238281250e+00
4.417900000000000299e-02 3.150337219238281250e+00
4.747200000000000031e-02 3.150337219238281250e+00
5.092399999999999705e-02 3.150337219238281250e+00
5.406400000000000095e-02 3.150337219238281250e+00
5.736700000000000133e-02 3.145162582397460938e+00
6.069599999999999995e-02 3.145162582397460938e+00
6.384099999999999497e-02 3.145162582397460938e+00
6.714199999999999335e-02 3.134813308715820312e+00
7.044100000000000361e-02 3.134813308715820312e+00
7.373999999999999999e-02 3.134813308715820312e+00
7.703100000000000225e-02 3.134813308715820312e+00
8.047799999999999399e-02 3.129638671875000000e+00
8.361999999999999988e-02 3.134813308715820312e+00
8.692199999999999926e-02 3.134813308715820312e+00
9.037399999999999600e-02 3.134813308715820312e+00
9.366900000000000226e-02 3.134813308715820312e+00
9.696899999999999964e-02 3.134813308715820312e+00
1.002650000000000069e-01 3.139987945556640625e+00
1.035660000000000053e-01 3.139987945556640625e+00
1.068599999999999967e-01 3.134813308715820312e+00
1.125970000000000026e-01 3.134813308715820312e+00
1.160569999999999935e-01 3.139987945556640625e+00
1.193599999999999939e-01 3.150337219238281250e+00
1.226539999999999991e-01 3.150337219238281250e+00
1.259520000000000084e-01 3.150337219238281250e+00
1.292500000000000038e-01 3.145162582397460938e+00
1.325500000000000012e-01 3.145162582397460938e+00
1.358459999999999945e-01 3.145162582397460938e+00
1.391429999999999889e-01 3.145162582397460938e+00
1.424340000000000050e-01 3.145162582397460938e+00
1.457299999999999984e-01 3.145162582397460938e+00
1.490289999999999948e-01 3.139987945556640625e+00
1.523309999999999942e-01 3.145162582397460938e+00
1.555060000000000053e-01 3.145162582397460938e+00
1.586509999999999865e-01 3.145162582397460938e+00
1.619470000000000076e-01 3.145162582397460938e+00
1.652420000000000000e-01 3.139987945556640625e+00
1.685709999999999986e-01 3.134813308715820312e+00
1.720059999999999922e-01 3.129638671875000000e+00
1.752879999999999994e-01 3.129638671875000000e+00
1.787529999999999952e-01 3.134813308715820312e+00
1.820529999999999926e-01 3.134813308715820312e+00
1.853410000000000057e-01 3.139987945556640625e+00
1.886369999999999991e-01 3.139987945556640625e+00
1.919359999999999955e-01 3.139987945556640625e+00
1.952260000000000106e-01 3.134813308715820312e+00
1.985310000000000130e-01 3.139987945556640625e+00
2.019749999999999879e-01 3.134813308715820312e+00
2.052720000000000100e-01 3.139987945556640625e+00
2.085750000000000104e-01 3.134813308715820312e+00
2.118690000000000018e-01 3.134813308715820312e+00
2.151710000000000012e-01 3.134813308715820312e+00
2.211960000000000037e-01 3.145162582397460938e+00
2.245020000000000071e-01 3.145162582397460938e+00
2.276680000000000093e-01 3.145162582397460938e+00
2.311219999999999941e-01 3.145162582397460938e+00
2.345750000000000057e-01 3.145162582397460938e+00
2.378740000000000021e-01 3.145162582397460938e+00
2.413240000000000107e-01 3.139987945556640625e+00
2.447789999999999966e-01 3.145162582397460938e+00
2.480819999999999970e-01 3.145162582397460938e+00
2.512539999999999774e-01 3.145162582397460938e+00
2.545520000000000005e-01 3.145162582397460938e+00
2.578460000000000196e-01 3.145162582397460938e+00
2.611439999999999872e-01 3.145162582397460938e+00
2.644389999999999796e-01 3.139987945556640625e+00
2.677410000000000068e-01 3.139987945556640625e+00
2.710310000000000219e-01 3.139987945556640625e+00
2.743309999999999915e-01 3.139987945556640625e+00
2.776270000000000127e-01 3.134813308715820312e+00
2.809240000000000070e-01 3.134813308715820312e+00
2.840670000000000139e-01 3.134813308715820312e+00
2.873640000000000083e-01 3.134813308715820312e+00
2.906619999999999759e-01 3.134813308715820312e+00
2.939660000000000051e-01 3.139987945556640625e+00
2.972549999999999915e-01 3.139987945556640625e+00
3.007119999999999793e-01 3.134813308715820312e+00
3.041699999999999959e-01 3.139987945556640625e+00
3.074609999999999843e-01 3.134813308715820312e+00
3.109109999999999929e-01 3.129638671875000000e+00
3.140499999999999958e-01 3.134813308715820312e+00
3.173509999999999942e-01 3.145162582397460938e+00
3.206490000000000173e-01 3.145162582397460938e+00
3.239449999999999830e-01 3.145162582397460938e+00
3.272450000000000081e-01 3.139987945556640625e+00
3.329579999999999762e-01 3.145162582397460938e+00
3.362840000000000273e-01 3.145162582397460938e+00
3.394249999999999767e-01 3.145162582397460938e+00
3.427290000000000059e-01 3.139987945556640625e+00
3.460570000000000035e-01 3.139987945556640625e+00
3.493589999999999751e-01 3.139987945556640625e+00
3.526520000000000210e-01 3.150337219238281250e+00
3.559499999999999886e-01 3.150337219238281250e+00
3.592469999999999830e-01 3.145162582397460938e+00
3.625439999999999774e-01 3.150337219238281250e+00
3.658429999999999738e-01 3.139987945556640625e+00
3.691409999999999969e-01 3.134813308715820312e+00
3.724319999999999853e-01 3.134813308715820312e+00
3.755510000000000237e-01 3.134813308715820312e+00
3.790279999999999760e-01 3.134813308715820312e+00
3.823409999999999864e-01 3.134813308715820312e+00
3.857760000000000078e-01 3.134813308715820312e+00
3.890719999999999734e-01 3.134813308715820312e+00
3.923730000000000273e-01 3.134813308715820312e+00
3.956709999999999949e-01 3.134813308715820312e+00
3.989710000000000201e-01 3.129638671875000000e+00
4.022620000000000084e-01 3.134813308715820312e+00
4.055639999999999801e-01 3.134813308715820312e+00
4.090210000000000234e-01 3.129638671875000000e+00
4.123100000000000098e-01 3.129638671875000000e+00
4.154559999999999920e-01 3.134813308715820312e+00
4.187660000000000271e-01 3.139987945556640625e+00
4.220490000000000075e-01 3.145162582397460938e+00
4.253540000000000099e-01 3.139987945556640625e+00
4.286490000000000022e-01 3.139987945556640625e+00
4.319430000000000214e-01 3.139987945556640625e+00
4.352360000000000118e-01 3.150337219238281250e+00
4.385390000000000121e-01 3.150337219238281250e+00
4.418540000000000245e-01 3.145162582397460938e+00
4.473010000000000042e-01 3.150337219238281250e+00
4.509150000000000102e-01 3.145162582397460938e+00
4.540560000000000151e-01 3.145162582397460938e+00
4.573559999999999848e-01 3.145162582397460938e+00
4.606540000000000079e-01 3.145162582397460938e+00
4.639480000000000270e-01 3.145162582397460938e+00
4.672510000000000274e-01 3.139987945556640625e+00
4.705440000000000178e-01 3.139987945556640625e+00
4.736830000000000207e-01 3.139987945556640625e+00
4.768120000000000136e-01 3.134813308715820312e+00
4.801300000000000012e-01 3.134813308715820312e+00
4.834229999999999916e-01 3.134813308715820312e+00
4.867190000000000127e-01 3.134813308715820312e+00
4.898700000000000276e-01 3.134813308715820312e+00
4.931699999999999973e-01 3.129638671875000000e+00
4.964640000000000164e-01 3.134813308715820312e+00
4.997610000000000108e-01 3.129638671875000000e+00
5.030590000000000339e-01 3.134813308715820312e+00
5.063659999999999828e-01 3.129638671875000000e+00
5.096570000000000267e-01 3.134813308715820312e+00
5.129510000000000458e-01 3.134813308715820312e+00
5.162499999999999867e-01 3.134813308715820312e+00
5.195499999999999563e-01 3.145162582397460938e+00
5.228439999999999754e-01 3.145162582397460938e+00
5.261479999999999491e-01 3.145162582397460938e+00
5.294440000000000257e-01 3.150337219238281250e+00
5.327420000000000488e-01 3.145162582397460938e+00
5.360719999999999930e-01 3.145162582397460938e+00
5.393729999999999913e-01 3.150337219238281250e+00
5.426840000000000552e-01 3.145162582397460938e+00
5.459669999999999801e-01 3.145162582397460938e+00
5.492669999999999497e-01 3.145162582397460938e+00
5.525640000000000551e-01 3.150337219238281250e+00
5.582059999999999800e-01 3.145162582397460938e+00
5.614479999999999471e-01 3.145162582397460938e+00
5.647450000000000525e-01 3.139987945556640625e+00
5.680509999999999726e-01 3.134813308715820312e+00
5.713460000000000205e-01 3.129638671875000000e+00
5.746329999999999494e-01 3.129638671875000000e+00
5.779140000000000388e-01 3.134813308715820312e+00
5.812270000000000492e-01 3.129638671875000000e+00
5.845249999999999613e-01 3.134813308715820312e+00
5.878189999999999804e-01 3.129638671875000000e+00
5.911180000000000323e-01 3.129638671875000000e+00
5.942600000000000104e-01 3.129638671875000000e+00
5.975580000000000336e-01 3.134813308715820312e+00
6.008529999999999704e-01 3.129638671875000000e+00
6.041549999999999976e-01 3.134813308715820312e+00
6.074469999999999592e-01 3.134813308715820312e+00
6.109029999999999738e-01 3.134813308715820312e+00
6.140419999999999767e-01 3.134813308715820312e+00
6.173410000000000286e-01 3.139987945556640625e+00
6.206340000000000190e-01 3.145162582397460938e+00
6.239329999999999599e-01 3.145162582397460938e+00
6.272259999999999502e-01 3.145162582397460938e+00
6.305610000000000381e-01 3.145162582397460938e+00
6.338559999999999750e-01 3.150337219238281250e+00
6.371609999999999774e-01 3.150337219238281250e+00
6.404539999999999678e-01 3.150337219238281250e+00
6.437519999999999909e-01 3.150337219238281250e+00
6.470460000000000100e-01 3.139987945556640625e+00
6.503459999999999797e-01 3.139987945556640625e+00
6.536410000000000275e-01 3.145162582397460938e+00
6.569350000000000467e-01 3.139987945556640625e+00
6.602299999999999836e-01 3.139987945556640625e+00
6.661850000000000271e-01 3.129638671875000000e+00
6.694290000000000518e-01 3.134813308715820312e+00
6.727589999999999959e-01 3.134813308715820312e+00
6.763770000000000060e-01 3.129638671875000000e+00
6.799969999999999626e-01 3.134813308715820312e+00
6.834280000000000355e-01 3.129638671875000000e+00
6.867220000000000546e-01 3.134813308715820312e+00
6.901699999999999502e-01 3.134813308715820312e+00
6.936039999999999983e-01 3.139987945556640625e+00
6.970589999999999842e-01 3.139987945556640625e+00
7.005069999999999908e-01 3.134813308715820312e+00
7.039539999999999687e-01 3.139987945556640625e+00
7.074030000000000040e-01 3.134813308715820312e+00
7.110119999999999774e-01 3.134813308715820312e+00
7.143019999999999925e-01 3.134813308715820312e+00
7.177540000000000031e-01 3.139987945556640625e+00
7.210659999999999847e-01 3.145162582397460938e+00
7.246860000000000523e-01 3.145162582397460938e+00
7.281579999999999719e-01 3.145162582397460938e+00
7.315819999999999546e-01 3.145162582397460938e+00
7.350529999999999564e-01 3.139987945556640625e+00
7.386669999999999625e-01 3.139987945556640625e+00
7.422509999999999941e-01 3.139987945556640625e+00
7.456990000000000007e-01 3.139987945556640625e+00
7.491619999999999946e-01 3.134813308715820312e+00
7.525960000000000427e-01 3.145162582397460938e+00
7.560499999999999998e-01 3.139987945556640625e+00
7.596709999999999852e-01 3.129638671875000000e+00
7.631409999999999583e-01 3.129638671875000000e+00
7.665710000000000024e-01 3.124464035034179688e+00
7.734769999999999701e-01 3.124464035034179688e+00
7.769690000000000207e-01 3.134813308715820312e+00
7.805819999999999981e-01 3.139987945556640625e+00
7.840369999999999839e-01 3.134813308715820312e+00
7.873320000000000318e-01 3.134813308715820312e+00
7.909370000000000012e-01 3.134813308715820312e+00
7.943799999999999750e-01 3.139987945556640625e+00
7.978349999999999609e-01 3.139987945556640625e+00
8.014390000000000125e-01 3.134813308715820312e+00
8.050620000000000553e-01 3.134813308715820312e+00
8.086560000000000414e-01 3.134813308715820312e+00
8.122589999999999533e-01 3.134813308715820312e+00
8.157119999999999926e-01 3.134813308715820312e+00
8.191629999999999745e-01 3.139987945556640625e+00
8.224930000000000296e-01 3.139987945556640625e+00
8.259790000000000187e-01 3.139987945556640625e+00
8.294169999999999598e-01 3.129638671875000000e+00
8.326869999999999550e-01 3.145162582397460938e+00
8.361349999999999616e-01 3.139987945556640625e+00
8.395869999999999722e-01 3.145162582397460938e+00
8.430419999999999581e-01 3.139987945556640625e+00
8.463359999999999772e-01 3.139987945556640625e+00
8.497900000000000453e-01 3.139987945556640625e+00
8.532389999999999697e-01 3.145162582397460938e+00
8.565570000000000128e-01 3.150337219238281250e+00
8.599919999999999787e-01 3.145162582397460938e+00
8.634429999999999605e-01 3.150337219238281250e+00
8.667430000000000412e-01 3.139987945556640625e+00
8.702130000000000143e-01 3.139987945556640625e+00
8.736990000000000034e-01 3.139987945556640625e+00
8.772640000000000438e-01 3.134813308715820312e+00
8.807049999999999601e-01 3.134813308715820312e+00
8.876589999999999758e-01 3.139987945556640625e+00
8.914330000000000309e-01 3.134813308715820312e+00
8.950559999999999627e-01 3.134813308715820312e+00
8.986530000000000351e-01 3.134813308715820312e+00
9.022540000000000004e-01 3.134813308715820312e+00
9.058599999999999985e-01 3.129638671875000000e+00
9.093120000000000092e-01 3.129638671875000000e+00
9.127539999999999543e-01 3.129638671875000000e+00
9.162580000000000169e-01 3.134813308715820312e+00
9.198530000000000317e-01 3.134813308715820312e+00
9.234630000000000338e-01 3.145162582397460938e+00
9.269070000000000364e-01 3.145162582397460938e+00
9.303550000000000431e-01 3.139987945556640625e+00
9.338039999999999674e-01 3.139987945556640625e+00
9.372589999999999533e-01 3.145162582397460938e+00
9.407280000000000086e-01 3.145162582397460938e+00
9.441530000000000200e-01 3.145162582397460938e+00
9.476069999999999771e-01 3.150337219238281250e+00
9.511950000000000127e-01 3.145162582397460938e+00
9.609830000000000316e-01 3.145162582397460938e+00
9.699879999999999614e-01 3.134813308715820312e+00
9.806799999999999962e-01 3.134813308715820312e+00
1.002656999999999909e+00 3.129638671875000000e+00
1.018269000000000091e+00 3.129638671875000000e+00
1.028855999999999993e+00 3.145162582397460938e+00
1.032815000000000039e+00 3.145162582397460938e+00
1.036728000000000094e+00 3.150337219238281250e+00
1.040701000000000098e+00 3.145162582397460938e+00
1.044621000000000022e+00 3.145162582397460938e+00
1.048593000000000108e+00 3.145162582397460938e+00
1.052500999999999909e+00 3.145162582397460938e+00
1.056405999999999956e+00 3.145162582397460938e+00
1.060438999999999909e+00 3.139987945556640625e+00
1.064364000000000088e+00 3.150337219238281250e+00
1.068365999999999927e+00 3.129638671875000000e+00
1.072291000000000105e+00 3.134813308715820312e+00
1.076219000000000037e+00 3.124464035034179688e+00
1.080238999999999949e+00 3.129638671875000000e+00
1.084232000000000085e+00 3.129638671875000000e+00
1.088257000000000030e+00 3.129638671875000000e+00
1.092214999999999936e+00 3.134813308715820312e+00
1.096144999999999925e+00 3.129638671875000000e+00
1.100166999999999895e+00 3.129638671875000000e+00
1.104141000000000039e+00 3.129638671875000000e+00
1.108173000000000075e+00 3.134813308715820312e+00
1.112119000000000080e+00 3.134813308715820312e+00
1.116060999999999970e+00 3.139987945556640625e+00
1.120115999999999890e+00 3.145162582397460938e+00
1.124057000000000084e+00 3.145162582397460938e+00
1.128085999999999922e+00 3.145162582397460938e+00
1.135559999999999903e+00 3.145162582397460938e+00
1.139922000000000102e+00 3.145162582397460938e+00
1.143879000000000090e+00 3.145162582397460938e+00
1.147858000000000045e+00 3.145162582397460938e+00
1.151893999999999973e+00 3.139987945556640625e+00
1.155869000000000035e+00 3.145162582397460938e+00
1.159845000000000015e+00 3.139987945556640625e+00
1.163821999999999912e+00 3.145162582397460938e+00
1.167802000000000007e+00 3.134813308715820312e+00
1.171845999999999943e+00 3.129638671875000000e+00
1.175864999999999938e+00 3.129638671875000000e+00
1.179867999999999917e+00 3.124464035034179688e+00
1.183993999999999991e+00 3.129638671875000000e+00
1.188228999999999980e+00 3.129638671875000000e+00
1.192237999999999909e+00 3.134813308715820312e+00
1.196236999999999995e+00 3.129638671875000000e+00
1.200368000000000102e+00 3.134813308715820312e+00
1.204374000000000056e+00 3.134813308715820312e+00
1.208452000000000082e+00 3.129638671875000000e+00
1.212455999999999978e+00 3.134813308715820312e+00
1.216474000000000055e+00 3.139987945556640625e+00
1.220561999999999925e+00 3.145162582397460938e+00
1.224571000000000076e+00 3.145162582397460938e+00
1.228663000000000061e+00 3.145162582397460938e+00
1.232683999999999891e+00 3.139987945556640625e+00
1.236710999999999894e+00 3.145162582397460938e+00
1.240817000000000059e+00 3.145162582397460938e+00
1.244958999999999927e+00 3.145162582397460938e+00
1.252355000000000107e+00 3.139987945556640625e+00
1.256755999999999984e+00 3.139987945556640625e+00
1.260869000000000018e+00 3.145162582397460938e+00
1.264915000000000012e+00 3.139987945556640625e+00
1.268961999999999923e+00 3.129638671875000000e+00
1.272996999999999934e+00 3.129638671875000000e+00
1.277047999999999961e+00 3.134813308715820312e+00
1.281231000000000009e+00 3.139987945556640625e+00
1.285296999999999912e+00 3.134813308715820312e+00
1.289552999999999949e+00 3.139987945556640625e+00
1.293606000000000034e+00 3.139987945556640625e+00
1.297706000000000026e+00 3.134813308715820312e+00
1.301860999999999935e+00 3.134813308715820312e+00
1.305914000000000019e+00 3.134813308715820312e+00
1.310051000000000077e+00 3.134813308715820312e+00
1.314125999999999905e+00 3.139987945556640625e+00
1.318259999999999987e+00 3.139987945556640625e+00
1.322340000000000071e+00 3.139987945556640625e+00
1.326400999999999941e+00 3.139987945556640625e+00
1.330551000000000039e+00 3.129638671875000000e+00
1.334661000000000097e+00 3.129638671875000000e+00
1.338834999999999997e+00 3.134813308715820312e+00
1.342918999999999974e+00 3.139987945556640625e+00
1.347007000000000065e+00 3.139987945556640625e+00
1.351167999999999925e+00 3.145162582397460938e+00
1.355275000000000007e+00 3.145162582397460938e+00
1.359386999999999901e+00 3.145162582397460938e+00
1.366837000000000080e+00 3.145162582397460938e+00
1.371393000000000084e+00 3.134813308715820312e+00
1.375518999999999936e+00 3.134813308715820312e+00
1.379696000000000033e+00 3.134813308715820312e+00
1.383801999999999977e+00 3.134813308715820312e+00
1.387945999999999902e+00 3.134813308715820312e+00
1.392266999999999921e+00 3.134813308715820312e+00
1.396374000000000004e+00 3.134813308715820312e+00
1.400562000000000085e+00 3.134813308715820312e+00
1.404689999999999994e+00 3.129638671875000000e+00
1.408914999999999917e+00 3.129638671875000000e+00
1.413043000000000049e+00 3.134813308715820312e+00
1.417162000000000033e+00 3.134813308715820312e+00
1.421381000000000006e+00 3.139987945556640625e+00
1.425510999999999973e+00 3.139987945556640625e+00
1.429685000000000095e+00 3.139987945556640625e+00
1.433861999999999970e+00 3.139987945556640625e+00
1.438067999999999902e+00 3.139987945556640625e+00
1.442244000000000081e+00 3.139987945556640625e+00
1.446398999999999990e+00 3.145162582397460938e+00
1.450627000000000111e+00 3.139987945556640625e+00
1.454763000000000028e+00 3.150337219238281250e+00
1.458951000000000109e+00 3.145162582397460938e+00
1.463108999999999993e+00 3.145162582397460938e+00
1.467249000000000025e+00 3.139987945556640625e+00
1.471479999999999899e+00 3.139987945556640625e+00
1.479166999999999899e+00 3.139987945556640625e+00
1.483711999999999920e+00 3.134813308715820312e+00
1.487888000000000099e+00 3.134813308715820312e+00
1.492194000000000020e+00 3.129638671875000000e+00
1.496407999999999960e+00 3.129638671875000000e+00
1.500655000000000072e+00 3.129638671875000000e+00
1.504860000000000086e+00 3.129638671875000000e+00
1.509044999999999970e+00 3.129638671875000000e+00
1.513247999999999927e+00 3.134813308715820312e+00
1.517430999999999974e+00 3.134813308715820312e+00
1.521921999999999997e+00 3.139987945556640625e+00
1.526116999999999946e+00 3.139987945556640625e+00
1.530405000000000015e+00 3.150337219238281250e+00
1.534607999999999972e+00 3.145162582397460938e+00
1.538863000000000092e+00 3.150337219238281250e+00
1.543066999999999966e+00 3.145162582397460938e+00
1.547287000000000079e+00 3.150337219238281250e+00
1.551622000000000057e+00 3.145162582397460938e+00
1.555839999999999890e+00 3.145162582397460938e+00
1.560170999999999975e+00 3.150337219238281250e+00
1.564407000000000103e+00 3.145162582397460938e+00
1.568691000000000058e+00 3.134813308715820312e+00
1.572899000000000047e+00 3.134813308715820312e+00
1.577163000000000093e+00 3.129638671875000000e+00
1.581471999999999989e+00 3.134813308715820312e+00
1.585685999999999929e+00 3.134813308715820312e+00
1.593374000000000068e+00 3.129638671875000000e+00
1.597919000000000089e+00 3.129638671875000000e+00
1.602240000000000109e+00 3.129638671875000000e+00
1.606495000000000006e+00 3.134813308715820312e+00
1.610829999999999984e+00 3.134813308715820312e+00
1.615102000000000038e+00 3.134813308715820312e+00
1.619364999999999943e+00 3.145162582397460938e+00
1.623623999999999956e+00 3.150337219238281250e+00
1.627888999999999919e+00 3.145162582397460938e+00
1.632249999999999979e+00 3.145162582397460938e+00
1.636527000000000065e+00 3.145162582397460938e+00
1.640884000000000009e+00 3.145162582397460938e+00
1.645167000000000046e+00 3.150337219238281250e+00
1.649494000000000016e+00 3.150337219238281250e+00
1.653780999999999946e+00 3.145162582397460938e+00
1.658130000000000104e+00 3.145162582397460938e+00
1.662436999999999943e+00 3.139987945556640625e+00
1.666735000000000078e+00 3.134813308715820312e+00
1.671092999999999940e+00 3.134813308715820312e+00
1.675392999999999910e+00 3.134813308715820312e+00
1.679735999999999896e+00 3.129638671875000000e+00
1.684050000000000047e+00 3.129638671875000000e+00
1.688409999999999966e+00 3.129638671875000000e+00
1.692706000000000044e+00 3.134813308715820312e+00
1.697062999999999988e+00 3.134813308715820312e+00
1.704954999999999998e+00 3.134813308715820312e+00
1.709645000000000081e+00 3.134813308715820312e+00
1.714005999999999919e+00 3.134813308715820312e+00
1.718398000000000092e+00 3.139987945556640625e+00
1.722744000000000053e+00 3.145162582397460938e+00
1.727082999999999924e+00 3.145162582397460938e+00
1.731513999999999998e+00 3.145162582397460938e+00
1.735842000000000107e+00 3.145162582397460938e+00
1.740250000000000075e+00 3.145162582397460938e+00
1.744588000000000028e+00 3.145162582397460938e+00
1.749012999999999929e+00 3.139987945556640625e+00
1.753371999999999931e+00 3.145162582397460938e+00
1.757719999999999949e+00 3.145162582397460938e+00
1.762151000000000023e+00 3.145162582397460938e+00
1.766496000000000066e+00 3.134813308715820312e+00
1.770918999999999910e+00 3.134813308715820312e+00
1.775300000000000100e+00 3.129638671875000000e+00
1.779684999999999961e+00 3.134813308715820312e+00
1.784067999999999987e+00 3.134813308715820312e+00
1.788524000000000003e+00 3.134813308715820312e+00
1.792901000000000078e+00 3.134813308715820312e+00
1.797315999999999914e+00 3.134813308715820312e+00
1.801827000000000067e+00 3.134813308715820312e+00
1.806197000000000052e+00 3.134813308715820312e+00
1.810637000000000052e+00 3.139987945556640625e+00
1.815296999999999938e+00 3.134813308715820312e+00
1.823504000000000014e+00 3.145162582397460938e+00
1.827908000000000088e+00 3.145162582397460938e+00
1.832398999999999889e+00 3.145162582397460938e+00
1.836791000000000063e+00 3.139987945556640625e+00
1.841256999999999922e+00 3.139987945556640625e+00
1.845696999999999921e+00 3.145162582397460938e+00
1.850174999999999903e+00 3.139987945556640625e+00
1.854576999999999920e+00 3.139987945556640625e+00
1.859058000000000099e+00 3.145162582397460938e+00
1.863471000000000100e+00 3.145162582397460938e+00
1.867865000000000109e+00 3.139987945556640625e+00
1.872343000000000091e+00 3.139987945556640625e+00
1.876762999999999959e+00 3.139987945556640625e+00
1.881277000000000088e+00 3.134813308715820312e+00
1.885686999999999891e+00 3.134813308715820312e+00
1.890187999999999979e+00 3.134813308715820312e+00
1.894638000000000044e+00 3.134813308715820312e+00
1.899124000000000034e+00 3.134813308715820312e+00
1.903529000000000027e+00 3.134813308715820312e+00
1.907950999999999953e+00 3.134813308715820312e+00
1.912428000000000017e+00 3.134813308715820312e+00
1.916827999999999976e+00 3.134813308715820312e+00
1.921497999999999928e+00 3.139987945556640625e+00
1.925923000000000052e+00 3.145162582397460938e+00
1.931041999999999925e+00 3.145162582397460938e+00
1.939144999999999897e+00 3.139987945556640625e+00
1.943600999999999912e+00 3.139987945556640625e+00
1.948132999999999893e+00 3.145162582397460938e+00
1.952598000000000056e+00 3.145162582397460938e+00
1.957041000000000031e+00 3.150337219238281250e+00
1.961592000000000002e+00 3.145162582397460938e+00
1.966055000000000108e+00 3.139987945556640625e+00
1.970588000000000006e+00 3.139987945556640625e+00
1.975138000000000060e+00 3.134813308715820312e+00
1.982704999999999940e+00 3.134813308715820312e+00
1.991452000000000000e+00 3.129638671875000000e+00
2.001149999999999984e+00 3.129638671875000000e+00
2.008522999999999836e+00 3.129638671875000000e+00
2.025825000000000209e+00 3.145162582397460938e+00
2.035871000000000208e+00 3.145162582397460938e+00
2.048414999999999875e+00 3.145162582397460938e+00
2.060150999999999843e+00 3.145162582397460938e+00
2.064989000000000186e+00 3.145162582397460938e+00
2.069904000000000188e+00 3.134813308715820312e+00
2.074412000000000145e+00 3.134813308715820312e+00
2.079050000000000065e+00 3.134813308715820312e+00
2.083575999999999873e+00 3.129638671875000000e+00
2.088153000000000148e+00 3.134813308715820312e+00
2.092668999999999890e+00 3.134813308715820312e+00
2.097175000000000011e+00 3.134813308715820312e+00
2.101989999999999803e+00 3.134813308715820312e+00
2.107002000000000042e+00 3.134813308715820312e+00
2.111744999999999983e+00 3.134813308715820312e+00
2.116331999999999880e+00 3.134813308715820312e+00
2.121001000000000136e+00 3.150337219238281250e+00
2.125551999999999886e+00 3.150337219238281250e+00
2.130130999999999997e+00 3.150337219238281250e+00
2.134679999999999911e+00 3.150337219238281250e+00
2.139232999999999940e+00 3.150337219238281250e+00
2.143794000000000199e+00 3.145162582397460938e+00
2.148482000000000003e+00 3.145162582397460938e+00
2.153052999999999884e+00 3.145162582397460938e+00
2.157598999999999823e+00 3.145162582397460938e+00
2.162395000000000067e+00 3.145162582397460938e+00
2.166964999999999808e+00 3.139987945556640625e+00
2.175193000000000154e+00 3.134813308715820312e+00
2.180142000000000024e+00 3.129638671875000000e+00
2.184728999999999921e+00 3.129638671875000000e+00
2.189313999999999982e+00 3.134813308715820312e+00
2.193874000000000102e+00 3.134813308715820312e+00
2.198596000000000217e+00 3.134813308715820312e+00
2.203251999999999988e+00 3.134813308715820312e+00
2.208120999999999778e+00 3.134813308715820312e+00
2.212743999999999822e+00 3.134813308715820312e+00
2.217360000000000220e+00 3.134813308715820312e+00
2.222078999999999915e+00 3.145162582397460938e+00
2.226643999999999846e+00 3.145162582397460938e+00
2.231393000000000182e+00 3.145162582397460938e+00
2.236000999999999905e+00 3.150337219238281250e+00
2.240660999999999792e+00 3.145162582397460938e+00
2.245255999999999919e+00 3.139987945556640625e+00
2.249897999999999954e+00 3.145162582397460938e+00
2.254500999999999866e+00 3.139987945556640625e+00
2.259176000000000073e+00 3.145162582397460938e+00
2.263806999999999903e+00 3.139987945556640625e+00
2.268473999999999879e+00 3.134813308715820312e+00
2.273079000000000072e+00 3.134813308715820312e+00
2.277680000000000149e+00 3.134813308715820312e+00
2.282093000000000149e+00 3.134813308715820312e+00
2.288358000000000114e+00 3.139987945556640625e+00
2.292288000000000103e+00 3.134813308715820312e+00
2.296278000000000041e+00 3.139987945556640625e+00
2.300256000000000078e+00 3.134813308715820312e+00
2.304114000000000217e+00 3.134813308715820312e+00
2.308066999999999869e+00 3.134813308715820312e+00
2.311926000000000148e+00 3.134813308715820312e+00
2.315798000000000023e+00 3.139987945556640625e+00
2.319672000000000178e+00 3.145162582397460938e+00
2.323542000000000218e+00 3.139987945556640625e+00
2.327417000000000069e+00 3.139987945556640625e+00
2.331414999999999793e+00 3.139987945556640625e+00
2.335288999999999948e+00 3.145162582397460938e+00
2.339172000000000029e+00 3.145162582397460938e+00
2.343039999999999790e+00 3.145162582397460938e+00
2.346907999999999994e+00 3.139987945556640625e+00
2.350833000000000172e+00 3.139987945556640625e+00
2.354706999999999883e+00 3.145162582397460938e+00
2.358623000000000136e+00 3.145162582397460938e+00
2.362502000000000102e+00 3.145162582397460938e+00
2.366373999999999977e+00 3.139987945556640625e+00
2.370321000000000122e+00 3.134813308715820312e+00
2.374197000000000113e+00 3.139987945556640625e+00
2.378121999999999847e+00 3.139987945556640625e+00
2.382050000000000001e+00 3.139987945556640625e+00
2.385934999999999917e+00 3.134813308715820312e+00
2.389836999999999989e+00 3.134813308715820312e+00
2.393733000000000111e+00 3.134813308715820312e+00
2.397637000000000018e+00 3.134813308715820312e+00
2.403974999999999973e+00 3.134813308715820312e+00
2.408269999999999911e+00 3.134813308715820312e+00
2.412186999999999859e+00 3.134813308715820312e+00
2.416093000000000046e+00 3.134813308715820312e+00
2.420068999999999804e+00 3.145162582397460938e+00
2.423974999999999991e+00 3.145162582397460938e+00
2.427871999999999808e+00 3.145162582397460938e+00
2.431874999999999787e+00 3.145162582397460938e+00
2.435789999999999900e+00 3.139987945556640625e+00
2.439715000000000078e+00 3.145162582397460938e+00
2.443633999999999862e+00 3.145162582397460938e+00
2.447551999999999950e+00 3.139987945556640625e+00
2.451588999999999796e+00 3.145162582397460938e+00
2.455516999999999950e+00 3.150337219238281250e+00
2.459455999999999865e+00 3.145162582397460938e+00
2.463414000000000215e+00 3.145162582397460938e+00
2.467350999999999850e+00 3.139987945556640625e+00
2.471426000000000123e+00 3.134813308715820312e+00
2.475350000000000161e+00 3.139987945556640625e+00
2.479295000000000027e+00 3.134813308715820312e+00
2.483244000000000007e+00 3.139987945556640625e+00
2.487188999999999872e+00 3.139987945556640625e+00
2.491173999999999999e+00 3.134813308715820312e+00
2.495115000000000194e+00 3.134813308715820312e+00
2.499108999999999803e+00 3.129638671875000000e+00
2.502203000000000177e+00 3.134813308715820312e+00
2.506142000000000092e+00 3.134813308715820312e+00
2.509393999999999902e+00 3.134813308715820312e+00
2.513428999999999913e+00 3.129638671875000000e+00
2.519786999999999999e+00 3.139987945556640625e+00
2.524291999999999980e+00 3.139987945556640625e+00
2.528443000000000218e+00 3.139987945556640625e+00
2.532465999999999884e+00 3.145162582397460938e+00
2.536478999999999928e+00 3.145162582397460938e+00
2.540560000000000151e+00 3.145162582397460938e+00
2.544566999999999801e+00 3.150337219238281250e+00
2.548642000000000074e+00 3.150337219238281250e+00
2.552642000000000078e+00 3.150337219238281250e+00
2.556680000000000064e+00 3.150337219238281250e+00
2.560869999999999980e+00 3.150337219238281250e+00
2.564883000000000024e+00 3.145162582397460938e+00
2.568903000000000159e+00 3.139987945556640625e+00
2.572919000000000178e+00 3.134813308715820312e+00
2.576929999999999943e+00 3.134813308715820312e+00
2.580975000000000019e+00 3.134813308715820312e+00
2.584996999999999989e+00 3.134813308715820312e+00
2.589037999999999951e+00 3.134813308715820312e+00
2.593071000000000126e+00 3.129638671875000000e+00
2.597100999999999882e+00 3.129638671875000000e+00
2.601195999999999842e+00 3.129638671875000000e+00
2.605227999999999877e+00 3.134813308715820312e+00
2.609259999999999913e+00 3.129638671875000000e+00
2.613424000000000191e+00 3.129638671875000000e+00
2.617474000000000078e+00 3.134813308715820312e+00
2.621589999999999865e+00 3.145162582397460938e+00
2.625620000000000065e+00 3.150337219238281250e+00
2.632115000000000204e+00 3.145162582397460938e+00
2.636265999999999998e+00 3.145162582397460938e+00
2.639381999999999895e+00 3.150337219238281250e+00
2.643403000000000169e+00 3.150337219238281250e+00
2.647410999999999959e+00 3.145162582397460938e+00
2.651553999999999967e+00 3.145162582397460938e+00
2.655572999999999961e+00 3.145162582397460938e+00
2.659622999999999848e+00 3.145162582397460938e+00
2.663635999999999893e+00 3.145162582397460938e+00
2.667648999999999937e+00 3.139987945556640625e+00
2.671787000000000134e+00 3.134813308715820312e+00
2.675813999999999915e+00 3.129638671875000000e+00
2.679847999999999786e+00 3.134813308715820312e+00
2.683880999999999961e+00 3.134813308715820312e+00
2.687898999999999816e+00 3.134813308715820312e+00
2.691971000000000114e+00 3.134813308715820312e+00
2.695997000000000199e+00 3.134813308715820312e+00
2.700117000000000100e+00 3.134813308715820312e+00
2.704164000000000012e+00 3.134813308715820312e+00
2.708232000000000195e+00 3.139987945556640625e+00
2.712277999999999967e+00 3.139987945556640625e+00
2.716434000000000015e+00 3.139987945556640625e+00
2.720542000000000016e+00 3.145162582397460938e+00
2.724581999999999837e+00 3.150337219238281250e+00
2.728673999999999822e+00 3.150337219238281250e+00
2.731790999999999858e+00 3.145162582397460938e+00
2.735834999999999795e+00 3.145162582397460938e+00
2.739898999999999862e+00 3.150337219238281250e+00
2.748488000000000042e+00 3.145162582397460938e+00
2.752616000000000174e+00 3.145162582397460938e+00
2.756664999999999921e+00 3.139987945556640625e+00
2.759846000000000021e+00 3.139987945556640625e+00
2.762980999999999909e+00 3.139987945556640625e+00
2.767018999999999895e+00 3.139987945556640625e+00
2.770191000000000070e+00 3.134813308715820312e+00
2.774227999999999916e+00 3.134813308715820312e+00
2.778369000000000089e+00 3.129638671875000000e+00
2.782430999999999877e+00 3.129638671875000000e+00
2.786496000000000084e+00 3.134813308715820312e+00
2.790645000000000042e+00 3.134813308715820312e+00
2.793792999999999971e+00 3.139987945556640625e+00
2.797855000000000203e+00 3.139987945556640625e+00
2.801989999999999981e+00 3.134813308715820312e+00
2.806051000000000073e+00 3.139987945556640625e+00
2.810211999999999932e+00 3.139987945556640625e+00
2.814283999999999786e+00 3.139987945556640625e+00
2.818671999999999844e+00 3.145162582397460938e+00
2.822764999999999969e+00 3.150337219238281250e+00
2.826839999999999797e+00 3.145162582397460938e+00
2.830979000000000134e+00 3.145162582397460938e+00
2.835059999999999913e+00 3.139987945556640625e+00
2.839150000000000063e+00 3.145162582397460938e+00
2.843227999999999867e+00 3.145162582397460938e+00
2.847316999999999876e+00 3.145162582397460938e+00
2.851531000000000038e+00 3.145162582397460938e+00
2.855646000000000129e+00 3.139987945556640625e+00
2.862007000000000190e+00 3.145162582397460938e+00
2.866181000000000090e+00 3.139987945556640625e+00
2.869432000000000205e+00 3.134813308715820312e+00
2.873542000000000041e+00 3.134813308715820312e+00
2.877654000000000156e+00 3.139987945556640625e+00
2.881835000000000147e+00 3.139987945556640625e+00
2.885953999999999908e+00 3.134813308715820312e+00
2.890169000000000210e+00 3.139987945556640625e+00
2.894283999999999857e+00 3.139987945556640625e+00
2.897402000000000033e+00 3.134813308715820312e+00
2.901629999999999932e+00 3.139987945556640625e+00
2.905759000000000203e+00 3.139987945556640625e+00
2.909911000000000136e+00 3.139987945556640625e+00
2.914045999999999914e+00 3.134813308715820312e+00
2.918261000000000216e+00 3.139987945556640625e+00
2.922407000000000199e+00 3.145162582397460938e+00
2.926546000000000092e+00 3.145162582397460938e+00
2.929791999999999952e+00 3.145162582397460938e+00
2.933929000000000009e+00 3.145162582397460938e+00
2.938121999999999900e+00 3.145162582397460938e+00
2.942298000000000080e+00 3.139987945556640625e+00
2.946435999999999833e+00 3.145162582397460938e+00
2.950645000000000184e+00 3.145162582397460938e+00
2.954804000000000208e+00 3.145162582397460938e+00
2.958978999999999804e+00 3.145162582397460938e+00
2.963143000000000082e+00 3.145162582397460938e+00
2.969834999999999781e+00 3.139987945556640625e+00
2.980961999999999890e+00 3.139987945556640625e+00
2.996166000000000107e+00 3.134813308715820312e+00
3.017174999999999940e+00 3.134813308715820312e+00
3.027359999999999829e+00 3.139987945556640625e+00
3.043641000000000041e+00 3.145162582397460938e+00
3.057420000000000027e+00 3.145162582397460938e+00
3.064512999999999820e+00 3.150337219238281250e+00
3.070708999999999911e+00 3.139987945556640625e+00
3.076830000000000176e+00 3.139987945556640625e+00
3.083045999999999953e+00 3.134813308715820312e+00
3.088893999999999807e+00 3.134813308715820312e+00
3.097630000000000106e+00 3.134813308715820312e+00
3.103372999999999937e+00 3.134813308715820312e+00
3.108662999999999954e+00 3.134813308715820312e+00
3.113856999999999875e+00 3.134813308715820312e+00
3.119124999999999925e+00 3.134813308715820312e+00
3.124373999999999985e+00 3.145162582397460938e+00
3.129567999999999905e+00 3.150337219238281250e+00
3.134765999999999941e+00 3.150337219238281250e+00
3.139978999999999854e+00 3.150337219238281250e+00
3.145181000000000004e+00 3.150337219238281250e+00
3.150387999999999966e+00 3.145162582397460938e+00
3.155578999999999912e+00 3.150337219238281250e+00
3.160851000000000077e+00 3.145162582397460938e+00
3.166039000000000048e+00 3.139987945556640625e+00
3.171286999999999967e+00 3.134813308715820312e+00
3.176511999999999780e+00 3.129638671875000000e+00
3.181789999999999896e+00 3.134813308715820312e+00
3.187089999999999979e+00 3.129638671875000000e+00
3.190460999999999991e+00 3.129638671875000000e+00
3.194732000000000127e+00 3.134813308715820312e+00
3.199078999999999784e+00 3.134813308715820312e+00
3.203523000000000120e+00 3.129638671875000000e+00
3.209598999999999869e+00 3.134813308715820312e+00
3.214042000000000066e+00 3.134813308715820312e+00
3.218430999999999820e+00 3.145162582397460938e+00
3.222726000000000202e+00 3.150337219238281250e+00
3.227507999999999821e+00 3.145162582397460938e+00
3.231888999999999790e+00 3.145162582397460938e+00
3.236253000000000046e+00 3.150337219238281250e+00
3.240625999999999785e+00 3.145162582397460938e+00
3.243857000000000212e+00 3.145162582397460938e+00
3.248203000000000173e+00 3.150337219238281250e+00
3.252601999999999993e+00 3.145162582397460938e+00
3.256886000000000170e+00 3.139987945556640625e+00
3.261264999999999858e+00 3.139987945556640625e+00
3.265556999999999821e+00 3.139987945556640625e+00
3.269960999999999895e+00 3.134813308715820312e+00
3.274213000000000040e+00 3.134813308715820312e+00
3.277428000000000008e+00 3.134813308715820312e+00
3.281829999999999803e+00 3.129638671875000000e+00
3.286219000000000001e+00 3.129638671875000000e+00
3.290614999999999846e+00 3.134813308715820312e+00
3.293825000000000003e+00 3.134813308715820312e+00
3.298197000000000045e+00 3.134813308715820312e+00
3.302487999999999868e+00 3.139987945556640625e+00
3.306801999999999797e+00 3.139987945556640625e+00
3.311173999999999840e+00 3.139987945556640625e+00
3.315479999999999983e+00 3.134813308715820312e+00
3.320021999999999807e+00 3.150337219238281250e+00
3.326836999999999822e+00 3.150337219238281250e+00
3.331570999999999838e+00 3.145162582397460938e+00
3.335878000000000121e+00 3.145162582397460938e+00
3.340244999999999909e+00 3.145162582397460938e+00
3.344552000000000191e+00 3.139987945556640625e+00
3.347815000000000207e+00 3.145162582397460938e+00
3.352196000000000176e+00 3.139987945556640625e+00
3.356494000000000089e+00 3.145162582397460938e+00
3.360860999999999876e+00 3.145162582397460938e+00
3.365190000000000126e+00 3.145162582397460938e+00
3.368437999999999821e+00 3.134813308715820312e+00
3.372764000000000095e+00 3.134813308715820312e+00
3.377088000000000090e+00 3.134813308715820312e+00
3.381475000000000009e+00 3.134813308715820312e+00
3.385812000000000044e+00 3.139987945556640625e+00
3.390212000000000003e+00 3.134813308715820312e+00
3.394550999999999874e+00 3.139987945556640625e+00
3.397794000000000203e+00 3.134813308715820312e+00
3.402181999999999817e+00 3.134813308715820312e+00
3.406499999999999861e+00 3.139987945556640625e+00
3.410887999999999920e+00 3.134813308715820312e+00
3.415240999999999971e+00 3.134813308715820312e+00
3.419608000000000203e+00 3.139987945556640625e+00
3.423960000000000115e+00 3.145162582397460938e+00
3.428355999999999959e+00 3.145162582397460938e+00
3.432821000000000122e+00 3.139987945556640625e+00
3.437364000000000086e+00 3.145162582397460938e+00
3.444640000000000146e+00 3.145162582397460938e+00
3.449155999999999889e+00 3.145162582397460938e+00
3.452390999999999988e+00 3.145162582397460938e+00
3.456719999999999793e+00 3.145162582397460938e+00
3.460059999999999913e+00 3.145162582397460938e+00
3.464452000000000087e+00 3.145162582397460938e+00
3.468885000000000218e+00 3.134813308715820312e+00
3.473263000000000211e+00 3.139987945556640625e+00
3.477637999999999785e+00 3.134813308715820312e+00
3.482124999999999915e+00 3.134813308715820312e+00
3.486508999999999858e+00 3.134813308715820312e+00
3.490921999999999858e+00 3.134813308715820312e+00
3.495306999999999942e+00 3.139987945556640625e+00
3.499705000000000066e+00 3.134813308715820312e+00
3.504061999999999788e+00 3.134813308715820312e+00
3.508472999999999953e+00 3.134813308715820312e+00
3.512884000000000118e+00 3.129638671875000000e+00
3.517281000000000102e+00 3.134813308715820312e+00
3.520659999999999901e+00 3.139987945556640625e+00
3.525044999999999984e+00 3.145162582397460938e+00
3.529438999999999993e+00 3.145162582397460938e+00
3.533863000000000198e+00 3.139987945556640625e+00
3.538307000000000091e+00 3.145162582397460938e+00
3.542707000000000050e+00 3.145162582397460938e+00
3.547099999999999920e+00 3.150337219238281250e+00
3.551699999999999857e+00 3.145162582397460938e+00
3.558307999999999804e+00 3.150337219238281250e+00
3.562780000000000058e+00 3.145162582397460938e+00
3.567199000000000009e+00 3.139987945556640625e+00
3.571683000000000163e+00 3.139987945556640625e+00
3.576102000000000114e+00 3.134813308715820312e+00
3.579457999999999807e+00 3.134813308715820312e+00
3.583889999999999798e+00 3.134813308715820312e+00
3.588385999999999854e+00 3.134813308715820312e+00
3.592817999999999845e+00 3.129638671875000000e+00
3.597239000000000075e+00 3.134813308715820312e+00
3.601771999999999974e+00 3.129638671875000000e+00
3.606199000000000154e+00 3.134813308715820312e+00
3.610666000000000153e+00 3.129638671875000000e+00
3.615104999999999791e+00 3.129638671875000000e+00
3.619577000000000044e+00 3.139987945556640625e+00
3.624003000000000085e+00 3.145162582397460938e+00
3.628493999999999886e+00 3.139987945556640625e+00
3.633090999999999848e+00 3.145162582397460938e+00
3.637713000000000196e+00 3.150337219238281250e+00
3.642221000000000153e+00 3.145162582397460938e+00
3.646663000000000210e+00 3.145162582397460938e+00
3.649999999999999911e+00 3.145162582397460938e+00
3.654504999999999892e+00 3.145162582397460938e+00
3.657821999999999907e+00 3.150337219238281250e+00
3.662495999999999974e+00 3.150337219238281250e+00
3.667215999999999809e+00 3.139987945556640625e+00
3.674002000000000212e+00 3.134813308715820312e+00
3.678854999999999986e+00 3.134813308715820312e+00
3.683319000000000010e+00 3.129638671875000000e+00
3.687867999999999924e+00 3.134813308715820312e+00
3.691192000000000029e+00 3.134813308715820312e+00
3.695632999999999946e+00 3.129638671875000000e+00
3.700095999999999830e+00 3.129638671875000000e+00
3.704638000000000098e+00 3.129638671875000000e+00
3.709163000000000210e+00 3.134813308715820312e+00
3.713623000000000118e+00 3.134813308715820312e+00
3.718153000000000041e+00 3.145162582397460938e+00
3.722617000000000065e+00 3.150337219238281250e+00
3.727079999999999949e+00 3.145162582397460938e+00
3.730360000000000120e+00 3.150337219238281250e+00
3.734888999999999903e+00 3.145162582397460938e+00
3.739370000000000083e+00 3.145162582397460938e+00
3.743848999999999982e+00 3.150337219238281250e+00
3.748362999999999889e+00 3.150337219238281250e+00
3.752869000000000010e+00 3.145162582397460938e+00
3.757349000000000050e+00 3.145162582397460938e+00
3.761931999999999832e+00 3.145162582397460938e+00
3.766392000000000184e+00 3.139987945556640625e+00
3.770917999999999992e+00 3.134813308715820312e+00
3.774199999999999999e+00 3.134813308715820312e+00
3.778722999999999832e+00 3.129638671875000000e+00
3.782055000000000167e+00 3.129638671875000000e+00
3.789200999999999819e+00 3.134813308715820312e+00
3.793957999999999942e+00 3.134813308715820312e+00
3.798525999999999847e+00 3.139987945556640625e+00
3.803043000000000173e+00 3.134813308715820312e+00
3.807545999999999875e+00 3.134813308715820312e+00
3.812117999999999896e+00 3.139987945556640625e+00
3.815389000000000141e+00 3.139987945556640625e+00
3.819948000000000121e+00 3.145162582397460938e+00
3.824466000000000143e+00 3.150337219238281250e+00
3.829038000000000164e+00 3.145162582397460938e+00
3.833509999999999973e+00 3.145162582397460938e+00
3.838338999999999945e+00 3.145162582397460938e+00
3.842874000000000123e+00 3.139987945556640625e+00
3.847386000000000195e+00 3.139987945556640625e+00
3.850801999999999836e+00 3.139987945556640625e+00
3.854249999999999954e+00 3.145162582397460938e+00
3.858836000000000155e+00 3.139987945556640625e+00
3.863328000000000095e+00 3.145162582397460938e+00
3.867863999999999969e+00 3.134813308715820312e+00
3.872513999999999790e+00 3.129638671875000000e+00
3.877057999999999893e+00 3.129638671875000000e+00
3.881613000000000202e+00 3.134813308715820312e+00
3.886124999999999829e+00 3.134813308715820312e+00
3.890750999999999848e+00 3.139987945556640625e+00
3.895307999999999993e+00 3.139987945556640625e+00
3.902279000000000053e+00 3.134813308715820312e+00
3.906966000000000161e+00 3.134813308715820312e+00
3.911605000000000221e+00 3.134813308715820312e+00
3.916161999999999921e+00 3.139987945556640625e+00
3.919588000000000072e+00 3.145162582397460938e+00
3.924155999999999977e+00 3.139987945556640625e+00
3.928786999999999807e+00 3.139987945556640625e+00
3.933351000000000042e+00 3.139987945556640625e+00
3.938012000000000068e+00 3.139987945556640625e+00
3.942575999999999858e+00 3.139987945556640625e+00
3.947150000000000158e+00 3.145162582397460938e+00
3.950628000000000029e+00 3.139987945556640625e+00
3.955217999999999900e+00 3.145162582397460938e+00
3.958603000000000094e+00 3.145162582397460938e+00
3.963168000000000024e+00 3.145162582397460938e+00
3.967814000000000174e+00 3.139987945556640625e+00
3.975093000000000210e+00 3.139987945556640625e+00
3.985548000000000091e+00 3.134813308715820312e+00
3.994232999999999922e+00 3.134813308715820312e+00
4.005791000000000324e+00 3.134813308715820312e+00
4.018830999999999598e+00 3.134813308715820312e+00
4.030162999999999940e+00 3.139987945556640625e+00
4.040732000000000212e+00 3.145162582397460938e+00
4.045748999999999818e+00 3.145162582397460938e+00
4.049220000000000041e+00 3.145162582397460938e+00
4.053812999999999889e+00 3.150337219238281250e+00
4.058449999999999669e+00 3.150337219238281250e+00
4.063041000000000125e+00 3.145162582397460938e+00
4.067593999999999710e+00 3.139987945556640625e+00
4.072339999999999627e+00 3.139987945556640625e+00
4.076946999999999655e+00 3.134813308715820312e+00
4.081624999999999837e+00 3.134813308715820312e+00
4.085001000000000104e+00 3.134813308715820312e+00
4.089634000000000214e+00 3.134813308715820312e+00
4.094269999999999854e+00 3.134813308715820312e+00
4.098968000000000167e+00 3.134813308715820312e+00
4.103580000000000005e+00 3.129638671875000000e+00
4.106995000000000395e+00 3.134813308715820312e+00
4.110444000000000209e+00 3.129638671875000000e+00
4.115046999999999677e+00 3.134813308715820312e+00
4.118422999999999945e+00 3.139987945556640625e+00
4.123033000000000392e+00 3.145162582397460938e+00
4.127659000000000411e+00 3.139987945556640625e+00
4.132373000000000296e+00 3.145162582397460938e+00
4.137006000000000405e+00 3.150337219238281250e+00
4.141890000000000072e+00 3.145162582397460938e+00
4.148767999999999567e+00 3.145162582397460938e+00
4.153514999999999624e+00 3.145162582397460938e+00
4.158244999999999969e+00 3.145162582397460938e+00
4.162885000000000169e+00 3.145162582397460938e+00
4.167530000000000179e+00 3.139987945556640625e+00
4.172269000000000005e+00 3.134813308715820312e+00
4.176916000000000295e+00 3.129638671875000000e+00
4.181604000000000099e+00 3.129638671875000000e+00
4.186257999999999591e+00 3.129638671875000000e+00
4.190972999999999615e+00 3.129638671875000000e+00
4.195631999999999806e+00 3.129638671875000000e+00
4.200353999999999921e+00 3.134813308715820312e+00
4.205017999999999923e+00 3.134813308715820312e+00
4.209684000000000204e+00 3.134813308715820312e+00
4.214347000000000065e+00 3.134813308715820312e+00
4.219068000000000040e+00 3.139987945556640625e+00
4.223740000000000272e+00 3.150337219238281250e+00
4.228453000000000017e+00 3.150337219238281250e+00
4.233113999999999599e+00 3.145162582397460938e+00
4.237772999999999790e+00 3.150337219238281250e+00
4.242568000000000339e+00 3.145162582397460938e+00
4.247240999999999822e+00 3.145162582397460938e+00
4.251992000000000438e+00 3.145162582397460938e+00
4.259078999999999837e+00 3.145162582397460938e+00
4.263899999999999579e+00 3.145162582397460938e+00
4.268680999999999948e+00 3.134813308715820312e+00
4.273392000000000301e+00 3.129638671875000000e+00
4.278151000000000259e+00 3.134813308715820312e+00
4.281606000000000023e+00 3.129638671875000000e+00
4.286336000000000368e+00 3.134813308715820312e+00
4.291085999999999956e+00 3.134813308715820312e+00
4.295810000000000350e+00 3.129638671875000000e+00
4.300595999999999641e+00 3.134813308715820312e+00
4.304060999999999915e+00 3.139987945556640625e+00
4.308826999999999963e+00 3.134813308715820312e+00
4.313546999999999798e+00 3.139987945556640625e+00
4.317014000000000351e+00 3.139987945556640625e+00
4.321807999999999872e+00 3.145162582397460938e+00
4.326500000000000234e+00 3.145162582397460938e+00
4.331291000000000224e+00 3.150337219238281250e+00
4.336007000000000389e+00 3.145162582397460938e+00
4.340792000000000428e+00 3.145162582397460938e+00
4.345608999999999611e+00 3.145162582397460938e+00
4.350410000000000110e+00 3.139987945556640625e+00
4.353837999999999653e+00 3.145162582397460938e+00
4.358615999999999602e+00 3.145162582397460938e+00
4.363358999999999988e+00 3.145162582397460938e+00
4.368311000000000277e+00 3.134813308715820312e+00
4.375199000000000282e+00 3.134813308715820312e+00
4.380067000000000377e+00 3.129638671875000000e+00
4.384801000000000393e+00 3.129638671875000000e+00
4.388234999999999886e+00 3.134813308715820312e+00
4.392980999999999803e+00 3.134813308715820312e+00
4.397715999999999958e+00 3.134813308715820312e+00
4.402518999999999849e+00 3.134813308715820312e+00
4.407230000000000203e+00 3.134813308715820312e+00
4.412056999999999896e+00 3.139987945556640625e+00
4.416798000000000002e+00 3.139987945556640625e+00
4.421612999999999793e+00 3.145162582397460938e+00
4.426357000000000319e+00 3.145162582397460938e+00
4.431151999999999980e+00 3.139987945556640625e+00
4.435900000000000176e+00 3.145162582397460938e+00
4.440703000000000067e+00 3.139987945556640625e+00
4.445508000000000237e+00 3.139987945556640625e+00
4.450270999999999866e+00 3.139987945556640625e+00
4.455016999999999783e+00 3.145162582397460938e+00
4.459774999999999601e+00 3.145162582397460938e+00
4.463244000000000433e+00 3.145162582397460938e+00
4.467998999999999832e+00 3.139987945556640625e+00
4.472728000000000037e+00 3.134813308715820312e+00
4.477468000000000004e+00 3.134813308715820312e+00
4.482613999999999876e+00 3.139987945556640625e+00
4.489883999999999986e+00 3.139987945556640625e+00
4.494759000000000171e+00 3.134813308715820312e+00
4.499525000000000219e+00 3.139987945556640625e+00
4.504280999999999757e+00 3.134813308715820312e+00
4.509116999999999820e+00 3.134813308715820312e+00
4.513850999999999836e+00 3.134813308715820312e+00
4.518690000000000317e+00 3.134813308715820312e+00
4.523468000000000266e+00 3.145162582397460938e+00
4.528310000000000279e+00 3.139987945556640625e+00
4.533083999999999669e+00 3.145162582397460938e+00
4.537844999999999906e+00 3.145162582397460938e+00
4.542665999999999649e+00 3.145162582397460938e+00
4.547498000000000040e+00 3.139987945556640625e+00
4.552408999999999928e+00 3.139987945556640625e+00
4.557203000000000337e+00 3.145162582397460938e+00
4.562054999999999971e+00 3.145162582397460938e+00
4.566832999999999920e+00 3.139987945556640625e+00
4.571657000000000082e+00 3.139987945556640625e+00
4.576431999999999611e+00 3.134813308715820312e+00
4.581281999999999854e+00 3.139987945556640625e+00
4.586062000000000083e+00 3.134813308715820312e+00
4.590844999999999843e+00 3.139987945556640625e+00
4.595642999999999923e+00 3.134813308715820312e+00
4.602828999999999837e+00 3.129638671875000000e+00
4.607939000000000007e+00 3.134813308715820312e+00
4.612791999999999781e+00 3.134813308715820312e+00
4.617587999999999582e+00 3.134813308715820312e+00
4.622460000000000235e+00 3.139987945556640625e+00
4.627256000000000036e+00 3.145162582397460938e+00
4.630840000000000067e+00 3.139987945556640625e+00
4.635650000000000048e+00 3.145162582397460938e+00
4.640640000000000320e+00 3.145162582397460938e+00
4.645442000000000071e+00 3.150337219238281250e+00
4.650320999999999927e+00 3.145162582397460938e+00
4.655145000000000088e+00 3.150337219238281250e+00
4.658629000000000353e+00 3.145162582397460938e+00
4.663433000000000384e+00 3.150337219238281250e+00
4.668308999999999820e+00 3.139987945556640625e+00
4.673137999999999792e+00 3.134813308715820312e+00
4.677954999999999863e+00 3.134813308715820312e+00
4.682819000000000287e+00 3.129638671875000000e+00
4.687642999999999560e+00 3.129638671875000000e+00
4.691199000000000119e+00 3.134813308715820312e+00
4.696021000000000001e+00 3.134813308715820312e+00
4.700886999999999816e+00 3.129638671875000000e+00
4.705713000000000257e+00 3.134813308715820312e+00
4.710611000000000104e+00 3.129638671875000000e+00
4.718155000000000321e+00 3.139987945556640625e+00
4.723247999999999891e+00 3.150337219238281250e+00
4.728131000000000306e+00 3.145162582397460938e+00
4.731641999999999904e+00 3.150337219238281250e+00
4.736491000000000007e+00 3.145162582397460938e+00
4.741437000000000346e+00 3.150337219238281250e+00
4.746274999999999800e+00 3.145162582397460938e+00
4.751197999999999588e+00 3.145162582397460938e+00
4.756046999999999692e+00 3.145162582397460938e+00
4.760943000000000147e+00 3.145162582397460938e+00
4.764408000000000420e+00 3.145162582397460938e+00
4.769330000000000069e+00 3.134813308715820312e+00
4.772840000000000416e+00 3.129638671875000000e+00
4.777692000000000050e+00 3.134813308715820312e+00
4.782606999999999609e+00 3.129638671875000000e+00
4.787452000000000041e+00 3.134813308715820312e+00
4.792444999999999844e+00 3.134813308715820312e+00
4.797305999999999848e+00 3.134813308715820312e+00
4.802255999999999858e+00 3.129638671875000000e+00
4.807146000000000363e+00 3.134813308715820312e+00
4.812064000000000341e+00 3.134813308715820312e+00
4.816923000000000066e+00 3.139987945556640625e+00
4.821774999999999700e+00 3.150337219238281250e+00
4.827112999999999765e+00 3.145162582397460938e+00
4.835091000000000250e+00 3.145162582397460938e+00
4.840005999999999808e+00 3.145162582397460938e+00
4.844876000000000182e+00 3.145162582397460938e+00
4.849770999999999610e+00 3.145162582397460938e+00
4.854665999999999926e+00 3.139987945556640625e+00
4.859561000000000242e+00 3.139987945556640625e+00
4.864455000000000418e+00 3.139987945556640625e+00
4.869345000000000034e+00 3.134813308715820312e+00
4.874228999999999701e+00 3.134813308715820312e+00
4.879150000000000098e+00 3.134813308715820312e+00
4.884050000000000225e+00 3.129638671875000000e+00
4.888957999999999693e+00 3.139987945556640625e+00
4.893862999999999630e+00 3.139987945556640625e+00
4.898757999999999946e+00 3.134813308715820312e+00
4.903652000000000122e+00 3.134813308715820312e+00
4.907223000000000113e+00 3.134813308715820312e+00
4.912125999999999770e+00 3.134813308715820312e+00
4.915662000000000198e+00 3.139987945556640625e+00
4.920555000000000234e+00 3.145162582397460938e+00
4.925567000000000029e+00 3.150337219238281250e+00
4.930532999999999610e+00 3.145162582397460938e+00
4.935446999999999917e+00 3.139987945556640625e+00
4.940466999999999942e+00 3.145162582397460938e+00
4.948165999999999620e+00 3.145162582397460938e+00
4.953227000000000046e+00 3.139987945556640625e+00
4.958224999999999660e+00 3.145162582397460938e+00
4.963136000000000436e+00 3.139987945556640625e+00
4.968113999999999919e+00 3.134813308715820312e+00
4.973300000000000054e+00 3.134813308715820312e+00
4.980889000000000344e+00 3.134813308715820312e+00
4.993286000000000335e+00 3.134813308715820312e+00
5.003997000000000028e+00 3.134813308715820312e+00
5.016897000000000162e+00 3.134813308715820312e+00
5.027781000000000056e+00 3.139987945556640625e+00
5.043080999999999925e+00 3.139987945556640625e+00
5.048559000000000019e+00 3.139987945556640625e+00
5.056174999999999642e+00 3.145162582397460938e+00
5.061638000000000304e+00 3.145162582397460938e+00
5.065205999999999875e+00 3.145162582397460938e+00
5.070216000000000278e+00 3.139987945556640625e+00
5.075165000000000148e+00 3.134813308715820312e+00
5.080153000000000141e+00 3.134813308715820312e+00
5.085110000000000241e+00 3.134813308715820312e+00
5.090114999999999945e+00 3.139987945556640625e+00
5.095081000000000415e+00 3.134813308715820312e+00
5.100055000000000227e+00 3.134813308715820312e+00
5.105018000000000278e+00 3.129638671875000000e+00
5.110102000000000366e+00 3.129638671875000000e+00
5.115069000000000088e+00 3.129638671875000000e+00
5.120025000000000048e+00 3.139987945556640625e+00
5.124976000000000198e+00 3.139987945556640625e+00
5.129978999999999623e+00 3.139987945556640625e+00
5.134936999999999863e+00 3.139987945556640625e+00
5.139937999999999896e+00 3.150337219238281250e+00
5.144916000000000267e+00 3.145162582397460938e+00
5.149907999999999930e+00 3.145162582397460938e+00
5.154897000000000062e+00 3.145162582397460938e+00
5.160187999999999775e+00 3.145162582397460938e+00
5.167600000000000193e+00 3.145162582397460938e+00
5.173016999999999754e+00 3.139987945556640625e+00
5.178054000000000379e+00 3.134813308715820312e+00
5.183019999999999960e+00 3.134813308715820312e+00
5.188029000000000224e+00 3.134813308715820312e+00
5.191620999999999597e+00 3.134813308715820312e+00
5.196571999999999747e+00 3.134813308715820312e+00
5.200200999999999851e+00 3.129638671875000000e+00
5.203801000000000343e+00 3.134813308715820312e+00
5.208810999999999858e+00 3.129638671875000000e+00
5.213820000000000121e+00 3.134813308715820312e+00
5.217400999999999733e+00 3.139987945556640625e+00
5.222553999999999697e+00 3.145162582397460938e+00
5.227553000000000338e+00 3.145162582397460938e+00
5.232647000000000048e+00 3.145162582397460938e+00
5.236869999999999692e+00 3.150337219238281250e+00
5.240624999999999645e+00 3.150337219238281250e+00
5.244227999999999668e+00 3.150337219238281250e+00
5.247824999999999740e+00 3.145162582397460938e+00
5.252904000000000018e+00 3.145162582397460938e+00
5.257913000000000281e+00 3.145162582397460938e+00
5.262984999999999580e+00 3.150337219238281250e+00
5.268416000000000210e+00 3.134813308715820312e+00
5.273493000000000208e+00 3.134813308715820312e+00
5.281068999999999569e+00 3.129638671875000000e+00
5.286228999999999623e+00 3.129638671875000000e+00
5.291375999999999635e+00 3.134813308715820312e+00
5.296397999999999939e+00 3.134813308715820312e+00
5.301665999999999990e+00 3.129638671875000000e+00
5.306830999999999854e+00 3.134813308715820312e+00
5.311981000000000286e+00 3.134813308715820312e+00
5.317038000000000153e+00 3.139987945556640625e+00
5.322155000000000413e+00 3.145162582397460938e+00
5.325819000000000081e+00 3.145162582397460938e+00
5.330945999999999962e+00 3.150337219238281250e+00
5.335987000000000258e+00 3.145162582397460938e+00
5.341075000000000017e+00 3.150337219238281250e+00
5.346129999999999605e+00 3.145162582397460938e+00
5.351202999999999932e+00 3.145162582397460938e+00
5.354791999999999774e+00 3.139987945556640625e+00
5.359853000000000200e+00 3.145162582397460938e+00
5.364910000000000068e+00 3.145162582397460938e+00
5.370021000000000377e+00 3.134813308715820312e+00
5.375068999999999875e+00 3.134813308715820312e+00
5.380137000000000391e+00 3.134813308715820312e+00
5.385207000000000299e+00 3.134813308715820312e+00
5.390291999999999639e+00 3.139987945556640625e+00
5.398035000000000139e+00 3.134813308715820312e+00
5.403357999999999883e+00 3.134813308715820312e+00
5.408502999999999616e+00 3.134813308715820312e+00
5.413596000000000075e+00 3.134813308715820312e+00
5.417214999999999669e+00 3.139987945556640625e+00
5.422348999999999641e+00 3.150337219238281250e+00
5.427545000000000286e+00 3.145162582397460938e+00
5.432770999999999795e+00 3.150337219238281250e+00
5.437857000000000163e+00 3.139987945556640625e+00
5.443005999999999567e+00 3.145162582397460938e+00
5.446644000000000041e+00 3.139987945556640625e+00
5.451789999999999914e+00 3.139987945556640625e+00
5.456891999999999854e+00 3.145162582397460938e+00
5.462053000000000047e+00 3.139987945556640625e+00
5.467158999999999658e+00 3.139987945556640625e+00
5.472528999999999755e+00 3.134813308715820312e+00
5.476221999999999923e+00 3.134813308715820312e+00
5.481376000000000026e+00 3.139987945556640625e+00
5.486469999999999736e+00 3.134813308715820312e+00
5.491628999999999650e+00 3.139987945556640625e+00
5.496728000000000058e+00 3.134813308715820312e+00
5.500404999999999767e+00 3.134813308715820312e+00
5.504002999999999979e+00 3.134813308715820312e+00
5.511575999999999809e+00 3.134813308715820312e+00
5.517032000000000380e+00 3.139987945556640625e+00
5.522242999999999569e+00 3.145162582397460938e+00
5.527402999999999622e+00 3.139987945556640625e+00
5.532606999999999609e+00 3.139987945556640625e+00
5.537729999999999819e+00 3.139987945556640625e+00
5.542950000000000266e+00 3.145162582397460938e+00
5.546617000000000353e+00 3.139987945556640625e+00
5.551769000000000176e+00 3.139987945556640625e+00
5.556892999999999638e+00 3.145162582397460938e+00
5.562056000000000111e+00 3.145162582397460938e+00
5.567175999999999902e+00 3.145162582397460938e+00
5.572415000000000340e+00 3.139987945556640625e+00
5.577607999999999677e+00 3.139987945556640625e+00
5.582817000000000363e+00 3.139987945556640625e+00
5.587902999999999842e+00 3.134813308715820312e+00
5.591604000000000241e+00 3.139987945556640625e+00
5.595392999999999617e+00 3.139987945556640625e+00
5.600603000000000442e+00 3.134813308715820312e+00
5.605706999999999773e+00 3.129638671875000000e+00
5.609426000000000023e+00 3.129638671875000000e+00
5.613031999999999577e+00 3.134813308715820312e+00
5.618244999999999933e+00 3.134813308715820312e+00
5.626051000000000357e+00 3.139987945556640625e+00
5.631504999999999761e+00 3.145162582397460938e+00
5.636677999999999855e+00 3.145162582397460938e+00
5.641896000000000022e+00 3.139987945556640625e+00
5.647057000000000215e+00 3.145162582397460938e+00
5.650808999999999749e+00 3.145162582397460938e+00
5.655984000000000123e+00 3.150337219238281250e+00
5.661285999999999596e+00 3.150337219238281250e+00
5.666471999999999731e+00 3.145162582397460938e+00
5.671704000000000079e+00 3.134813308715820312e+00
5.676903000000000254e+00 3.134813308715820312e+00
5.682243999999999851e+00 3.134813308715820312e+00
5.687431000000000125e+00 3.134813308715820312e+00
5.692782000000000231e+00 3.134813308715820312e+00
5.696455000000000268e+00 3.129638671875000000e+00
5.701635999999999704e+00 3.129638671875000000e+00
5.706818000000000168e+00 3.134813308715820312e+00
5.712199000000000026e+00 3.129638671875000000e+00
5.717379000000000211e+00 3.134813308715820312e+00
5.722652000000000072e+00 3.139987945556640625e+00
5.727848999999999968e+00 3.145162582397460938e+00
5.733163000000000231e+00 3.145162582397460938e+00
5.740981999999999807e+00 3.145162582397460938e+00
5.746439999999999770e+00 3.145162582397460938e+00
5.751714999999999911e+00 3.145162582397460938e+00
5.756920000000000037e+00 3.145162582397460938e+00
5.762268999999999863e+00 3.145162582397460938e+00
5.767483000000000359e+00 3.139987945556640625e+00
5.772852000000000317e+00 3.134813308715820312e+00
5.778156000000000070e+00 3.129638671875000000e+00
5.781825999999999688e+00 3.129638671875000000e+00
5.787048999999999666e+00 3.134813308715820312e+00
5.792365000000000208e+00 3.129638671875000000e+00
5.797583000000000375e+00 3.129638671875000000e+00
5.802876000000000367e+00 3.129638671875000000e+00
5.808127999999999957e+00 3.129638671875000000e+00
5.813341999999999565e+00 3.134813308715820312e+00
5.817044000000000104e+00 3.139987945556640625e+00
5.820796999999999777e+00 3.145162582397460938e+00
5.826001999999999903e+00 3.145162582397460938e+00
5.831274999999999764e+00 3.145162582397460938e+00
5.836482000000000170e+00 3.145162582397460938e+00
5.841714999999999769e+00 3.150337219238281250e+00
5.851958999999999911e+00 3.155511856079101562e+00
5.857451000000000185e+00 3.362495422363281250e+00
5.862856999999999985e+00 4.785508155822753906e+00
5.868121000000000365e+00 4.790682792663574219e+00
5.873370999999999675e+00 4.785508155822753906e+00
5.878718000000000110e+00 4.790682792663574219e+00
5.883954000000000129e+00 4.790682792663574219e+00
5.889249000000000400e+00 4.790682792663574219e+00
5.893387999999999849e+00 4.790682792663574219e+00
5.898920999999999637e+00 4.790682792663574219e+00
5.904173000000000116e+00 4.790682792663574219e+00
5.909512999999999572e+00 4.785508155822753906e+00
5.915123000000000353e+00 4.790682792663574219e+00
5.920384000000000313e+00 4.795857429504394531e+00
5.925634999999999764e+00 4.795857429504394531e+00
5.930956000000000117e+00 4.795857429504394531e+00
5.936214999999999797e+00 4.790682792663574219e+00
5.941531999999999591e+00 4.790682792663574219e+00
5.945192999999999728e+00 4.790682792663574219e+00
5.950469000000000008e+00 4.790682792663574219e+00
5.955879000000000367e+00 4.790682792663574219e+00
5.963441999999999688e+00 4.790682792663574219e+00
5.969097999999999793e+00 4.790682792663574219e+00
5.978235999999999883e+00 4.785508155822753906e+00
5.989601000000000397e+00 4.785508155822753906e+00
5.997396000000000171e+00 4.790682792663574219e+00
6.006499999999999950e+00 4.790682792663574219e+00
6.014960999999999558e+00 4.790682792663574219e+00
6.025585999999999665e+00 4.790682792663574219e+00
6.041710000000000136e+00 4.790682792663574219e+00
6.045382000000000033e+00 4.790682792663574219e+00
6.050754000000000410e+00 4.795857429504394531e+00
6.055992999999999959e+00 4.790682792663574219e+00
6.061364000000000196e+00 4.790682792663574219e+00
6.066616999999999926e+00 4.790682792663574219e+00
6.071960999999999942e+00 4.790682792663574219e+00
6.079628999999999728e+00 4.790682792663574219e+00
6.085174999999999557e+00 4.790682792663574219e+00
6.090468999999999689e+00 4.790682792663574219e+00
6.095753000000000199e+00 4.790682792663574219e+00
6.101143000000000427e+00 4.790682792663574219e+00
6.106406999999999918e+00 4.790682792663574219e+00
6.111777000000000015e+00 4.785508155822753906e+00
6.117065000000000197e+00 4.790682792663574219e+00
6.122436999999999685e+00 4.790682792663574219e+00
6.127716999999999636e+00 4.790682792663574219e+00
6.133070000000000022e+00 4.790682792663574219e+00
6.138435999999999559e+00 4.790682792663574219e+00
6.143739000000000061e+00 4.790682792663574219e+00
6.149079000000000406e+00 4.790682792663574219e+00
6.154389000000000109e+00 4.790682792663574219e+00
6.159715000000000273e+00 4.795857429504394531e+00
6.165009000000000405e+00 4.795857429504394531e+00
6.170332000000000150e+00 4.785508155822753906e+00
6.175619000000000192e+00 4.790682792663574219e+00
6.180971000000000437e+00 4.785508155822753906e+00
6.186656000000000155e+00 4.790682792663574219e+00
6.194720000000000226e+00 4.785508155822753906e+00
6.200051000000000201e+00 4.785508155822753906e+00
6.205344000000000193e+00 4.785508155822753906e+00
6.210701000000000249e+00 4.790682792663574219e+00
6.214324000000000403e+00 4.785508155822753906e+00
6.219635000000000247e+00 4.790682792663574219e+00
6.224929999999999630e+00 4.790682792663574219e+00
6.230334000000000039e+00 4.795857429504394531e+00
6.235618999999999801e+00 4.795857429504394531e+00
6.241055000000000241e+00 4.795857429504394531e+00
6.246358999999999995e+00 4.795857429504394531e+00
6.251726999999999812e+00 4.795857429504394531e+00
6.257035000000000124e+00 4.795857429504394531e+00
6.262427999999999884e+00 4.795857429504394531e+00
6.267737999999999587e+00 4.785508155822753906e+00
6.273126000000000424e+00 4.785508155822753906e+00
6.278490999999999822e+00 4.785508155822753906e+00
6.283813999999999567e+00 4.785508155822753906e+00
6.289360000000000284e+00 4.785508155822753906e+00
6.294692000000000398e+00 4.785508155822753906e+00
6.300237000000000087e+00 4.785508155822753906e+00
