1.310000000000000129e-04 2.524210929870605469e+00
3.830000000000000071e-03 2.524210929870605469e+00
1.153000000000000032e-02 2.524210929870605469e+00
1.518199999999999932e-02 2.524210929870605469e+00
1.862899999999999973e-02 2.524210929870605469e+00
2.191999999999999851e-02 2.524210929870605469e+00
2.553000000000000061e-02 2.519036293029785156e+00
2.898600000000000135e-02 2.513861656188964844e+00
3.243200000000000249e-02 2.513861656188964844e+00
3.572999999999999787e-02 2.513861656188964844e+00
3.917699999999999655e-02 2.513861656188964844e+00
4.262900000000000023e-02 2.513861656188964844e+00
4.592600000000000154e-02 2.513861656188964844e+00
4.937300000000000022e-02 2.513861656188964844e+00
5.282200000000000090e-02 2.508687019348144531e+00
5.612500000000000128e-02 2.513861656188964844e+00
5.957199999999999995e-02 2.513861656188964844e+00
6.302399999999999669e-02 2.513861656188964844e+00
6.646900000000000031e-02 2.519036293029785156e+00
6.976599999999999469e-02 2.519036293029785156e+00
7.321900000000000630e-02 2.519036293029785156e+00
7.667999999999999816e-02 2.529385566711425781e+00
7.996799999999999742e-02 2.529385566711425781e+00
8.346800000000000053e-02 2.529385566711425781e+00
8.707399999999999862e-02 2.524210929870605469e+00
9.035799999999999388e-02 2.524210929870605469e+00
9.381399999999999462e-02 2.529385566711425781e+00
9.741099999999999759e-02 2.529385566711425781e+00
1.008750000000000063e-01 2.524210929870605469e+00
1.041620000000000046e-01 2.524210929870605469e+00
1.076199999999999934e-01 2.524210929870605469e+00
1.109239999999999948e-01 2.524210929870605469e+00
1.144270000000000009e-01 2.519036293029785156e+00
1.178260000000000002e-01 2.524210929870605469e+00
1.212990000000000040e-01 2.524210929870605469e+00
1.276309999999999945e-01 2.513861656188964844e+00
1.312319999999999875e-01 2.513861656188964844e+00
1.345349999999999879e-01 2.513861656188964844e+00
1.379700000000000093e-01 2.513861656188964844e+00
1.414209999999999912e-01 2.513861656188964844e+00
1.447279999999999955e-01 2.513861656188964844e+00
1.481770000000000032e-01 2.513861656188964844e+00
1.516139999999999988e-01 2.519036293029785156e+00
1.550860000000000016e-01 2.519036293029785156e+00
1.585169999999999912e-01 2.519036293029785156e+00
1.619720000000000049e-01 2.519036293029785156e+00
1.654710000000000070e-01 2.519036293029785156e+00
1.690290000000000126e-01 2.513861656188964844e+00
1.723220000000000030e-01 2.519036293029785156e+00
1.757710000000000106e-01 2.524210929870605469e+00
1.790799999999999892e-01 2.524210929870605469e+00
1.825410000000000088e-01 2.524210929870605469e+00
1.859979999999999967e-01 2.524210929870605469e+00
1.894460000000000033e-01 2.529385566711425781e+00
1.927389999999999937e-01 2.524210929870605469e+00
1.961940000000000073e-01 2.524210929870605469e+00
1.996459999999999901e-01 2.524210929870605469e+00
2.029499999999999915e-01 2.519036293029785156e+00
2.063959999999999961e-01 2.519036293029785156e+00
2.098409999999999997e-01 2.524210929870605469e+00
2.131349999999999911e-01 2.524210929870605469e+00
2.165860000000000007e-01 2.524210929870605469e+00
2.204210000000000058e-01 2.519036293029785156e+00
2.299960000000000060e-01 2.513861656188964844e+00
2.397100000000000064e-01 2.513861656188964844e+00
2.474149999999999960e-01 2.519036293029785156e+00
2.509799999999999809e-01 2.519036293029785156e+00
2.544770000000000088e-01 2.513861656188964844e+00
2.580410000000000204e-01 2.519036293029785156e+00
2.614920000000000022e-01 2.513861656188964844e+00
2.649469999999999881e-01 2.519036293029785156e+00
2.683789999999999787e-01 2.519036293029785156e+00
2.718260000000000121e-01 2.519036293029785156e+00
2.753240000000000132e-01 2.524210929870605469e+00
2.787700000000000178e-01 2.519036293029785156e+00
2.822189999999999976e-01 2.524210929870605469e+00
2.856739999999999835e-01 2.519036293029785156e+00
2.891139999999999821e-01 2.519036293029785156e+00
2.925670000000000215e-01 2.524210929870605469e+00
2.960269999999999846e-01 2.519036293029785156e+00
2.994789999999999952e-01 2.524210929870605469e+00
3.027679999999999816e-01 2.519036293029785156e+00
3.062289999999999734e-01 2.524210929870605469e+00
3.095470000000000166e-01 2.519036293029785156e+00
3.129689999999999972e-01 2.519036293029785156e+00
3.164139999999999731e-01 2.524210929870605469e+00
3.198699999999999877e-01 2.519036293029785156e+00
3.231640000000000068e-01 2.524210929870605469e+00
3.266229999999999967e-01 2.519036293029785156e+00
3.300770000000000093e-01 2.513861656188964844e+00
3.333650000000000224e-01 2.519036293029785156e+00
3.368180000000000063e-01 2.513861656188964844e+00
3.402700000000000169e-01 2.513861656188964844e+00
3.435719999999999885e-01 2.519036293029785156e+00
3.506870000000000265e-01 2.519036293029785156e+00
3.541360000000000063e-01 2.519036293029785156e+00
3.575949999999999962e-01 2.519036293029785156e+00
3.610479999999999801e-01 2.513861656188964844e+00
3.644029999999999769e-01 2.513861656188964844e+00
3.677980000000000138e-01 2.513861656188964844e+00
3.710979999999999834e-01 2.508687019348144531e+00
3.745829999999999993e-01 2.519036293029785156e+00
3.780220000000000247e-01 2.519036293029785156e+00
3.814690000000000025e-01 2.524210929870605469e+00
3.847729999999999762e-01 2.519036293029785156e+00
3.882160000000000055e-01 2.524210929870605469e+00
3.915049999999999919e-01 2.524210929870605469e+00
3.949699999999999878e-01 2.524210929870605469e+00
3.984059999999999824e-01 2.524210929870605469e+00
4.018639999999999990e-01 2.524210929870605469e+00
4.053220000000000156e-01 2.524210929870605469e+00
4.087620000000000142e-01 2.529385566711425781e+00
4.122179999999999733e-01 2.524210929870605469e+00
4.156710000000000127e-01 2.524210929870605469e+00
4.189709999999999823e-01 2.524210929870605469e+00
4.224140000000000117e-01 2.529385566711425781e+00
4.258669999999999956e-01 2.524210929870605469e+00
4.291670000000000207e-01 2.519036293029785156e+00
4.326139999999999985e-01 2.519036293029785156e+00
4.360749999999999904e-01 2.519036293029785156e+00
4.393650000000000055e-01 2.519036293029785156e+00
4.428139999999999854e-01 2.519036293029785156e+00
4.462769999999999793e-01 2.513861656188964844e+00
4.495669999999999944e-01 2.513861656188964844e+00
4.530159999999999743e-01 2.508687019348144531e+00
4.564810000000000256e-01 2.508687019348144531e+00
4.626720000000000277e-01 2.508687019348144531e+00
4.661549999999999860e-01 2.508687019348144531e+00
4.696020000000000194e-01 2.508687019348144531e+00
4.728809999999999958e-01 2.513861656188964844e+00
4.781199999999999894e-01 2.524210929870605469e+00
4.815720000000000001e-01 2.524210929870605469e+00
4.850340000000000207e-01 2.524210929870605469e+00
4.883149999999999991e-01 2.524210929870605469e+00
4.917639999999999789e-01 2.529385566711425781e+00
4.952300000000000035e-01 2.524210929870605469e+00
4.986729999999999774e-01 2.524210929870605469e+00
5.019789999999999530e-01 2.524210929870605469e+00
5.054349999999999676e-01 2.524210929870605469e+00
5.087199999999999500e-01 2.524210929870605469e+00
5.121769999999999934e-01 2.529385566711425781e+00
5.156239999999999712e-01 2.529385566711425781e+00
5.189209999999999656e-01 2.529385566711425781e+00
5.224020000000000330e-01 2.529385566711425781e+00
5.258610000000000229e-01 2.524210929870605469e+00
5.291609999999999925e-01 2.519036293029785156e+00
5.326009999999999911e-01 2.513861656188964844e+00
5.360610000000000097e-01 2.513861656188964844e+00
5.393609999999999793e-01 2.513861656188964844e+00
5.427980000000000027e-01 2.513861656188964844e+00
5.462609999999999966e-01 2.513861656188964844e+00
5.495499999999999829e-01 2.513861656188964844e+00
5.529979999999999896e-01 2.513861656188964844e+00
5.564540000000000042e-01 2.513861656188964844e+00
5.597450000000000481e-01 2.513861656188964844e+00
5.632399999999999629e-01 2.513861656188964844e+00
5.667109999999999648e-01 2.513861656188964844e+00
5.730560000000000098e-01 2.519036293029785156e+00
5.766609999999999792e-01 2.524210929870605469e+00
5.799520000000000231e-01 2.524210929870605469e+00
5.834009999999999474e-01 2.529385566711425781e+00
5.869990000000000485e-01 2.524210929870605469e+00
5.904570000000000096e-01 2.529385566711425781e+00
5.937510000000000288e-01 2.529385566711425781e+00
5.973579999999999446e-01 2.524210929870605469e+00
6.008010000000000295e-01 2.529385566711425781e+00
6.042520000000000113e-01 2.524210929870605469e+00
6.078609999999999847e-01 2.529385566711425781e+00
6.111849999999999783e-01 2.529385566711425781e+00
6.146190000000000264e-01 2.524210929870605469e+00
6.180649999999999755e-01 2.524210929870605469e+00
6.213520000000000154e-01 2.524210929870605469e+00
6.248139999999999805e-01 2.519036293029785156e+00
6.282619999999999871e-01 2.513861656188964844e+00
6.318759999999999932e-01 2.519036293029785156e+00
6.353299999999999503e-01 2.519036293029785156e+00
6.387739999999999529e-01 2.513861656188964844e+00
6.422210000000000418e-01 2.513861656188964844e+00
6.455239999999999867e-01 2.513861656188964844e+00
6.489679999999999893e-01 2.513861656188964844e+00
6.524180000000000534e-01 2.513861656188964844e+00
6.557180000000000231e-01 2.519036293029785156e+00
6.591960000000000042e-01 2.519036293029785156e+00
6.626589999999999980e-01 2.519036293029785156e+00
6.659439999999999804e-01 2.519036293029785156e+00
6.693930000000000158e-01 2.519036293029785156e+00
6.729629999999999779e-01 2.524210929870605469e+00
6.803310000000000191e-01 2.529385566711425781e+00
6.837229999999999697e-01 2.529385566711425781e+00
6.873259999999999925e-01 2.529385566711425781e+00
6.907680000000000486e-01 2.529385566711425781e+00
6.942199999999999482e-01 2.529385566711425781e+00
6.975179999999999714e-01 2.529385566711425781e+00
7.009649999999999492e-01 2.524210929870605469e+00
7.044519999999999671e-01 2.524210929870605469e+00
7.078769999999999785e-01 2.529385566711425781e+00
7.111939999999999928e-01 2.524210929870605469e+00
7.146249999999999547e-01 2.524210929870605469e+00
7.180750000000000188e-01 2.529385566711425781e+00
7.213690000000000380e-01 2.524210929870605469e+00
7.248329999999999496e-01 2.519036293029785156e+00
7.281189999999999607e-01 2.519036293029785156e+00
7.315700000000000536e-01 2.519036293029785156e+00
7.350179999999999492e-01 2.513861656188964844e+00
7.383100000000000218e-01 2.519036293029785156e+00
7.417610000000000037e-01 2.524210929870605469e+00
7.452280000000000015e-01 2.524210929870605469e+00
7.486629999999999674e-01 2.529385566711425781e+00
7.519879999999999898e-01 2.524210929870605469e+00
7.554400000000000004e-01 2.519036293029785156e+00
7.587359999999999660e-01 2.524210929870605469e+00
7.621869999999999479e-01 2.524210929870605469e+00
7.656460000000000488e-01 2.524210929870605469e+00
7.689329999999999776e-01 2.524210929870605469e+00
7.723839999999999595e-01 2.519036293029785156e+00
7.758279999999999621e-01 2.529385566711425781e+00
7.791350000000000220e-01 2.529385566711425781e+00
7.827990000000000226e-01 2.524210929870605469e+00
7.892489999999999783e-01 2.524210929870605469e+00
7.928629999999999844e-01 2.529385566711425781e+00
7.961549999999999461e-01 2.524210929870605469e+00
7.996069999999999567e-01 2.529385566711425781e+00
8.030589999999999673e-01 2.524210929870605469e+00
8.063550000000000439e-01 2.524210929870605469e+00
8.098079999999999723e-01 2.529385566711425781e+00
8.132650000000000157e-01 2.529385566711425781e+00
8.168800000000000505e-01 2.529385566711425781e+00
8.203120000000000411e-01 2.529385566711425781e+00
8.237640000000000517e-01 2.524210929870605469e+00
8.273730000000000251e-01 2.519036293029785156e+00
8.308170000000000277e-01 2.519036293029785156e+00
8.342669999999999808e-01 2.524210929870605469e+00
8.378809999999999869e-01 2.524210929870605469e+00
8.411769999999999525e-01 2.519036293029785156e+00
8.446399999999999464e-01 2.524210929870605469e+00
8.479609999999999648e-01 2.524210929870605469e+00
8.514080000000000537e-01 2.524210929870605469e+00
8.548759999999999692e-01 2.524210929870605469e+00
8.581609999999999516e-01 2.524210929870605469e+00
8.616080000000000405e-01 2.524210929870605469e+00
8.650719999999999521e-01 2.524210929870605469e+00
8.683619999999999672e-01 2.513861656188964844e+00
8.718040000000000234e-01 2.519036293029785156e+00
8.752780000000000005e-01 2.524210929870605469e+00
8.788690000000000113e-01 2.529385566711425781e+00
8.823170000000000179e-01 2.524210929870605469e+00
8.857599999999999918e-01 2.524210929870605469e+00
8.892139999999999489e-01 2.524210929870605469e+00
8.926760000000000250e-01 2.529385566711425781e+00
8.998089999999999700e-01 2.524210929870605469e+00
9.032480000000000508e-01 2.524210929870605469e+00
9.065429999999999877e-01 2.529385566711425781e+00
9.099899999999999656e-01 2.529385566711425781e+00
9.134470000000000089e-01 2.529385566711425781e+00
9.170469999999999455e-01 2.529385566711425781e+00
9.203529999999999767e-01 2.529385566711425781e+00
9.237959999999999505e-01 2.529385566711425781e+00
9.274080000000000101e-01 2.524210929870605469e+00
9.308589999999999920e-01 2.524210929870605469e+00
9.341460000000000319e-01 2.524210929870605469e+00
9.375959999999999850e-01 2.524210929870605469e+00
9.410490000000000244e-01 2.524210929870605469e+00
9.444529999999999870e-01 2.524210929870605469e+00
9.478490000000000526e-01 2.524210929870605469e+00
9.511300000000000310e-01 2.519036293029785156e+00
9.545820000000000416e-01 2.513861656188964844e+00
9.580279999999999907e-01 2.519036293029785156e+00
9.613220000000000098e-01 2.519036293029785156e+00
9.647860000000000325e-01 2.519036293029785156e+00
9.682209999999999983e-01 2.519036293029785156e+00
9.715150000000000174e-01 2.519036293029785156e+00
9.749750000000000361e-01 2.524210929870605469e+00
9.784070000000000267e-01 2.524210929870605469e+00
9.817240000000000411e-01 2.529385566711425781e+00
9.853210000000000024e-01 2.529385566711425781e+00
9.887740000000000418e-01 2.529385566711425781e+00
9.922159999999999869e-01 2.529385566711425781e+00
9.956700000000000550e-01 2.529385566711425781e+00
9.989729999999999999e-01 2.529385566711425781e+00
1.002418999999999949e+00 2.529385566711425781e+00
1.011045999999999889e+00 2.534560203552246094e+00
1.015562999999999994e+00 2.529385566711425781e+00
1.019663999999999904e+00 2.529385566711425781e+00
1.023770000000000069e+00 2.524210929870605469e+00
1.027972000000000108e+00 2.524210929870605469e+00
1.032065000000000010e+00 2.524210929870605469e+00
1.036175000000000068e+00 2.519036293029785156e+00
1.040264999999999995e+00 2.519036293029785156e+00
1.044437000000000060e+00 2.519036293029785156e+00
1.048554999999999904e+00 2.519036293029785156e+00
1.052672000000000052e+00 2.519036293029785156e+00
1.056840999999999919e+00 2.519036293029785156e+00
1.060937999999999937e+00 2.519036293029785156e+00
1.065126000000000017e+00 2.519036293029785156e+00
1.069245999999999919e+00 2.519036293029785156e+00
1.073355999999999977e+00 2.519036293029785156e+00
1.077590999999999966e+00 2.529385566711425781e+00
1.081714999999999982e+00 2.534560203552246094e+00
1.085857000000000072e+00 2.529385566711425781e+00
1.089045999999999959e+00 2.529385566711425781e+00
1.093190000000000106e+00 2.529385566711425781e+00
1.097393999999999981e+00 2.529385566711425781e+00
1.101526000000000005e+00 2.529385566711425781e+00
1.105658999999999947e+00 2.529385566711425781e+00
1.109774999999999956e+00 2.529385566711425781e+00
1.113966000000000012e+00 2.529385566711425781e+00
1.118203999999999976e+00 2.529385566711425781e+00
1.126160999999999968e+00 2.529385566711425781e+00
1.130690999999999891e+00 2.519036293029785156e+00
1.134934000000000109e+00 2.519036293029785156e+00
1.139075999999999977e+00 2.519036293029785156e+00
1.143229999999999968e+00 2.524210929870605469e+00
1.147477000000000080e+00 2.519036293029785156e+00
1.151650999999999980e+00 2.519036293029785156e+00
1.155861999999999945e+00 2.519036293029785156e+00
1.160034000000000010e+00 2.524210929870605469e+00
1.164179000000000075e+00 2.524210929870605469e+00
1.168433999999999973e+00 2.524210929870605469e+00
1.172592000000000079e+00 2.524210929870605469e+00
1.176889999999999992e+00 2.529385566711425781e+00
1.181216999999999961e+00 2.529385566711425781e+00
1.185432000000000041e+00 2.534560203552246094e+00
1.189607000000000081e+00 2.529385566711425781e+00
1.193805999999999923e+00 2.529385566711425781e+00
1.198166000000000064e+00 2.529385566711425781e+00
1.202374999999999972e+00 2.529385566711425781e+00
1.205697999999999936e+00 2.529385566711425781e+00
1.209915999999999991e+00 2.529385566711425781e+00
1.214178999999999897e+00 2.529385566711425781e+00
1.217427000000000037e+00 2.529385566711425781e+00
1.221662999999999943e+00 2.529385566711425781e+00
1.225923000000000096e+00 2.524210929870605469e+00
1.234838000000000102e+00 2.519036293029785156e+00
1.251508000000000065e+00 2.524210929870605469e+00
1.261092000000000102e+00 2.529385566711425781e+00
1.265854000000000035e+00 2.524210929870605469e+00
1.270132999999999956e+00 2.524210929870605469e+00
1.274426999999999977e+00 2.529385566711425781e+00
1.278710000000000013e+00 2.534560203552246094e+00
1.283172999999999897e+00 2.529385566711425781e+00
1.287527000000000088e+00 2.529385566711425781e+00
1.291768000000000027e+00 2.529385566711425781e+00
1.296059999999999990e+00 2.524210929870605469e+00
1.300343000000000027e+00 2.529385566711425781e+00
1.304653999999999980e+00 2.529385566711425781e+00
1.308920000000000083e+00 2.529385566711425781e+00
1.313177999999999956e+00 2.529385566711425781e+00
1.317558999999999925e+00 2.529385566711425781e+00
1.321827000000000085e+00 2.529385566711425781e+00
1.326111999999999957e+00 2.524210929870605469e+00
1.330405000000000060e+00 2.524210929870605469e+00
1.334785000000000110e+00 2.524210929870605469e+00
1.339069999999999983e+00 2.524210929870605469e+00
1.343358000000000052e+00 2.529385566711425781e+00
1.347734999999999905e+00 2.524210929870605469e+00
1.352063000000000015e+00 2.524210929870605469e+00
1.356384999999999952e+00 2.529385566711425781e+00
1.360913999999999957e+00 2.524210929870605469e+00
1.370875999999999983e+00 2.519036293029785156e+00
1.375294000000000016e+00 2.529385566711425781e+00
1.379631000000000052e+00 2.529385566711425781e+00
1.384015999999999913e+00 2.529385566711425781e+00
1.388417999999999930e+00 2.529385566711425781e+00
1.392744999999999900e+00 2.529385566711425781e+00
1.397203999999999890e+00 2.529385566711425781e+00
1.401553999999999967e+00 2.529385566711425781e+00
1.405888999999999944e+00 2.529385566711425781e+00
1.410223999999999922e+00 2.529385566711425781e+00
1.414659000000000111e+00 2.534560203552246094e+00
1.419032000000000071e+00 2.534560203552246094e+00
1.423365999999999909e+00 2.529385566711425781e+00
1.427785000000000082e+00 2.529385566711425781e+00
1.432131999999999961e+00 2.524210929870605469e+00
1.436574999999999935e+00 2.524210929870605469e+00
1.439901000000000098e+00 2.524210929870605469e+00
1.444275999999999893e+00 2.529385566711425781e+00
1.448717999999999950e+00 2.529385566711425781e+00
1.453084999999999960e+00 2.524210929870605469e+00
1.456461000000000006e+00 2.524210929870605469e+00
1.460839999999999916e+00 2.524210929870605469e+00
1.465273999999999965e+00 2.524210929870605469e+00
1.469648000000000065e+00 2.519036293029785156e+00
1.474023000000000083e+00 2.524210929870605469e+00
1.482323000000000057e+00 2.534560203552246094e+00
1.487281999999999993e+00 2.529385566711425781e+00
1.491672000000000109e+00 2.529385566711425781e+00
1.496088000000000084e+00 2.529385566711425781e+00
1.500518000000000018e+00 2.534560203552246094e+00
1.505006999999999984e+00 2.534560203552246094e+00
1.509422000000000041e+00 2.529385566711425781e+00
1.513870999999999967e+00 2.534560203552246094e+00
1.518504000000000076e+00 2.534560203552246094e+00
1.522931000000000035e+00 2.534560203552246094e+00
1.527425999999999950e+00 2.529385566711425781e+00
1.531857999999999942e+00 2.529385566711425781e+00
1.536326000000000080e+00 2.524210929870605469e+00
1.539697000000000093e+00 2.519036293029785156e+00
1.544140000000000068e+00 2.524210929870605469e+00
1.548661000000000065e+00 2.524210929870605469e+00
1.553139999999999965e+00 2.524210929870605469e+00
1.557676999999999978e+00 2.519036293029785156e+00
1.562114999999999920e+00 2.524210929870605469e+00
1.566651000000000016e+00 2.519036293029785156e+00
1.571107000000000031e+00 2.519036293029785156e+00
1.575557000000000096e+00 2.524210929870605469e+00
1.580000999999999989e+00 2.529385566711425781e+00
1.584543999999999953e+00 2.534560203552246094e+00
1.589202999999999921e+00 2.529385566711425781e+00
1.597814999999999985e+00 2.534560203552246094e+00
1.604770000000000030e+00 2.534560203552246094e+00
1.609242000000000061e+00 2.534560203552246094e+00
1.612778999999999963e+00 2.534560203552246094e+00
1.617582000000000075e+00 2.534560203552246094e+00
1.622079000000000049e+00 2.529385566711425781e+00
1.626678999999999986e+00 2.524210929870605469e+00
1.631173999999999902e+00 2.519036293029785156e+00
1.635698000000000096e+00 2.524210929870605469e+00
1.640422000000000047e+00 2.524210929870605469e+00
1.645002000000000075e+00 2.524210929870605469e+00
1.649513999999999925e+00 2.524210929870605469e+00
1.654023999999999939e+00 2.524210929870605469e+00
1.658620999999999901e+00 2.524210929870605469e+00
1.663111000000000006e+00 2.524210929870605469e+00
1.667702000000000018e+00 2.529385566711425781e+00
1.672214000000000089e+00 2.524210929870605469e+00
1.675632999999999928e+00 2.529385566711425781e+00
1.680166000000000048e+00 2.534560203552246094e+00
1.684765000000000068e+00 2.534560203552246094e+00
1.689356999999999998e+00 2.534560203552246094e+00
1.693870999999999905e+00 2.534560203552246094e+00
1.698493000000000031e+00 2.534560203552246094e+00
1.703041999999999945e+00 2.534560203552246094e+00
1.707640999999999964e+00 2.529385566711425781e+00
1.716056999999999944e+00 2.529385566711425781e+00
1.720205999999999902e+00 2.529385566711425781e+00
1.724002999999999952e+00 2.529385566711425781e+00
1.727872999999999992e+00 2.529385566711425781e+00
1.731673999999999936e+00 2.524210929870605469e+00
1.735484999999999944e+00 2.524210929870605469e+00
1.739295999999999953e+00 2.524210929870605469e+00
1.743085999999999913e+00 2.524210929870605469e+00
1.746961999999999904e+00 2.524210929870605469e+00
1.750783999999999896e+00 2.524210929870605469e+00
1.754666000000000059e+00 2.529385566711425781e+00
1.758480000000000043e+00 2.529385566711425781e+00
1.762294999999999945e+00 2.524210929870605469e+00
1.766129999999999978e+00 2.524210929870605469e+00
1.769957000000000003e+00 2.524210929870605469e+00
1.773763999999999896e+00 2.524210929870605469e+00
1.777725999999999917e+00 2.534560203552246094e+00
1.781563999999999925e+00 2.534560203552246094e+00
1.785409999999999942e+00 2.534560203552246094e+00
1.789272999999999891e+00 2.529385566711425781e+00
1.793112000000000039e+00 2.529385566711425781e+00
1.797009000000000079e+00 2.529385566711425781e+00
1.800856999999999930e+00 2.529385566711425781e+00
1.804740999999999929e+00 2.529385566711425781e+00
1.808589000000000002e+00 2.529385566711425781e+00
1.812427999999999928e+00 2.529385566711425781e+00
1.816340000000000066e+00 2.529385566711425781e+00
1.820184999999999942e+00 2.529385566711425781e+00
1.823161999999999949e+00 2.529385566711425781e+00
1.829493000000000036e+00 2.524210929870605469e+00
1.833455999999999975e+00 2.524210929870605469e+00
1.837377999999999956e+00 2.524210929870605469e+00
1.841258000000000061e+00 2.524210929870605469e+00
1.845202000000000009e+00 2.524210929870605469e+00
1.849080000000000057e+00 2.524210929870605469e+00
1.852950000000000097e+00 2.529385566711425781e+00
1.856907000000000085e+00 2.524210929870605469e+00
1.860788000000000109e+00 2.524210929870605469e+00
1.864787999999999890e+00 2.529385566711425781e+00
1.868694999999999995e+00 2.524210929870605469e+00
1.872592000000000034e+00 2.524210929870605469e+00
1.876573999999999964e+00 2.529385566711425781e+00
1.880462000000000078e+00 2.529385566711425781e+00
1.884416000000000091e+00 2.529385566711425781e+00
1.888323999999999891e+00 2.529385566711425781e+00
1.892338999999999993e+00 2.529385566711425781e+00
1.896306000000000047e+00 2.529385566711425781e+00
1.900201999999999947e+00 2.529385566711425781e+00
1.904111000000000109e+00 2.529385566711425781e+00
1.908123999999999931e+00 2.529385566711425781e+00
1.912022000000000110e+00 2.529385566711425781e+00
1.915917000000000092e+00 2.529385566711425781e+00
1.919829000000000008e+00 2.534560203552246094e+00
1.923750999999999989e+00 2.529385566711425781e+00
1.927761000000000058e+00 2.524210929870605469e+00
1.931675999999999949e+00 2.529385566711425781e+00
1.935618000000000061e+00 2.529385566711425781e+00
1.939562999999999926e+00 2.524210929870605469e+00
1.945999000000000034e+00 2.529385566711425781e+00
1.949988999999999972e+00 2.529385566711425781e+00
1.953953000000000051e+00 2.529385566711425781e+00
1.957954999999999890e+00 2.524210929870605469e+00
1.961861999999999995e+00 2.524210929870605469e+00
1.965794000000000041e+00 2.519036293029785156e+00
1.969718999999999998e+00 2.524210929870605469e+00
1.973646000000000011e+00 2.524210929870605469e+00
1.977686999999999973e+00 2.529385566711425781e+00
1.981605999999999979e+00 2.529385566711425781e+00
1.985541999999999918e+00 2.529385566711425781e+00
1.989473999999999965e+00 2.529385566711425781e+00
1.993468000000000018e+00 2.529385566711425781e+00
1.997481000000000062e+00 2.529385566711425781e+00
2.001415999999999862e+00 2.534560203552246094e+00
2.005360000000000031e+00 2.534560203552246094e+00
2.009300000000000086e+00 2.534560203552246094e+00
2.013240999999999836e+00 2.534560203552246094e+00
2.017257999999999996e+00 2.534560203552246094e+00
2.021206999999999976e+00 2.534560203552246094e+00
2.025218000000000185e+00 2.534560203552246094e+00
2.029166000000000025e+00 2.524210929870605469e+00
2.032218999999999998e+00 2.524210929870605469e+00
2.036178000000000043e+00 2.529385566711425781e+00
2.040137000000000089e+00 2.524210929870605469e+00
2.044083999999999790e+00 2.524210929870605469e+00
2.048084999999999933e+00 2.524210929870605469e+00
2.052039000000000168e+00 2.519036293029785156e+00
2.056013999999999786e+00 2.524210929870605469e+00
2.062454999999999927e+00 2.524210929870605469e+00
2.066583000000000059e+00 2.519036293029785156e+00
2.070570000000000022e+00 2.519036293029785156e+00
2.073636000000000035e+00 2.524210929870605469e+00
2.077741000000000060e+00 2.529385566711425781e+00
2.080807000000000073e+00 2.529385566711425781e+00
2.084827999999999903e+00 2.534560203552246094e+00
2.088833999999999858e+00 2.534560203552246094e+00
2.092982000000000120e+00 2.534560203552246094e+00
2.097055999999999809e+00 2.534560203552246094e+00
2.101058000000000092e+00 2.534560203552246094e+00
2.105141999999999847e+00 2.534560203552246094e+00
2.108207000000000164e+00 2.534560203552246094e+00
2.112368000000000023e+00 2.534560203552246094e+00
2.116449999999999942e+00 2.534560203552246094e+00
2.120477999999999863e+00 2.529385566711425781e+00
2.124546000000000046e+00 2.529385566711425781e+00
2.128540000000000099e+00 2.524210929870605469e+00
2.132604000000000166e+00 2.524210929870605469e+00
2.136690999999999896e+00 2.524210929870605469e+00
2.140712999999999866e+00 2.524210929870605469e+00
2.144803000000000015e+00 2.524210929870605469e+00
2.148808999999999969e+00 2.524210929870605469e+00
2.152854000000000045e+00 2.524210929870605469e+00
2.156947000000000170e+00 2.524210929870605469e+00
2.160966000000000165e+00 2.524210929870605469e+00
2.164032000000000178e+00 2.519036293029785156e+00
2.168182999999999971e+00 2.524210929870605469e+00
2.172245999999999899e+00 2.529385566711425781e+00
2.178817000000000004e+00 2.534560203552246094e+00
2.182977000000000167e+00 2.534560203552246094e+00
2.187113999999999780e+00 2.534560203552246094e+00
2.191148999999999791e+00 2.534560203552246094e+00
2.195314000000000210e+00 2.534560203552246094e+00
2.199418999999999791e+00 2.534560203552246094e+00
2.203504000000000129e+00 2.529385566711425781e+00
2.207683999999999980e+00 2.534560203552246094e+00
2.211819000000000202e+00 2.534560203552246094e+00
2.215918999999999972e+00 2.529385566711425781e+00
2.220079000000000136e+00 2.529385566711425781e+00
2.224139999999999784e+00 2.529385566711425781e+00
2.228273000000000170e+00 2.524210929870605469e+00
2.232324000000000197e+00 2.524210929870605469e+00
2.239307999999999854e+00 2.524210929870605469e+00
2.245271999999999935e+00 2.524210929870605469e+00
2.252688000000000024e+00 2.524210929870605469e+00
2.258303000000000171e+00 2.529385566711425781e+00
2.262382999999999811e+00 2.529385566711425781e+00
2.266573000000000171e+00 2.524210929870605469e+00
2.270659999999999901e+00 2.524210929870605469e+00
2.274795000000000122e+00 2.529385566711425781e+00
2.278871000000000091e+00 2.534560203552246094e+00
2.282955999999999985e+00 2.534560203552246094e+00
2.286213000000000051e+00 2.529385566711425781e+00
2.293082000000000065e+00 2.534560203552246094e+00
2.297725999999999935e+00 2.529385566711425781e+00
2.300844000000000111e+00 2.529385566711425781e+00
2.305051000000000183e+00 2.529385566711425781e+00
2.308212999999999848e+00 2.529385566711425781e+00
2.312300000000000022e+00 2.529385566711425781e+00
2.316516000000000020e+00 2.534560203552246094e+00
2.319631999999999916e+00 2.529385566711425781e+00
2.323712000000000000e+00 2.529385566711425781e+00
2.327951999999999799e+00 2.524210929870605469e+00
2.332082000000000210e+00 2.524210929870605469e+00
2.336234000000000144e+00 2.524210929870605469e+00
2.340342000000000144e+00 2.524210929870605469e+00
2.344533000000000200e+00 2.529385566711425781e+00
2.348676999999999904e+00 2.524210929870605469e+00
2.351822999999999997e+00 2.529385566711425781e+00
2.355945000000000178e+00 2.529385566711425781e+00
2.360066999999999915e+00 2.529385566711425781e+00
2.363240999999999925e+00 2.529385566711425781e+00
2.367443000000000186e+00 2.529385566711425781e+00
2.371564999999999923e+00 2.529385566711425781e+00
2.375732999999999873e+00 2.529385566711425781e+00
2.379893000000000036e+00 2.534560203552246094e+00
2.384059000000000150e+00 2.529385566711425781e+00
2.388272999999999868e+00 2.529385566711425781e+00
2.391414999999999846e+00 2.529385566711425781e+00
2.395556000000000019e+00 2.529385566711425781e+00
2.399786999999999892e+00 2.529385566711425781e+00
2.404039000000000037e+00 2.529385566711425781e+00
2.411360999999999866e+00 2.534560203552246094e+00
2.416662000000000088e+00 2.529385566711425781e+00
2.421803000000000150e+00 2.529385566711425781e+00
2.426998000000000211e+00 2.529385566711425781e+00
2.432081000000000159e+00 2.529385566711425781e+00
2.437302999999999997e+00 2.529385566711425781e+00
2.442441000000000084e+00 2.529385566711425781e+00
2.447589999999999932e+00 2.529385566711425781e+00
2.452704000000000217e+00 2.529385566711425781e+00
2.457904000000000089e+00 2.524210929870605469e+00
2.463067999999999813e+00 2.524210929870605469e+00
2.468255999999999784e+00 2.524210929870605469e+00
2.473430000000000017e+00 2.524210929870605469e+00
2.478647000000000045e+00 2.529385566711425781e+00
2.483795000000000197e+00 2.534560203552246094e+00
2.489025999999999961e+00 2.529385566711425781e+00
2.494190000000000129e+00 2.529385566711425781e+00
2.498559000000000196e+00 2.529385566711425781e+00
2.503887999999999892e+00 2.529385566711425781e+00
2.509266000000000219e+00 2.534560203552246094e+00
2.514548000000000005e+00 2.534560203552246094e+00
2.520427000000000195e+00 2.529385566711425781e+00
2.527801000000000187e+00 2.529385566711425781e+00
2.532014000000000209e+00 2.529385566711425781e+00
2.536267000000000049e+00 2.529385566711425781e+00
2.539423000000000208e+00 2.524210929870605469e+00
2.543654000000000082e+00 2.529385566711425781e+00
2.547944999999999904e+00 2.524210929870605469e+00
2.552166999999999852e+00 2.524210929870605469e+00
2.556496999999999797e+00 2.519036293029785156e+00
2.560716000000000214e+00 2.524210929870605469e+00
2.565001999999999782e+00 2.519036293029785156e+00
2.569240999999999886e+00 2.524210929870605469e+00
2.572414999999999896e+00 2.524210929870605469e+00
2.576719000000000204e+00 2.529385566711425781e+00
2.580959000000000003e+00 2.529385566711425781e+00
2.585262000000000171e+00 2.534560203552246094e+00
2.589506999999999781e+00 2.534560203552246094e+00
2.593738999999999795e+00 2.534560203552246094e+00
2.598135999999999779e+00 2.534560203552246094e+00
2.602463999999999889e+00 2.534560203552246094e+00
2.606793000000000138e+00 2.534560203552246094e+00
2.611028000000000127e+00 2.534560203552246094e+00
2.614243000000000094e+00 2.529385566711425781e+00
2.618533000000000222e+00 2.534560203552246094e+00
2.622780000000000111e+00 2.529385566711425781e+00
2.627095999999999876e+00 2.534560203552246094e+00
2.631378000000000217e+00 2.524210929870605469e+00
2.638348000000000138e+00 2.524210929870605469e+00
2.642764000000000113e+00 2.524210929870605469e+00
2.646058000000000021e+00 2.519036293029785156e+00
2.650313000000000141e+00 2.524210929870605469e+00
2.654650000000000176e+00 2.519036293029785156e+00
2.658942000000000139e+00 2.524210929870605469e+00
2.663215000000000110e+00 2.519036293029785156e+00
2.667568999999999857e+00 2.524210929870605469e+00
2.671872000000000025e+00 2.524210929870605469e+00
2.676172000000000217e+00 2.529385566711425781e+00
2.680454999999999810e+00 2.534560203552246094e+00
2.684809000000000001e+00 2.534560203552246094e+00
2.689119999999999955e+00 2.529385566711425781e+00
2.693426000000000098e+00 2.534560203552246094e+00
2.697814999999999852e+00 2.534560203552246094e+00
2.701080999999999843e+00 2.534560203552246094e+00
2.705439000000000149e+00 2.534560203552246094e+00
2.709725999999999857e+00 2.534560203552246094e+00
2.713992000000000182e+00 2.529385566711425781e+00
2.717173999999999978e+00 2.529385566711425781e+00
2.720467000000000191e+00 2.529385566711425781e+00
2.724813000000000152e+00 2.529385566711425781e+00
2.729141999999999957e+00 2.524210929870605469e+00
2.733429000000000109e+00 2.524210929870605469e+00
2.737813000000000052e+00 2.524210929870605469e+00
2.741090999999999944e+00 2.524210929870605469e+00
2.745398999999999923e+00 2.524210929870605469e+00
2.752412000000000081e+00 2.524210929870605469e+00
2.756981000000000126e+00 2.529385566711425781e+00
2.761314000000000046e+00 2.524210929870605469e+00
2.765649999999999942e+00 2.529385566711425781e+00
2.769956999999999780e+00 2.524210929870605469e+00
2.774271999999999849e+00 2.529385566711425781e+00
2.778636000000000106e+00 2.534560203552246094e+00
2.782958999999999961e+00 2.529385566711425781e+00
2.787357000000000085e+00 2.534560203552246094e+00
2.791711999999999971e+00 2.534560203552246094e+00
2.796119000000000021e+00 2.534560203552246094e+00
2.800720999999999794e+00 2.529385566711425781e+00
2.805260999999999783e+00 2.529385566711425781e+00
2.809601999999999933e+00 2.529385566711425781e+00
2.812875000000000014e+00 2.529385566711425781e+00
2.817296999999999940e+00 2.534560203552246094e+00
2.821673999999999793e+00 2.529385566711425781e+00
2.826026000000000149e+00 2.524210929870605469e+00
2.830369999999999830e+00 2.524210929870605469e+00
2.833641000000000076e+00 2.524210929870605469e+00
2.838140999999999803e+00 2.524210929870605469e+00
2.842490000000000183e+00 2.529385566711425781e+00
2.845826999999999884e+00 2.524210929870605469e+00
2.848970000000000002e+00 2.529385566711425781e+00
2.853301000000000087e+00 2.529385566711425781e+00
2.857676000000000105e+00 2.529385566711425781e+00
2.864730999999999916e+00 2.529385566711425781e+00
2.869155999999999818e+00 2.524210929870605469e+00
2.873559000000000196e+00 2.524210929870605469e+00
2.878010000000000179e+00 2.529385566711425781e+00
2.882381000000000082e+00 2.529385566711425781e+00
2.886804000000000148e+00 2.529385566711425781e+00
2.891169999999999796e+00 2.534560203552246094e+00
2.895570999999999895e+00 2.529385566711425781e+00
2.899939999999999962e+00 2.529385566711425781e+00
2.904574000000000211e+00 2.529385566711425781e+00
2.908977000000000146e+00 2.529385566711425781e+00
2.913355000000000139e+00 2.529385566711425781e+00
2.917787000000000130e+00 2.529385566711425781e+00
2.921050999999999842e+00 2.529385566711425781e+00
2.925445999999999991e+00 2.529385566711425781e+00
2.929847000000000090e+00 2.529385566711425781e+00
2.934273000000000131e+00 2.529385566711425781e+00
2.938712999999999909e+00 2.529385566711425781e+00
2.943115999999999843e+00 2.529385566711425781e+00
2.947595000000000187e+00 2.529385566711425781e+00
2.952020999999999784e+00 2.529385566711425781e+00
2.956453000000000220e+00 2.529385566711425781e+00
2.960855000000000015e+00 2.529385566711425781e+00
2.965333999999999914e+00 2.524210929870605469e+00
2.969740999999999964e+00 2.524210929870605469e+00
2.973059999999999814e+00 2.524210929870605469e+00
2.979985000000000106e+00 2.529385566711425781e+00
2.984544000000000086e+00 2.534560203552246094e+00
2.987856999999999985e+00 2.529385566711425781e+00
2.992274999999999796e+00 2.529385566711425781e+00
2.995667000000000080e+00 2.529385566711425781e+00
3.000097999999999931e+00 2.534560203552246094e+00
3.004598999999999798e+00 2.529385566711425781e+00
3.009071000000000051e+00 2.534560203552246094e+00
3.013504999999999878e+00 2.534560203552246094e+00
3.018050999999999817e+00 2.534560203552246094e+00
3.022498000000000129e+00 2.534560203552246094e+00
3.027019999999999822e+00 2.529385566711425781e+00
3.031465999999999994e+00 2.529385566711425781e+00
3.035928000000000182e+00 2.529385566711425781e+00
3.040378000000000025e+00 2.524210929870605469e+00
3.044890999999999792e+00 2.529385566711425781e+00
3.049357999999999791e+00 2.524210929870605469e+00
3.053828000000000209e+00 2.524210929870605469e+00
3.058402000000000065e+00 2.519036293029785156e+00
3.062856000000000023e+00 2.524210929870605469e+00
3.066215000000000135e+00 2.524210929870605469e+00
3.070670999999999928e+00 2.524210929870605469e+00
3.074034999999999851e+00 2.529385566711425781e+00
3.078568999999999889e+00 2.529385566711425781e+00
3.083042999999999978e+00 2.529385566711425781e+00
3.087610999999999883e+00 2.529385566711425781e+00
3.094627000000000017e+00 2.534560203552246094e+00
3.099216999999999889e+00 2.534560203552246094e+00
3.103704000000000018e+00 2.534560203552246094e+00
3.107321999999999917e+00 2.539734840393066406e+00
3.110818999999999779e+00 2.534560203552246094e+00
3.115356999999999932e+00 2.534560203552246094e+00
3.119857000000000102e+00 2.534560203552246094e+00
3.124423000000000172e+00 2.529385566711425781e+00
3.127838000000000118e+00 2.529385566711425781e+00
3.132312000000000207e+00 2.529385566711425781e+00
3.136897999999999964e+00 2.524210929870605469e+00
3.140213000000000143e+00 2.524210929870605469e+00
3.144810000000000105e+00 2.524210929870605469e+00
3.149331000000000103e+00 2.524210929870605469e+00
3.153836000000000084e+00 2.519036293029785156e+00
3.158469000000000193e+00 2.524210929870605469e+00
3.163025000000000198e+00 2.524210929870605469e+00
3.166418999999999873e+00 2.524210929870605469e+00
3.170901000000000192e+00 2.524210929870605469e+00
3.175497000000000014e+00 2.529385566711425781e+00
3.180028000000000077e+00 2.534560203552246094e+00
3.184585999999999917e+00 2.534560203552246094e+00
3.189100999999999964e+00 2.529385566711425781e+00
3.192495000000000083e+00 2.534560203552246094e+00
3.197097999999999995e+00 2.534560203552246094e+00
3.200457000000000107e+00 2.534560203552246094e+00
3.207479000000000191e+00 2.534560203552246094e+00
3.212327000000000155e+00 2.534560203552246094e+00
3.216984000000000066e+00 2.534560203552246094e+00
3.221531999999999840e+00 2.529385566711425781e+00
3.226166000000000089e+00 2.524210929870605469e+00
3.231942000000000093e+00 2.524210929870605469e+00
3.237694999999999990e+00 2.519036293029785156e+00
3.247335000000000083e+00 2.524210929870605469e+00
3.256349000000000160e+00 2.524210929870605469e+00
3.268696999999999964e+00 2.524210929870605469e+00
3.274497999999999909e+00 2.529385566711425781e+00
3.280164000000000080e+00 2.529385566711425781e+00
3.288612999999999786e+00 2.529385566711425781e+00
3.294526999999999983e+00 2.534560203552246094e+00
3.300224000000000046e+00 2.529385566711425781e+00
3.305973999999999968e+00 2.529385566711425781e+00
3.311678000000000122e+00 2.529385566711425781e+00
3.319891000000000147e+00 2.529385566711425781e+00
3.325921000000000127e+00 2.524210929870605469e+00
3.330839000000000105e+00 2.519036293029785156e+00
3.335609999999999964e+00 2.524210929870605469e+00
3.340440000000000076e+00 2.519036293029785156e+00
3.345311000000000146e+00 2.524210929870605469e+00
3.349820999999999938e+00 2.529385566711425781e+00
3.354722999999999900e+00 2.529385566711425781e+00
3.360325000000000006e+00 2.524210929870605469e+00
3.365089000000000219e+00 2.529385566711425781e+00
3.369744999999999990e+00 2.529385566711425781e+00
3.374521999999999800e+00 2.524210929870605469e+00
3.379194000000000031e+00 2.534560203552246094e+00
3.383853999999999917e+00 2.534560203552246094e+00
3.388663999999999898e+00 2.529385566711425781e+00
3.392065999999999804e+00 2.529385566711425781e+00
3.396790999999999894e+00 2.529385566711425781e+00
3.401447000000000109e+00 2.529385566711425781e+00
3.404866000000000170e+00 2.529385566711425781e+00
3.409543999999999908e+00 2.529385566711425781e+00
3.414228000000000041e+00 2.529385566711425781e+00
3.419306999999999874e+00 2.534560203552246094e+00
3.423973000000000155e+00 2.529385566711425781e+00
3.428716000000000097e+00 2.529385566711425781e+00
3.438435999999999826e+00 2.529385566711425781e+00
3.443385999999999836e+00 2.529385566711425781e+00
3.448150000000000048e+00 2.529385566711425781e+00
3.452860999999999958e+00 2.529385566711425781e+00
3.457606000000000179e+00 2.524210929870605469e+00
3.462247000000000074e+00 2.529385566711425781e+00
3.467099999999999849e+00 2.529385566711425781e+00
3.471802999999999972e+00 2.524210929870605469e+00
3.475254000000000065e+00 2.529385566711425781e+00
3.478641999999999790e+00 2.529385566711425781e+00
3.482080999999999982e+00 2.534560203552246094e+00
3.486889999999999823e+00 2.534560203552246094e+00
3.491589999999999971e+00 2.529385566711425781e+00
3.496316000000000201e+00 2.529385566711425781e+00
3.501027000000000111e+00 2.529385566711425781e+00
3.505748999999999782e+00 2.529385566711425781e+00
3.510447000000000095e+00 2.529385566711425781e+00
3.515219000000000094e+00 2.534560203552246094e+00
3.520150999999999808e+00 2.534560203552246094e+00
3.524976000000000109e+00 2.529385566711425781e+00
3.528469999999999995e+00 2.529385566711425781e+00
3.533138999999999807e+00 2.524210929870605469e+00
3.537894000000000094e+00 2.529385566711425781e+00
3.542590000000000128e+00 2.529385566711425781e+00
3.549802999999999820e+00 2.524210929870605469e+00
3.554612000000000105e+00 2.519036293029785156e+00
3.558059000000000083e+00 2.524210929870605469e+00
3.562739000000000100e+00 2.519036293029785156e+00
3.567499999999999893e+00 2.524210929870605469e+00
3.572191999999999812e+00 2.524210929870605469e+00
3.576999999999999957e+00 2.529385566711425781e+00
3.581703000000000081e+00 2.529385566711425781e+00
3.586450999999999834e+00 2.529385566711425781e+00
3.591166999999999998e+00 2.529385566711425781e+00
3.595908000000000104e+00 2.534560203552246094e+00
3.600601999999999858e+00 2.534560203552246094e+00
3.604033999999999960e+00 2.534560203552246094e+00
3.608805999999999958e+00 2.534560203552246094e+00
3.612623000000000140e+00 2.534560203552246094e+00
3.617407000000000039e+00 2.534560203552246094e+00
3.622285000000000199e+00 2.529385566711425781e+00
3.627073000000000214e+00 2.529385566711425781e+00
3.631806999999999785e+00 2.529385566711425781e+00
3.635269999999999779e+00 2.524210929870605469e+00
3.639979999999999993e+00 2.524210929870605469e+00
3.644749000000000017e+00 2.524210929870605469e+00
3.648220999999999936e+00 2.524210929870605469e+00
3.651663000000000103e+00 2.524210929870605469e+00
3.656404999999999905e+00 2.524210929870605469e+00
3.663593000000000099e+00 2.524210929870605469e+00
3.668749000000000038e+00 2.524210929870605469e+00
3.673481000000000218e+00 2.524210929870605469e+00
3.677041000000000004e+00 2.529385566711425781e+00
3.681779000000000135e+00 2.534560203552246094e+00
3.686528000000000027e+00 2.534560203552246094e+00
3.691273999999999944e+00 2.534560203552246094e+00
3.696070999999999884e+00 2.534560203552246094e+00
3.700845000000000162e+00 2.529385566711425781e+00
3.705617000000000161e+00 2.534560203552246094e+00
3.710366000000000053e+00 2.534560203552246094e+00
3.713849999999999874e+00 2.534560203552246094e+00
3.717459999999999987e+00 2.534560203552246094e+00
3.722252999999999812e+00 2.534560203552246094e+00
3.727087000000000039e+00 2.529385566711425781e+00
3.731857000000000202e+00 2.524210929870605469e+00
3.736653000000000002e+00 2.524210929870605469e+00
3.741426999999999836e+00 2.524210929870605469e+00
3.746210000000000040e+00 2.524210929870605469e+00
3.750999999999999890e+00 2.524210929870605469e+00
3.755812000000000150e+00 2.524210929870605469e+00
3.760590000000000099e+00 2.524210929870605469e+00
3.764066000000000134e+00 2.529385566711425781e+00
3.768909999999999982e+00 2.529385566711425781e+00
3.773725000000000218e+00 2.529385566711425781e+00
3.781042999999999932e+00 2.529385566711425781e+00
3.785883999999999805e+00 2.529385566711425781e+00
3.790655000000000108e+00 2.529385566711425781e+00
3.795525000000000038e+00 2.534560203552246094e+00
3.800310000000000077e+00 2.534560203552246094e+00
3.805241999999999791e+00 2.534560203552246094e+00
3.810036000000000200e+00 2.529385566711425781e+00
3.814894999999999925e+00 2.529385566711425781e+00
3.819693000000000005e+00 2.534560203552246094e+00
3.824669000000000096e+00 2.524210929870605469e+00
3.829502999999999879e+00 2.524210929870605469e+00
3.834299000000000124e+00 2.524210929870605469e+00
3.839186000000000210e+00 2.519036293029785156e+00
3.842576000000000214e+00 2.519036293029785156e+00
3.847418999999999922e+00 2.524210929870605469e+00
3.852209000000000216e+00 2.524210929870605469e+00
3.857078000000000007e+00 2.524210929870605469e+00
3.861921999999999855e+00 2.529385566711425781e+00
3.866953999999999780e+00 2.529385566711425781e+00
3.872034999999999894e+00 2.529385566711425781e+00
3.875609999999999999e+00 2.534560203552246094e+00
3.880409000000000219e+00 2.529385566711425781e+00
3.885285999999999795e+00 2.534560203552246094e+00
3.890128999999999948e+00 2.529385566711425781e+00
3.897488000000000063e+00 2.529385566711425781e+00
3.902417999999999942e+00 2.529385566711425781e+00
3.907310999999999979e+00 2.529385566711425781e+00
3.910829000000000111e+00 2.529385566711425781e+00
3.915691999999999950e+00 2.529385566711425781e+00
3.920529999999999848e+00 2.529385566711425781e+00
3.925454000000000221e+00 2.524210929870605469e+00
3.930330999999999797e+00 2.524210929870605469e+00
3.933886999999999912e+00 2.529385566711425781e+00
3.938816999999999791e+00 2.529385566711425781e+00
3.943661000000000083e+00 2.524210929870605469e+00
3.948688000000000198e+00 2.529385566711425781e+00
3.953673000000000215e+00 2.529385566711425781e+00
3.958648999999999862e+00 2.524210929870605469e+00
3.963508000000000031e+00 2.524210929870605469e+00
3.968488999999999933e+00 2.529385566711425781e+00
3.972046000000000188e+00 2.524210929870605469e+00
3.975642999999999816e+00 2.529385566711425781e+00
3.980484000000000133e+00 2.529385566711425781e+00
3.985402999999999807e+00 2.529385566711425781e+00
3.990299999999999958e+00 2.529385566711425781e+00
3.995216999999999796e+00 2.529385566711425781e+00
4.000070000000000014e+00 2.529385566711425781e+00
4.005020000000000024e+00 2.529385566711425781e+00
4.010159999999999947e+00 2.529385566711425781e+00
4.017878999999999756e+00 2.534560203552246094e+00
4.021425999999999945e+00 2.534560203552246094e+00
4.026341999999999643e+00 2.529385566711425781e+00
4.031335999999999586e+00 2.524210929870605469e+00
4.037090000000000067e+00 2.529385566711425781e+00
4.043299000000000198e+00 2.524210929870605469e+00
4.049709000000000003e+00 2.529385566711425781e+00
4.055981000000000058e+00 2.524210929870605469e+00
4.062116999999999756e+00 2.524210929870605469e+00
4.068356999999999779e+00 2.524210929870605469e+00
4.074596999999999802e+00 2.524210929870605469e+00
4.080791999999999753e+00 2.529385566711425781e+00
4.086987999999999843e+00 2.529385566711425781e+00
4.093126999999999960e+00 2.529385566711425781e+00
4.099414000000000335e+00 2.529385566711425781e+00
4.105673999999999602e+00 2.529385566711425781e+00
4.111814999999999998e+00 2.534560203552246094e+00
4.118024000000000129e+00 2.529385566711425781e+00
4.128489000000000075e+00 2.529385566711425781e+00
4.134674000000000404e+00 2.524210929870605469e+00
4.138288000000000189e+00 2.524210929870605469e+00
4.143227000000000437e+00 2.524210929870605469e+00
4.146866000000000163e+00 2.519036293029785156e+00
4.151780999999999722e+00 2.519036293029785156e+00
4.156748999999999583e+00 2.519036293029785156e+00
4.161713999999999913e+00 2.524210929870605469e+00
4.166682999999999915e+00 2.524210929870605469e+00
4.170238000000000334e+00 2.519036293029785156e+00
4.175233000000000416e+00 2.524210929870605469e+00
4.178816999999999560e+00 2.529385566711425781e+00
4.182413000000000380e+00 2.529385566711425781e+00
4.186009000000000313e+00 2.534560203552246094e+00
4.190953999999999624e+00 2.534560203552246094e+00
4.195941999999999616e+00 2.534560203552246094e+00
4.200971000000000011e+00 2.534560203552246094e+00
4.205936000000000341e+00 2.534560203552246094e+00
4.210898000000000252e+00 2.534560203552246094e+00
4.215901999999999816e+00 2.534560203552246094e+00
4.220888999999999669e+00 2.534560203552246094e+00
4.225863999999999621e+00 2.529385566711425781e+00
4.230843000000000131e+00 2.524210929870605469e+00
4.238476000000000354e+00 2.524210929870605469e+00
4.247088999999999892e+00 2.519036293029785156e+00
4.253955000000000375e+00 2.524210929870605469e+00
4.263709000000000415e+00 2.524210929870605469e+00
4.271199000000000190e+00 2.524210929870605469e+00
4.276430000000000398e+00 2.529385566711425781e+00
4.281431000000000431e+00 2.529385566711425781e+00
4.286446999999999896e+00 2.529385566711425781e+00
4.291456000000000159e+00 2.534560203552246094e+00
4.296529999999999738e+00 2.534560203552246094e+00
4.301523000000000430e+00 2.534560203552246094e+00
4.306545999999999985e+00 2.529385566711425781e+00
4.311579000000000050e+00 2.534560203552246094e+00
4.315224999999999866e+00 2.529385566711425781e+00
4.318818000000000268e+00 2.529385566711425781e+00
4.322419000000000011e+00 2.529385566711425781e+00
4.327513999999999861e+00 2.524210929870605469e+00
4.332544000000000395e+00 2.519036293029785156e+00
4.337641999999999776e+00 2.519036293029785156e+00
4.341273000000000160e+00 2.524210929870605469e+00
4.346340999999999788e+00 2.519036293029785156e+00
4.353900999999999577e+00 2.524210929870605469e+00
4.359402000000000221e+00 2.529385566711425781e+00
4.363034999999999997e+00 2.524210929870605469e+00
4.368248000000000353e+00 2.524210929870605469e+00
4.373351999999999684e+00 2.524210929870605469e+00
4.378470000000000084e+00 2.534560203552246094e+00
4.383587999999999596e+00 2.534560203552246094e+00
4.389005000000000045e+00 2.529385566711425781e+00
4.394516999999999562e+00 2.529385566711425781e+00
4.399598000000000120e+00 2.529385566711425781e+00
4.403218999999999994e+00 2.529385566711425781e+00
4.408368000000000286e+00 2.529385566711425781e+00
4.413440999999999725e+00 2.529385566711425781e+00
4.418643999999999572e+00 2.529385566711425781e+00
4.422225000000000072e+00 2.524210929870605469e+00
4.427413999999999739e+00 2.524210929870605469e+00
4.432495000000000296e+00 2.524210929870605469e+00
4.437632999999999939e+00 2.524210929870605469e+00
4.441234999999999822e+00 2.524210929870605469e+00
4.444848000000000354e+00 2.524210929870605469e+00
4.448437000000000197e+00 2.529385566711425781e+00
4.452035999999999660e+00 2.529385566711425781e+00
4.457131999999999650e+00 2.529385566711425781e+00
4.462219000000000158e+00 2.524210929870605469e+00
4.469831000000000110e+00 2.529385566711425781e+00
4.475055000000000227e+00 2.529385566711425781e+00
4.480108999999999675e+00 2.524210929870605469e+00
4.485261000000000386e+00 2.534560203552246094e+00
4.490332999999999686e+00 2.529385566711425781e+00
4.495449999999999946e+00 2.529385566711425781e+00
4.500511000000000372e+00 2.529385566711425781e+00
4.505683000000000327e+00 2.529385566711425781e+00
4.510786999999999658e+00 2.529385566711425781e+00
4.515905000000000058e+00 2.529385566711425781e+00
4.521003000000000327e+00 2.529385566711425781e+00
4.526091000000000086e+00 2.529385566711425781e+00
4.531212000000000018e+00 2.529385566711425781e+00
4.534850999999999743e+00 2.529385566711425781e+00
4.539938000000000251e+00 2.524210929870605469e+00
4.545124000000000386e+00 2.529385566711425781e+00
4.550216999999999956e+00 2.524210929870605469e+00
4.553847000000000200e+00 2.524210929870605469e+00
4.559035999999999866e+00 2.524210929870605469e+00
4.564173000000000258e+00 2.524210929870605469e+00
4.569333999999999563e+00 2.519036293029785156e+00
4.574465000000000003e+00 2.524210929870605469e+00
4.582301000000000180e+00 2.529385566711425781e+00
4.587532000000000387e+00 2.529385566711425781e+00
4.592653000000000318e+00 2.529385566711425781e+00
4.597865999999999786e+00 2.529385566711425781e+00
4.602998999999999619e+00 2.529385566711425781e+00
4.608131000000000199e+00 2.529385566711425781e+00
4.613266999999999562e+00 2.529385566711425781e+00
4.618428999999999895e+00 2.534560203552246094e+00
4.623568999999999818e+00 2.529385566711425781e+00
4.628741999999999912e+00 2.529385566711425781e+00
4.633882999999999974e+00 2.524210929870605469e+00
4.639130999999999894e+00 2.524210929870605469e+00
4.644365999999999772e+00 2.529385566711425781e+00
4.649472000000000271e+00 2.519036293029785156e+00
4.654677999999999649e+00 2.524210929870605469e+00
4.659837999999999703e+00 2.524210929870605469e+00
4.665064000000000100e+00 2.524210929870605469e+00
4.670181000000000360e+00 2.519036293029785156e+00
4.673854000000000397e+00 2.524210929870605469e+00
4.679088000000000136e+00 2.529385566711425781e+00
4.684237999999999680e+00 2.529385566711425781e+00
4.689443999999999946e+00 2.529385566711425781e+00
4.697116000000000291e+00 2.534560203552246094e+00
4.702326000000000228e+00 2.534560203552246094e+00
4.706051999999999680e+00 2.529385566711425781e+00
4.711183000000000121e+00 2.534560203552246094e+00
4.716344000000000314e+00 2.529385566711425781e+00
4.720083999999999946e+00 2.529385566711425781e+00
4.725353000000000137e+00 2.529385566711425781e+00
4.730526000000000231e+00 2.524210929870605469e+00
4.735736000000000168e+00 2.524210929870605469e+00
4.740884999999999572e+00 2.519036293029785156e+00
4.746072999999999986e+00 2.524210929870605469e+00
4.751227000000000089e+00 2.519036293029785156e+00
4.756408000000000413e+00 2.524210929870605469e+00
4.761597000000000079e+00 2.524210929870605469e+00
4.766769000000000034e+00 2.524210929870605469e+00
4.771942000000000128e+00 2.524210929870605469e+00
4.777211999999999570e+00 2.534560203552246094e+00
4.782511000000000401e+00 2.534560203552246094e+00
4.786253000000000313e+00 2.529385566711425781e+00
4.791417000000000037e+00 2.534560203552246094e+00
4.796625999999999834e+00 2.534560203552246094e+00
4.801800000000000068e+00 2.529385566711425781e+00
4.807019000000000375e+00 2.534560203552246094e+00
4.814794000000000018e+00 2.529385566711425781e+00
4.820306000000000424e+00 2.529385566711425781e+00
4.825542999999999694e+00 2.529385566711425781e+00
4.830757000000000190e+00 2.524210929870605469e+00
4.834449000000000218e+00 2.519036293029785156e+00
4.839660000000000295e+00 2.519036293029785156e+00
4.844928000000000345e+00 2.524210929870605469e+00
4.850198999999999927e+00 2.519036293029785156e+00
4.855514000000000330e+00 2.519036293029785156e+00
4.859251000000000431e+00 2.529385566711425781e+00
4.864530000000000243e+00 2.524210929870605469e+00
4.868294999999999817e+00 2.524210929870605469e+00
4.873507000000000033e+00 2.524210929870605469e+00
4.878804999999999836e+00 2.529385566711425781e+00
4.884015999999999913e+00 2.534560203552246094e+00
4.889371999999999829e+00 2.529385566711425781e+00
4.894656000000000340e+00 2.534560203552246094e+00
4.899873000000000367e+00 2.529385566711425781e+00
4.905152000000000179e+00 2.529385566711425781e+00
4.910400000000000098e+00 2.529385566711425781e+00
4.915731000000000073e+00 2.529385566711425781e+00
4.920962000000000280e+00 2.529385566711425781e+00
4.924849000000000032e+00 2.524210929870605469e+00
4.933272999999999797e+00 2.519036293029785156e+00
4.938616999999999813e+00 2.519036293029785156e+00
4.943914999999999615e+00 2.524210929870605469e+00
4.949295000000000222e+00 2.524210929870605469e+00
4.954773999999999567e+00 2.524210929870605469e+00
4.960069999999999979e+00 2.529385566711425781e+00
4.965438999999999936e+00 2.524210929870605469e+00
4.970730999999999788e+00 2.524210929870605469e+00
4.975996000000000308e+00 2.529385566711425781e+00
4.981311999999999962e+00 2.529385566711425781e+00
4.986640999999999657e+00 2.529385566711425781e+00
4.991925000000000168e+00 2.529385566711425781e+00
4.997262000000000093e+00 2.529385566711425781e+00
5.002551000000000414e+00 2.529385566711425781e+00
5.007897999999999961e+00 2.529385566711425781e+00
5.013179000000000052e+00 2.529385566711425781e+00
5.018485000000000085e+00 2.529385566711425781e+00
5.023780999999999608e+00 2.529385566711425781e+00
5.029199000000000197e+00 2.524210929870605469e+00
5.034551000000000442e+00 2.524210929870605469e+00
5.038153999999999577e+00 2.524210929870605469e+00
5.046054999999999957e+00 2.524210929870605469e+00
5.051408000000000342e+00 2.529385566711425781e+00
5.056877000000000066e+00 2.524210929870605469e+00
5.062160000000000437e+00 2.524210929870605469e+00
5.067505999999999844e+00 2.524210929870605469e+00
5.072778999999999705e+00 2.524210929870605469e+00
5.078119000000000050e+00 2.529385566711425781e+00
5.081874000000000002e+00 2.524210929870605469e+00
5.087244000000000099e+00 2.524210929870605469e+00
5.092533999999999672e+00 2.529385566711425781e+00
5.097889999999999588e+00 2.529385566711425781e+00
5.101640999999999870e+00 2.529385566711425781e+00
5.106939999999999813e+00 2.529385566711425781e+00
5.112277999999999878e+00 2.534560203552246094e+00
5.117628999999999984e+00 2.534560203552246094e+00
5.122923000000000116e+00 2.534560203552246094e+00
5.128263999999999712e+00 2.529385566711425781e+00
5.133555000000000312e+00 2.524210929870605469e+00
5.138940999999999981e+00 2.524210929870605469e+00
5.144242000000000203e+00 2.524210929870605469e+00
5.149677999999999756e+00 2.524210929870605469e+00
5.155270999999999937e+00 2.519036293029785156e+00
5.163687000000000360e+00 2.519036293029785156e+00
5.169107000000000340e+00 2.519036293029785156e+00
5.174497999999999820e+00 2.524210929870605469e+00
5.179852000000000345e+00 2.529385566711425781e+00
5.185248999999999775e+00 2.529385566711425781e+00
5.190580999999999889e+00 2.529385566711425781e+00
5.195972000000000257e+00 2.534560203552246094e+00
5.201340000000000074e+00 2.529385566711425781e+00
5.206690000000000040e+00 2.534560203552246094e+00
5.212024999999999686e+00 2.534560203552246094e+00
5.217463999999999658e+00 2.534560203552246094e+00
5.221237000000000350e+00 2.529385566711425781e+00
5.226579000000000086e+00 2.529385566711425781e+00
5.231976999999999656e+00 2.524210929870605469e+00
5.237403999999999726e+00 2.519036293029785156e+00
5.242784999999999584e+00 2.519036293029785156e+00
5.251019000000000325e+00 2.519036293029785156e+00
5.258496000000000059e+00 2.524210929870605469e+00
5.273468000000000266e+00 2.519036293029785156e+00
5.282632000000000438e+00 2.529385566711425781e+00
5.288578000000000223e+00 2.529385566711425781e+00
5.293948999999999572e+00 2.534560203552246094e+00
5.297843000000000302e+00 2.529385566711425781e+00
5.303234999999999921e+00 2.529385566711425781e+00
5.308753000000000277e+00 2.534560203552246094e+00
5.314146000000000036e+00 2.529385566711425781e+00
5.319645000000000401e+00 2.529385566711425781e+00
5.325179000000000329e+00 2.529385566711425781e+00
5.330612999999999602e+00 2.524210929870605469e+00
5.336044000000000231e+00 2.524210929870605469e+00
5.339864000000000388e+00 2.519036293029785156e+00
5.343607999999999691e+00 2.524210929870605469e+00
5.349084999999999646e+00 2.524210929870605469e+00
5.354550999999999839e+00 2.519036293029785156e+00
5.359956999999999638e+00 2.524210929870605469e+00
5.365459000000000422e+00 2.524210929870605469e+00
5.370941000000000187e+00 2.524210929870605469e+00
5.376415999999999862e+00 2.529385566711425781e+00
5.381933000000000078e+00 2.534560203552246094e+00
5.387513000000000218e+00 2.534560203552246094e+00
5.391631000000000284e+00 2.534560203552246094e+00
5.399471000000000132e+00 2.529385566711425781e+00
5.405208000000000013e+00 2.529385566711425781e+00
5.409061999999999593e+00 2.529385566711425781e+00
5.414527999999999786e+00 2.529385566711425781e+00
5.419950000000000045e+00 2.529385566711425781e+00
5.425475999999999743e+00 2.524210929870605469e+00
5.430944000000000216e+00 2.519036293029785156e+00
5.436403000000000318e+00 2.519036293029785156e+00
5.441824000000000439e+00 2.524210929870605469e+00
5.447391999999999790e+00 2.524210929870605469e+00
5.451261999999999830e+00 2.524210929870605469e+00
5.456701999999999941e+00 2.524210929870605469e+00
5.462142000000000053e+00 2.524210929870605469e+00
5.467763999999999847e+00 2.524210929870605469e+00
5.473474000000000395e+00 2.524210929870605469e+00
5.478989000000000331e+00 2.534560203552246094e+00
5.484582999999999764e+00 2.534560203552246094e+00
5.488450000000000273e+00 2.529385566711425781e+00
5.493921000000000276e+00 2.534560203552246094e+00
5.499444000000000443e+00 2.529385566711425781e+00
5.504991000000000412e+00 2.529385566711425781e+00
5.512882000000000282e+00 2.529385566711425781e+00
5.518765000000000143e+00 2.529385566711425781e+00
5.524218000000000295e+00 2.524210929870605469e+00
5.529785000000000394e+00 2.524210929870605469e+00
5.535288999999999682e+00 2.529385566711425781e+00
5.540771999999999586e+00 2.524210929870605469e+00
5.546992000000000367e+00 2.524210929870605469e+00
5.553969000000000378e+00 2.524210929870605469e+00
5.561067999999999678e+00 2.529385566711425781e+00
5.568128999999999884e+00 2.524210929870605469e+00
5.575219999999999843e+00 2.524210929870605469e+00
5.582203999999999944e+00 2.529385566711425781e+00
5.589291000000000231e+00 2.529385566711425781e+00
5.596345999999999599e+00 2.529385566711425781e+00
5.603430999999999607e+00 2.529385566711425781e+00
5.610487000000000002e+00 2.529385566711425781e+00
5.617525999999999797e+00 2.529385566711425781e+00
5.628789000000000264e+00 2.529385566711425781e+00
5.636247000000000007e+00 2.524210929870605469e+00
5.643402000000000029e+00 2.524210929870605469e+00
5.649354999999999905e+00 2.524210929870605469e+00
5.655053999999999803e+00 2.524210929870605469e+00
5.660548000000000357e+00 2.524210929870605469e+00
5.666062000000000154e+00 2.519036293029785156e+00
5.671579999999999622e+00 2.519036293029785156e+00
5.677427999999999919e+00 2.524210929870605469e+00
5.682933000000000234e+00 2.529385566711425781e+00
5.688522999999999996e+00 2.524210929870605469e+00
5.694098000000000326e+00 2.529385566711425781e+00
5.699715999999999561e+00 2.529385566711425781e+00
5.705338000000000243e+00 2.529385566711425781e+00
5.710869999999999891e+00 2.534560203552246094e+00
5.716439000000000270e+00 2.529385566711425781e+00
5.721987999999999630e+00 2.529385566711425781e+00
5.727558000000000149e+00 2.529385566711425781e+00
5.733074000000000225e+00 2.529385566711425781e+00
5.741244000000000014e+00 2.519036293029785156e+00
5.746876999999999569e+00 2.519036293029785156e+00
5.752428000000000097e+00 2.519036293029785156e+00
5.758053999999999562e+00 2.519036293029785156e+00
5.763562000000000296e+00 2.519036293029785156e+00
5.769171000000000049e+00 2.519036293029785156e+00
5.774790999999999563e+00 2.524210929870605469e+00
5.778768000000000349e+00 2.529385566711425781e+00
5.784282000000000146e+00 2.529385566711425781e+00
5.789858999999999867e+00 2.534560203552246094e+00
5.795514999999999972e+00 2.529385566711425781e+00
5.801064000000000220e+00 2.529385566711425781e+00
5.806611000000000189e+00 2.529385566711425781e+00
5.810489999999999711e+00 2.529385566711425781e+00
5.816124000000000294e+00 2.534560203552246094e+00
5.821673999999999793e+00 2.529385566711425781e+00
5.827283000000000435e+00 2.524210929870605469e+00
5.832886000000000237e+00 2.524210929870605469e+00
5.838550999999999824e+00 2.519036293029785156e+00
5.844177000000000177e+00 2.519036293029785156e+00
5.849807000000000201e+00 2.519036293029785156e+00
5.857796999999999699e+00 2.519036293029785156e+00
5.863679000000000308e+00 2.524210929870605469e+00
5.869510000000000005e+00 2.529385566711425781e+00
5.873450000000000060e+00 2.529385566711425781e+00
5.879175000000000040e+00 2.534560203552246094e+00
5.885021000000000058e+00 2.534560203552246094e+00
5.890706999999999915e+00 2.529385566711425781e+00
5.896377000000000201e+00 2.534560203552246094e+00
5.902135999999999605e+00 2.534560203552246094e+00
5.907869999999999955e+00 2.529385566711425781e+00
5.913566999999999574e+00 2.529385566711425781e+00
5.919368000000000407e+00 2.529385566711425781e+00
5.925126999999999811e+00 2.524210929870605469e+00
5.930831000000000408e+00 2.519036293029785156e+00
5.936512999999999707e+00 2.524210929870605469e+00
5.942120000000000068e+00 2.519036293029785156e+00
5.947864000000000040e+00 2.524210929870605469e+00
5.953466999999999842e+00 2.524210929870605469e+00
5.959202000000000332e+00 2.529385566711425781e+00
5.964851999999999599e+00 2.524210929870605469e+00
5.972838999999999565e+00 2.524210929870605469e+00
5.978623999999999938e+00 2.529385566711425781e+00
5.984666999999999959e+00 2.534560203552246094e+00
5.990440000000000431e+00 2.534560203552246094e+00
5.996059999999999945e+00 2.529385566711425781e+00
6.001725000000000421e+00 2.529385566711425781e+00
6.007475999999999594e+00 2.524210929870605469e+00
6.013105000000000366e+00 2.529385566711425781e+00
6.017065999999999804e+00 2.529385566711425781e+00
6.022651999999999894e+00 2.529385566711425781e+00
6.028413999999999717e+00 2.524210929870605469e+00
6.034032999999999980e+00 2.524210929870605469e+00
6.039818999999999605e+00 2.524210929870605469e+00
6.045548000000000144e+00 2.529385566711425781e+00
6.051197000000000159e+00 2.529385566711425781e+00
6.056847999999999566e+00 2.524210929870605469e+00
6.062503000000000419e+00 2.529385566711425781e+00
6.068196000000000367e+00 2.524210929870605469e+00
6.073818000000000161e+00 2.524210929870605469e+00
6.077852000000000032e+00 2.529385566711425781e+00
6.086001000000000438e+00 2.529385566711425781e+00
6.092130000000000045e+00 2.524210929870605469e+00
6.097868000000000066e+00 2.529385566711425781e+00
6.103652000000000299e+00 2.529385566711425781e+00
6.109507999999999939e+00 2.529385566711425781e+00
6.113425999999999583e+00 2.529385566711425781e+00
6.117498000000000324e+00 2.529385566711425781e+00
6.123184000000000182e+00 2.529385566711425781e+00
6.128993000000000357e+00 2.524210929870605469e+00
6.134777999999999842e+00 2.524210929870605469e+00
6.140503999999999962e+00 2.524210929870605469e+00
6.146256000000000164e+00 2.524210929870605469e+00
6.151983999999999675e+00 2.524210929870605469e+00
6.157733999999999597e+00 2.524210929870605469e+00
6.163443000000000005e+00 2.519036293029785156e+00
6.169204999999999828e+00 2.519036293029785156e+00
6.175017000000000422e+00 2.519036293029785156e+00
6.180715000000000181e+00 2.529385566711425781e+00
6.186556999999999640e+00 2.529385566711425781e+00
6.192290999999999990e+00 2.529385566711425781e+00
6.200503999999999571e+00 2.529385566711425781e+00
6.206306999999999796e+00 2.529385566711425781e+00
6.210257999999999612e+00 2.529385566711425781e+00
6.215999000000000052e+00 2.529385566711425781e+00
6.221738000000000213e+00 2.529385566711425781e+00
6.227532000000000068e+00 2.529385566711425781e+00
6.233241999999999727e+00 2.524210929870605469e+00
6.239015000000000200e+00 2.524210929870605469e+00
6.244800999999999824e+00 2.519036293029785156e+00
6.250547000000000075e+00 2.519036293029785156e+00
6.259043000000000134e+00 2.519036293029785156e+00
6.268932000000000393e+00 2.519036293029785156e+00
6.274979000000000084e+00 2.519036293029785156e+00
6.281901000000000401e+00 2.524210929870605469e+00
6.287815000000000154e+00 2.534560203552246094e+00
6.293650999999999662e+00 2.529385566711425781e+00
6.301173999999999609e+00 2.529385566711425781e+00
6.307368999999999559e+00 2.529385566711425781e+00
6.315713999999999828e+00 2.529385566711425781e+00
6.322087999999999930e+00 2.529385566711425781e+00
6.327898000000000245e+00 2.524210929870605469e+00
6.331768000000000285e+00 2.524210929870605469e+00
6.335824999999999818e+00 2.524210929870605469e+00
6.341575999999999880e+00 2.519036293029785156e+00
6.345634999999999692e+00 2.524210929870605469e+00
6.351385999999999754e+00 2.519036293029785156e+00
6.357302999999999926e+00 2.519036293029785156e+00
6.363061000000000078e+00 2.524210929870605469e+00
6.368877000000000344e+00 2.524210929870605469e+00
6.372830999999999690e+00 2.529385566711425781e+00
6.378623000000000154e+00 2.534560203552246094e+00
6.384481000000000073e+00 2.529385566711425781e+00
6.390264000000000166e+00 2.529385566711425781e+00
6.396218000000000181e+00 2.534560203552246094e+00
6.401970999999999634e+00 2.529385566711425781e+00
6.407815000000000261e+00 2.529385566711425781e+00
6.413585999999999565e+00 2.529385566711425781e+00
6.419410000000000061e+00 2.529385566711425781e+00
6.425283000000000300e+00 2.524210929870605469e+00
6.433686999999999934e+00 2.519036293029785156e+00
6.439860999999999613e+00 2.519036293029785156e+00
6.443838999999999650e+00 2.524210929870605469e+00
6.449823999999999558e+00 2.524210929870605469e+00
6.455714000000000397e+00 2.524210929870605469e+00
6.461556999999999995e+00 2.529385566711425781e+00
6.467429000000000094e+00 2.524210929870605469e+00
6.473239999999999661e+00 2.524210929870605469e+00
6.479108000000000089e+00 2.534560203552246094e+00
6.485002999999999851e+00 2.529385566711425781e+00
6.490815999999999697e+00 2.529385566711425781e+00
6.496697000000000166e+00 2.529385566711425781e+00
6.502526999999999724e+00 2.529385566711425781e+00
6.508356000000000030e+00 2.529385566711425781e+00
6.514134999999999565e+00 2.524210929870605469e+00
6.520101000000000369e+00 2.524210929870605469e+00
6.526099999999999568e+00 2.524210929870605469e+00
6.531914000000000442e+00 2.519036293029785156e+00
6.537874999999999659e+00 2.524210929870605469e+00
6.546135999999999733e+00 2.524210929870605469e+00
6.552061000000000135e+00 2.524210929870605469e+00
6.557925000000000004e+00 2.524210929870605469e+00
6.563719999999999999e+00 2.529385566711425781e+00
6.569674000000000014e+00 2.524210929870605469e+00
6.575548999999999644e+00 2.529385566711425781e+00
6.581415999999999933e+00 2.529385566711425781e+00
6.587423000000000251e+00 2.529385566711425781e+00
6.591428999999999760e+00 2.524210929870605469e+00
6.597324999999999662e+00 2.529385566711425781e+00
6.603153999999999968e+00 2.524210929870605469e+00
6.609046000000000198e+00 2.529385566711425781e+00
6.613039999999999807e+00 2.524210929870605469e+00
6.618917999999999857e+00 2.529385566711425781e+00
6.624816000000000038e+00 2.529385566711425781e+00
6.630700000000000038e+00 2.524210929870605469e+00
6.636563999999999908e+00 2.524210929870605469e+00
6.642454999999999998e+00 2.524210929870605469e+00
6.648373999999999562e+00 2.524210929870605469e+00
6.654230000000000089e+00 2.524210929870605469e+00
6.662592000000000070e+00 2.524210929870605469e+00
6.668655000000000221e+00 2.519036293029785156e+00
6.672697999999999574e+00 2.524210929870605469e+00
6.678653999999999868e+00 2.529385566711425781e+00
6.684618000000000393e+00 2.529385566711425781e+00
6.690466999999999942e+00 2.524210929870605469e+00
6.696348000000000411e+00 2.529385566711425781e+00
6.702336999999999989e+00 2.529385566711425781e+00
6.708312000000000275e+00 2.529385566711425781e+00
6.714178999999999675e+00 2.529385566711425781e+00
6.720189000000000412e+00 2.529385566711425781e+00
6.724281000000000397e+00 2.529385566711425781e+00
6.730273999999999646e+00 2.524210929870605469e+00
6.736216999999999899e+00 2.524210929870605469e+00
6.740300000000000402e+00 2.524210929870605469e+00
6.746197000000000443e+00 2.524210929870605469e+00
6.752197999999999922e+00 2.519036293029785156e+00
6.758163999999999838e+00 2.519036293029785156e+00
6.764086999999999961e+00 2.519036293029785156e+00
6.770139999999999603e+00 2.519036293029785156e+00
6.776469999999999771e+00 2.524210929870605469e+00
6.785309999999999953e+00 2.524210929870605469e+00
6.791243999999999836e+00 2.529385566711425781e+00
6.797234999999999694e+00 2.529385566711425781e+00
6.803234999999999921e+00 2.529385566711425781e+00
6.809231999999999729e+00 2.529385566711425781e+00
6.815223999999999727e+00 2.534560203552246094e+00
6.821176000000000350e+00 2.529385566711425781e+00
6.827180000000000248e+00 2.529385566711425781e+00
6.833128999999999564e+00 2.519036293029785156e+00
6.839166999999999774e+00 2.519036293029785156e+00
6.845241999999999827e+00 2.519036293029785156e+00
6.851232000000000433e+00 2.519036293029785156e+00
6.857180999999999749e+00 2.519036293029785156e+00
6.863150000000000084e+00 2.519036293029785156e+00
6.869172999999999973e+00 2.519036293029785156e+00
6.875224000000000224e+00 2.529385566711425781e+00
6.881173999999999680e+00 2.529385566711425781e+00
6.887165999999999677e+00 2.529385566711425781e+00
6.895945000000000213e+00 2.534560203552246094e+00
6.902230000000000310e+00 2.529385566711425781e+00
6.908337999999999646e+00 2.529385566711425781e+00
6.914296000000000220e+00 2.529385566711425781e+00
6.920341999999999771e+00 2.529385566711425781e+00
6.926345999999999670e+00 2.524210929870605469e+00
6.932325999999999766e+00 2.519036293029785156e+00
6.938362999999999836e+00 2.519036293029785156e+00
6.942439000000000249e+00 2.519036293029785156e+00
6.948470999999999620e+00 2.519036293029785156e+00
6.954507000000000438e+00 2.519036293029785156e+00
6.960479999999999556e+00 2.524210929870605469e+00
6.966512999999999955e+00 2.519036293029785156e+00
6.972595000000000098e+00 2.524210929870605469e+00
6.978644000000000069e+00 2.529385566711425781e+00
6.984678999999999860e+00 2.529385566711425781e+00
6.990657999999999817e+00 2.529385566711425781e+00
6.996648000000000422e+00 2.529385566711425781e+00
7.002658000000000271e+00 2.529385566711425781e+00
7.011468999999999951e+00 2.524210929870605469e+00
7.017847999999999864e+00 2.524210929870605469e+00
7.023830000000000240e+00 2.529385566711425781e+00
7.029982999999999649e+00 2.519036293029785156e+00
7.036054000000000030e+00 2.519036293029785156e+00
7.042040000000000077e+00 2.524210929870605469e+00
7.048138999999999932e+00 2.524210929870605469e+00
7.052228999999999637e+00 2.524210929870605469e+00
7.058303999999999689e+00 2.524210929870605469e+00
7.064388000000000112e+00 2.524210929870605469e+00
7.070513000000000048e+00 2.524210929870605469e+00
7.076512000000000135e+00 2.529385566711425781e+00
7.080657000000000423e+00 2.524210929870605469e+00
7.086662999999999712e+00 2.529385566711425781e+00
7.092753000000000085e+00 2.529385566711425781e+00
7.098797000000000246e+00 2.524210929870605469e+00
7.104913999999999952e+00 2.524210929870605469e+00
7.110978000000000243e+00 2.529385566711425781e+00
7.117009999999999614e+00 2.524210929870605469e+00
7.125536999999999566e+00 2.529385566711425781e+00
7.131643000000000399e+00 2.519036293029785156e+00
7.137749999999999595e+00 2.524210929870605469e+00
7.143817999999999557e+00 2.524210929870605469e+00
7.148033999999999999e+00 2.524210929870605469e+00
7.154096000000000011e+00 2.529385566711425781e+00
7.160243999999999609e+00 2.524210929870605469e+00
7.166354000000000113e+00 2.519036293029785156e+00
7.172437000000000396e+00 2.519036293029785156e+00
7.178525999999999740e+00 2.524210929870605469e+00
7.182673000000000307e+00 2.524210929870605469e+00
7.186886999999999581e+00 2.529385566711425781e+00
7.192988999999999855e+00 2.529385566711425781e+00
7.199107999999999841e+00 2.529385566711425781e+00
7.205210000000000115e+00 2.529385566711425781e+00
7.211325000000000429e+00 2.529385566711425781e+00
7.217475999999999559e+00 2.529385566711425781e+00
7.223633000000000415e+00 2.529385566711425781e+00
7.229777999999999594e+00 2.524210929870605469e+00
7.235956999999999972e+00 2.524210929870605469e+00
7.244614999999999583e+00 2.524210929870605469e+00
7.250981000000000343e+00 2.519036293029785156e+00
7.260691999999999702e+00 2.519036293029785156e+00
7.272395999999999638e+00 2.519036293029785156e+00
7.278934999999999711e+00 2.529385566711425781e+00
7.286273999999999695e+00 2.529385566711425781e+00
7.290443999999999924e+00 2.529385566711425781e+00
7.296558000000000099e+00 2.529385566711425781e+00
7.304251999999999967e+00 2.529385566711425781e+00
7.310747000000000106e+00 2.529385566711425781e+00
7.317098999999999798e+00 2.529385566711425781e+00
7.323787000000000269e+00 2.529385566711425781e+00
7.330143999999999771e+00 2.524210929870605469e+00
7.336371999999999893e+00 2.519036293029785156e+00
7.342519000000000240e+00 2.519036293029785156e+00
7.348727000000000231e+00 2.513861656188964844e+00
7.355070000000000441e+00 2.519036293029785156e+00
7.363603999999999594e+00 2.519036293029785156e+00
7.370203000000000060e+00 2.519036293029785156e+00
7.376314999999999955e+00 2.524210929870605469e+00
7.380435000000000301e+00 2.529385566711425781e+00
7.386600999999999750e+00 2.529385566711425781e+00
7.392725000000000435e+00 2.529385566711425781e+00
7.398902999999999786e+00 2.529385566711425781e+00
7.405066999999999844e+00 2.529385566711425781e+00
7.411208000000000240e+00 2.534560203552246094e+00
7.417349999999999888e+00 2.529385566711425781e+00
7.423472000000000293e+00 2.524210929870605469e+00
7.429771999999999821e+00 2.519036293029785156e+00
7.435933000000000348e+00 2.519036293029785156e+00
7.440097999999999878e+00 2.519036293029785156e+00
7.446324999999999861e+00 2.519036293029785156e+00
7.452473000000000347e+00 2.519036293029785156e+00
7.458673000000000108e+00 2.519036293029785156e+00
7.464898999999999951e+00 2.524210929870605469e+00
7.471083000000000141e+00 2.524210929870605469e+00
7.482122999999999635e+00 2.529385566711425781e+00
7.488566999999999751e+00 2.529385566711425781e+00
7.494791000000000203e+00 2.529385566711425781e+00
7.500982999999999734e+00 2.534560203552246094e+00
7.507191999999999865e+00 2.524210929870605469e+00
7.513347000000000442e+00 2.529385566711425781e+00
7.519688000000000372e+00 2.529385566711425781e+00
7.525948999999999778e+00 2.524210929870605469e+00
7.532113999999999976e+00 2.519036293029785156e+00
7.538370999999999711e+00 2.519036293029785156e+00
7.544627000000000194e+00 2.524210929870605469e+00
7.550799999999999734e+00 2.524210929870605469e+00
7.557038999999999618e+00 2.519036293029785156e+00
7.561257000000000339e+00 2.524210929870605469e+00
7.567492999999999803e+00 2.524210929870605469e+00
7.571685999999999694e+00 2.524210929870605469e+00
7.577923000000000187e+00 2.529385566711425781e+00
7.584120000000000417e+00 2.529385566711425781e+00
7.592735000000000234e+00 2.529385566711425781e+00
7.599299000000000248e+00 2.524210929870605469e+00
7.605569000000000024e+00 2.529385566711425781e+00
7.611769999999999925e+00 2.529385566711425781e+00
7.616035000000000110e+00 2.524210929870605469e+00
7.622256000000000142e+00 2.524210929870605469e+00
7.628546000000000049e+00 2.524210929870605469e+00
7.634826000000000334e+00 2.524210929870605469e+00
7.641160000000000174e+00 2.524210929870605469e+00
7.647384999999999877e+00 2.529385566711425781e+00
7.653583000000000247e+00 2.524210929870605469e+00
7.659908999999999857e+00 2.524210929870605469e+00
7.666231999999999935e+00 2.524210929870605469e+00
7.672462999999999589e+00 2.519036293029785156e+00
7.678723999999999883e+00 2.524210929870605469e+00
7.684998000000000218e+00 2.529385566711425781e+00
7.691335999999999729e+00 2.529385566711425781e+00
7.697657999999999667e+00 2.669099807739257812e+00
7.703960999999999615e+00 3.057194709777832031e+00
7.712652000000000285e+00 4.795857429504394531e+00
7.719292000000000264e+00 4.795857429504394531e+00
7.725859999999999950e+00 4.790682792663574219e+00
7.732126000000000055e+00 4.790682792663574219e+00
7.738463000000000314e+00 4.785508155822753906e+00
7.744792000000000343e+00 4.790682792663574219e+00
7.751041999999999987e+00 4.790682792663574219e+00
7.755266999999999911e+00 4.790682792663574219e+00
7.761589999999999989e+00 4.790682792663574219e+00
7.767934999999999590e+00 4.785508155822753906e+00
7.774230000000000196e+00 4.785508155822753906e+00
7.780542999999999765e+00 4.790682792663574219e+00
7.786887000000000114e+00 4.795857429504394531e+00
7.793231999999999715e+00 4.795857429504394531e+00
7.799570000000000114e+00 4.795857429504394531e+00
7.805901999999999674e+00 4.790682792663574219e+00
7.812216000000000271e+00 4.790682792663574219e+00
7.818566999999999823e+00 4.795857429504394531e+00
7.825370000000000381e+00 4.790682792663574219e+00
7.834316000000000280e+00 4.790682792663574219e+00
7.840906999999999627e+00 4.785508155822753906e+00
7.847229999999999706e+00 4.785508155822753906e+00
7.851455999999999769e+00 4.785508155822753906e+00
7.857831000000000010e+00 4.785508155822753906e+00
7.862026000000000181e+00 4.790682792663574219e+00
7.868356000000000350e+00 4.785508155822753906e+00
7.874690000000000190e+00 4.790682792663574219e+00
7.881029999999999980e+00 4.795857429504394531e+00
7.887336999999999598e+00 4.795857429504394531e+00
7.893629999999999924e+00 4.795857429504394531e+00
7.900013999999999648e+00 4.795857429504394531e+00
7.906399999999999650e+00 4.795857429504394531e+00
7.912706000000000017e+00 4.795857429504394531e+00
7.919056000000000317e+00 4.795857429504394531e+00
7.925596999999999781e+00 4.785508155822753906e+00
7.932287999999999784e+00 4.790682792663574219e+00
7.938801999999999914e+00 4.785508155822753906e+00
7.946581000000000117e+00 4.785508155822753906e+00
7.953159999999999563e+00 4.790682792663574219e+00
7.958565000000000111e+00 4.790682792663574219e+00
7.965145999999999837e+00 4.790682792663574219e+00
7.970513000000000403e+00 4.790682792663574219e+00
7.974877000000000216e+00 4.795857429504394531e+00
7.979231999999999658e+00 4.795857429504394531e+00
7.985895000000000188e+00 4.795857429504394531e+00
7.991198999999999941e+00 4.790682792663574219e+00
7.995720999999999634e+00 4.795857429504394531e+00
8.000075999999999965e+00 4.795857429504394531e+00
8.004454000000000846e+00 4.790682792663574219e+00
8.008850999999999942e+00 4.790682792663574219e+00
8.015432999999999808e+00 4.795857429504394531e+00
8.020815999999999946e+00 4.790682792663574219e+00
8.027402000000000371e+00 4.790682792663574219e+00
8.032771000000000328e+00 4.790682792663574219e+00
8.037292000000000769e+00 4.785508155822753906e+00
