1.199999999999999895e-03 3.181384086608886719e+00
4.802999999999999978e-03 3.181384086608886719e+00
8.285000000000000697e-03 3.176210403442382812e+00
1.187599999999999940e-02 3.176210403442382812e+00
1.548399999999999950e-02 3.176210403442382812e+00
1.910399999999999945e-02 3.176210403442382812e+00
2.269399999999999890e-02 3.176210403442382812e+00
2.612599999999999992e-02 3.176210403442382812e+00
2.959399999999999878e-02 3.176210403442382812e+00
3.304200000000000192e-02 3.176210403442382812e+00
3.652899999999999897e-02 3.176210403442382812e+00
3.994000000000000328e-02 3.176210403442382812e+00
4.338700000000000195e-02 3.176210403442382812e+00
4.685600000000000181e-02 3.176210403442382812e+00
5.029600000000000043e-02 3.186558723449707031e+00
5.374299999999999911e-02 3.191733360290527344e+00
5.719699999999999784e-02 3.191733360290527344e+00
6.064499999999999752e-02 3.186558723449707031e+00
6.409600000000000020e-02 3.186558723449707031e+00
6.770800000000000429e-02 3.191733360290527344e+00
7.207600000000000118e-02 3.191733360290527344e+00
7.537599999999999856e-02 3.191733360290527344e+00
8.280300000000000160e-02 3.186558723449707031e+00
8.626399999999999346e-02 3.191733360290527344e+00
8.988200000000000356e-02 3.186558723449707031e+00
9.347099999999999853e-02 3.186558723449707031e+00
9.684500000000000053e-02 3.186558723449707031e+00
1.002549999999999969e-01 3.181384086608886719e+00
1.038830000000000031e-01 3.176210403442382812e+00
1.074719999999999981e-01 3.176210403442382812e+00
1.110769999999999952e-01 3.176210403442382812e+00
1.143710000000000004e-01 3.181384086608886719e+00
1.178239999999999982e-01 3.176210403442382812e+00
1.212889999999999940e-01 3.176210403442382812e+00
1.248820000000000069e-01 3.176210403442382812e+00
1.284909999999999941e-01 3.176210403442382812e+00
1.319390000000000007e-01 3.176210403442382812e+00
1.353840000000000043e-01 3.181384086608886719e+00
1.388330000000000120e-01 3.176210403442382812e+00
1.422899999999999998e-01 3.181384086608886719e+00
1.455869999999999942e-01 3.181384086608886719e+00
1.492080000000000073e-01 3.186558723449707031e+00
1.526379999999999959e-01 3.191733360290527344e+00
1.560920000000000085e-01 3.191733360290527344e+00
1.595550000000000024e-01 3.191733360290527344e+00
1.630040000000000100e-01 3.191733360290527344e+00
1.664370000000000016e-01 3.186558723449707031e+00
1.700440000000000007e-01 3.191733360290527344e+00
1.735099999999999976e-01 3.186558723449707031e+00
1.769509999999999972e-01 3.186558723449707031e+00
1.803929999999999978e-01 3.186558723449707031e+00
1.839909999999999879e-01 3.186558723449707031e+00
1.876559999999999895e-01 3.186558723449707031e+00
1.950699999999999934e-01 3.186558723449707031e+00
1.988350000000000117e-01 3.181384086608886719e+00
2.022879999999999956e-01 3.176210403442382812e+00
2.058919999999999917e-01 3.176210403442382812e+00
2.093420000000000003e-01 3.176210403442382812e+00
2.128069999999999962e-01 3.176210403442382812e+00
2.162389999999999868e-01 3.181384086608886719e+00
2.198440000000000116e-01 3.181384086608886719e+00
2.231360000000000010e-01 3.181384086608886719e+00
2.270570000000000088e-01 3.181384086608886719e+00
2.306350000000000067e-01 3.181384086608886719e+00
2.339539999999999953e-01 3.181384086608886719e+00
2.375619999999999954e-01 3.181384086608886719e+00
2.412610000000000032e-01 3.181384086608886719e+00
2.447570000000000023e-01 3.186558723449707031e+00
2.482280000000000042e-01 3.186558723449707031e+00
2.516829999999999901e-01 3.186558723449707031e+00
2.552699999999999969e-01 3.191733360290527344e+00
2.585609999999999853e-01 3.186558723449707031e+00
2.620109999999999939e-01 3.191733360290527344e+00
2.654599999999999738e-01 3.186558723449707031e+00
2.687579999999999969e-01 3.186558723449707031e+00
2.722069999999999768e-01 3.186558723449707031e+00
2.756629999999999914e-01 3.186558723449707031e+00
2.792729999999999935e-01 3.186558723449707031e+00
2.825730000000000186e-01 3.186558723449707031e+00
2.860730000000000217e-01 3.186558723449707031e+00
2.896739999999999871e-01 3.186558723449707031e+00
2.932699999999999751e-01 3.186558723449707031e+00
2.965780000000000083e-01 3.186558723449707031e+00
3.000070000000000237e-01 3.181384086608886719e+00
3.075789999999999913e-01 3.176210403442382812e+00
3.119850000000000123e-01 3.181384086608886719e+00
3.154170000000000029e-01 3.181384086608886719e+00
3.188690000000000135e-01 3.181384086608886719e+00
3.224910000000000276e-01 3.176210403442382812e+00
3.260799999999999810e-01 3.181384086608886719e+00
3.298380000000000201e-01 3.181384086608886719e+00
3.332959999999999812e-01 3.181384086608886719e+00
3.369050000000000100e-01 3.181384086608886719e+00
3.403579999999999939e-01 3.181384086608886719e+00
3.438080000000000025e-01 3.176210403442382812e+00
3.472509999999999764e-01 3.176210403442382812e+00
3.507020000000000137e-01 3.181384086608886719e+00
3.541469999999999896e-01 3.186558723449707031e+00
3.577710000000000057e-01 3.186558723449707031e+00
3.612170000000000103e-01 3.186558723449707031e+00
3.646550000000000069e-01 3.186558723449707031e+00
3.681249999999999800e-01 3.186558723449707031e+00
3.715539999999999954e-01 3.186558723449707031e+00
3.750000000000000000e-01 3.186558723449707031e+00
3.784680000000000266e-01 3.186558723449707031e+00
3.820939999999999892e-01 3.186558723449707031e+00
3.855410000000000226e-01 3.191733360290527344e+00
3.891519999999999979e-01 3.191733360290527344e+00
3.925779999999999825e-01 3.191733360290527344e+00
3.960520000000000151e-01 3.191733360290527344e+00
3.996770000000000045e-01 3.186558723449707031e+00
4.032689999999999886e-01 3.181384086608886719e+00
4.065779999999999950e-01 3.181384086608886719e+00
4.100340000000000096e-01 3.186558723449707031e+00
4.134479999999999822e-01 3.181384086608886719e+00
4.207380000000000009e-01 3.181384086608886719e+00
4.243419999999999970e-01 3.181384086608886719e+00
4.277920000000000056e-01 3.176210403442382812e+00
4.312599999999999767e-01 3.176210403442382812e+00
4.347159999999999913e-01 3.176210403442382812e+00
4.381430000000000047e-01 3.176210403442382812e+00
4.415899999999999825e-01 3.176210403442382812e+00
4.450580000000000092e-01 3.181384086608886719e+00
4.485009999999999830e-01 3.181384086608886719e+00
4.519440000000000124e-01 3.186558723449707031e+00
4.553900000000000170e-01 3.186558723449707031e+00
4.588439999999999741e-01 3.186558723449707031e+00
4.621430000000000260e-01 3.191733360290527344e+00
4.655869999999999731e-01 3.186558723449707031e+00
4.690360000000000085e-01 3.186558723449707031e+00
4.724920000000000231e-01 3.191733360290527344e+00
4.759760000000000102e-01 3.191733360290527344e+00
4.795800000000000063e-01 3.191733360290527344e+00
4.830240000000000089e-01 3.186558723449707031e+00
4.864789999999999948e-01 3.191733360290527344e+00
4.901010000000000089e-01 3.191733360290527344e+00
4.935129999999999795e-01 3.191733360290527344e+00
4.969970000000000221e-01 3.191733360290527344e+00
5.004330000000000167e-01 3.186558723449707031e+00
5.039050000000000473e-01 3.181384086608886719e+00
5.075089999999999879e-01 3.181384086608886719e+00
5.109380000000000033e-01 3.176210403442382812e+00
5.143870000000000386e-01 3.176210403442382812e+00
5.178509999999999502e-01 3.176210403442382812e+00
5.214590000000000058e-01 3.176210403442382812e+00
5.286939999999999973e-01 3.176210403442382812e+00
5.323090000000000321e-01 3.176210403442382812e+00
5.357950000000000212e-01 3.176210403442382812e+00
5.393799999999999706e-01 3.176210403442382812e+00
5.428460000000000507e-01 3.176210403442382812e+00
5.463029999999999831e-01 3.176210403442382812e+00
5.498939999999999939e-01 3.186558723449707031e+00
5.533400000000000540e-01 3.191733360290527344e+00
5.568140000000000311e-01 3.186558723449707031e+00
5.602399999999999602e-01 3.191733360290527344e+00
5.637119999999999909e-01 3.186558723449707031e+00
5.671620000000000550e-01 3.191733360290527344e+00
5.705879999999999841e-01 3.191733360290527344e+00
5.740840000000000387e-01 3.191733360290527344e+00
5.831969999999999654e-01 3.191733360290527344e+00
5.932140000000000191e-01 3.186558723449707031e+00
6.083250000000000046e-01 3.181384086608886719e+00
6.213130000000000042e-01 3.171035766601562500e+00
6.290670000000000428e-01 3.176210403442382812e+00
6.326889999999999459e-01 3.176210403442382812e+00
6.399869999999999726e-01 3.176210403442382812e+00
6.436250000000000027e-01 3.181384086608886719e+00
6.471019999999999550e-01 3.181384086608886719e+00
6.506870000000000154e-01 3.191733360290527344e+00
6.543139999999999512e-01 3.191733360290527344e+00
6.577370000000000161e-01 3.191733360290527344e+00
6.611850000000000227e-01 3.186558723449707031e+00
6.646379999999999511e-01 3.191733360290527344e+00
6.679669999999999774e-01 3.191733360290527344e+00
6.714189999999999880e-01 3.191733360290527344e+00
6.748699999999999699e-01 3.191733360290527344e+00
6.781669999999999643e-01 3.191733360290527344e+00
6.816179999999999461e-01 3.186558723449707031e+00
6.850709999999999855e-01 3.186558723449707031e+00
6.886790000000000411e-01 3.186558723449707031e+00
6.922859999999999570e-01 3.186558723449707031e+00
6.959370000000000278e-01 3.186558723449707031e+00
6.996550000000000269e-01 3.181384086608886719e+00
7.031070000000000375e-01 3.181384086608886719e+00
7.065569999999999906e-01 3.171035766601562500e+00
7.100049999999999972e-01 3.176210403442382812e+00
7.134559999999999791e-01 3.176210403442382812e+00
7.167829999999999480e-01 3.181384086608886719e+00
7.203589999999999716e-01 3.181384086608886719e+00
7.238029999999999742e-01 3.181384086608886719e+00
7.272760000000000336e-01 3.186558723449707031e+00
7.308609999999999829e-01 3.186558723449707031e+00
7.341509999999999980e-01 3.186558723449707031e+00
7.376230000000000286e-01 3.186558723449707031e+00
7.410529999999999617e-01 3.181384086608886719e+00
7.478510000000000435e-01 3.181384086608886719e+00
7.514499999999999513e-01 3.191733360290527344e+00
7.550860000000000349e-01 3.191733360290527344e+00
7.586880000000000290e-01 3.191733360290527344e+00
7.622050000000000214e-01 3.191733360290527344e+00
7.656199999999999672e-01 3.186558723449707031e+00
7.692219999999999613e-01 3.186558723449707031e+00
7.726819999999999800e-01 3.191733360290527344e+00
7.759709999999999663e-01 3.186558723449707031e+00
7.795750000000000179e-01 3.186558723449707031e+00
7.830430000000000446e-01 3.191733360290527344e+00
7.864790000000000392e-01 3.186558723449707031e+00
7.901070000000000038e-01 3.191733360290527344e+00
7.936950000000000394e-01 3.191733360290527344e+00
7.971179999999999932e-01 3.186558723449707031e+00
8.005889999999999951e-01 3.181384086608886719e+00
8.040479999999999849e-01 3.176210403442382812e+00
8.074980000000000491e-01 3.181384086608886719e+00
8.110979999999999857e-01 3.181384086608886719e+00
8.145449999999999635e-01 3.181384086608886719e+00
8.179920000000000524e-01 3.186558723449707031e+00
8.214420000000000055e-01 3.186558723449707031e+00
8.248990000000000489e-01 3.181384086608886719e+00
8.283620000000000427e-01 3.181384086608886719e+00
8.317940000000000333e-01 3.181384086608886719e+00
8.352420000000000400e-01 3.186558723449707031e+00
8.387130000000000418e-01 3.181384086608886719e+00
8.421410000000000284e-01 3.181384086608886719e+00
8.455930000000000391e-01 3.181384086608886719e+00
8.490739999999999954e-01 3.181384086608886719e+00
8.530010000000000092e-01 3.186558723449707031e+00
8.596420000000000172e-01 3.186558723449707031e+00
8.629609999999999781e-01 3.186558723449707031e+00
8.663939999999999975e-01 3.186558723449707031e+00
8.699989999999999668e-01 3.191733360290527344e+00
8.734709999999999974e-01 3.186558723449707031e+00
8.770719999999999628e-01 3.186558723449707031e+00
8.806720000000000104e-01 3.191733360290527344e+00
8.842640000000000500e-01 3.186558723449707031e+00
8.878700000000000481e-01 3.186558723449707031e+00
8.911660000000000137e-01 3.191733360290527344e+00
8.946129999999999916e-01 3.191733360290527344e+00
8.978869999999999907e-01 3.191733360290527344e+00
9.013560000000000461e-01 3.186558723449707031e+00
9.048070000000000279e-01 3.186558723449707031e+00
9.082559999999999523e-01 3.181384086608886719e+00
9.115480000000000249e-01 3.181384086608886719e+00
9.150279999999999525e-01 3.186558723449707031e+00
9.184710000000000374e-01 3.186558723449707031e+00
9.217490000000000405e-01 3.181384086608886719e+00
9.252010000000000511e-01 3.186558723449707031e+00
9.286699999999999955e-01 3.186558723449707031e+00
9.322740000000000471e-01 3.176210403442382812e+00
9.358659999999999757e-01 3.176210403442382812e+00
9.394719999999999738e-01 3.176210403442382812e+00
9.430819999999999759e-01 3.176210403442382812e+00
9.463730000000000198e-01 3.176210403442382812e+00
9.498259999999999481e-01 3.186558723449707031e+00
9.531500000000000528e-01 3.186558723449707031e+00
9.566470000000000251e-01 3.191733360290527344e+00
9.600760000000000405e-01 3.191733360290527344e+00
9.633469999999999533e-01 3.191733360290527344e+00
9.706179999999999808e-01 3.186558723449707031e+00
9.742290000000000116e-01 3.191733360290527344e+00
9.776799999999999935e-01 3.191733360290527344e+00
9.813070000000000404e-01 3.191733360290527344e+00
9.849080000000000057e-01 3.191733360290527344e+00
9.883370000000000211e-01 3.191733360290527344e+00
9.917859999999999454e-01 3.191733360290527344e+00
9.952379999999999560e-01 3.191733360290527344e+00
9.985079999999999512e-01 3.191733360290527344e+00
1.002785999999999955e+00 3.186558723449707031e+00
1.006820999999999966e+00 3.181384086608886719e+00
1.010729999999999906e+00 3.186558723449707031e+00
1.014629999999999921e+00 3.181384086608886719e+00
1.018610000000000015e+00 3.181384086608886719e+00
1.022531000000000079e+00 3.181384086608886719e+00
1.026421000000000028e+00 3.181384086608886719e+00
1.030364999999999975e+00 3.181384086608886719e+00
1.034243999999999941e+00 3.181384086608886719e+00
1.038172000000000095e+00 3.176210403442382812e+00
1.042062999999999962e+00 3.181384086608886719e+00
1.045952999999999911e+00 3.181384086608886719e+00
1.049933000000000005e+00 3.181384086608886719e+00
1.053828999999999905e+00 3.186558723449707031e+00
1.057752999999999943e+00 3.186558723449707031e+00
1.061647999999999925e+00 3.191733360290527344e+00
1.065549999999999997e+00 3.191733360290527344e+00
1.069501000000000035e+00 3.191733360290527344e+00
1.073660999999999976e+00 3.191733360290527344e+00
1.081417999999999990e+00 3.186558723449707031e+00
1.085607999999999906e+00 3.191733360290527344e+00
1.089650999999999925e+00 3.191733360290527344e+00
1.093571999999999989e+00 3.191733360290527344e+00
1.097507000000000010e+00 3.191733360290527344e+00
1.101610999999999896e+00 3.181384086608886719e+00
1.105525000000000091e+00 3.181384086608886719e+00
1.109518000000000004e+00 3.181384086608886719e+00
1.113436000000000092e+00 3.181384086608886719e+00
1.117424999999999891e+00 3.176210403442382812e+00
1.121410000000000018e+00 3.176210403442382812e+00
1.125361999999999973e+00 3.176210403442382812e+00
1.129340000000000011e+00 3.181384086608886719e+00
1.133278999999999925e+00 3.181384086608886719e+00
1.137294999999999945e+00 3.176210403442382812e+00
1.141259999999999941e+00 3.181384086608886719e+00
1.145208999999999921e+00 3.186558723449707031e+00
1.149224000000000023e+00 3.186558723449707031e+00
1.153183999999999987e+00 3.186558723449707031e+00
1.157245999999999997e+00 3.191733360290527344e+00
1.161200000000000010e+00 3.191733360290527344e+00
1.165160999999999891e+00 3.191733360290527344e+00
1.169178999999999968e+00 3.191733360290527344e+00
1.173192000000000013e+00 3.191733360290527344e+00
1.177227999999999941e+00 3.191733360290527344e+00
1.181203999999999921e+00 3.191733360290527344e+00
1.185173000000000032e+00 3.186558723449707031e+00
1.189321000000000073e+00 3.186558723449707031e+00
1.197078000000000086e+00 3.186558723449707031e+00
1.201351999999999975e+00 3.181384086608886719e+00
1.205370999999999970e+00 3.181384086608886719e+00
1.209411000000000014e+00 3.176210403442382812e+00
1.213397000000000059e+00 3.176210403442382812e+00
1.217467000000000077e+00 3.176210403442382812e+00
1.221527999999999947e+00 3.176210403442382812e+00
1.225551000000000057e+00 3.181384086608886719e+00
1.229633999999999894e+00 3.181384086608886719e+00
1.233633999999999897e+00 3.181384086608886719e+00
1.237645000000000106e+00 3.181384086608886719e+00
1.241670000000000051e+00 3.181384086608886719e+00
1.245683000000000096e+00 3.186558723449707031e+00
1.249757999999999925e+00 3.191733360290527344e+00
1.253772000000000109e+00 3.191733360290527344e+00
1.257846000000000020e+00 3.186558723449707031e+00
1.261870000000000047e+00 3.196907997131347656e+00
1.265895999999999910e+00 3.191733360290527344e+00
1.270032999999999967e+00 3.191733360290527344e+00
1.274099000000000093e+00 3.186558723449707031e+00
1.278143999999999947e+00 3.186558723449707031e+00
1.282172000000000089e+00 3.191733360290527344e+00
1.286213000000000051e+00 3.191733360290527344e+00
1.290389999999999926e+00 3.191733360290527344e+00
1.294432000000000027e+00 3.191733360290527344e+00
1.298461000000000087e+00 3.186558723449707031e+00
1.302559000000000022e+00 3.181384086608886719e+00
1.314283000000000090e+00 3.181384086608886719e+00
1.318556999999999979e+00 3.181384086608886719e+00
1.322756999999999961e+00 3.181384086608886719e+00
1.326910000000000034e+00 3.186558723449707031e+00
1.330962999999999896e+00 3.186558723449707031e+00
1.335028000000000103e+00 3.186558723449707031e+00
1.339218999999999937e+00 3.181384086608886719e+00
1.343318999999999930e+00 3.181384086608886719e+00
1.347495000000000109e+00 3.186558723449707031e+00
1.351564999999999905e+00 3.186558723449707031e+00
1.355669000000000013e+00 3.191733360290527344e+00
1.359817999999999971e+00 3.186558723449707031e+00
1.363879999999999981e+00 3.191733360290527344e+00
1.367988999999999900e+00 3.191733360290527344e+00
1.372114000000000056e+00 3.186558723449707031e+00
1.376209000000000016e+00 3.186558723449707031e+00
1.380387000000000031e+00 3.191733360290527344e+00
1.384481000000000073e+00 3.186558723449707031e+00
1.388598999999999917e+00 3.186558723449707031e+00
1.392703000000000024e+00 3.191733360290527344e+00
1.396892999999999940e+00 3.191733360290527344e+00
1.400995999999999908e+00 3.186558723449707031e+00
1.405283000000000060e+00 3.181384086608886719e+00
1.409453000000000067e+00 3.181384086608886719e+00
1.413564000000000043e+00 3.181384086608886719e+00
1.417688000000000059e+00 3.181384086608886719e+00
1.421837999999999935e+00 3.181384086608886719e+00
1.426331999999999933e+00 3.186558723449707031e+00
1.434423000000000004e+00 3.181384086608886719e+00
1.438806000000000029e+00 3.181384086608886719e+00
1.442957999999999963e+00 3.181384086608886719e+00
1.447167000000000092e+00 3.181384086608886719e+00
1.451314999999999911e+00 3.186558723449707031e+00
1.455440999999999985e+00 3.186558723449707031e+00
1.459654999999999925e+00 3.186558723449707031e+00
1.463800999999999908e+00 3.191733360290527344e+00
1.467975999999999948e+00 3.191733360290527344e+00
1.472134000000000054e+00 3.191733360290527344e+00
1.476296999999999970e+00 3.186558723449707031e+00
1.480542000000000025e+00 3.191733360290527344e+00
1.484690999999999983e+00 3.191733360290527344e+00
1.488947999999999938e+00 3.191733360290527344e+00
1.493120999999999921e+00 3.191733360290527344e+00
1.497373999999999983e+00 3.191733360290527344e+00
1.501568000000000014e+00 3.186558723449707031e+00
1.505819999999999936e+00 3.181384086608886719e+00
1.510091000000000072e+00 3.181384086608886719e+00
1.514267000000000030e+00 3.181384086608886719e+00
1.518456000000000028e+00 3.181384086608886719e+00
1.522702000000000000e+00 3.181384086608886719e+00
1.526969999999999938e+00 3.176210403442382812e+00
1.531149000000000093e+00 3.176210403442382812e+00
1.535323999999999911e+00 3.181384086608886719e+00
1.539633000000000029e+00 3.176210403442382812e+00
1.547876999999999947e+00 3.181384086608886719e+00
1.552459000000000033e+00 3.186558723449707031e+00
1.556764999999999954e+00 3.186558723449707031e+00
1.560996000000000050e+00 3.186558723449707031e+00
1.565217000000000080e+00 3.191733360290527344e+00
1.569523000000000001e+00 3.191733360290527344e+00
1.573765000000000081e+00 3.191733360290527344e+00
1.578432999999999975e+00 3.191733360290527344e+00
1.590162000000000075e+00 3.191733360290527344e+00
1.602195000000000036e+00 3.186558723449707031e+00
1.619394999999999918e+00 3.176210403442382812e+00
1.629709999999999992e+00 3.176210403442382812e+00
1.639515000000000056e+00 3.176210403442382812e+00
1.651982999999999979e+00 3.191733360290527344e+00
1.660968000000000000e+00 3.191733360290527344e+00
1.665621999999999936e+00 3.186558723449707031e+00
1.670079000000000091e+00 3.191733360290527344e+00
1.674334999999999907e+00 3.191733360290527344e+00
1.678638000000000075e+00 3.191733360290527344e+00
1.682905000000000095e+00 3.191733360290527344e+00
1.687243999999999966e+00 3.186558723449707031e+00
1.691494000000000053e+00 3.186558723449707031e+00
1.695759000000000016e+00 3.191733360290527344e+00
1.700118000000000018e+00 3.181384086608886719e+00
1.704417000000000071e+00 3.186558723449707031e+00
1.708822000000000063e+00 3.176210403442382812e+00
1.713489000000000040e+00 3.176210403442382812e+00
1.716987000000000041e+00 3.176210403442382812e+00
1.721500999999999948e+00 3.176210403442382812e+00
1.724958999999999909e+00 3.176210403442382812e+00
1.729548000000000085e+00 3.186558723449707031e+00
1.734067999999999943e+00 3.181384086608886719e+00
1.738591999999999915e+00 3.186558723449707031e+00
1.743279000000000023e+00 3.181384086608886719e+00
1.747873000000000010e+00 3.181384086608886719e+00
1.752567999999999904e+00 3.191733360290527344e+00
1.757103999999999999e+00 3.191733360290527344e+00
1.761803000000000008e+00 3.191733360290527344e+00
1.766291999999999973e+00 3.191733360290527344e+00
1.774774999999999991e+00 3.191733360290527344e+00
1.779566999999999899e+00 3.191733360290527344e+00
1.783903999999999934e+00 3.186558723449707031e+00
1.788270999999999944e+00 3.186558723449707031e+00
1.792626999999999970e+00 3.186558723449707031e+00
1.797025000000000095e+00 3.191733360290527344e+00
1.801368000000000080e+00 3.181384086608886719e+00
1.805690000000000017e+00 3.176210403442382812e+00
1.810108000000000050e+00 3.181384086608886719e+00
1.814494000000000051e+00 3.181384086608886719e+00
1.818902999999999937e+00 3.181384086608886719e+00
1.823317000000000077e+00 3.186558723449707031e+00
1.827368000000000103e+00 3.181384086608886719e+00
1.831042000000000058e+00 3.181384086608886719e+00
1.834718000000000071e+00 3.181384086608886719e+00
1.838410000000000100e+00 3.181384086608886719e+00
1.842087000000000030e+00 3.181384086608886719e+00
1.845769999999999911e+00 3.181384086608886719e+00
1.849520999999999971e+00 3.186558723449707031e+00
1.853199000000000041e+00 3.186558723449707031e+00
1.856932000000000027e+00 3.186558723449707031e+00
1.860598999999999892e+00 3.186558723449707031e+00
1.864270000000000094e+00 3.186558723449707031e+00
1.867974000000000023e+00 3.191733360290527344e+00
1.871658999999999962e+00 3.186558723449707031e+00
1.875339000000000089e+00 3.186558723449707031e+00
1.879097000000000017e+00 3.186558723449707031e+00
1.882781999999999956e+00 3.191733360290527344e+00
1.889364000000000043e+00 3.186558723449707031e+00
1.893262000000000000e+00 3.186558723449707031e+00
1.897024000000000044e+00 3.196907997131347656e+00
1.900724999999999998e+00 3.186558723449707031e+00
1.904425999999999952e+00 3.186558723449707031e+00
1.908150999999999931e+00 3.186558723449707031e+00
1.911858000000000057e+00 3.181384086608886719e+00
1.915607999999999977e+00 3.181384086608886719e+00
1.919361000000000095e+00 3.181384086608886719e+00
1.923059999999999992e+00 3.181384086608886719e+00
1.926828999999999903e+00 3.181384086608886719e+00
1.930536999999999948e+00 3.186558723449707031e+00
1.934236000000000066e+00 3.186558723449707031e+00
1.937971000000000110e+00 3.186558723449707031e+00
1.941715000000000080e+00 3.181384086608886719e+00
1.945430999999999910e+00 3.181384086608886719e+00
1.949305000000000065e+00 3.186558723449707031e+00
1.953038999999999970e+00 3.186558723449707031e+00
1.956828999999999930e+00 3.186558723449707031e+00
1.960558999999999941e+00 3.186558723449707031e+00
1.964277999999999968e+00 3.191733360290527344e+00
1.968023999999999996e+00 3.191733360290527344e+00
1.971769000000000105e+00 3.191733360290527344e+00
1.975505999999999984e+00 3.186558723449707031e+00
1.979292999999999969e+00 3.191733360290527344e+00
1.983130000000000059e+00 3.191733360290527344e+00
1.986920999999999937e+00 3.191733360290527344e+00
1.990660000000000096e+00 3.191733360290527344e+00
1.994396000000000058e+00 3.191733360290527344e+00
1.998372000000000037e+00 3.191733360290527344e+00
2.006238000000000188e+00 3.181384086608886719e+00
2.010267999999999944e+00 3.186558723449707031e+00
2.014038999999999913e+00 3.181384086608886719e+00
2.017860999999999905e+00 3.181384086608886719e+00
2.021616999999999997e+00 3.181384086608886719e+00
2.025377000000000205e+00 3.176210403442382812e+00
2.029233000000000064e+00 3.176210403442382812e+00
2.032990999999999993e+00 3.176210403442382812e+00
2.036805999999999894e+00 3.181384086608886719e+00
2.040556000000000036e+00 3.176210403442382812e+00
2.044313999999999965e+00 3.176210403442382812e+00
2.048112999999999850e+00 3.181384086608886719e+00
2.051879000000000008e+00 3.186558723449707031e+00
2.055645000000000167e+00 3.186558723449707031e+00
2.059558000000000000e+00 3.186558723449707031e+00
2.063328999999999969e+00 3.191733360290527344e+00
2.067152000000000100e+00 3.191733360290527344e+00
2.070929000000000020e+00 3.191733360290527344e+00
2.074734999999999996e+00 3.191733360290527344e+00
2.078609999999999847e+00 3.191733360290527344e+00
2.082392000000000021e+00 3.191733360290527344e+00
2.086171000000000220e+00 3.191733360290527344e+00
2.090024999999999800e+00 3.191733360290527344e+00
2.093789999999999818e+00 3.191733360290527344e+00
2.097589000000000148e+00 3.191733360290527344e+00
2.101372000000000018e+00 3.186558723449707031e+00
2.105151000000000217e+00 3.181384086608886719e+00
2.109017999999999837e+00 3.176210403442382812e+00
2.112891999999999992e+00 3.176210403442382812e+00
2.119193999999999800e+00 3.176210403442382812e+00
2.123482000000000092e+00 3.181384086608886719e+00
2.127365000000000173e+00 3.181384086608886719e+00
2.131174999999999820e+00 3.176210403442382812e+00
2.134978999999999960e+00 3.181384086608886719e+00
2.138854999999999951e+00 3.176210403442382812e+00
2.142659999999999787e+00 3.181384086608886719e+00
2.146484000000000059e+00 3.181384086608886719e+00
2.150312000000000001e+00 3.191733360290527344e+00
2.154119999999999813e+00 3.191733360290527344e+00
2.157973000000000141e+00 3.191733360290527344e+00
2.161811999999999845e+00 3.191733360290527344e+00
2.165627999999999886e+00 3.186558723449707031e+00
2.169500000000000206e+00 3.191733360290527344e+00
2.173322999999999894e+00 3.191733360290527344e+00
2.177248000000000072e+00 3.191733360290527344e+00
2.181067000000000089e+00 3.191733360290527344e+00
2.184892000000000056e+00 3.191733360290527344e+00
2.188788999999999874e+00 3.191733360290527344e+00
2.192610000000000170e+00 3.186558723449707031e+00
2.196432999999999858e+00 3.191733360290527344e+00
2.200301000000000062e+00 3.181384086608886719e+00
2.204130000000000145e+00 3.181384086608886719e+00
2.207994999999999930e+00 3.176210403442382812e+00
2.211838000000000193e+00 3.176210403442382812e+00
2.215664999999999996e+00 3.181384086608886719e+00
2.219552999999999887e+00 3.181384086608886719e+00
2.222608999999999835e+00 3.176210403442382812e+00
2.229279000000000011e+00 3.181384086608886719e+00
2.233303999999999956e+00 3.181384086608886719e+00
2.237210999999999839e+00 3.181384086608886719e+00
2.241073000000000093e+00 3.181384086608886719e+00
2.244936000000000043e+00 3.186558723449707031e+00
2.248852999999999991e+00 3.186558723449707031e+00
2.252721000000000195e+00 3.191733360290527344e+00
2.256583000000000006e+00 3.191733360290527344e+00
2.260524999999999896e+00 3.191733360290527344e+00
2.264397999999999911e+00 3.191733360290527344e+00
2.268263999999999836e+00 3.191733360290527344e+00
2.272136000000000156e+00 3.191733360290527344e+00
2.276027000000000022e+00 3.191733360290527344e+00
2.280022000000000215e+00 3.191733360290527344e+00
2.283891000000000115e+00 3.191733360290527344e+00
2.287777000000000172e+00 3.191733360290527344e+00
2.291657999999999973e+00 3.191733360290527344e+00
2.295526000000000177e+00 3.191733360290527344e+00
2.298630999999999869e+00 3.186558723449707031e+00
2.302507999999999999e+00 3.181384086608886719e+00
2.306381000000000014e+00 3.181384086608886719e+00
2.310318000000000094e+00 3.176210403442382812e+00
2.314198000000000199e+00 3.181384086608886719e+00
2.318090999999999902e+00 3.181384086608886719e+00
2.321982000000000212e+00 3.181384086608886719e+00
2.326020999999999894e+00 3.181384086608886719e+00
2.329997999999999791e+00 3.186558723449707031e+00
2.333886000000000127e+00 3.181384086608886719e+00
2.337806000000000051e+00 3.186558723449707031e+00
2.344125000000000014e+00 3.181384086608886719e+00
2.348206999999999933e+00 3.186558723449707031e+00
2.352120999999999906e+00 3.191733360290527344e+00
2.356024999999999814e+00 3.191733360290527344e+00
2.360081999999999791e+00 3.186558723449707031e+00
2.363996000000000208e+00 3.191733360290527344e+00
2.367917999999999967e+00 3.186558723449707031e+00
2.371840999999999866e+00 3.191733360290527344e+00
2.375785000000000036e+00 3.186558723449707031e+00
2.379793999999999965e+00 3.191733360290527344e+00
2.383731000000000044e+00 3.186558723449707031e+00
2.387662000000000173e+00 3.186558723449707031e+00
2.391582999999999792e+00 3.186558723449707031e+00
2.395529999999999937e+00 3.186558723449707031e+00
2.399516000000000204e+00 3.186558723449707031e+00
2.403437999999999963e+00 3.186558723449707031e+00
2.407449000000000172e+00 3.181384086608886719e+00
2.411404000000000103e+00 3.181384086608886719e+00
2.415325999999999862e+00 3.181384086608886719e+00
2.419331000000000120e+00 3.186558723449707031e+00
2.423271999999999871e+00 3.186558723449707031e+00
2.427344999999999864e+00 3.186558723449707031e+00
2.431302000000000074e+00 3.186558723449707031e+00
2.435236999999999874e+00 3.186558723449707031e+00
2.439261999999999819e+00 3.181384086608886719e+00
2.443207000000000129e+00 3.181384086608886719e+00
2.447200000000000042e+00 3.181384086608886719e+00
2.451217999999999897e+00 3.191733360290527344e+00
2.457628000000000146e+00 3.191733360290527344e+00
2.461895000000000167e+00 3.186558723449707031e+00
2.465857999999999883e+00 3.191733360290527344e+00
2.469885000000000108e+00 3.186558723449707031e+00
2.473841999999999874e+00 3.186558723449707031e+00
2.477860999999999869e+00 3.191733360290527344e+00
2.481825000000000170e+00 3.191733360290527344e+00
2.485786000000000051e+00 3.196907997131347656e+00
2.489809000000000161e+00 3.191733360290527344e+00
2.493767000000000067e+00 3.191733360290527344e+00
2.497739999999999849e+00 3.191733360290527344e+00
2.500779000000000085e+00 3.186558723449707031e+00
2.504741999999999802e+00 3.186558723449707031e+00
2.508814999999999795e+00 3.181384086608886719e+00
2.512789000000000161e+00 3.186558723449707031e+00
2.516820000000000057e+00 3.186558723449707031e+00
2.520791000000000004e+00 3.186558723449707031e+00
2.524760000000000115e+00 3.186558723449707031e+00
2.529023000000000021e+00 3.181384086608886719e+00
2.533879999999999910e+00 3.176210403442382812e+00
2.538867000000000207e+00 3.176210403442382812e+00
2.543911000000000033e+00 3.176210403442382812e+00
2.549040999999999890e+00 3.181384086608886719e+00
2.553694999999999826e+00 3.186558723449707031e+00
2.558894000000000002e+00 3.186558723449707031e+00
2.567314000000000096e+00 3.191733360290527344e+00
2.572512999999999828e+00 3.191733360290527344e+00
2.577326999999999924e+00 3.191733360290527344e+00
2.583895000000000053e+00 3.191733360290527344e+00
2.592067999999999817e+00 3.191733360290527344e+00
2.606209000000000220e+00 3.186558723449707031e+00
2.616103999999999985e+00 3.181384086608886719e+00
2.634008000000000127e+00 3.176210403442382812e+00
2.642279999999999962e+00 3.176210403442382812e+00
2.650266999999999928e+00 3.186558723449707031e+00
2.656512999999999902e+00 3.191733360290527344e+00
2.660639999999999894e+00 3.191733360290527344e+00
2.664646999999999988e+00 3.191733360290527344e+00
2.668813999999999798e+00 3.191733360290527344e+00
2.672836999999999907e+00 3.191733360290527344e+00
2.676969999999999850e+00 3.196907997131347656e+00
2.683326000000000100e+00 3.191733360290527344e+00
2.687533999999999867e+00 3.191733360290527344e+00
2.691571000000000158e+00 3.186558723449707031e+00
2.695647000000000126e+00 3.191733360290527344e+00
2.699777999999999789e+00 3.186558723449707031e+00
2.703799000000000063e+00 3.181384086608886719e+00
2.707876999999999867e+00 3.176210403442382812e+00
2.711052000000000017e+00 3.176210403442382812e+00
2.715108999999999995e+00 3.176210403442382812e+00
2.719231999999999871e+00 3.176210403442382812e+00
2.723273999999999972e+00 3.176210403442382812e+00
2.727395000000000014e+00 3.176210403442382812e+00
2.731433000000000000e+00 3.176210403442382812e+00
2.735476999999999936e+00 3.176210403442382812e+00
2.739790999999999865e+00 3.186558723449707031e+00
2.743860999999999883e+00 3.186558723449707031e+00
2.747926999999999786e+00 3.186558723449707031e+00
2.751984000000000208e+00 3.191733360290527344e+00
2.756034999999999791e+00 3.191733360290527344e+00
2.760264999999999969e+00 3.191733360290527344e+00
2.763417000000000012e+00 3.191733360290527344e+00
2.767555000000000209e+00 3.191733360290527344e+00
2.771618000000000137e+00 3.191733360290527344e+00
2.775688999999999851e+00 3.191733360290527344e+00
2.779832999999999998e+00 3.191733360290527344e+00
2.783903000000000016e+00 3.186558723449707031e+00
2.787977999999999845e+00 3.191733360290527344e+00
2.792037000000000102e+00 3.186558723449707031e+00
2.798712999999999784e+00 3.191733360290527344e+00
2.802849000000000146e+00 3.181384086608886719e+00
2.807011999999999841e+00 3.181384086608886719e+00
2.811087000000000113e+00 3.181384086608886719e+00
2.815173999999999843e+00 3.176210403442382812e+00
2.819329999999999892e+00 3.176210403442382812e+00
2.822480000000000100e+00 3.181384086608886719e+00
2.825619000000000103e+00 3.181384086608886719e+00
2.829797999999999814e+00 3.186558723449707031e+00
2.833874999999999922e+00 3.186558723449707031e+00
2.838286000000000087e+00 3.186558723449707031e+00
2.842458000000000151e+00 3.186558723449707031e+00
2.845626999999999907e+00 3.186558723449707031e+00
2.849785999999999930e+00 3.191733360290527344e+00
2.853925999999999963e+00 3.191733360290527344e+00
2.857063000000000130e+00 3.191733360290527344e+00
2.861183000000000032e+00 3.191733360290527344e+00
2.865280999999999967e+00 3.186558723449707031e+00
2.868510999999999811e+00 3.186558723449707031e+00
2.871655000000000069e+00 3.186558723449707031e+00
2.875751999999999864e+00 3.186558723449707031e+00
2.879963000000000051e+00 3.191733360290527344e+00
2.884085999999999927e+00 3.186558723449707031e+00
2.888208000000000109e+00 3.191733360290527344e+00
2.892325000000000035e+00 3.186558723449707031e+00
2.896552999999999933e+00 3.191733360290527344e+00
2.900719000000000047e+00 3.181384086608886719e+00
2.903850999999999960e+00 3.181384086608886719e+00
2.907976999999999812e+00 3.181384086608886719e+00
2.914531000000000205e+00 3.181384086608886719e+00
2.918813999999999798e+00 3.181384086608886719e+00
2.922949000000000019e+00 3.186558723449707031e+00
2.927179999999999893e+00 3.186558723449707031e+00
2.931335999999999942e+00 3.186558723449707031e+00
2.935477999999999810e+00 3.186558723449707031e+00
2.939719000000000193e+00 3.186558723449707031e+00
2.943903999999999854e+00 3.181384086608886719e+00
2.947108000000000061e+00 3.181384086608886719e+00
2.950231000000000048e+00 3.191733360290527344e+00
2.954365000000000130e+00 3.191733360290527344e+00
2.958536000000000055e+00 3.186558723449707031e+00
2.962769000000000208e+00 3.186558723449707031e+00
2.966992999999999991e+00 3.186558723449707031e+00
2.971162000000000081e+00 3.186558723449707031e+00
2.975321999999999800e+00 3.186558723449707031e+00
2.979604000000000141e+00 3.191733360290527344e+00
2.983767999999999976e+00 3.191733360290527344e+00
2.987963999999999842e+00 3.191733360290527344e+00
2.992132999999999932e+00 3.191733360290527344e+00
2.996354999999999880e+00 3.191733360290527344e+00
3.000576999999999828e+00 3.186558723449707031e+00
3.004760999999999793e+00 3.186558723449707031e+00
3.009008000000000127e+00 3.181384086608886719e+00
3.013243000000000116e+00 3.181384086608886719e+00
3.017478000000000105e+00 3.186558723449707031e+00
3.021656999999999815e+00 3.186558723449707031e+00
3.026139999999999830e+00 3.181384086608886719e+00
3.033205000000000151e+00 3.181384086608886719e+00
3.036417999999999839e+00 3.181384086608886719e+00
3.040706000000000131e+00 3.176210403442382812e+00
3.044910999999999923e+00 3.176210403442382812e+00
3.049154999999999838e+00 3.186558723449707031e+00
3.053333999999999993e+00 3.191733360290527344e+00
3.057592999999999783e+00 3.191733360290527344e+00
3.061836000000000002e+00 3.191733360290527344e+00
3.065043999999999880e+00 3.191733360290527344e+00
3.069294999999999884e+00 3.191733360290527344e+00
3.073488000000000220e+00 3.191733360290527344e+00
3.077747000000000011e+00 3.191733360290527344e+00
3.081955999999999918e+00 3.191733360290527344e+00
3.086155999999999899e+00 3.191733360290527344e+00
3.089427999999999841e+00 3.191733360290527344e+00
3.093630999999999798e+00 3.191733360290527344e+00
3.097894999999999843e+00 3.191733360290527344e+00
3.102107000000000170e+00 3.186558723449707031e+00
3.106314999999999937e+00 3.186558723449707031e+00
3.110577000000000147e+00 3.186558723449707031e+00
3.114784999999999915e+00 3.186558723449707031e+00
3.118028999999999940e+00 3.181384086608886719e+00
3.122240000000000126e+00 3.181384086608886719e+00
3.126469999999999860e+00 3.176210403442382812e+00
3.130843000000000043e+00 3.181384086608886719e+00
3.135066999999999826e+00 3.181384086608886719e+00
3.141846000000000139e+00 3.181384086608886719e+00
3.146656999999999815e+00 3.176210403442382812e+00
3.151053999999999800e+00 3.186558723449707031e+00
3.155422999999999867e+00 3.186558723449707031e+00
3.159837000000000007e+00 3.191733360290527344e+00
3.164206000000000074e+00 3.191733360290527344e+00
3.168699000000000154e+00 3.191733360290527344e+00
3.172963999999999896e+00 3.191733360290527344e+00
3.177535999999999916e+00 3.186558723449707031e+00
3.181856999999999935e+00 3.191733360290527344e+00
3.185306000000000193e+00 3.191733360290527344e+00
3.188765000000000072e+00 3.191733360290527344e+00
3.192044999999999799e+00 3.196907997131347656e+00
3.196524000000000143e+00 3.191733360290527344e+00
3.200950999999999880e+00 3.181384086608886719e+00
3.205475999999999992e+00 3.181384086608886719e+00
3.209842999999999780e+00 3.181384086608886719e+00
3.213290999999999897e+00 3.181384086608886719e+00
3.217781000000000002e+00 3.176210403442382812e+00
3.222027000000000196e+00 3.176210403442382812e+00
3.225470000000000059e+00 3.176210403442382812e+00
3.228924999999999823e+00 3.181384086608886719e+00
3.233427999999999969e+00 3.176210403442382812e+00
3.237817000000000167e+00 3.176210403442382812e+00
3.241267999999999816e+00 3.181384086608886719e+00
3.245836999999999861e+00 3.186558723449707031e+00
3.252590000000000092e+00 3.191733360290527344e+00
3.257219999999999782e+00 3.191733360290527344e+00
3.261563999999999908e+00 3.191733360290527344e+00
3.266084000000000209e+00 3.191733360290527344e+00
3.270595999999999837e+00 3.186558723449707031e+00
3.274040999999999979e+00 3.191733360290527344e+00
3.278575000000000017e+00 3.191733360290527344e+00
3.282925999999999789e+00 3.186558723449707031e+00
3.286369000000000096e+00 3.191733360290527344e+00
3.290957999999999828e+00 3.186558723449707031e+00
3.295274000000000036e+00 3.186558723449707031e+00
3.298735000000000195e+00 3.186558723449707031e+00
3.303236000000000061e+00 3.181384086608886719e+00
3.307631000000000210e+00 3.176210403442382812e+00
3.311074000000000073e+00 3.181384086608886719e+00
3.314522999999999886e+00 3.181384086608886719e+00
3.319137000000000004e+00 3.181384086608886719e+00
3.323414000000000090e+00 3.176210403442382812e+00
3.326871000000000134e+00 3.186558723449707031e+00
3.330311000000000021e+00 3.186558723449707031e+00
3.333756000000000164e+00 3.186558723449707031e+00
3.338312000000000168e+00 3.186558723449707031e+00
3.342699999999999783e+00 3.186558723449707031e+00
3.346153000000000155e+00 3.186558723449707031e+00
3.351011999999999880e+00 3.191733360290527344e+00
3.354268999999999945e+00 3.191733360290527344e+00
3.358623000000000136e+00 3.191733360290527344e+00
3.365342000000000056e+00 3.191733360290527344e+00
3.370038999999999785e+00 3.186558723449707031e+00
3.374403000000000041e+00 3.191733360290527344e+00
3.378846999999999934e+00 3.191733360290527344e+00
3.383205999999999936e+00 3.186558723449707031e+00
3.387649000000000132e+00 3.186558723449707031e+00
3.392012999999999945e+00 3.186558723449707031e+00
3.396386000000000127e+00 3.191733360290527344e+00
3.400816999999999979e+00 3.186558723449707031e+00
3.405193999999999832e+00 3.176210403442382812e+00
3.409603000000000161e+00 3.181384086608886719e+00
3.412910999999999806e+00 3.181384086608886719e+00
3.417351000000000028e+00 3.186558723449707031e+00
3.421739999999999782e+00 3.186558723449707031e+00
3.426108999999999849e+00 3.181384086608886719e+00
3.429485000000000117e+00 3.186558723449707031e+00
3.433835000000000193e+00 3.186558723449707031e+00
3.438207999999999931e+00 3.186558723449707031e+00
3.442572999999999883e+00 3.186558723449707031e+00
3.447004000000000179e+00 3.181384086608886719e+00
3.450594999999999857e+00 3.186558723449707031e+00
3.453899999999999970e+00 3.186558723449707031e+00
3.458269000000000037e+00 3.186558723449707031e+00
3.462642999999999915e+00 3.191733360290527344e+00
3.467067999999999817e+00 3.191733360290527344e+00
3.471454000000000040e+00 3.191733360290527344e+00
3.478600999999999832e+00 3.186558723449707031e+00
3.483321999999999807e+00 3.191733360290527344e+00
3.486683999999999894e+00 3.191733360290527344e+00
3.491093999999999919e+00 3.191733360290527344e+00
3.495480999999999838e+00 3.191733360290527344e+00
3.499991000000000074e+00 3.191733360290527344e+00
3.503168000000000060e+00 3.186558723449707031e+00
3.506461999999999968e+00 3.186558723449707031e+00
3.510931999999999942e+00 3.186558723449707031e+00
3.515327000000000091e+00 3.181384086608886719e+00
3.518647000000000080e+00 3.181384086608886719e+00
3.523032000000000163e+00 3.181384086608886719e+00
3.527506999999999948e+00 3.181384086608886719e+00
3.531915000000000138e+00 3.186558723449707031e+00
3.535236999999999963e+00 3.181384086608886719e+00
3.539679000000000020e+00 3.181384086608886719e+00
3.544083000000000094e+00 3.176210403442382812e+00
3.548502000000000045e+00 3.186558723449707031e+00
3.553179999999999783e+00 3.191733360290527344e+00
3.557787999999999951e+00 3.191733360290527344e+00
3.562301999999999857e+00 3.186558723449707031e+00
3.565681000000000100e+00 3.186558723449707031e+00
3.570177999999999852e+00 3.191733360290527344e+00
3.574600999999999917e+00 3.186558723449707031e+00
3.579095000000000137e+00 3.191733360290527344e+00
3.583508000000000138e+00 3.191733360290527344e+00
3.587161000000000044e+00 3.191733360290527344e+00
3.594460999999999906e+00 3.191733360290527344e+00
3.603493999999999975e+00 3.186558723449707031e+00
3.611915999999999904e+00 3.181384086608886719e+00
3.618384999999999962e+00 3.186558723449707031e+00
3.630993999999999833e+00 3.176210403442382812e+00
3.641668000000000127e+00 3.181384086608886719e+00
3.652721000000000107e+00 3.186558723449707031e+00
3.657639000000000085e+00 3.191733360290527344e+00
3.662228999999999957e+00 3.191733360290527344e+00
3.667047000000000168e+00 3.196907997131347656e+00
3.671450999999999798e+00 3.191733360290527344e+00
3.674889999999999990e+00 3.191733360290527344e+00
3.678504000000000218e+00 3.191733360290527344e+00
3.683202000000000087e+00 3.196907997131347656e+00
3.687702999999999953e+00 3.191733360290527344e+00
3.692413000000000167e+00 3.191733360290527344e+00
3.696905000000000108e+00 3.191733360290527344e+00
3.701621999999999968e+00 3.186558723449707031e+00
3.709613000000000049e+00 3.176210403442382812e+00
3.714922000000000057e+00 3.181384086608886719e+00
3.719282999999999895e+00 3.181384086608886719e+00
3.723983000000000043e+00 3.181384086608886719e+00
3.728517000000000081e+00 3.181384086608886719e+00
3.733239999999999892e+00 3.181384086608886719e+00
3.737713999999999981e+00 3.181384086608886719e+00
3.742449999999999832e+00 3.181384086608886719e+00
3.746912000000000020e+00 3.186558723449707031e+00
3.751651999999999987e+00 3.191733360290527344e+00
3.756111000000000200e+00 3.191733360290527344e+00
3.760841000000000101e+00 3.191733360290527344e+00
3.765334999999999877e+00 3.191733360290527344e+00
3.769963000000000175e+00 3.196907997131347656e+00
3.774497999999999909e+00 3.191733360290527344e+00
3.779141999999999779e+00 3.191733360290527344e+00
3.783767000000000102e+00 3.191733360290527344e+00
3.788321999999999967e+00 3.191733360290527344e+00
3.791669999999999874e+00 3.191733360290527344e+00
3.796215000000000117e+00 3.191733360290527344e+00
3.800901000000000085e+00 3.181384086608886719e+00
3.805432000000000148e+00 3.181384086608886719e+00
3.808844000000000118e+00 3.181384086608886719e+00
3.813522999999999996e+00 3.181384086608886719e+00
3.820561000000000096e+00 3.181384086608886719e+00
3.825238000000000138e+00 3.176210403442382812e+00
3.828644999999999854e+00 3.181384086608886719e+00
3.833206000000000113e+00 3.186558723449707031e+00
3.837823000000000206e+00 3.186558723449707031e+00
3.842373999999999956e+00 3.181384086608886719e+00
3.847001999999999811e+00 3.186558723449707031e+00
3.851567999999999881e+00 3.191733360290527344e+00
3.856215000000000170e+00 3.191733360290527344e+00
3.859844999999999970e+00 3.191733360290527344e+00
3.864406999999999925e+00 3.191733360290527344e+00
3.869064999999999976e+00 3.191733360290527344e+00
3.873616000000000170e+00 3.191733360290527344e+00
3.878197000000000116e+00 3.191733360290527344e+00
3.882763000000000186e+00 3.186558723449707031e+00
3.887392999999999876e+00 3.186558723449707031e+00
3.891963000000000061e+00 3.186558723449707031e+00
3.896546999999999983e+00 3.186558723449707031e+00
3.901228000000000140e+00 3.181384086608886719e+00
3.905801999999999996e+00 3.176210403442382812e+00
3.910426000000000180e+00 3.176210403442382812e+00
3.914984000000000020e+00 3.181384086608886719e+00
3.919626000000000055e+00 3.186558723449707031e+00
3.926867999999999803e+00 3.181384086608886719e+00
3.931567999999999952e+00 3.186558723449707031e+00
3.936161999999999939e+00 3.186558723449707031e+00
3.940834999999999866e+00 3.181384086608886719e+00
3.945440000000000058e+00 3.186558723449707031e+00
3.950203000000000131e+00 3.191733360290527344e+00
3.955006000000000022e+00 3.191733360290527344e+00
3.959680999999999784e+00 3.186558723449707031e+00
3.963074000000000208e+00 3.186558723449707031e+00
3.967830000000000190e+00 3.191733360290527344e+00
3.972443999999999864e+00 3.191733360290527344e+00
3.977069000000000187e+00 3.186558723449707031e+00
3.981692999999999927e+00 3.186558723449707031e+00
3.985074000000000005e+00 3.186558723449707031e+00
3.989738000000000007e+00 3.186558723449707031e+00
3.994359999999999911e+00 3.186558723449707031e+00
3.999033999999999978e+00 3.191733360290527344e+00
4.003658999999999857e+00 3.186558723449707031e+00
4.008261000000000074e+00 3.181384086608886719e+00
4.012889000000000372e+00 3.186558723449707031e+00
4.017652000000000001e+00 3.186558723449707031e+00
4.022319000000000422e+00 3.186558723449707031e+00
4.027224999999999611e+00 3.186558723449707031e+00
4.030654000000000181e+00 3.186558723449707031e+00
4.034084000000000003e+00 3.186558723449707031e+00
4.041555999999999926e+00 3.181384086608886719e+00
4.047952999999999690e+00 3.181384086608886719e+00
4.053219999999999601e+00 3.191733360290527344e+00
4.059321999999999875e+00 3.186558723449707031e+00
4.064397999999999733e+00 3.186558723449707031e+00
4.068786000000000236e+00 3.186558723449707031e+00
4.073005000000000209e+00 3.186558723449707031e+00
4.079095999999999833e+00 3.191733360290527344e+00
4.084328000000000181e+00 3.191733360290527344e+00
4.090499000000000329e+00 3.191733360290527344e+00
4.095667999999999864e+00 3.191733360290527344e+00
4.101627999999999830e+00 3.186558723449707031e+00
4.107455999999999996e+00 3.181384086608886719e+00
4.113202000000000247e+00 3.186558723449707031e+00
4.118971000000000160e+00 3.186558723449707031e+00
4.124718999999999802e+00 3.181384086608886719e+00
4.130533999999999928e+00 3.181384086608886719e+00
4.136269000000000418e+00 3.176210403442382812e+00
4.142155999999999949e+00 3.176210403442382812e+00
4.147094000000000058e+00 3.181384086608886719e+00
4.154136000000000273e+00 3.186558723449707031e+00
4.158838000000000257e+00 3.186558723449707031e+00
4.162480000000000402e+00 3.191733360290527344e+00
4.167210999999999999e+00 3.191733360290527344e+00
4.171865000000000379e+00 3.191733360290527344e+00
4.175303000000000431e+00 3.191733360290527344e+00
4.180015000000000036e+00 3.191733360290527344e+00
4.184658999999999907e+00 3.191733360290527344e+00
4.189400000000000013e+00 3.191733360290527344e+00
4.194058000000000064e+00 3.186558723449707031e+00
4.198733999999999966e+00 3.186558723449707031e+00
4.203390999999999877e+00 3.186558723449707031e+00
4.208051000000000208e+00 3.181384086608886719e+00
4.212699999999999889e+00 3.176210403442382812e+00
4.217404000000000153e+00 3.176210403442382812e+00
4.222065999999999875e+00 3.176210403442382812e+00
4.226785999999999710e+00 3.176210403442382812e+00
4.231446000000000041e+00 3.176210403442382812e+00
4.234894999999999854e+00 3.181384086608886719e+00
4.239606000000000208e+00 3.181384086608886719e+00
4.244251000000000218e+00 3.176210403442382812e+00
4.248994999999999855e+00 3.186558723449707031e+00
4.253657999999999717e+00 3.191733360290527344e+00
4.257054000000000116e+00 3.191733360290527344e+00
4.260493999999999559e+00 3.191733360290527344e+00
4.267824000000000062e+00 3.191733360290527344e+00
4.272616000000000192e+00 3.191733360290527344e+00
4.276057999999999915e+00 3.191733360290527344e+00
4.280858000000000274e+00 3.191733360290527344e+00
4.285547000000000217e+00 3.191733360290527344e+00
4.290290999999999855e+00 3.191733360290527344e+00
4.294989000000000168e+00 3.191733360290527344e+00
4.299726999999999855e+00 3.186558723449707031e+00
4.304414000000000406e+00 3.181384086608886719e+00
4.309180999999999706e+00 3.176210403442382812e+00
4.313888000000000389e+00 3.181384086608886719e+00
4.318591999999999764e+00 3.181384086608886719e+00
4.323281999999999847e+00 3.181384086608886719e+00
4.327986000000000111e+00 3.176210403442382812e+00
4.332675000000000054e+00 3.181384086608886719e+00
4.337425999999999782e+00 3.181384086608886719e+00
4.342139000000000415e+00 3.181384086608886719e+00
4.346886999999999723e+00 3.186558723449707031e+00
4.351606000000000307e+00 3.186558723449707031e+00
4.356309999999999683e+00 3.191733360290527344e+00
4.361111000000000182e+00 3.191733360290527344e+00
4.365882000000000041e+00 3.191733360290527344e+00
4.370676999999999701e+00 3.191733360290527344e+00
4.375384000000000384e+00 3.191733360290527344e+00
4.385265000000000413e+00 3.191733360290527344e+00
4.390219000000000094e+00 3.186558723449707031e+00
4.393688000000000038e+00 3.186558723449707031e+00
4.398414999999999964e+00 3.186558723449707031e+00
4.403139000000000358e+00 3.176210403442382812e+00
4.407884000000000135e+00 3.176210403442382812e+00
4.412612000000000201e+00 3.176210403442382812e+00
4.417411999999999672e+00 3.181384086608886719e+00
4.422149000000000107e+00 3.181384086608886719e+00
4.426960000000000228e+00 3.181384086608886719e+00
4.431682000000000343e+00 3.181384086608886719e+00
4.436416999999999611e+00 3.186558723449707031e+00
4.441205000000000069e+00 3.181384086608886719e+00
4.444658999999999693e+00 3.181384086608886719e+00
4.449436999999999642e+00 3.186558723449707031e+00
4.454165999999999848e+00 3.191733360290527344e+00
4.458924999999999805e+00 3.186558723449707031e+00
4.463662000000000241e+00 3.186558723449707031e+00
4.468811999999999784e+00 3.191733360290527344e+00
4.472266000000000297e+00 3.186558723449707031e+00
4.477051999999999587e+00 3.186558723449707031e+00
4.481792999999999694e+00 3.191733360290527344e+00
4.486561000000000021e+00 3.186558723449707031e+00
4.490085999999999800e+00 3.186558723449707031e+00
4.497323999999999877e+00 3.186558723449707031e+00
4.502159999999999940e+00 3.181384086608886719e+00
4.505633000000000443e+00 3.186558723449707031e+00
4.510455000000000325e+00 3.181384086608886719e+00
4.515227999999999575e+00 3.186558723449707031e+00
4.520090999999999859e+00 3.186558723449707031e+00
4.524842999999999726e+00 3.181384086608886719e+00
4.529690000000000438e+00 3.186558723449707031e+00
4.534463999999999828e+00 3.186558723449707031e+00
4.539327000000000112e+00 3.181384086608886719e+00
4.544111000000000011e+00 3.176210403442382812e+00
4.548930999999999614e+00 3.181384086608886719e+00
4.553708999999999563e+00 3.191733360290527344e+00
4.558519000000000432e+00 3.191733360290527344e+00
4.563301000000000052e+00 3.186558723449707031e+00
4.567003999999999841e+00 3.186558723449707031e+00
4.571823000000000192e+00 3.191733360290527344e+00
4.576653000000000304e+00 3.186558723449707031e+00
4.581438999999999595e+00 3.186558723449707031e+00
4.586212999999999873e+00 3.191733360290527344e+00
4.593509000000000064e+00 3.191733360290527344e+00
4.606138999999999761e+00 3.186558723449707031e+00
4.616869000000000334e+00 3.181384086608886719e+00
4.631370999999999682e+00 3.181384086608886719e+00
4.639497000000000426e+00 3.181384086608886719e+00
4.648349999999999760e+00 3.176210403442382812e+00
4.658233000000000068e+00 3.191733360290527344e+00
4.663471000000000366e+00 3.186558723449707031e+00
4.668350000000000222e+00 3.186558723449707031e+00
4.671853999999999729e+00 3.191733360290527344e+00
4.676749000000000045e+00 3.196907997131347656e+00
4.681578000000000017e+00 3.191733360290527344e+00
4.686391000000000417e+00 3.191733360290527344e+00
4.691307000000000116e+00 3.191733360290527344e+00
4.696113999999999677e+00 3.191733360290527344e+00
4.701071999999999917e+00 3.186558723449707031e+00
4.705884000000000178e+00 3.186558723449707031e+00
4.709454000000000029e+00 3.181384086608886719e+00
4.714288999999999952e+00 3.181384086608886719e+00
4.719225999999999921e+00 3.181384086608886719e+00
4.724069000000000074e+00 3.181384086608886719e+00
4.728938000000000308e+00 3.186558723449707031e+00
4.733768000000000420e+00 3.176210403442382812e+00
4.738620000000000054e+00 3.176210403442382812e+00
4.743452999999999697e+00 3.176210403442382812e+00
4.748293999999999571e+00 3.176210403442382812e+00
4.753135000000000332e+00 3.186558723449707031e+00
4.758015999999999579e+00 3.191733360290527344e+00
4.762883999999999673e+00 3.191733360290527344e+00
4.770285000000000331e+00 3.191733360290527344e+00
4.775663999999999909e+00 3.191733360290527344e+00
4.780631999999999771e+00 3.191733360290527344e+00
4.785485000000000433e+00 3.191733360290527344e+00
4.789042000000000243e+00 3.191733360290527344e+00
4.793885999999999648e+00 3.191733360290527344e+00
4.798764000000000252e+00 3.186558723449707031e+00
4.803618000000000166e+00 3.181384086608886719e+00
4.808487999999999651e+00 3.176210403442382812e+00
4.813372000000000206e+00 3.176210403442382812e+00
4.818246000000000251e+00 3.171035766601562500e+00
4.823097999999999885e+00 3.176210403442382812e+00
4.828001000000000431e+00 3.176210403442382812e+00
4.832857999999999876e+00 3.176210403442382812e+00
4.837799000000000404e+00 3.181384086608886719e+00
4.842713999999999963e+00 3.181384086608886719e+00
4.847644999999999982e+00 3.186558723449707031e+00
4.852528000000000397e+00 3.186558723449707031e+00
4.856047000000000224e+00 3.191733360290527344e+00
4.859650000000000247e+00 3.191733360290527344e+00
4.864513999999999783e+00 3.191733360290527344e+00
4.869453000000000031e+00 3.191733360290527344e+00
4.874410000000000132e+00 3.191733360290527344e+00
4.879374000000000322e+00 3.191733360290527344e+00
4.886593999999999660e+00 3.186558723449707031e+00
4.891829000000000427e+00 3.186558723449707031e+00
4.896799999999999820e+00 3.186558723449707031e+00
4.901704999999999757e+00 3.181384086608886719e+00
4.905261000000000315e+00 3.176210403442382812e+00
4.908860999999999919e+00 3.181384086608886719e+00
4.913770999999999667e+00 3.176210403442382812e+00
4.918702999999999825e+00 3.176210403442382812e+00
4.922270000000000145e+00 3.181384086608886719e+00
4.927243999999999957e+00 3.181384086608886719e+00
4.932157000000000124e+00 3.186558723449707031e+00
4.937135999999999747e+00 3.186558723449707031e+00
4.942083000000000226e+00 3.181384086608886719e+00
4.945648000000000266e+00 3.181384086608886719e+00
4.949247999999999870e+00 3.186558723449707031e+00
4.954157000000000366e+00 3.191733360290527344e+00
4.959163000000000210e+00 3.191733360290527344e+00
4.964106000000000130e+00 3.191733360290527344e+00
4.969089000000000311e+00 3.186558723449707031e+00
4.972665000000000113e+00 3.191733360290527344e+00
4.977885999999999811e+00 3.191733360290527344e+00
4.982845000000000191e+00 3.186558723449707031e+00
4.987841999999999665e+00 3.191733360290527344e+00
4.992803999999999576e+00 3.186558723449707031e+00
5.000352000000000352e+00 3.186558723449707031e+00
5.005579000000000001e+00 3.181384086608886719e+00
5.010571999999999804e+00 3.186558723449707031e+00
5.015505000000000102e+00 3.181384086608886719e+00
5.020482000000000333e+00 3.181384086608886719e+00
5.025417000000000023e+00 3.186558723449707031e+00
5.030421999999999727e+00 3.181384086608886719e+00
5.035349000000000075e+00 3.181384086608886719e+00
5.040333000000000396e+00 3.186558723449707031e+00
5.045257999999999576e+00 3.181384086608886719e+00
5.050264999999999560e+00 3.181384086608886719e+00
5.055220000000000269e+00 3.186558723449707031e+00
5.060258000000000145e+00 3.186558723449707031e+00
5.065215000000000245e+00 3.186558723449707031e+00
5.070231999999999850e+00 3.191733360290527344e+00
5.075218999999999703e+00 3.191733360290527344e+00
5.080651999999999724e+00 3.186558723449707031e+00
5.085621999999999865e+00 3.186558723449707031e+00
5.090639000000000358e+00 3.186558723449707031e+00
5.095589999999999620e+00 3.191733360290527344e+00
5.100603999999999694e+00 3.191733360290527344e+00
5.105561999999999934e+00 3.181384086608886719e+00
5.112981999999999694e+00 3.181384086608886719e+00
5.118266000000000204e+00 3.186558723449707031e+00
5.123249999999999638e+00 3.181384086608886719e+00
5.128241000000000049e+00 3.181384086608886719e+00
5.133221999999999952e+00 3.176210403442382812e+00
5.138240999999999836e+00 3.176210403442382812e+00
5.143206000000000166e+00 3.171035766601562500e+00
5.148191999999999879e+00 3.176210403442382812e+00
5.153190999999999633e+00 3.181384086608886719e+00
5.158191000000000415e+00 3.186558723449707031e+00
5.163175999999999988e+00 3.186558723449707031e+00
5.168168999999999791e+00 3.186558723449707031e+00
5.173147000000000162e+00 3.191733360290527344e+00
5.178289000000000364e+00 3.191733360290527344e+00
5.183786999999999701e+00 3.186558723449707031e+00
5.188786000000000342e+00 3.191733360290527344e+00
5.193761000000000294e+00 3.191733360290527344e+00
5.198769999999999669e+00 3.186558723449707031e+00
5.203793000000000113e+00 3.186558723449707031e+00
5.208796999999999677e+00 3.186558723449707031e+00
5.213783000000000278e+00 3.181384086608886719e+00
5.218779999999999752e+00 3.176210403442382812e+00
5.226251000000000424e+00 3.176210403442382812e+00
5.231608999999999732e+00 3.181384086608886719e+00
5.236657000000000117e+00 3.176210403442382812e+00
5.240248000000000239e+00 3.181384086608886719e+00
5.243845999999999563e+00 3.176210403442382812e+00
5.248864000000000196e+00 3.176210403442382812e+00
5.252467000000000219e+00 3.186558723449707031e+00
5.256072999999999773e+00 3.191733360290527344e+00
5.261222000000000065e+00 3.191733360290527344e+00
5.266229000000000049e+00 3.191733360290527344e+00
5.271321000000000367e+00 3.191733360290527344e+00
5.276335000000000441e+00 3.191733360290527344e+00
5.281511000000000067e+00 3.191733360290527344e+00
5.286550000000000082e+00 3.191733360290527344e+00
5.291656999999999833e+00 3.191733360290527344e+00
5.296736000000000111e+00 3.191733360290527344e+00
5.301783000000000357e+00 3.181384086608886719e+00
5.306856999999999935e+00 3.181384086608886719e+00
5.311904000000000181e+00 3.176210403442382812e+00
5.317470000000000141e+00 3.181384086608886719e+00
5.322607999999999784e+00 3.181384086608886719e+00
5.327721999999999625e+00 3.176210403442382812e+00
5.332819999999999894e+00 3.181384086608886719e+00
5.340652999999999651e+00 3.176210403442382812e+00
5.346091999999999622e+00 3.181384086608886719e+00
5.351314000000000348e+00 3.186558723449707031e+00
5.356434000000000140e+00 3.191733360290527344e+00
5.361599000000000004e+00 3.191733360290527344e+00
5.366838999999999693e+00 3.191733360290527344e+00
5.371984000000000314e+00 3.191733360290527344e+00
5.377159999999999940e+00 3.191733360290527344e+00
5.382330999999999754e+00 3.186558723449707031e+00
5.387501000000000317e+00 3.186558723449707031e+00
5.392611999999999739e+00 3.186558723449707031e+00
5.396271999999999736e+00 3.186558723449707031e+00
5.401455000000000339e+00 3.181384086608886719e+00
5.406588000000000171e+00 3.181384086608886719e+00
5.411705999999999683e+00 3.176210403442382812e+00
5.416889000000000287e+00 3.176210403442382812e+00
5.422007999999999939e+00 3.181384086608886719e+00
5.427162000000000042e+00 3.176210403442382812e+00
5.432239000000000040e+00 3.181384086608886719e+00
5.437414999999999665e+00 3.181384086608886719e+00
5.442522000000000304e+00 3.181384086608886719e+00
5.447708999999999691e+00 3.181384086608886719e+00
5.455449999999999910e+00 3.191733360290527344e+00
5.460759000000000363e+00 3.191733360290527344e+00
5.465881999999999685e+00 3.191733360290527344e+00
5.471186000000000327e+00 3.186558723449707031e+00
5.476285999999999987e+00 3.186558723449707031e+00
5.481487999999999694e+00 3.186558723449707031e+00
5.486805999999999628e+00 3.186558723449707031e+00
5.491952999999999641e+00 3.186558723449707031e+00
5.497145999999999866e+00 3.186558723449707031e+00
5.502266999999999797e+00 3.176210403442382812e+00
5.507471999999999923e+00 3.176210403442382812e+00
5.512609999999999566e+00 3.181384086608886719e+00
5.516250999999999571e+00 3.181384086608886719e+00
5.521513999999999811e+00 3.181384086608886719e+00
5.526697000000000415e+00 3.186558723449707031e+00
5.531849000000000238e+00 3.181384086608886719e+00
5.537050999999999945e+00 3.181384086608886719e+00
5.542207999999999579e+00 3.181384086608886719e+00
5.545875999999999806e+00 3.186558723449707031e+00
5.551129999999999676e+00 3.186558723449707031e+00
5.557332999999999856e+00 3.191733360290527344e+00
5.563876999999999740e+00 3.186558723449707031e+00
5.574626000000000303e+00 3.186558723449707031e+00
5.581520000000000259e+00 3.186558723449707031e+00
5.588250000000000384e+00 3.186558723449707031e+00
5.595939000000000441e+00 3.186558723449707031e+00
5.604010999999999854e+00 3.181384086608886719e+00
5.617534000000000027e+00 3.186558723449707031e+00
5.626998000000000388e+00 3.181384086608886719e+00
5.644015999999999700e+00 3.176210403442382812e+00
5.655535999999999675e+00 3.186558723449707031e+00
5.670101999999999975e+00 3.191733360290527344e+00
5.677566999999999808e+00 3.186558723449707031e+00
5.681265999999999927e+00 3.191733360290527344e+00
5.689032000000000089e+00 3.191733360290527344e+00
5.694410000000000416e+00 3.191733360290527344e+00
5.699743999999999922e+00 3.191733360290527344e+00
5.704938000000000287e+00 3.186558723449707031e+00
5.710262000000000171e+00 3.181384086608886719e+00
5.715470999999999968e+00 3.186558723449707031e+00
5.720755999999999730e+00 3.176210403442382812e+00
5.725927999999999685e+00 3.176210403442382812e+00
5.731235999999999997e+00 3.181384086608886719e+00
5.736442000000000263e+00 3.176210403442382812e+00
5.741687999999999903e+00 3.176210403442382812e+00
5.746959000000000373e+00 3.176210403442382812e+00
5.752117000000000147e+00 3.186558723449707031e+00
5.757386000000000337e+00 3.186558723449707031e+00
5.761083000000000176e+00 3.191733360290527344e+00
5.766282999999999603e+00 3.191733360290527344e+00
5.771573000000000064e+00 3.191733360290527344e+00
5.777031000000000027e+00 3.191733360290527344e+00
5.782248000000000054e+00 3.191733360290527344e+00
5.787575999999999610e+00 3.186558723449707031e+00
5.791265000000000107e+00 3.191733360290527344e+00
5.796713999999999700e+00 3.191733360290527344e+00
5.804267000000000287e+00 3.181384086608886719e+00
5.809753999999999863e+00 3.176210403442382812e+00
5.814961000000000269e+00 3.181384086608886719e+00
5.820268999999999693e+00 3.176210403442382812e+00
5.825493999999999950e+00 3.176210403442382812e+00
5.829233999999999583e+00 3.176210403442382812e+00
5.834461000000000119e+00 3.176210403442382812e+00
5.839748000000000161e+00 3.176210403442382812e+00
5.845000999999999891e+00 3.176210403442382812e+00
5.850299999999999834e+00 3.186558723449707031e+00
5.855540999999999663e+00 3.191733360290527344e+00
5.860864000000000296e+00 3.186558723449707031e+00
5.866105000000000125e+00 3.191733360290527344e+00
5.871448000000000000e+00 3.191733360290527344e+00
5.876746999999999943e+00 3.191733360290527344e+00
5.881991000000000192e+00 3.191733360290527344e+00
5.887241000000000390e+00 3.186558723449707031e+00
5.892489000000000310e+00 3.186558723449707031e+00
5.897795999999999594e+00 3.186558723449707031e+00
5.903058999999999834e+00 3.176210403442382812e+00
5.908331000000000444e+00 3.176210403442382812e+00
5.913756000000000235e+00 3.176210403442382812e+00
5.921382000000000367e+00 3.176210403442382812e+00
5.926845000000000141e+00 3.176210403442382812e+00
5.932122999999999813e+00 3.181384086608886719e+00
5.937445999999999557e+00 3.181384086608886719e+00
5.942715999999999887e+00 3.181384086608886719e+00
5.948069000000000273e+00 3.181384086608886719e+00
5.953343000000000274e+00 3.191733360290527344e+00
5.958604000000000234e+00 3.191733360290527344e+00
5.963880999999999766e+00 3.191733360290527344e+00
5.969157000000000046e+00 3.191733360290527344e+00
5.972809999999999953e+00 3.191733360290527344e+00
5.978153999999999968e+00 3.181384086608886719e+00
5.981853000000000087e+00 3.186558723449707031e+00
5.987199000000000382e+00 3.186558723449707031e+00
5.992498000000000324e+00 3.186558723449707031e+00
5.997886000000000273e+00 3.186558723449707031e+00
6.003180999999999656e+00 3.176210403442382812e+00
6.008475999999999928e+00 3.176210403442382812e+00
6.013728000000000407e+00 3.181384086608886719e+00
6.019027999999999601e+00 3.181384086608886719e+00
6.024322999999999873e+00 3.181384086608886719e+00
6.029683999999999600e+00 3.181384086608886719e+00
6.037636000000000003e+00 3.181384086608886719e+00
6.043281999999999599e+00 3.181384086608886719e+00
6.048605000000000231e+00 3.181384086608886719e+00
6.053929000000000116e+00 3.186558723449707031e+00
6.059295999999999793e+00 3.186558723449707031e+00
6.063039999999999985e+00 3.186558723449707031e+00
6.068353000000000108e+00 3.186558723449707031e+00
6.072085999999999650e+00 3.186558723449707031e+00
6.075832000000000122e+00 3.186558723449707031e+00
6.081210999999999700e+00 3.191733360290527344e+00
6.086547999999999625e+00 3.186558723449707031e+00
6.091944999999999943e+00 3.186558723449707031e+00
6.097320999999999991e+00 3.191733360290527344e+00
6.102786000000000044e+00 3.181384086608886719e+00
6.108233000000000246e+00 3.176210403442382812e+00
6.113554999999999851e+00 3.181384086608886719e+00
6.118947000000000358e+00 3.181384086608886719e+00
6.122702000000000311e+00 3.181384086608886719e+00
6.126451999999999565e+00 3.181384086608886719e+00
6.131809999999999761e+00 3.181384086608886719e+00
6.137183000000000277e+00 3.181384086608886719e+00
6.142883999999999567e+00 3.181384086608886719e+00
6.148462999999999568e+00 3.176210403442382812e+00
6.156284999999999563e+00 3.181384086608886719e+00
6.162056999999999896e+00 3.186558723449707031e+00
6.167487999999999637e+00 3.186558723449707031e+00
6.172858999999999874e+00 3.186558723449707031e+00
6.178271999999999764e+00 3.181384086608886719e+00
6.183615999999999779e+00 3.186558723449707031e+00
6.189013000000000098e+00 3.191733360290527344e+00
6.194393999999999956e+00 3.191733360290527344e+00
6.199797000000000224e+00 3.274527549743652344e+00
6.205429999999999779e+00 4.785508155822753906e+00
6.210853000000000179e+00 4.790682792663574219e+00
6.216229000000000227e+00 4.790682792663574219e+00
6.220054000000000194e+00 4.785508155822753906e+00
6.225444000000000422e+00 4.785508155822753906e+00
6.229249000000000258e+00 4.785508155822753906e+00
6.234600999999999615e+00 4.790682792663574219e+00
6.239977999999999803e+00 4.785508155822753906e+00
6.245352999999999710e+00 4.785508155822753906e+00
6.250759999999999650e+00 4.790682792663574219e+00
6.256139000000000117e+00 4.790682792663574219e+00
6.261582999999999899e+00 4.790682792663574219e+00
6.267159999999999620e+00 4.795857429504394531e+00
6.274899999999999700e+00 4.801032066345214844e+00
6.280672000000000033e+00 4.795857429504394531e+00
6.286063000000000400e+00 4.790682792663574219e+00
6.291610999999999621e+00 4.795857429504394531e+00
6.297068999999999583e+00 4.790682792663574219e+00
6.302468000000000181e+00 4.790682792663574219e+00
6.308248999999999995e+00 4.785508155822753906e+00
6.313654999999999795e+00 4.785508155822753906e+00
6.319086999999999676e+00 4.790682792663574219e+00
6.322865000000000180e+00 4.785508155822753906e+00
6.328268999999999700e+00 4.785508155822753906e+00
6.332063999999999915e+00 4.785508155822753906e+00
6.337513000000000396e+00 4.785508155822753906e+00
6.342954999999999899e+00 4.790682792663574219e+00
6.348373999999999739e+00 4.790682792663574219e+00
6.353763999999999967e+00 4.795857429504394531e+00
6.359189999999999898e+00 4.790682792663574219e+00
6.364580000000000126e+00 4.795857429504394531e+00
6.370020000000000238e+00 4.790682792663574219e+00
6.375412999999999997e+00 4.795857429504394531e+00
6.380881999999999721e+00 4.790682792663574219e+00
6.388995000000000424e+00 4.790682792663574219e+00
6.394544999999999924e+00 4.790682792663574219e+00
6.400025000000000297e+00 4.785508155822753906e+00
6.405452000000000368e+00 4.790682792663574219e+00
6.411209000000000380e+00 4.790682792663574219e+00
6.416655999999999693e+00 4.785508155822753906e+00
6.422100999999999615e+00 4.785508155822753906e+00
6.427576000000000178e+00 4.785508155822753906e+00
6.433016000000000290e+00 4.790682792663574219e+00
6.438432999999999851e+00 4.785508155822753906e+00
6.443863000000000341e+00 4.790682792663574219e+00
6.449381999999999948e+00 4.790682792663574219e+00
6.454831000000000429e+00 4.790682792663574219e+00
6.460333000000000325e+00 4.795857429504394531e+00
6.465780999999999779e+00 4.790682792663574219e+00
6.469670999999999950e+00 4.801032066345214844e+00
6.475108999999999781e+00 4.790682792663574219e+00
6.480601000000000056e+00 4.790682792663574219e+00
6.486023000000000316e+00 4.790682792663574219e+00
6.491616999999999749e+00 4.790682792663574219e+00
6.497120999999999924e+00 4.790682792663574219e+00
6.505196999999999896e+00 4.790682792663574219e+00
6.511161999999999672e+00 4.790682792663574219e+00
6.516694000000000209e+00 4.785508155822753906e+00
6.522149999999999892e+00 4.790682792663574219e+00
6.527690999999999910e+00 4.790682792663574219e+00
6.533158000000000243e+00 4.790682792663574219e+00
6.538638999999999868e+00 4.790682792663574219e+00
6.542434000000000083e+00 4.785508155822753906e+00
6.547951000000000299e+00 4.790682792663574219e+00
6.553414000000000073e+00 4.790682792663574219e+00
6.557240000000000180e+00 4.790682792663574219e+00
6.562686000000000242e+00 4.790682792663574219e+00
6.566427000000000014e+00 4.790682792663574219e+00
6.571965999999999752e+00 4.790682792663574219e+00
6.577490000000000059e+00 4.790682792663574219e+00
6.582967000000000013e+00 4.790682792663574219e+00
6.588458000000000148e+00 4.795857429504394531e+00
6.593952999999999953e+00 4.795857429504394531e+00
6.599484999999999602e+00 4.785508155822753906e+00
6.607546000000000141e+00 4.785508155822753906e+00
6.619182999999999595e+00 4.790682792663574219e+00
6.629284000000000177e+00 4.785508155822753906e+00
6.646238000000000312e+00 4.790682792663574219e+00
