4.343999999999999771e-03 2.317227363586425781e+00
7.736999999999999954e-03 2.322402000427246094e+00
1.119200000000000056e-02 2.322402000427246094e+00
1.464400000000000077e-02 2.322402000427246094e+00
1.793499999999999955e-02 2.317227363586425781e+00
2.123099999999999987e-02 2.322402000427246094e+00
2.453500000000000125e-02 2.322402000427246094e+00
2.783100000000000157e-02 2.322402000427246094e+00
3.127900000000000125e-02 2.322402000427246094e+00
3.457799999999999763e-02 2.312052726745605469e+00
3.802599999999999730e-02 2.317227363586425781e+00
4.147699999999999998e-02 2.317227363586425781e+00
4.494200000000000278e-02 2.317227363586425781e+00
4.838400000000000339e-02 2.317227363586425781e+00
5.187300000000000244e-02 2.312052726745605469e+00
5.516200000000000270e-02 2.317227363586425781e+00
5.861399999999999944e-02 2.317227363586425781e+00
6.206500000000000211e-02 2.317227363586425781e+00
6.534900000000000431e-02 2.317227363586425781e+00
6.881400000000000017e-02 2.317227363586425781e+00
7.226699999999999791e-02 2.317227363586425781e+00
7.555800000000000016e-02 2.317227363586425781e+00
7.901299999999999990e-02 2.317227363586425781e+00
8.246100000000000652e-02 2.317227363586425781e+00
8.575800000000000090e-02 2.322402000427246094e+00
8.922499999999999876e-02 2.317227363586425781e+00
9.266299999999999537e-02 2.322402000427246094e+00
9.595700000000000063e-02 2.322402000427246094e+00
9.940799999999999637e-02 2.322402000427246094e+00
1.028580000000000050e-01 2.322402000427246094e+00
1.061549999999999994e-01 2.322402000427246094e+00
1.134880000000000055e-01 2.322402000427246094e+00
1.170479999999999993e-01 2.317227363586425781e+00
1.203390000000000015e-01 2.322402000427246094e+00
1.236349999999999949e-01 2.322402000427246094e+00
1.269260000000000110e-01 2.322402000427246094e+00
1.302280000000000104e-01 2.322402000427246094e+00
1.336940000000000073e-01 2.322402000427246094e+00
1.371259999999999979e-01 2.317227363586425781e+00
1.404269999999999963e-01 2.317227363586425781e+00
1.437170000000000114e-01 2.317227363586425781e+00
1.472040000000000015e-01 2.317227363586425781e+00
1.506619999999999904e-01 2.317227363586425781e+00
1.540050000000000030e-01 2.317227363586425781e+00
1.573990000000000111e-01 2.317227363586425781e+00
1.608539999999999970e-01 2.317227363586425781e+00
1.641529999999999934e-01 2.317227363586425781e+00
1.675959999999999950e-01 2.312052726745605469e+00
1.710480000000000056e-01 2.312052726745605469e+00
1.743450000000000000e-01 2.312052726745605469e+00
1.778049999999999908e-01 2.317227363586425781e+00
1.812469999999999914e-01 2.317227363586425781e+00
1.845449999999999868e-01 2.317227363586425781e+00
1.878360000000000030e-01 2.317227363586425781e+00
1.911289999999999933e-01 2.317227363586425781e+00
1.944420000000000037e-01 2.322402000427246094e+00
1.978830000000000033e-01 2.322402000427246094e+00
2.011739999999999917e-01 2.317227363586425781e+00
2.046449999999999936e-01 2.317227363586425781e+00
2.080869999999999942e-01 2.322402000427246094e+00
2.113770000000000093e-01 2.322402000427246094e+00
2.148349999999999982e-01 2.322402000427246094e+00
2.184379999999999933e-01 2.322402000427246094e+00
2.258840000000000015e-01 2.322402000427246094e+00
2.293070000000000108e-01 2.322402000427246094e+00
2.326199999999999934e-01 2.322402000427246094e+00
2.360780000000000101e-01 2.317227363586425781e+00
2.393750000000000044e-01 2.317227363586425781e+00
2.428579999999999905e-01 2.322402000427246094e+00
2.461569999999999869e-01 2.317227363586425781e+00
2.494580000000000131e-01 2.317227363586425781e+00
2.527440000000000242e-01 2.312052726745605469e+00
2.560520000000000018e-01 2.317227363586425781e+00
2.593409999999999882e-01 2.312052726745605469e+00
2.626499999999999946e-01 2.312052726745605469e+00
2.659509999999999930e-01 2.317227363586425781e+00
2.698530000000000095e-01 2.312052726745605469e+00
2.731500000000000039e-01 2.317227363586425781e+00
2.766060000000000185e-01 2.312052726745605469e+00
2.800509999999999944e-01 2.312052726745605469e+00
2.833470000000000155e-01 2.317227363586425781e+00
2.868060000000000054e-01 2.322402000427246094e+00
2.902529999999999832e-01 2.317227363586425781e+00
2.935400000000000231e-01 2.327576637268066406e+00
2.969990000000000130e-01 2.322402000427246094e+00
3.004510000000000236e-01 2.322402000427246094e+00
3.037349999999999772e-01 2.322402000427246094e+00
3.071949999999999958e-01 2.322402000427246094e+00
3.111059999999999937e-01 2.322402000427246094e+00
3.145560000000000023e-01 2.322402000427246094e+00
3.180020000000000069e-01 2.322402000427246094e+00
3.214500000000000135e-01 2.322402000427246094e+00
3.249110000000000054e-01 2.322402000427246094e+00
3.282120000000000037e-01 2.322402000427246094e+00
3.316609999999999836e-01 2.322402000427246094e+00
3.386640000000000206e-01 2.317227363586425781e+00
3.422769999999999979e-01 2.317227363586425781e+00
3.455730000000000190e-01 2.312052726745605469e+00
3.490249999999999742e-01 2.312052726745605469e+00
3.539260000000000184e-01 2.317227363586425781e+00
3.601429999999999909e-01 2.312052726745605469e+00
3.704629999999999868e-01 2.312052726745605469e+00
3.806689999999999796e-01 2.317227363586425781e+00
3.906259999999999732e-01 2.322402000427246094e+00
3.983559999999999879e-01 2.322402000427246094e+00
4.106909999999999727e-01 2.322402000427246094e+00
4.141219999999999901e-01 2.322402000427246094e+00
4.174160000000000093e-01 2.322402000427246094e+00
4.207020000000000204e-01 2.317227363586425781e+00
4.240720000000000045e-01 2.317227363586425781e+00
4.274660000000000126e-01 2.317227363586425781e+00
4.307500000000000218e-01 2.322402000427246094e+00
4.342599999999999794e-01 2.312052726745605469e+00
4.378529999999999922e-01 2.317227363586425781e+00
4.411439999999999806e-01 2.317227363586425781e+00
4.484259999999999913e-01 2.312052726745605469e+00
4.518800000000000039e-01 2.312052726745605469e+00
4.554920000000000080e-01 2.312052726745605469e+00
4.587930000000000064e-01 2.312052726745605469e+00
4.622310000000000030e-01 2.317227363586425781e+00
4.655290000000000261e-01 2.317227363586425781e+00
4.688229999999999897e-01 2.317227363586425781e+00
4.721159999999999801e-01 2.317227363586425781e+00
4.754200000000000093e-01 2.317227363586425781e+00
4.788720000000000199e-01 2.317227363586425781e+00
4.821679999999999855e-01 2.317227363586425781e+00
4.856150000000000189e-01 2.317227363586425781e+00
4.890740000000000087e-01 2.322402000427246094e+00
4.923620000000000219e-01 2.322402000427246094e+00
4.958139999999999770e-01 2.322402000427246094e+00
4.992699999999999916e-01 2.322402000427246094e+00
5.025629999999999820e-01 2.317227363586425781e+00
5.057030000000000136e-01 2.322402000427246094e+00
5.090029999999999832e-01 2.317227363586425781e+00
5.124560000000000226e-01 2.317227363586425781e+00
5.157479999999999842e-01 2.317227363586425781e+00
5.190510000000000401e-01 2.317227363586425781e+00
5.228009999999999602e-01 2.322402000427246094e+00
5.262729999999999908e-01 2.317227363586425781e+00
5.295980000000000132e-01 2.317227363586425781e+00
5.330500000000000238e-01 2.317227363586425781e+00
5.363440000000000429e-01 2.312052726745605469e+00
5.396429999999999838e-01 2.312052726745605469e+00
5.429359999999999742e-01 2.317227363586425781e+00
5.462339999999999973e-01 2.317227363586425781e+00
5.495280000000000165e-01 2.312052726745605469e+00
5.528300000000000436e-01 2.317227363586425781e+00
5.592380000000000129e-01 2.312052726745605469e+00
5.625160000000000160e-01 2.317227363586425781e+00
5.657910000000000439e-01 2.317227363586425781e+00
5.692380000000000217e-01 2.312052726745605469e+00
5.725270000000000081e-01 2.317227363586425781e+00
5.758389999999999898e-01 2.317227363586425781e+00
5.792840000000000211e-01 2.312052726745605469e+00
5.825799999999999867e-01 2.317227363586425781e+00
5.860340000000000549e-01 2.317227363586425781e+00
5.893319999999999670e-01 2.322402000427246094e+00
5.926200000000000356e-01 2.317227363586425781e+00
5.960879999999999512e-01 2.317227363586425781e+00
5.993770000000000486e-01 2.317227363586425781e+00
6.028210000000000512e-01 2.317227363586425781e+00
6.061170000000000169e-01 2.317227363586425781e+00
6.094150000000000400e-01 2.317227363586425781e+00
6.134870000000000045e-01 2.317227363586425781e+00
6.170900000000000274e-01 2.317227363586425781e+00
6.203849999999999643e-01 2.317227363586425781e+00
6.238209999999999589e-01 2.317227363586425781e+00
6.271640000000000548e-01 2.322402000427246094e+00
6.306249999999999911e-01 2.322402000427246094e+00
6.340799999999999770e-01 2.317227363586425781e+00
6.373710000000000209e-01 2.312052726745605469e+00
6.408169999999999700e-01 2.312052726745605469e+00
6.442879999999999718e-01 2.312052726745605469e+00
6.475689999999999502e-01 2.312052726745605469e+00
6.510249999999999648e-01 2.312052726745605469e+00
6.544830000000000370e-01 2.312052726745605469e+00
6.577709999999999946e-01 2.317227363586425781e+00
6.612240000000000339e-01 2.312052726745605469e+00
6.646910000000000318e-01 2.312052726745605469e+00
6.680059999999999887e-01 2.306878089904785156e+00
6.749509999999999676e-01 2.306878089904785156e+00
6.783879999999999910e-01 2.306878089904785156e+00
6.818419999999999481e-01 2.306878089904785156e+00
6.851359999999999673e-01 2.312052726745605469e+00
6.884689999999999976e-01 2.317227363586425781e+00
6.918849999999999723e-01 2.317227363586425781e+00
6.951810000000000489e-01 2.312052726745605469e+00
6.986360000000000348e-01 2.317227363586425781e+00
7.020870000000000166e-01 2.312052726745605469e+00
7.053850000000000398e-01 2.317227363586425781e+00
7.088349999999999929e-01 2.317227363586425781e+00
7.121269999999999545e-01 2.317227363586425781e+00
7.154260000000000064e-01 2.322402000427246094e+00
7.188830000000000497e-01 2.317227363586425781e+00
7.222260000000000346e-01 2.317227363586425781e+00
7.256620000000000292e-01 2.317227363586425781e+00
7.289719999999999533e-01 2.317227363586425781e+00
7.324140000000000095e-01 2.317227363586425781e+00
7.358660000000000201e-01 2.312052726745605469e+00
7.391630000000000145e-01 2.312052726745605469e+00
7.426129999999999676e-01 2.306878089904785156e+00
7.460700000000000109e-01 2.306878089904785156e+00
7.493640000000000301e-01 2.312052726745605469e+00
7.528139999999999832e-01 2.306878089904785156e+00
7.562689999999999690e-01 2.301703453063964844e+00
7.595610000000000417e-01 2.312052726745605469e+00
7.630200000000000315e-01 2.306878089904785156e+00
7.664619999999999767e-01 2.306878089904785156e+00
7.697599999999999998e-01 2.301703453063964844e+00
7.730639999999999734e-01 2.306878089904785156e+00
7.763529999999999598e-01 2.306878089904785156e+00
7.798040000000000527e-01 2.306878089904785156e+00
7.869399999999999729e-01 2.312052726745605469e+00
7.903780000000000250e-01 2.317227363586425781e+00
7.938260000000000316e-01 2.312052726745605469e+00
7.971310000000000340e-01 2.317227363586425781e+00
8.004240000000000244e-01 2.317227363586425781e+00
8.038769999999999527e-01 2.317227363586425781e+00
8.071690000000000254e-01 2.317227363586425781e+00
8.106229999999999825e-01 2.317227363586425781e+00
8.140849999999999476e-01 2.317227363586425781e+00
8.174120000000000275e-01 2.317227363586425781e+00
8.208619999999999806e-01 2.317227363586425781e+00
8.241479999999999917e-01 2.317227363586425781e+00
8.276099999999999568e-01 2.317227363586425781e+00
8.310610000000000497e-01 2.317227363586425781e+00
8.343660000000000521e-01 2.312052726745605469e+00
8.378189999999999804e-01 2.306878089904785156e+00
8.412659999999999583e-01 2.306878089904785156e+00
8.445700000000000429e-01 2.306878089904785156e+00
8.480180000000000495e-01 2.301703453063964844e+00
8.514650000000000274e-01 2.301703453063964844e+00
8.549189999999999845e-01 2.301703453063964844e+00
8.582210000000000116e-01 2.306878089904785156e+00
8.616709999999999647e-01 2.306878089904785156e+00
8.649649999999999839e-01 2.306878089904785156e+00
8.684169999999999945e-01 2.301703453063964844e+00
8.718700000000000339e-01 2.301703453063964844e+00
8.751640000000000530e-01 2.306878089904785156e+00
8.786199999999999566e-01 2.301703453063964844e+00
8.820850000000000080e-01 2.306878089904785156e+00
8.853699999999999903e-01 2.312052726745605469e+00
8.888200000000000545e-01 2.317227363586425781e+00
8.922710000000000363e-01 2.317227363586425781e+00
8.985060000000000269e-01 2.312052726745605469e+00
9.019049999999999567e-01 2.312052726745605469e+00
9.052259999999999751e-01 2.317227363586425781e+00
9.086779999999999857e-01 2.317227363586425781e+00
9.120129999999999626e-01 2.317227363586425781e+00
9.154600000000000515e-01 2.317227363586425781e+00
9.187570000000000459e-01 2.317227363586425781e+00
9.222040000000000237e-01 2.317227363586425781e+00
9.254839999999999733e-01 2.312052726745605469e+00
9.288060000000000205e-01 2.312052726745605469e+00
9.322479999999999656e-01 2.306878089904785156e+00
9.355419999999999847e-01 2.306878089904785156e+00
9.386900000000000244e-01 2.301703453063964844e+00
9.419830000000000148e-01 2.306878089904785156e+00
9.454439999999999511e-01 2.301703453063964844e+00
9.487299999999999622e-01 2.301703453063964844e+00
9.520210000000000061e-01 2.301703453063964844e+00
9.554759999999999920e-01 2.306878089904785156e+00
9.587769999999999904e-01 2.306878089904785156e+00
9.622239999999999682e-01 2.301703453063964844e+00
9.656799999999999828e-01 2.301703453063964844e+00
9.689759999999999485e-01 2.306878089904785156e+00
9.724239999999999551e-01 2.306878089904785156e+00
9.758769999999999945e-01 2.306878089904785156e+00
9.791750000000000176e-01 2.306878089904785156e+00
9.826270000000000282e-01 2.312052726745605469e+00
9.860780000000000101e-01 2.312052726745605469e+00
9.893889999999999629e-01 2.312052726745605469e+00
9.928299999999999903e-01 2.317227363586425781e+00
9.961200000000000054e-01 2.312052726745605469e+00
9.994290000000000118e-01 2.312052726745605469e+00
1.002874000000000043e+00 2.312052726745605469e+00
1.006988999999999912e+00 2.306878089904785156e+00
1.016793000000000058e+00 2.306878089904785156e+00
1.020842000000000027e+00 2.306878089904785156e+00
1.024972999999999912e+00 2.312052726745605469e+00
1.029017999999999988e+00 2.306878089904785156e+00
1.033044000000000073e+00 2.306878089904785156e+00
1.037131999999999943e+00 2.301703453063964844e+00
1.041179000000000077e+00 2.301703453063964844e+00
1.045252999999999988e+00 2.301703453063964844e+00
1.049312999999999940e+00 2.301703453063964844e+00
1.053369000000000000e+00 2.301703453063964844e+00
1.057530000000000081e+00 2.301703453063964844e+00
1.061598999999999959e+00 2.306878089904785156e+00
1.065687999999999969e+00 2.306878089904785156e+00
1.069755999999999929e+00 2.301703453063964844e+00
1.073825999999999947e+00 2.306878089904785156e+00
1.077938999999999981e+00 2.306878089904785156e+00
1.082008000000000081e+00 2.306878089904785156e+00
1.086197000000000079e+00 2.312052726745605469e+00
1.090292999999999957e+00 2.312052726745605469e+00
1.094462000000000046e+00 2.306878089904785156e+00
1.098653000000000102e+00 2.306878089904785156e+00
1.102726000000000095e+00 2.306878089904785156e+00
1.106878999999999946e+00 2.312052726745605469e+00
1.110975999999999964e+00 2.312052726745605469e+00
1.115188999999999986e+00 2.312052726745605469e+00
1.119282000000000110e+00 2.306878089904785156e+00
1.123653000000000013e+00 2.306878089904785156e+00
1.131769000000000025e+00 2.306878089904785156e+00
1.136520999999999892e+00 2.306878089904785156e+00
1.140781000000000045e+00 2.306878089904785156e+00
1.145089999999999941e+00 2.301703453063964844e+00
1.149526000000000048e+00 2.306878089904785156e+00
1.153782000000000085e+00 2.306878089904785156e+00
1.158330000000000082e+00 2.306878089904785156e+00
1.162044999999999995e+00 2.301703453063964844e+00
1.166288999999999909e+00 2.301703453063964844e+00
1.169718000000000035e+00 2.301703453063964844e+00
1.174071000000000087e+00 2.301703453063964844e+00
1.178515999999999897e+00 2.301703453063964844e+00
1.183081000000000049e+00 2.301703453063964844e+00
1.188317999999999985e+00 2.306878089904785156e+00
1.192579999999999973e+00 2.306878089904785156e+00
1.196201999999999988e+00 2.306878089904785156e+00
1.199770000000000003e+00 2.312052726745605469e+00
1.203332999999999986e+00 2.306878089904785156e+00
1.206927000000000083e+00 2.306878089904785156e+00
1.210504999999999942e+00 2.306878089904785156e+00
1.214161000000000046e+00 2.306878089904785156e+00
1.217788000000000093e+00 2.312052726745605469e+00
1.221370999999999984e+00 2.312052726745605469e+00
1.224958999999999909e+00 2.312052726745605469e+00
1.228604000000000029e+00 2.312052726745605469e+00
1.232188000000000061e+00 2.306878089904785156e+00
1.235867000000000049e+00 2.301703453063964844e+00
1.239459000000000088e+00 2.301703453063964844e+00
1.245738999999999930e+00 2.301703453063964844e+00
1.249374999999999902e+00 2.301703453063964844e+00
1.253011000000000097e+00 2.301703453063964844e+00
1.256645999999999930e+00 2.306878089904785156e+00
1.260280999999999985e+00 2.301703453063964844e+00
1.263924999999999965e+00 2.301703453063964844e+00
1.267552999999999930e+00 2.301703453063964844e+00
1.271171999999999969e+00 2.296528816223144531e+00
1.274820999999999982e+00 2.301703453063964844e+00
1.278466000000000102e+00 2.301703453063964844e+00
1.282118000000000091e+00 2.301703453063964844e+00
1.285816999999999988e+00 2.306878089904785156e+00
1.289447000000000010e+00 2.301703453063964844e+00
1.293134999999999923e+00 2.306878089904785156e+00
1.296788999999999970e+00 2.306878089904785156e+00
1.300421999999999967e+00 2.306878089904785156e+00
1.304108999999999963e+00 2.312052726745605469e+00
1.307743000000000100e+00 2.312052726745605469e+00
1.311395000000000088e+00 2.306878089904785156e+00
1.315037999999999929e+00 2.312052726745605469e+00
1.318689000000000000e+00 2.306878089904785156e+00
1.322351000000000054e+00 2.312052726745605469e+00
1.326146999999999965e+00 2.312052726745605469e+00
1.329871000000000025e+00 2.306878089904785156e+00
1.333520999999999956e+00 2.306878089904785156e+00
1.337207000000000034e+00 2.301703453063964844e+00
1.340878000000000014e+00 2.301703453063964844e+00
1.344592000000000009e+00 2.296528816223144531e+00
1.348257000000000039e+00 2.301703453063964844e+00
1.351928000000000019e+00 2.296528816223144531e+00
1.358228999999999909e+00 2.301703453063964844e+00
1.362286000000000108e+00 2.296528816223144531e+00
1.368597000000000063e+00 2.301703453063964844e+00
1.377542999999999962e+00 2.296528816223144531e+00
1.387472999999999956e+00 2.306878089904785156e+00
1.393618999999999941e+00 2.306878089904785156e+00
1.405694999999999917e+00 2.306878089904785156e+00
1.415767999999999915e+00 2.306878089904785156e+00
1.424050999999999956e+00 2.312052726745605469e+00
1.427770999999999901e+00 2.306878089904785156e+00
1.430827000000000071e+00 2.301703453063964844e+00
1.434555999999999942e+00 2.301703453063964844e+00
1.438268000000000102e+00 2.301703453063964844e+00
1.441978999999999900e+00 2.296528816223144531e+00
1.445721999999999952e+00 2.296528816223144531e+00
1.449440000000000062e+00 2.296528816223144531e+00
1.453140000000000098e+00 2.296528816223144531e+00
1.456890999999999936e+00 2.296528816223144531e+00
1.460598999999999981e+00 2.296528816223144531e+00
1.464393000000000056e+00 2.296528816223144531e+00
1.470571000000000073e+00 2.296528816223144531e+00
1.474637999999999893e+00 2.301703453063964844e+00
1.477586999999999984e+00 2.301703453063964844e+00
1.481252999999999931e+00 2.301703453063964844e+00
1.485025999999999957e+00 2.306878089904785156e+00
1.488771000000000067e+00 2.306878089904785156e+00
1.492596999999999952e+00 2.306878089904785156e+00
1.496421999999999919e+00 2.306878089904785156e+00
1.500177000000000094e+00 2.306878089904785156e+00
1.503922999999999899e+00 2.306878089904785156e+00
1.507673999999999959e+00 2.306878089904785156e+00
1.511414000000000035e+00 2.306878089904785156e+00
1.515215999999999896e+00 2.301703453063964844e+00
1.518980999999999915e+00 2.301703453063964844e+00
1.522740999999999900e+00 2.301703453063964844e+00
1.526564000000000032e+00 2.301703453063964844e+00
1.530351999999999935e+00 2.306878089904785156e+00
1.534267999999999965e+00 2.301703453063964844e+00
1.538029000000000091e+00 2.296528816223144531e+00
1.541028000000000064e+00 2.296528816223144531e+00
1.544783000000000017e+00 2.296528816223144531e+00
1.548599000000000059e+00 2.301703453063964844e+00
1.552386000000000044e+00 2.296528816223144531e+00
1.556219000000000019e+00 2.301703453063964844e+00
1.559998999999999914e+00 2.296528816223144531e+00
1.563793999999999906e+00 2.301703453063964844e+00
1.567555999999999949e+00 2.301703453063964844e+00
1.571334000000000009e+00 2.301703453063964844e+00
1.575131000000000059e+00 2.301703453063964844e+00
1.578951999999999911e+00 2.301703453063964844e+00
1.585056000000000020e+00 2.301703453063964844e+00
1.589066000000000090e+00 2.306878089904785156e+00
1.592856000000000050e+00 2.306878089904785156e+00
1.596751000000000031e+00 2.306878089904785156e+00
1.600559999999999983e+00 2.306878089904785156e+00
1.604414000000000007e+00 2.301703453063964844e+00
1.608211000000000057e+00 2.306878089904785156e+00
1.612039000000000000e+00 2.306878089904785156e+00
1.615968999999999989e+00 2.301703453063964844e+00
1.619774000000000047e+00 2.301703453063964844e+00
1.623593999999999982e+00 2.301703453063964844e+00
1.627404000000000073e+00 2.301703453063964844e+00
1.631221000000000032e+00 2.301703453063964844e+00
1.635100999999999916e+00 2.296528816223144531e+00
1.638921000000000072e+00 2.296528816223144531e+00
1.642729000000000106e+00 2.301703453063964844e+00
1.646624000000000088e+00 2.296528816223144531e+00
1.649632999999999905e+00 2.301703453063964844e+00
1.653380999999999990e+00 2.301703453063964844e+00
1.657216999999999940e+00 2.301703453063964844e+00
1.661049999999999915e+00 2.301703453063964844e+00
1.664902000000000104e+00 2.296528816223144531e+00
1.668738999999999972e+00 2.301703453063964844e+00
1.672558999999999907e+00 2.301703453063964844e+00
1.675658000000000092e+00 2.301703453063964844e+00
1.679432000000000036e+00 2.296528816223144531e+00
1.683273999999999937e+00 2.296528816223144531e+00
1.687108999999999970e+00 2.301703453063964844e+00
1.690959000000000101e+00 2.301703453063964844e+00
1.697797999999999918e+00 2.301703453063964844e+00
1.701759999999999939e+00 2.301703453063964844e+00
1.705643000000000020e+00 2.301703453063964844e+00
1.709516000000000036e+00 2.301703453063964844e+00
1.713398999999999894e+00 2.301703453063964844e+00
1.717279999999999918e+00 2.301703453063964844e+00
1.721144999999999925e+00 2.301703453063964844e+00
1.725033999999999956e+00 2.306878089904785156e+00
1.728024000000000004e+00 2.306878089904785156e+00
1.731824000000000030e+00 2.306878089904785156e+00
1.735743999999999954e+00 2.301703453063964844e+00
1.739624000000000059e+00 2.296528816223144531e+00
1.743508000000000058e+00 2.296528816223144531e+00
1.747449000000000030e+00 2.301703453063964844e+00
1.751330000000000053e+00 2.296528816223144531e+00
1.755258999999999903e+00 2.296528816223144531e+00
1.759144999999999959e+00 2.296528816223144531e+00
1.763034999999999908e+00 2.296528816223144531e+00
1.766883999999999899e+00 2.296528816223144531e+00
1.770772000000000013e+00 2.296528816223144531e+00
1.774739000000000066e+00 2.296528816223144531e+00
1.778648999999999925e+00 2.296528816223144531e+00
1.782667999999999919e+00 2.296528816223144531e+00
1.786618999999999957e+00 2.301703453063964844e+00
1.789693999999999896e+00 2.301703453063964844e+00
1.793525000000000036e+00 2.301703453063964844e+00
1.797450999999999910e+00 2.301703453063964844e+00
1.801361999999999908e+00 2.301703453063964844e+00
1.805288000000000004e+00 2.301703453063964844e+00
1.811703999999999981e+00 2.306878089904785156e+00
1.815863000000000005e+00 2.301703453063964844e+00
1.819773000000000085e+00 2.301703453063964844e+00
1.823696999999999901e+00 2.301703453063964844e+00
1.827649999999999997e+00 2.306878089904785156e+00
1.831560000000000077e+00 2.301703453063964844e+00
1.835533999999999999e+00 2.296528816223144531e+00
1.839461000000000013e+00 2.296528816223144531e+00
1.843388000000000027e+00 2.301703453063964844e+00
1.847390000000000088e+00 2.296528816223144531e+00
1.850462000000000051e+00 2.291354179382324219e+00
1.854378000000000082e+00 2.291354179382324219e+00
1.858333999999999930e+00 2.296528816223144531e+00
1.862260000000000026e+00 2.296528816223144531e+00
1.866306000000000020e+00 2.291354179382324219e+00
1.870258999999999894e+00 2.291354179382324219e+00
1.874265000000000070e+00 2.296528816223144531e+00
1.878203999999999985e+00 2.291354179382324219e+00
1.882154000000000105e+00 2.296528816223144531e+00
1.886190999999999951e+00 2.301703453063964844e+00
1.889286999999999939e+00 2.306878089904785156e+00
1.893143000000000020e+00 2.306878089904785156e+00
1.897159999999999958e+00 2.306878089904785156e+00
1.901758000000000060e+00 2.301703453063964844e+00
1.906544000000000016e+00 2.301703453063964844e+00
1.911251999999999951e+00 2.301703453063964844e+00
1.915969000000000033e+00 2.301703453063964844e+00
1.920744999999999925e+00 2.301703453063964844e+00
1.929059000000000079e+00 2.306878089904785156e+00
1.933978999999999893e+00 2.296528816223144531e+00
1.938914999999999944e+00 2.296528816223144531e+00
1.943624999999999936e+00 2.296528816223144531e+00
1.948488999999999916e+00 2.296528816223144531e+00
1.953251000000000071e+00 2.291354179382324219e+00
1.958144000000000107e+00 2.296528816223144531e+00
1.962871000000000032e+00 2.291354179382324219e+00
1.967811999999999895e+00 2.291354179382324219e+00
1.972577000000000025e+00 2.296528816223144531e+00
1.977411000000000030e+00 2.296528816223144531e+00
1.982207000000000052e+00 2.296528816223144531e+00
1.987055999999999933e+00 2.301703453063964844e+00
1.991829999999999989e+00 2.306878089904785156e+00
1.996664999999999912e+00 2.301703453063964844e+00
2.001174999999999926e+00 2.301703453063964844e+00
2.004290000000000127e+00 2.301703453063964844e+00
2.008207000000000075e+00 2.306878089904785156e+00
2.012226000000000070e+00 2.301703453063964844e+00
2.016287000000000162e+00 2.301703453063964844e+00
2.020303000000000182e+00 2.301703453063964844e+00
2.024379000000000151e+00 2.301703453063964844e+00
2.028405999999999931e+00 2.296528816223144531e+00
2.032408999999999910e+00 2.296528816223144531e+00
2.036505000000000010e+00 2.296528816223144531e+00
2.043369000000000213e+00 2.291354179382324219e+00
2.047616000000000103e+00 2.291354179382324219e+00
2.051642999999999883e+00 2.291354179382324219e+00
2.055709999999999926e+00 2.296528816223144531e+00
2.059766000000000208e+00 2.301703453063964844e+00
2.063820999999999906e+00 2.296528816223144531e+00
2.067855999999999916e+00 2.296528816223144531e+00
2.071911000000000058e+00 2.296528816223144531e+00
2.076051999999999786e+00 2.296528816223144531e+00
2.080121999999999804e+00 2.296528816223144531e+00
2.084271000000000207e+00 2.296528816223144531e+00
2.088341999999999921e+00 2.301703453063964844e+00
2.091495000000000104e+00 2.306878089904785156e+00
2.095501000000000058e+00 2.301703453063964844e+00
2.099549000000000110e+00 2.301703453063964844e+00
2.103626000000000218e+00 2.301703453063964844e+00
2.107690999999999981e+00 2.296528816223144531e+00
2.111772000000000205e+00 2.296528816223144531e+00
2.115845000000000198e+00 2.296528816223144531e+00
2.119924999999999837e+00 2.301703453063964844e+00
2.124044000000000043e+00 2.301703453063964844e+00
2.128139000000000003e+00 2.296528816223144531e+00
2.132263000000000019e+00 2.296528816223144531e+00
2.136403000000000052e+00 2.291354179382324219e+00
2.140528000000000208e+00 2.296528816223144531e+00
2.144658999999999871e+00 2.296528816223144531e+00
2.148772000000000126e+00 2.296528816223144531e+00
2.152887999999999913e+00 2.296528816223144531e+00
2.159364000000000061e+00 2.296528816223144531e+00
2.163695000000000146e+00 2.296528816223144531e+00
2.167882999999999782e+00 2.296528816223144531e+00
2.171025999999999900e+00 2.296528816223144531e+00
2.175060999999999911e+00 2.296528816223144531e+00
2.179157000000000011e+00 2.296528816223144531e+00
2.183248999999999995e+00 2.296528816223144531e+00
2.187346999999999930e+00 2.296528816223144531e+00
2.191460000000000186e+00 2.301703453063964844e+00
2.195587999999999873e+00 2.301703453063964844e+00
2.199682999999999833e+00 2.301703453063964844e+00
2.203800000000000203e+00 2.301703453063964844e+00
2.207948000000000022e+00 2.301703453063964844e+00
2.212064999999999948e+00 2.296528816223144531e+00
2.215254999999999974e+00 2.301703453063964844e+00
2.219313999999999787e+00 2.301703453063964844e+00
2.223450999999999844e+00 2.301703453063964844e+00
2.227625999999999884e+00 2.301703453063964844e+00
2.231752000000000180e+00 2.301703453063964844e+00
2.235923000000000105e+00 2.296528816223144531e+00
2.240184000000000175e+00 2.296528816223144531e+00
2.244371999999999812e+00 2.296528816223144531e+00
2.248495000000000132e+00 2.296528816223144531e+00
2.252657000000000131e+00 2.296528816223144531e+00
2.256877999999999940e+00 2.296528816223144531e+00
2.261050000000000004e+00 2.296528816223144531e+00
2.265629000000000115e+00 2.296528816223144531e+00
2.273769000000000151e+00 2.291354179382324219e+00
2.277944000000000191e+00 2.291354179382324219e+00
2.282144999999999868e+00 2.296528816223144531e+00
2.286380999999999997e+00 2.296528816223144531e+00
2.290529999999999955e+00 2.301703453063964844e+00
2.294767999999999919e+00 2.301703453063964844e+00
2.298969000000000040e+00 2.296528816223144531e+00
2.303148999999999891e+00 2.301703453063964844e+00
2.307297999999999849e+00 2.301703453063964844e+00
2.311478999999999839e+00 2.301703453063964844e+00
2.315706000000000042e+00 2.301703453063964844e+00
2.319906000000000024e+00 2.301703453063964844e+00
2.324130999999999947e+00 2.301703453063964844e+00
2.328319000000000027e+00 2.306878089904785156e+00
2.332527999999999935e+00 2.301703453063964844e+00
2.336810999999999972e+00 2.296528816223144531e+00
2.341007999999999978e+00 2.296528816223144531e+00
2.345267999999999908e+00 2.296528816223144531e+00
2.348495999999999917e+00 2.296528816223144531e+00
2.351627999999999830e+00 2.296528816223144531e+00
2.355744000000000060e+00 2.291354179382324219e+00
2.362105999999999817e+00 2.291354179382324219e+00
2.369000000000000217e+00 2.291354179382324219e+00
2.380158000000000218e+00 2.291354179382324219e+00
2.388649000000000022e+00 2.301703453063964844e+00
2.401513000000000009e+00 2.301703453063964844e+00
2.415179000000000187e+00 2.301703453063964844e+00
2.424744000000000010e+00 2.301703453063964844e+00
2.429256000000000082e+00 2.301703453063964844e+00
2.433533000000000168e+00 2.296528816223144531e+00
2.437863000000000113e+00 2.291354179382324219e+00
2.442107000000000028e+00 2.291354179382324219e+00
2.446485000000000021e+00 2.291354179382324219e+00
2.450724999999999820e+00 2.291354179382324219e+00
2.455032999999999799e+00 2.291354179382324219e+00
2.459274999999999878e+00 2.296528816223144531e+00
2.463512999999999842e+00 2.291354179382324219e+00
2.467788000000000093e+00 2.296528816223144531e+00
2.472040999999999933e+00 2.291354179382324219e+00
2.476407000000000025e+00 2.291354179382324219e+00
2.480656999999999890e+00 2.291354179382324219e+00
2.485041999999999973e+00 2.301703453063964844e+00
2.488278999999999908e+00 2.301703453063964844e+00
2.492455000000000087e+00 2.301703453063964844e+00
2.496766000000000041e+00 2.301703453063964844e+00
2.501033000000000062e+00 2.301703453063964844e+00
2.504233000000000153e+00 2.301703453063964844e+00
2.508449999999999847e+00 2.301703453063964844e+00
2.512713000000000196e+00 2.301703453063964844e+00
2.517088999999999910e+00 2.301703453063964844e+00
2.521368999999999971e+00 2.296528816223144531e+00
2.525675000000000114e+00 2.301703453063964844e+00
2.529978999999999978e+00 2.301703453063964844e+00
2.536805999999999894e+00 2.291354179382324219e+00
2.541224999999999845e+00 2.291354179382324219e+00
2.545519000000000087e+00 2.291354179382324219e+00
2.549875000000000114e+00 2.291354179382324219e+00
2.554225000000000190e+00 2.291354179382324219e+00
2.557449999999999779e+00 2.291354179382324219e+00
2.561675000000000146e+00 2.291354179382324219e+00
2.565955999999999904e+00 2.296528816223144531e+00
2.570256999999999792e+00 2.296528816223144531e+00
2.574600000000000222e+00 2.296528816223144531e+00
2.578905999999999921e+00 2.296528816223144531e+00
2.583203999999999834e+00 2.301703453063964844e+00
2.587518000000000207e+00 2.301703453063964844e+00
2.591844000000000037e+00 2.301703453063964844e+00
2.596216000000000079e+00 2.301703453063964844e+00
2.599464999999999915e+00 2.301703453063964844e+00
2.603728999999999960e+00 2.301703453063964844e+00
2.608868000000000187e+00 2.296528816223144531e+00
2.613983999999999863e+00 2.296528816223144531e+00
2.618247999999999909e+00 2.301703453063964844e+00
2.622564000000000117e+00 2.296528816223144531e+00
2.626954000000000011e+00 2.296528816223144531e+00
2.630241999999999969e+00 2.301703453063964844e+00
2.634554000000000062e+00 2.296528816223144531e+00
2.638888999999999818e+00 2.291354179382324219e+00
2.643231000000000108e+00 2.291354179382324219e+00
2.650101999999999958e+00 2.296528816223144531e+00
2.654838999999999949e+00 2.296528816223144531e+00
2.659171999999999869e+00 2.296528816223144531e+00
2.663520000000000110e+00 2.296528816223144531e+00
2.667872000000000021e+00 2.296528816223144531e+00
2.672210000000000196e+00 2.296528816223144531e+00
2.676622000000000057e+00 2.296528816223144531e+00
2.680965000000000042e+00 2.296528816223144531e+00
2.685351999999999961e+00 2.301703453063964844e+00
2.689683000000000046e+00 2.296528816223144531e+00
2.694078999999999890e+00 2.296528816223144531e+00
2.698449999999999793e+00 2.301703453063964844e+00
2.702891999999999850e+00 2.296528816223144531e+00
2.708088000000000051e+00 2.296528816223144531e+00
2.713389999999999969e+00 2.296528816223144531e+00
2.718809999999999949e+00 2.296528816223144531e+00
2.724158000000000079e+00 2.301703453063964844e+00
2.729424999999999990e+00 2.301703453063964844e+00
2.734840999999999855e+00 2.296528816223144531e+00
2.740133000000000152e+00 2.291354179382324219e+00
2.745497999999999994e+00 2.296528816223144531e+00
2.750807000000000002e+00 2.296528816223144531e+00
2.756196999999999786e+00 2.296528816223144531e+00
2.765223000000000209e+00 2.296528816223144531e+00
2.770678000000000196e+00 2.291354179382324219e+00
2.775996000000000130e+00 2.291354179382324219e+00
2.781337999999999866e+00 2.291354179382324219e+00
2.786763000000000101e+00 2.296528816223144531e+00
2.792089999999999961e+00 2.301703453063964844e+00
2.797461999999999893e+00 2.296528816223144531e+00
2.802814000000000139e+00 2.296528816223144531e+00
2.807846000000000064e+00 2.301703453063964844e+00
2.812247000000000163e+00 2.296528816223144531e+00
2.816699999999999982e+00 2.301703453063964844e+00
2.821117000000000097e+00 2.296528816223144531e+00
2.825534000000000212e+00 2.301703453063964844e+00
2.829938999999999982e+00 2.301703453063964844e+00
2.834410000000000096e+00 2.301703453063964844e+00
2.838832000000000022e+00 2.296528816223144531e+00
2.843262000000000178e+00 2.296528816223144531e+00
2.847659000000000162e+00 2.296528816223144531e+00
2.852052000000000032e+00 2.296528816223144531e+00
2.856568000000000218e+00 2.296528816223144531e+00
2.861000999999999905e+00 2.291354179382324219e+00
2.865426999999999946e+00 2.291354179382324219e+00
2.869889999999999830e+00 2.286179542541503906e+00
2.874413000000000107e+00 2.291354179382324219e+00
2.883418999999999954e+00 2.291354179382324219e+00
2.888231999999999911e+00 2.296528816223144531e+00
2.892652000000000001e+00 2.301703453063964844e+00
2.897174000000000138e+00 2.296528816223144531e+00
2.901661999999999964e+00 2.301703453063964844e+00
2.906130000000000102e+00 2.301703453063964844e+00
2.910578999999999805e+00 2.301703453063964844e+00
2.915128999999999859e+00 2.301703453063964844e+00
2.919624000000000219e+00 2.301703453063964844e+00
2.924150000000000027e+00 2.301703453063964844e+00
2.928603999999999985e+00 2.301703453063964844e+00
2.933069000000000148e+00 2.301703453063964844e+00
2.937524999999999942e+00 2.296528816223144531e+00
2.942009999999999792e+00 2.291354179382324219e+00
2.946530000000000094e+00 2.291354179382324219e+00
2.951045999999999836e+00 2.291354179382324219e+00
2.955556000000000072e+00 2.291354179382324219e+00
2.960122999999999838e+00 2.291354179382324219e+00
2.964649000000000090e+00 2.291354179382324219e+00
2.969142999999999866e+00 2.291354179382324219e+00
2.973628999999999856e+00 2.291354179382324219e+00
2.978120999999999796e+00 2.291354179382324219e+00
2.982587000000000099e+00 2.296528816223144531e+00
2.987200000000000077e+00 2.301703453063964844e+00
2.991683999999999788e+00 2.301703453063964844e+00
2.998775000000000190e+00 2.301703453063964844e+00
3.003530000000000033e+00 2.301703453063964844e+00
3.008065000000000211e+00 2.301703453063964844e+00
3.012547999999999782e+00 2.301703453063964844e+00
3.017114999999999991e+00 2.301703453063964844e+00
3.020456999999999947e+00 2.301703453063964844e+00
3.024953000000000003e+00 2.301703453063964844e+00
3.029440999999999828e+00 2.296528816223144531e+00
3.033968999999999916e+00 2.296528816223144531e+00
3.038476000000000177e+00 2.291354179382324219e+00
3.041847999999999885e+00 2.291354179382324219e+00
3.046342000000000105e+00 2.291354179382324219e+00
3.050870000000000193e+00 2.291354179382324219e+00
3.055403000000000091e+00 2.291354179382324219e+00
3.059965000000000046e+00 2.291354179382324219e+00
3.064522999999999886e+00 2.296528816223144531e+00
3.067903999999999964e+00 2.296528816223144531e+00
3.072395000000000209e+00 2.296528816223144531e+00
3.076986000000000221e+00 2.296528816223144531e+00
3.081494000000000177e+00 2.291354179382324219e+00
3.086028999999999911e+00 2.301703453063964844e+00
3.090554000000000023e+00 2.301703453063964844e+00
3.095136000000000109e+00 2.301703453063964844e+00
3.098498000000000197e+00 2.301703453063964844e+00
3.102952999999999850e+00 2.296528816223144531e+00
3.109847999999999946e+00 2.301703453063964844e+00
3.114702999999999999e+00 2.296528816223144531e+00
3.119240000000000013e+00 2.301703453063964844e+00
3.123788999999999927e+00 2.296528816223144531e+00
3.128341999999999956e+00 2.296528816223144531e+00
3.132890999999999870e+00 2.296528816223144531e+00
3.137513999999999914e+00 2.286179542541503906e+00
3.142077000000000009e+00 2.291354179382324219e+00
3.146695999999999938e+00 2.291354179382324219e+00
3.151257999999999893e+00 2.296528816223144531e+00
3.155829000000000217e+00 2.291354179382324219e+00
3.160433999999999966e+00 2.291354179382324219e+00
3.165051000000000059e+00 2.296528816223144531e+00
3.169629000000000030e+00 2.296528816223144531e+00
3.174242000000000008e+00 2.296528816223144531e+00
3.178821999999999814e+00 2.296528816223144531e+00
3.183399999999999785e+00 2.296528816223144531e+00
3.188054000000000165e+00 2.296528816223144531e+00
3.191431000000000129e+00 2.301703453063964844e+00
3.195962999999999887e+00 2.301703453063964844e+00
3.200539000000000023e+00 2.296528816223144531e+00
3.205185999999999868e+00 2.296528816223144531e+00
3.209762000000000004e+00 2.301703453063964844e+00
3.214399999999999924e+00 2.301703453063964844e+00
3.219055000000000000e+00 2.301703453063964844e+00
3.226023999999999781e+00 2.296528816223144531e+00
3.230865000000000098e+00 2.296528816223144531e+00
3.235513000000000083e+00 2.296528816223144531e+00
3.240101000000000120e+00 2.296528816223144531e+00
3.244762000000000146e+00 2.296528816223144531e+00
3.249366000000000199e+00 2.296528816223144531e+00
3.252857000000000109e+00 2.291354179382324219e+00
3.257464000000000137e+00 2.291354179382324219e+00
3.262112000000000123e+00 2.296528816223144531e+00
3.266795999999999811e+00 2.291354179382324219e+00
3.271469000000000182e+00 2.291354179382324219e+00
3.274849000000000121e+00 2.291354179382324219e+00
3.279390999999999945e+00 2.291354179382324219e+00
3.284069000000000127e+00 2.296528816223144531e+00
3.288740000000000219e+00 2.296528816223144531e+00
3.293336000000000041e+00 2.301703453063964844e+00
3.298000000000000043e+00 2.296528816223144531e+00
3.302649999999999864e+00 2.296528816223144531e+00
3.307350000000000012e+00 2.296528816223144531e+00
3.311971999999999916e+00 2.296528816223144531e+00
3.315427000000000124e+00 2.301703453063964844e+00
3.320015000000000160e+00 2.301703453063964844e+00
3.324733000000000160e+00 2.301703453063964844e+00
3.329346999999999834e+00 2.301703453063964844e+00
3.334119999999999973e+00 2.296528816223144531e+00
3.341200999999999866e+00 2.291354179382324219e+00
3.346131999999999884e+00 2.296528816223144531e+00
3.350766999999999829e+00 2.296528816223144531e+00
3.355493000000000059e+00 2.291354179382324219e+00
3.360157000000000060e+00 2.291354179382324219e+00
3.364977999999999803e+00 2.291354179382324219e+00
3.369705000000000172e+00 2.291354179382324219e+00
3.376710000000000100e+00 2.291354179382324219e+00
3.388596999999999859e+00 2.296528816223144531e+00
3.397583000000000020e+00 2.296528816223144531e+00
3.410188000000000219e+00 2.301703453063964844e+00
3.419023999999999841e+00 2.301703453063964844e+00
3.428411999999999793e+00 2.301703453063964844e+00
3.435618999999999978e+00 2.296528816223144531e+00
3.439052999999999916e+00 2.291354179382324219e+00
3.443707999999999991e+00 2.291354179382324219e+00
3.448437999999999892e+00 2.291354179382324219e+00
3.455588999999999800e+00 2.286179542541503906e+00
3.460538999999999810e+00 2.291354179382324219e+00
3.465287000000000006e+00 2.291354179382324219e+00
3.470000000000000195e+00 2.286179542541503906e+00
3.473466999999999860e+00 2.286179542541503906e+00
3.478257999999999850e+00 2.286179542541503906e+00
3.482965000000000089e+00 2.291354179382324219e+00
3.487671999999999883e+00 2.296528816223144531e+00
3.492389000000000188e+00 2.301703453063964844e+00
3.497193999999999914e+00 2.296528816223144531e+00
3.500630999999999826e+00 2.296528816223144531e+00
3.505325000000000024e+00 2.301703453063964844e+00
3.510064999999999991e+00 2.301703453063964844e+00
3.514863000000000071e+00 2.301703453063964844e+00
3.519625000000000004e+00 2.301703453063964844e+00
3.523085000000000022e+00 2.301703453063964844e+00
3.527817999999999898e+00 2.301703453063964844e+00
3.532560000000000144e+00 2.296528816223144531e+00
3.537363000000000035e+00 2.286179542541503906e+00
3.542095999999999911e+00 2.291354179382324219e+00
3.546905000000000197e+00 2.286179542541503906e+00
3.551648999999999834e+00 2.291354179382324219e+00
3.556462999999999930e+00 2.286179542541503906e+00
3.561198999999999781e+00 2.286179542541503906e+00
3.568788000000000071e+00 2.291354179382324219e+00
3.573662000000000116e+00 2.291354179382324219e+00
3.578434999999999810e+00 2.291354179382324219e+00
3.583143000000000189e+00 2.291354179382324219e+00
3.586654999999999927e+00 2.296528816223144531e+00
3.591343000000000174e+00 2.296528816223144531e+00
3.596105000000000107e+00 2.301703453063964844e+00
3.600826000000000082e+00 2.296528816223144531e+00
3.605627000000000137e+00 2.301703453063964844e+00
3.610376000000000030e+00 2.301703453063964844e+00
3.615228000000000108e+00 2.296528816223144531e+00
3.619990000000000041e+00 2.301703453063964844e+00
3.623441999999999830e+00 2.296528816223144531e+00
3.628268999999999966e+00 2.296528816223144531e+00
3.633029000000000064e+00 2.296528816223144531e+00
3.637776000000000121e+00 2.286179542541503906e+00
3.642539000000000193e+00 2.286179542541503906e+00
3.646047999999999956e+00 2.286179542541503906e+00
3.649504999999999999e+00 2.286179542541503906e+00
3.654255000000000031e+00 2.291354179382324219e+00
3.659024000000000054e+00 2.296528816223144531e+00
3.663796000000000053e+00 2.291354179382324219e+00
3.668632999999999811e+00 2.291354179382324219e+00
3.673375000000000057e+00 2.291354179382324219e+00
3.678221000000000185e+00 2.291354179382324219e+00
3.685534000000000088e+00 2.296528816223144531e+00
3.690574999999999939e+00 2.301703453063964844e+00
3.694068999999999825e+00 2.301703453063964844e+00
3.698776000000000064e+00 2.296528816223144531e+00
3.703599000000000085e+00 2.296528816223144531e+00
3.708425999999999778e+00 2.296528816223144531e+00
3.713223999999999858e+00 2.296528816223144531e+00
3.718002999999999947e+00 2.296528816223144531e+00
3.722830999999999779e+00 2.296528816223144531e+00
3.727704999999999824e+00 2.296528816223144531e+00
3.732520000000000060e+00 2.296528816223144531e+00
3.737384000000000039e+00 2.291354179382324219e+00
3.742201999999999806e+00 2.291354179382324219e+00
3.747078000000000131e+00 2.291354179382324219e+00
3.751894000000000062e+00 2.291354179382324219e+00
3.755466999999999889e+00 2.291354179382324219e+00
3.760215000000000085e+00 2.291354179382324219e+00
3.765092000000000105e+00 2.296528816223144531e+00
3.769944000000000184e+00 2.291354179382324219e+00
3.774821000000000204e+00 2.291354179382324219e+00
3.779694000000000109e+00 2.286179542541503906e+00
3.784577000000000080e+00 2.296528816223144531e+00
3.789464000000000166e+00 2.296528816223144531e+00
3.796685999999999783e+00 2.296528816223144531e+00
3.801785000000000192e+00 2.296528816223144531e+00
3.806719000000000186e+00 2.296528816223144531e+00
3.811533999999999978e+00 2.296528816223144531e+00
3.816453000000000095e+00 2.296528816223144531e+00
3.821324999999999861e+00 2.296528816223144531e+00
3.826191000000000120e+00 2.296528816223144531e+00
3.831021999999999927e+00 2.301703453063964844e+00
3.835897000000000112e+00 2.291354179382324219e+00
3.840730000000000199e+00 2.291354179382324219e+00
3.844246000000000052e+00 2.291354179382324219e+00
3.847691999999999890e+00 2.291354179382324219e+00
3.852500000000000036e+00 2.296528816223144531e+00
3.857423999999999964e+00 2.291354179382324219e+00
3.862283999999999828e+00 2.291354179382324219e+00
3.867220999999999798e+00 2.291354179382324219e+00
3.872227000000000086e+00 2.286179542541503906e+00
3.877162000000000219e+00 2.286179542541503906e+00
3.882032999999999845e+00 2.286179542541503906e+00
3.887048000000000059e+00 2.296528816223144531e+00
3.892017000000000060e+00 2.296528816223144531e+00
3.896962999999999955e+00 2.296528816223144531e+00
3.901851999999999876e+00 2.296528816223144531e+00
3.909656000000000020e+00 2.296528816223144531e+00
3.914718999999999838e+00 2.301703453063964844e+00
3.918235999999999830e+00 2.301703453063964844e+00
3.923116999999999965e+00 2.296528816223144531e+00
3.927969000000000044e+00 2.301703453063964844e+00
3.932866999999999891e+00 2.296528816223144531e+00
3.936469000000000218e+00 2.291354179382324219e+00
3.941316000000000042e+00 2.291354179382324219e+00
3.946190000000000087e+00 2.291354179382324219e+00
3.951086999999999794e+00 2.291354179382324219e+00
3.956007000000000051e+00 2.286179542541503906e+00
3.960907999999999873e+00 2.286179542541503906e+00
3.965824000000000016e+00 2.286179542541503906e+00
3.970762999999999820e+00 2.286179542541503906e+00
3.975789999999999935e+00 2.286179542541503906e+00
3.980732999999999855e+00 2.286179542541503906e+00
3.985635999999999957e+00 2.291354179382324219e+00
3.990597999999999868e+00 2.296528816223144531e+00
3.995518999999999821e+00 2.296528816223144531e+00
4.000428000000000317e+00 2.301703453063964844e+00
4.005366999999999678e+00 2.296528816223144531e+00
4.010285999999999795e+00 2.301703453063964844e+00
4.015278999999999598e+00 2.296528816223144531e+00
4.020252000000000159e+00 2.296528816223144531e+00
4.027606999999999715e+00 2.296528816223144531e+00
4.032812999999999981e+00 2.296528816223144531e+00
4.036431999999999576e+00 2.286179542541503906e+00
4.041330999999999563e+00 2.286179542541503906e+00
4.046287999999999663e+00 2.286179542541503906e+00
4.049845000000000361e+00 2.286179542541503906e+00
4.054787000000000141e+00 2.286179542541503906e+00
4.059715999999999880e+00 2.286179542541503906e+00
4.064727000000000423e+00 2.291354179382324219e+00
4.069676000000000293e+00 2.286179542541503906e+00
4.074946999999999875e+00 2.291354179382324219e+00
4.079983000000000359e+00 2.291354179382324219e+00
4.084991999999999734e+00 2.296528816223144531e+00
4.089961999999999875e+00 2.296528816223144531e+00
4.094996000000000080e+00 2.296528816223144531e+00
4.099931999999999910e+00 2.296528816223144531e+00
4.104987999999999637e+00 2.301703453063964844e+00
4.109957999999999778e+00 2.296528816223144531e+00
4.115005000000000024e+00 2.296528816223144531e+00
4.119977999999999696e+00 2.296528816223144531e+00
4.125042999999999793e+00 2.296528816223144531e+00
4.130021000000000164e+00 2.296528816223144531e+00
4.135040000000000049e+00 2.291354179382324219e+00
4.142737000000000336e+00 2.286179542541503906e+00
4.148082999999999743e+00 2.286179542541503906e+00
4.153058999999999834e+00 2.286179542541503906e+00
4.156658000000000186e+00 2.286179542541503906e+00
4.161565000000000403e+00 2.291354179382324219e+00
4.165235000000000021e+00 2.291354179382324219e+00
4.170155000000000278e+00 2.291354179382324219e+00
4.175187000000000204e+00 2.291354179382324219e+00
4.180285999999999724e+00 2.291354179382324219e+00
4.185442000000000107e+00 2.296528816223144531e+00
4.189080999999999833e+00 2.296528816223144531e+00
4.194059000000000204e+00 2.301703453063964844e+00
4.197657999999999667e+00 2.296528816223144531e+00
4.202605000000000146e+00 2.296528816223144531e+00
4.207686999999999955e+00 2.296528816223144531e+00
4.212668999999999997e+00 2.296528816223144531e+00
4.217728000000000144e+00 2.296528816223144531e+00
4.222756999999999650e+00 2.291354179382324219e+00
4.227820999999999607e+00 2.296528816223144531e+00
4.232821999999999640e+00 2.296528816223144531e+00
4.236434000000000033e+00 2.286179542541503906e+00
4.240033000000000385e+00 2.291354179382324219e+00
4.245023999999999909e+00 2.291354179382324219e+00
4.250029999999999752e+00 2.286179542541503906e+00
4.257443000000000310e+00 2.286179542541503906e+00
4.262741000000000113e+00 2.286179542541503906e+00
4.267869000000000135e+00 2.291354179382324219e+00
4.272915000000000241e+00 2.291354179382324219e+00
4.277955000000000396e+00 2.291354179382324219e+00
4.283114999999999561e+00 2.291354179382324219e+00
4.288202000000000069e+00 2.291354179382324219e+00
4.293229000000000184e+00 2.296528816223144531e+00
4.298320999999999614e+00 2.296528816223144531e+00
4.303367999999999860e+00 2.296528816223144531e+00
4.308519999999999683e+00 2.296528816223144531e+00
4.313558999999999699e+00 2.296528816223144531e+00
4.318654999999999688e+00 2.296528816223144531e+00
4.323724999999999596e+00 2.296528816223144531e+00
4.328800000000000203e+00 2.296528816223144531e+00
4.333866000000000440e+00 2.296528816223144531e+00
4.339012000000000313e+00 2.286179542541503906e+00
4.344151000000000096e+00 2.291354179382324219e+00
4.349249000000000365e+00 2.291354179382324219e+00
4.354356000000000115e+00 2.291354179382324219e+00
4.359427000000000163e+00 2.291354179382324219e+00
4.363044999999999618e+00 2.291354179382324219e+00
4.366681999999999952e+00 2.286179542541503906e+00
4.374902999999999764e+00 2.286179542541503906e+00
4.386807000000000123e+00 2.291354179382324219e+00
4.397647000000000084e+00 2.296528816223144531e+00
4.414354000000000333e+00 2.296528816223144531e+00
4.426623000000000197e+00 2.296528816223144531e+00
4.438570000000000348e+00 2.291354179382324219e+00
4.445975999999999928e+00 2.291354179382324219e+00
4.451101000000000418e+00 2.286179542541503906e+00
4.456248999999999683e+00 2.286179542541503906e+00
4.461361000000000132e+00 2.286179542541503906e+00
4.466565000000000119e+00 2.286179542541503906e+00
4.471658999999999828e+00 2.286179542541503906e+00
4.476854999999999585e+00 2.286179542541503906e+00
4.482037000000000049e+00 2.286179542541503906e+00
4.489816000000000251e+00 2.291354179382324219e+00
4.495289999999999786e+00 2.296528816223144531e+00
4.500418999999999947e+00 2.296528816223144531e+00
4.505551999999999779e+00 2.296528816223144531e+00
4.510666999999999760e+00 2.296528816223144531e+00
4.515812000000000381e+00 2.296528816223144531e+00
4.520952000000000304e+00 2.296528816223144531e+00
4.524677999999999756e+00 2.301703453063964844e+00
4.528279999999999639e+00 2.296528816223144531e+00
4.531878999999999991e+00 2.296528816223144531e+00
4.537022999999999584e+00 2.286179542541503906e+00
4.542190999999999867e+00 2.286179542541503906e+00
4.547374999999999723e+00 2.286179542541503906e+00
4.552522999999999875e+00 2.286179542541503906e+00
4.557748000000000133e+00 2.286179542541503906e+00
4.562923999999999758e+00 2.286179542541503906e+00
4.568060000000000009e+00 2.286179542541503906e+00
4.573239000000000054e+00 2.286179542541503906e+00
4.578439000000000370e+00 2.286179542541503906e+00
4.583605000000000373e+00 2.291354179382324219e+00
4.588801000000000130e+00 2.296528816223144531e+00
4.592450999999999617e+00 2.301703453063964844e+00
4.597680000000000433e+00 2.296528816223144531e+00
4.605399000000000242e+00 2.301703453063964844e+00
4.610665000000000013e+00 2.301703453063964844e+00
4.615906999999999982e+00 2.296528816223144531e+00
4.621121999999999730e+00 2.296528816223144531e+00
4.626383999999999830e+00 2.296528816223144531e+00
4.630079000000000278e+00 2.296528816223144531e+00
4.635292999999999886e+00 2.286179542541503906e+00
4.640562000000000076e+00 2.286179542541503906e+00
4.644284999999999997e+00 2.286179542541503906e+00
4.649413000000000018e+00 2.281004905700683594e+00
4.654702999999999591e+00 2.281004905700683594e+00
4.658458999999999683e+00 2.286179542541503906e+00
4.663630999999999638e+00 2.291354179382324219e+00
4.668865000000000265e+00 2.291354179382324219e+00
4.674188000000000009e+00 2.286179542541503906e+00
4.679431000000000118e+00 2.291354179382324219e+00
4.684740999999999822e+00 2.296528816223144531e+00
4.690013000000000432e+00 2.296528816223144531e+00
4.695319999999999716e+00 2.301703453063964844e+00
4.700566000000000244e+00 2.301703453063964844e+00
4.705816999999999695e+00 2.291354179382324219e+00
4.711028999999999911e+00 2.296528816223144531e+00
4.716291000000000011e+00 2.296528816223144531e+00
4.723925999999999625e+00 2.291354179382324219e+00
4.729276999999999731e+00 2.296528816223144531e+00
4.734564999999999912e+00 2.291354179382324219e+00
4.739869999999999806e+00 2.286179542541503906e+00
4.745213999999999821e+00 2.291354179382324219e+00
4.750480999999999732e+00 2.286179542541503906e+00
4.755771000000000193e+00 2.291354179382324219e+00
4.761051000000000144e+00 2.291354179382324219e+00
4.766333999999999627e+00 2.291354179382324219e+00
4.771632000000000318e+00 2.291354179382324219e+00
4.775440999999999825e+00 2.286179542541503906e+00
4.780649999999999622e+00 2.291354179382324219e+00
4.784506999999999621e+00 2.296528816223144531e+00
4.788250999999999813e+00 2.291354179382324219e+00
4.793563999999999936e+00 2.296528816223144531e+00
4.798909000000000091e+00 2.291354179382324219e+00
4.804265000000000008e+00 2.291354179382324219e+00
4.809631999999999685e+00 2.291354179382324219e+00
4.814968000000000359e+00 2.296528816223144531e+00
4.820261999999999603e+00 2.291354179382324219e+00
4.825577000000000005e+00 2.291354179382324219e+00
4.830867999999999718e+00 2.296528816223144531e+00
4.839061000000000057e+00 2.291354179382324219e+00
4.844558000000000142e+00 2.291354179382324219e+00
4.849821000000000382e+00 2.286179542541503906e+00
4.855156000000000027e+00 2.286179542541503906e+00
4.860438000000000258e+00 2.291354179382324219e+00
4.865751999999999633e+00 2.291354179382324219e+00
4.871026999999999774e+00 2.291354179382324219e+00
4.876365999999999978e+00 2.286179542541503906e+00
4.881629000000000218e+00 2.286179542541503906e+00
4.886972000000000094e+00 2.291354179382324219e+00
4.892286000000000357e+00 2.296528816223144531e+00
4.897651999999999894e+00 2.296528816223144531e+00
4.902932999999999986e+00 2.291354179382324219e+00
4.906602999999999604e+00 2.291354179382324219e+00
4.911843000000000181e+00 2.296528816223144531e+00
4.915638000000000396e+00 2.296528816223144531e+00
4.920861999999999625e+00 2.301703453063964844e+00
4.926201999999999970e+00 2.296528816223144531e+00
4.931504000000000332e+00 2.296528816223144531e+00
4.936868999999999730e+00 2.291354179382324219e+00
4.942141000000000339e+00 2.291354179382324219e+00
4.947517999999999638e+00 2.291354179382324219e+00
4.955377999999999616e+00 2.286179542541503906e+00
4.960938999999999766e+00 2.286179542541503906e+00
4.966245999999999938e+00 2.286179542541503906e+00
4.971567000000000291e+00 2.281004905700683594e+00
4.976975999999999623e+00 2.281004905700683594e+00
4.982295999999999836e+00 2.286179542541503906e+00
4.987664999999999793e+00 2.296528816223144531e+00
4.993032000000000359e+00 2.291354179382324219e+00
4.996844000000000285e+00 2.296528816223144531e+00
5.002108999999999916e+00 2.296528816223144531e+00
5.007531000000000176e+00 2.296528816223144531e+00
5.012876999999999583e+00 2.296528816223144531e+00
5.018275000000000041e+00 2.296528816223144531e+00
5.023621999999999588e+00 2.296528816223144531e+00
5.028952999999999562e+00 2.296528816223144531e+00
5.034351000000000020e+00 2.296528816223144531e+00
5.039725999999999928e+00 2.286179542541503906e+00
5.045155000000000278e+00 2.286179542541503906e+00
5.050474999999999604e+00 2.281004905700683594e+00
5.055811000000000277e+00 2.286179542541503906e+00
5.061214999999999797e+00 2.286179542541503906e+00
5.069031999999999982e+00 2.286179542541503906e+00
5.074732000000000021e+00 2.281004905700683594e+00
5.080135000000000289e+00 2.286179542541503906e+00
5.085549999999999571e+00 2.296528816223144531e+00
5.090974000000000110e+00 2.296528816223144531e+00
5.096491000000000327e+00 2.296528816223144531e+00
5.101890000000000036e+00 2.296528816223144531e+00
5.107375000000000220e+00 2.296528816223144531e+00
5.112782000000000160e+00 2.296528816223144531e+00
5.118219999999999992e+00 2.296528816223144531e+00
5.123628000000000071e+00 2.296528816223144531e+00
5.127499000000000251e+00 2.296528816223144531e+00
5.131253000000000064e+00 2.291354179382324219e+00
5.136612999999999651e+00 2.286179542541503906e+00
5.142023000000000010e+00 2.286179542541503906e+00
5.145885999999999960e+00 2.286179542541503906e+00
5.149634999999999962e+00 2.286179542541503906e+00
5.154982999999999649e+00 2.286179542541503906e+00
5.160359999999999836e+00 2.281004905700683594e+00
5.165764000000000244e+00 2.286179542541503906e+00
5.171145000000000103e+00 2.286179542541503906e+00
5.176515000000000200e+00 2.291354179382324219e+00
5.184314999999999785e+00 2.291354179382324219e+00
5.189980000000000260e+00 2.291354179382324219e+00
5.195731000000000321e+00 2.301703453063964844e+00
5.201210999999999807e+00 2.296528816223144531e+00
5.206684000000000090e+00 2.296528816223144531e+00
5.212124000000000201e+00 2.296528816223144531e+00
5.217604999999999826e+00 2.296528816223144531e+00
5.222986999999999824e+00 2.291354179382324219e+00
5.228453000000000017e+00 2.296528816223144531e+00
5.233886000000000038e+00 2.291354179382324219e+00
5.239328000000000429e+00 2.281004905700683594e+00
5.244806999999999775e+00 2.286179542541503906e+00
5.250238000000000405e+00 2.286179542541503906e+00
5.255710999999999800e+00 2.286179542541503906e+00
5.261178000000000132e+00 2.286179542541503906e+00
5.266610000000000014e+00 2.286179542541503906e+00
5.272033999999999665e+00 2.286179542541503906e+00
5.277607999999999855e+00 2.291354179382324219e+00
5.283046999999999827e+00 2.291354179382324219e+00
5.288475000000000037e+00 2.296528816223144531e+00
5.293984000000000023e+00 2.296528816223144531e+00
5.301922000000000246e+00 2.296528816223144531e+00
5.307497999999999827e+00 2.291354179382324219e+00
5.312901000000000096e+00 2.291354179382324219e+00
5.318341000000000207e+00 2.296528816223144531e+00
5.323788000000000409e+00 2.291354179382324219e+00
5.329329999999999679e+00 2.291354179382324219e+00
5.333258999999999972e+00 2.291354179382324219e+00
5.338733000000000395e+00 2.291354179382324219e+00
5.344242999999999633e+00 2.291354179382324219e+00
5.348050999999999888e+00 2.286179542541503906e+00
5.353451999999999877e+00 2.291354179382324219e+00
5.358994000000000035e+00 2.286179542541503906e+00
5.362847000000000364e+00 2.286179542541503906e+00
5.368325999999999709e+00 2.286179542541503906e+00
5.373817999999999984e+00 2.291354179382324219e+00
5.381794000000000189e+00 2.286179542541503906e+00
5.398681999999999981e+00 2.291354179382324219e+00
5.406901000000000401e+00 2.291354179382324219e+00
5.419157000000000224e+00 2.296528816223144531e+00
5.428937999999999597e+00 2.296528816223144531e+00
5.439465000000000217e+00 2.286179542541503906e+00
5.450454999999999828e+00 2.286179542541503906e+00
5.456184000000000367e+00 2.286179542541503906e+00
5.461724000000000245e+00 2.286179542541503906e+00
5.467329000000000327e+00 2.286179542541503906e+00
5.472870000000000346e+00 2.281004905700683594e+00
5.478487999999999580e+00 2.286179542541503906e+00
5.484041999999999639e+00 2.286179542541503906e+00
5.489582000000000406e+00 2.291354179382324219e+00
5.495237000000000371e+00 2.296528816223144531e+00
5.500741999999999798e+00 2.296528816223144531e+00
5.506381000000000192e+00 2.296528816223144531e+00
5.512103999999999893e+00 2.296528816223144531e+00
5.516060999999999659e+00 2.296528816223144531e+00
5.521493999999999680e+00 2.296528816223144531e+00
5.527106999999999992e+00 2.296528816223144531e+00
5.532668000000000141e+00 2.296528816223144531e+00
5.538262999999999714e+00 2.291354179382324219e+00
5.543822999999999723e+00 2.291354179382324219e+00
5.549413999999999625e+00 2.286179542541503906e+00
5.557319999999999816e+00 2.281004905700683594e+00
5.563183000000000433e+00 2.286179542541503906e+00
5.567040999999999684e+00 2.286179542541503906e+00
5.572478000000000264e+00 2.286179542541503906e+00
5.578076000000000256e+00 2.286179542541503906e+00
5.583611000000000324e+00 2.286179542541503906e+00
5.589166999999999774e+00 2.296528816223144531e+00
5.594727999999999923e+00 2.296528816223144531e+00
5.600278000000000311e+00 2.296528816223144531e+00
5.605840999999999852e+00 2.296528816223144531e+00
5.611396000000000051e+00 2.296528816223144531e+00
5.616994000000000042e+00 2.296528816223144531e+00
5.622563000000000422e+00 2.296528816223144531e+00
5.628205000000000346e+00 2.296528816223144531e+00
5.632069000000000436e+00 2.291354179382324219e+00
5.637611999999999846e+00 2.286179542541503906e+00
5.643226000000000298e+00 2.286179542541503906e+00
5.648903999999999925e+00 2.286179542541503906e+00
5.654505000000000337e+00 2.286179542541503906e+00
5.660097000000000378e+00 2.286179542541503906e+00
5.665683999999999720e+00 2.281004905700683594e+00
5.673872000000000249e+00 2.286179542541503906e+00
5.679571000000000147e+00 2.291354179382324219e+00
5.685196000000000360e+00 2.296528816223144531e+00
5.690752999999999950e+00 2.296528816223144531e+00
5.696390000000000065e+00 2.296528816223144531e+00
5.701945000000000263e+00 2.296528816223144531e+00
5.707631000000000121e+00 2.296528816223144531e+00
5.713246999999999964e+00 2.296528816223144531e+00
5.718890000000000029e+00 2.291354179382324219e+00
5.724523999999999724e+00 2.296528816223144531e+00
5.730176000000000158e+00 2.291354179382324219e+00
5.735763000000000389e+00 2.286179542541503906e+00
5.741372000000000142e+00 2.286179542541503906e+00
5.747029000000000387e+00 2.286179542541503906e+00
5.752651000000000181e+00 2.286179542541503906e+00
5.758323999999999998e+00 2.286179542541503906e+00
5.764050000000000118e+00 2.286179542541503906e+00
5.769633999999999929e+00 2.286179542541503906e+00
5.775301999999999936e+00 2.291354179382324219e+00
5.780986999999999654e+00 2.291354179382324219e+00
5.789109999999999978e+00 2.296528816223144531e+00
5.795036999999999772e+00 2.296528816223144531e+00
5.800652000000000363e+00 2.296528816223144531e+00
5.806254000000000026e+00 2.291354179382324219e+00
5.811868999999999730e+00 2.296528816223144531e+00
5.817611999999999561e+00 2.291354179382324219e+00
5.823235000000000383e+00 2.291354179382324219e+00
5.828846999999999667e+00 2.296528816223144531e+00
5.834553999999999796e+00 2.291354179382324219e+00
5.840149000000000257e+00 2.286179542541503906e+00
5.845798000000000272e+00 2.286179542541503906e+00
5.851405999999999885e+00 2.286179542541503906e+00
5.857132000000000005e+00 2.286179542541503906e+00
5.862785999999999831e+00 2.291354179382324219e+00
5.868515999999999622e+00 2.291354179382324219e+00
5.874181000000000097e+00 2.286179542541503906e+00
5.879882000000000275e+00 2.286179542541503906e+00
5.885556000000000232e+00 2.291354179382324219e+00
5.891217000000000148e+00 2.291354179382324219e+00
5.896976000000000440e+00 2.291354179382324219e+00
5.904970999999999748e+00 2.291354179382324219e+00
5.910932999999999993e+00 2.291354179382324219e+00
5.914870999999999768e+00 2.291354179382324219e+00
5.920492000000000310e+00 2.296528816223144531e+00
5.926207999999999920e+00 2.301703453063964844e+00
5.931841999999999615e+00 2.296528816223144531e+00
5.935870999999999675e+00 2.291354179382324219e+00
5.941463999999999857e+00 2.286179542541503906e+00
5.947251999999999761e+00 2.286179542541503906e+00
5.952946999999999989e+00 2.286179542541503906e+00
5.958637999999999657e+00 2.286179542541503906e+00
5.964382999999999768e+00 2.291354179382324219e+00
5.970091000000000037e+00 2.286179542541503906e+00
5.975750999999999813e+00 2.286179542541503906e+00
5.981472000000000122e+00 2.286179542541503906e+00
5.985504999999999853e+00 2.291354179382324219e+00
5.991202000000000361e+00 2.296528816223144531e+00
5.996991999999999656e+00 2.296528816223144531e+00
6.002735999999999628e+00 2.291354179382324219e+00
6.008479000000000347e+00 2.296528816223144531e+00
6.014370000000000438e+00 2.296528816223144531e+00
6.022501000000000104e+00 2.296528816223144531e+00
6.028633000000000131e+00 2.296528816223144531e+00
6.034378000000000242e+00 2.291354179382324219e+00
6.040066000000000379e+00 2.286179542541503906e+00
6.045806999999999931e+00 2.291354179382324219e+00
6.051517999999999731e+00 2.286179542541503906e+00
6.057280000000000442e+00 2.281004905700683594e+00
6.062977000000000061e+00 2.286179542541503906e+00
6.068698000000000370e+00 2.286179542541503906e+00
6.072663000000000366e+00 2.281004905700683594e+00
6.078388000000000346e+00 2.291354179382324219e+00
6.084160999999999930e+00 2.291354179382324219e+00
6.089888000000000190e+00 2.296528816223144531e+00
6.095720000000000027e+00 2.296528816223144531e+00
6.101421000000000205e+00 2.296528816223144531e+00
6.107192000000000398e+00 2.296528816223144531e+00
6.112942999999999572e+00 2.296528816223144531e+00
6.118688999999999822e+00 2.296528816223144531e+00
6.124516999999999989e+00 2.291354179382324219e+00
6.130397999999999570e+00 2.296528816223144531e+00
6.138624000000000080e+00 2.286179542541503906e+00
6.142851000000000283e+00 2.286179542541503906e+00
6.148658000000000179e+00 2.286179542541503906e+00
6.154446000000000083e+00 2.281004905700683594e+00
6.160209000000000046e+00 2.281004905700683594e+00
6.165987999999999580e+00 2.286179542541503906e+00
6.171726999999999741e+00 2.281004905700683594e+00
6.177535999999999916e+00 2.286179542541503906e+00
6.183313000000000059e+00 2.291354179382324219e+00
6.189197000000000060e+00 2.296528816223144531e+00
6.195047999999999888e+00 2.296528816223144531e+00
6.200802999999999621e+00 2.296528816223144531e+00
6.206599999999999895e+00 2.296528816223144531e+00
6.212400999999999840e+00 2.296528816223144531e+00
6.218256000000000228e+00 2.296528816223144531e+00
6.224078000000000443e+00 2.291354179382324219e+00
6.228068000000000382e+00 2.291354179382324219e+00
6.233909999999999840e+00 2.291354179382324219e+00
6.239682000000000173e+00 2.286179542541503906e+00
6.245538999999999952e+00 2.286179542541503906e+00
6.253668000000000227e+00 2.286179542541503906e+00
6.259799000000000113e+00 2.286179542541503906e+00
6.265687999999999924e+00 2.286179542541503906e+00
6.269670999999999772e+00 2.286179542541503906e+00
6.275508000000000308e+00 2.286179542541503906e+00
6.281348000000000376e+00 2.291354179382324219e+00
6.287226999999999677e+00 2.296528816223144531e+00
6.293021999999999672e+00 2.296528816223144531e+00
6.298903000000000141e+00 2.296528816223144531e+00
6.304782999999999582e+00 2.291354179382324219e+00
6.310583000000000276e+00 2.291354179382324219e+00
6.316378000000000270e+00 2.291354179382324219e+00
6.322214999999999918e+00 2.291354179382324219e+00
6.328111999999999959e+00 2.291354179382324219e+00
6.334101000000000425e+00 2.291354179382324219e+00
6.338026000000000160e+00 2.281004905700683594e+00
6.343829999999999636e+00 2.286179542541503906e+00
6.349708999999999826e+00 2.286179542541503906e+00
6.355570000000000164e+00 2.286179542541503906e+00
6.361399999999999721e+00 2.291354179382324219e+00
6.369716999999999629e+00 2.286179542541503906e+00
6.375727999999999618e+00 2.291354179382324219e+00
6.381668999999999592e+00 2.286179542541503906e+00
6.392400000000000304e+00 2.291354179382324219e+00
6.406327000000000105e+00 2.291354179382324219e+00
6.417980000000000018e+00 2.291354179382324219e+00
6.432604999999999684e+00 2.296528816223144531e+00
6.443264000000000102e+00 2.286179542541503906e+00
6.453471999999999653e+00 2.291354179382324219e+00
6.461670999999999943e+00 2.286179542541503906e+00
6.467935999999999908e+00 2.286179542541503906e+00
6.473828000000000138e+00 2.281004905700683594e+00
6.479801000000000144e+00 2.286179542541503906e+00
6.488151000000000224e+00 2.291354179382324219e+00
6.494266999999999790e+00 2.291354179382324219e+00
6.500442999999999749e+00 2.291354179382324219e+00
6.506356000000000250e+00 2.291354179382324219e+00
6.512241999999999642e+00 2.301703453063964844e+00
6.518234999999999779e+00 2.296528816223144531e+00
6.524199000000000304e+00 2.296528816223144531e+00
6.530046999999999713e+00 2.296528816223144531e+00
6.535951999999999984e+00 2.291354179382324219e+00
6.541877000000000386e+00 2.286179542541503906e+00
6.547848000000000113e+00 2.291354179382324219e+00
6.553710999999999842e+00 2.286179542541503906e+00
6.559656000000000375e+00 2.281004905700683594e+00
6.565616000000000341e+00 2.286179542541503906e+00
6.569651000000000352e+00 2.286179542541503906e+00
6.575559000000000154e+00 2.281004905700683594e+00
6.579617999999999967e+00 2.286179542541503906e+00
6.585530999999999580e+00 2.291354179382324219e+00
6.591496000000000244e+00 2.291354179382324219e+00
6.597437000000000218e+00 2.296528816223144531e+00
6.605920000000000236e+00 2.296528816223144531e+00
6.612111999999999767e+00 2.296528816223144531e+00
6.618155999999999928e+00 2.296528816223144531e+00
6.624140999999999835e+00 2.296528816223144531e+00
6.630092000000000318e+00 2.296528816223144531e+00
6.636078000000000365e+00 2.291354179382324219e+00
6.642057000000000322e+00 2.286179542541503906e+00
6.648067000000000171e+00 2.281004905700683594e+00
6.654087999999999781e+00 2.286179542541503906e+00
6.660066999999999737e+00 2.281004905700683594e+00
6.666030000000000122e+00 2.286179542541503906e+00
6.671962999999999866e+00 2.286179542541503906e+00
6.677980999999999945e+00 2.286179542541503906e+00
6.684002000000000443e+00 2.291354179382324219e+00
6.689953000000000038e+00 2.296528816223144531e+00
6.695908000000000193e+00 2.296528816223144531e+00
6.701862000000000208e+00 2.296528816223144531e+00
6.707908999999999899e+00 2.296528816223144531e+00
6.713878000000000235e+00 2.296528816223144531e+00
6.722323000000000270e+00 2.296528816223144531e+00
6.728664000000000200e+00 2.291354179382324219e+00
6.734714999999999563e+00 2.286179542541503906e+00
6.740667000000000186e+00 2.286179542541503906e+00
6.746811000000000114e+00 2.286179542541503906e+00
6.752778000000000169e+00 2.286179542541503906e+00
6.758896000000000015e+00 2.286179542541503906e+00
6.764908000000000143e+00 2.286179542541503906e+00
6.770882000000000289e+00 2.286179542541503906e+00
6.776894000000000418e+00 2.291354179382324219e+00
6.782888999999999946e+00 2.286179542541503906e+00
6.788874999999999993e+00 2.296528816223144531e+00
6.794939000000000284e+00 2.296528816223144531e+00
6.800956000000000223e+00 2.296528816223144531e+00
6.807036000000000087e+00 2.291354179382324219e+00
6.813038999999999845e+00 2.296528816223144531e+00
6.819060999999999595e+00 2.291354179382324219e+00
6.825135000000000396e+00 2.296528816223144531e+00
6.831224999999999881e+00 2.291354179382324219e+00
6.841040999999999705e+00 2.286179542541503906e+00
6.847171000000000340e+00 2.291354179382324219e+00
6.853244000000000113e+00 2.291354179382324219e+00
6.859351000000000198e+00 2.286179542541503906e+00
6.865429999999999922e+00 2.286179542541503906e+00
6.871475000000000222e+00 2.286179542541503906e+00
6.877549000000000134e+00 2.286179542541503906e+00
6.883594999999999686e+00 2.291354179382324219e+00
6.889732999999999663e+00 2.291354179382324219e+00
6.893837000000000437e+00 2.296528816223144531e+00
6.899891000000000219e+00 2.291354179382324219e+00
6.905979000000000312e+00 2.291354179382324219e+00
6.912011999999999823e+00 2.291354179382324219e+00
6.918143999999999849e+00 2.291354179382324219e+00
6.922265000000000335e+00 2.291354179382324219e+00
6.928359999999999630e+00 2.296528816223144531e+00
6.934450000000000003e+00 2.296528816223144531e+00
6.940548999999999857e+00 2.291354179382324219e+00
6.944835999999999565e+00 2.291354179382324219e+00
6.953694999999999737e+00 2.286179542541503906e+00
6.960319000000000145e+00 2.286179542541503906e+00
6.965616999999999948e+00 2.286179542541503906e+00
6.971897000000000233e+00 2.286179542541503906e+00
6.977110999999999841e+00 2.286179542541503906e+00
6.983083999999999847e+00 2.286179542541503906e+00
6.989212000000000202e+00 2.291354179382324219e+00
6.995328999999999908e+00 2.291354179382324219e+00
7.001427999999999763e+00 2.291354179382324219e+00
7.007530000000000037e+00 2.291354179382324219e+00
7.013627999999999751e+00 2.296528816223144531e+00
7.019737000000000116e+00 2.296528816223144531e+00
7.023886000000000074e+00 2.296528816223144531e+00
7.029914999999999914e+00 2.296528816223144531e+00
7.036012000000000377e+00 2.291354179382324219e+00
7.043222000000000094e+00 2.286179542541503906e+00
7.051292000000000115e+00 2.286179542541503906e+00
7.059154000000000373e+00 2.281004905700683594e+00
7.071151000000000408e+00 2.286179542541503906e+00
7.079369999999999941e+00 2.286179542541503906e+00
7.087545999999999680e+00 2.291354179382324219e+00
7.095487000000000322e+00 2.291354179382324219e+00
7.103479000000000099e+00 2.296528816223144531e+00
7.111544000000000310e+00 2.296528816223144531e+00
7.119610999999999912e+00 2.296528816223144531e+00
7.127536000000000094e+00 2.296528816223144531e+00
7.135639000000000287e+00 2.291354179382324219e+00
7.142707999999999835e+00 2.281004905700683594e+00
7.148958999999999619e+00 2.286179542541503906e+00
7.155288999999999788e+00 2.286179542541503906e+00
7.161446999999999896e+00 2.286179542541503906e+00
7.167690999999999590e+00 2.286179542541503906e+00
7.173830999999999847e+00 2.281004905700683594e+00
7.182591000000000392e+00 2.286179542541503906e+00
7.189148999999999567e+00 2.296528816223144531e+00
7.195344999999999658e+00 2.296528816223144531e+00
7.201488000000000334e+00 2.296528816223144531e+00
7.207676000000000194e+00 2.296528816223144531e+00
7.213830999999999882e+00 2.296528816223144531e+00
7.219981999999999900e+00 2.296528816223144531e+00
7.226111000000000395e+00 2.291354179382324219e+00
7.230291000000000246e+00 2.291354179382324219e+00
7.236399999999999721e+00 2.291354179382324219e+00
7.242568999999999591e+00 2.286179542541503906e+00
7.248776000000000330e+00 2.281004905700683594e+00
7.255015000000000214e+00 2.286179542541503906e+00
7.261166000000000231e+00 2.281004905700683594e+00
7.267375000000000362e+00 2.286179542541503906e+00
7.273513000000000339e+00 2.286179542541503906e+00
7.279768999999999934e+00 2.291354179382324219e+00
7.285967000000000304e+00 2.296528816223144531e+00
7.292391000000000290e+00 2.296528816223144531e+00
7.301791999999999838e+00 2.296528816223144531e+00
7.307980999999999838e+00 2.296528816223144531e+00
7.314229000000000092e+00 2.291354179382324219e+00
7.320407000000000330e+00 2.291354179382324219e+00
7.326584000000000430e+00 2.291354179382324219e+00
7.332812999999999803e+00 2.291354179382324219e+00
7.339044000000000345e+00 2.281004905700683594e+00
7.345315000000000261e+00 2.286179542541503906e+00
7.351544999999999774e+00 2.291354179382324219e+00
7.357841999999999771e+00 2.286179542541503906e+00
7.362052000000000263e+00 2.286179542541503906e+00
7.368303000000000047e+00 2.286179542541503906e+00
7.372476999999999947e+00 2.286179542541503906e+00
7.378694999999999560e+00 2.291354179382324219e+00
7.384986999999999746e+00 2.296528816223144531e+00
7.393061000000000327e+00 2.296528816223144531e+00
7.407058000000000142e+00 2.296528816223144531e+00
7.415934000000000026e+00 2.291354179382324219e+00
7.426701999999999693e+00 2.291354179382324219e+00
7.436786999999999814e+00 2.291354179382324219e+00
7.447815000000000296e+00 2.291354179382324219e+00
7.457621999999999751e+00 2.286179542541503906e+00
7.466860999999999748e+00 2.286179542541503906e+00
7.473130000000000273e+00 2.286179542541503906e+00
7.479404999999999859e+00 2.286179542541503906e+00
7.485704000000000136e+00 2.286179542541503906e+00
7.489853000000000094e+00 2.291354179382324219e+00
7.496038999999999675e+00 2.296528816223144531e+00
7.502245000000000275e+00 2.296528816223144531e+00
7.508556999999999704e+00 2.291354179382324219e+00
7.514813000000000187e+00 2.296528816223144531e+00
7.521040000000000170e+00 2.296528816223144531e+00
7.527332000000000356e+00 2.296528816223144531e+00
7.533560999999999730e+00 2.291354179382324219e+00
7.539803000000000033e+00 2.286179542541503906e+00
7.546014000000000443e+00 2.291354179382324219e+00
7.552235999999999727e+00 2.296528816223144531e+00
7.558546999999999905e+00 2.389671325683593750e+00
7.564811999999999870e+00 2.772591590881347656e+00
7.574004999999999654e+00 4.785508155822753906e+00
7.580553000000000097e+00 4.790682792663574219e+00
7.586828999999999823e+00 4.795857429504394531e+00
7.593033000000000143e+00 4.795857429504394531e+00
7.599304000000000059e+00 4.795857429504394531e+00
7.605661999999999701e+00 4.795857429504394531e+00
7.611934999999999896e+00 4.795857429504394531e+00
7.618332999999999799e+00 4.801032066345214844e+00
7.624653000000000347e+00 4.795857429504394531e+00
7.630925999999999654e+00 4.801032066345214844e+00
7.637273999999999674e+00 4.790682792663574219e+00
7.644000000000000128e+00 4.790682792663574219e+00
7.650274999999999714e+00 4.785508155822753906e+00
7.656568000000000040e+00 4.790682792663574219e+00
7.662862999999999758e+00 4.790682792663574219e+00
7.669315000000000104e+00 4.790682792663574219e+00
7.675661999999999985e+00 4.790682792663574219e+00
7.682030000000000136e+00 4.790682792663574219e+00
7.690859999999999808e+00 4.801032066345214844e+00
7.696261999999999937e+00 4.795857429504394531e+00
7.702827000000000091e+00 4.801032066345214844e+00
7.708222000000000129e+00 4.801032066345214844e+00
7.714840999999999838e+00 4.801032066345214844e+00
7.720171999999999812e+00 4.795857429504394531e+00
7.724694000000000393e+00 4.795857429504394531e+00
7.729058000000000206e+00 4.790682792663574219e+00
7.735682999999999865e+00 4.790682792663574219e+00
7.741023000000000209e+00 4.785508155822753906e+00
7.745537999999999812e+00 4.790682792663574219e+00
7.749905000000000044e+00 4.790682792663574219e+00
7.754279000000000366e+00 4.790682792663574219e+00
7.760824999999999640e+00 4.790682792663574219e+00
7.766234999999999999e+00 4.790682792663574219e+00
7.773268999999999984e+00 4.790682792663574219e+00
7.780463000000000129e+00 4.790682792663574219e+00
7.786824000000000190e+00 4.801032066345214844e+00
7.791085999999999956e+00 4.801032066345214844e+00
7.797444999999999737e+00 4.801032066345214844e+00
7.804356000000000293e+00 4.795857429504394531e+00
7.810927000000000398e+00 4.795857429504394531e+00
7.817389000000000365e+00 4.795857429504394531e+00
7.821646000000000321e+00 4.795857429504394531e+00
7.828039000000000414e+00 4.795857429504394531e+00
7.834481000000000250e+00 4.790682792663574219e+00
7.840876999999999875e+00 4.790682792663574219e+00
7.848322999999999716e+00 4.790682792663574219e+00
7.856738000000000000e+00 4.790682792663574219e+00
7.865154000000000423e+00 4.790682792663574219e+00
7.873669999999999725e+00 4.790682792663574219e+00
7.882006999999999763e+00 4.790682792663574219e+00
7.890412999999999677e+00 4.795857429504394531e+00
7.898780999999999608e+00 4.795857429504394531e+00
7.907079000000000413e+00 4.795857429504394531e+00
7.915436999999999834e+00 4.795857429504394531e+00
7.927685000000000315e+00 4.795857429504394531e+00
7.936326000000000214e+00 4.790682792663574219e+00
7.944784000000000290e+00 4.795857429504394531e+00
7.951258000000000159e+00 4.790682792663574219e+00
7.957711999999999897e+00 4.790682792663574219e+00
7.964127999999999652e+00 4.795857429504394531e+00
7.970514999999999795e+00 4.795857429504394531e+00
7.977279000000000231e+00 4.790682792663574219e+00
7.983722000000000207e+00 4.795857429504394531e+00
7.990161999999999765e+00 4.795857429504394531e+00
7.996557000000000137e+00 4.795857429504394531e+00
8.002888000000000446e+00 4.795857429504394531e+00
8.009366999999999237e+00 4.795857429504394531e+00
8.015836000000000183e+00 4.795857429504394531e+00
8.022278999999999272e+00 4.795857429504394531e+00
8.028776000000000579e+00 4.801032066345214844e+00
8.038150999999999158e+00 4.790682792663574219e+00
8.044888999999999513e+00 4.790682792663574219e+00
8.051332999999999629e+00 4.790682792663574219e+00
8.057790000000000674e+00 4.790682792663574219e+00
8.064322000000000656e+00 4.790682792663574219e+00
8.070793999999999357e+00 4.790682792663574219e+00
8.077325000000000088e+00 4.785508155822753906e+00
8.083724000000000132e+00 4.795857429504394531e+00
8.090310000000000556e+00 4.795857429504394531e+00
8.097274999999999778e+00 4.795857429504394531e+00
8.103730000000000544e+00 4.795857429504394531e+00
8.110442000000000817e+00 4.801032066345214844e+00
8.117352000000000345e+00 4.801032066345214844e+00
8.121650000000000702e+00 4.801032066345214844e+00
8.128256999999999621e+00 4.795857429504394531e+00
8.134980999999999796e+00 4.790682792663574219e+00
8.141463999999999146e+00 4.790682792663574219e+00
8.153321000000000041e+00 4.790682792663574219e+00
8.160159000000000162e+00 4.790682792663574219e+00
8.166657999999999973e+00 4.790682792663574219e+00
8.173168000000000433e+00 4.790682792663574219e+00
8.179726999999999748e+00 4.790682792663574219e+00
8.186234999999999928e+00 4.795857429504394531e+00
8.192705999999999378e+00 4.801032066345214844e+00
8.199738999999999223e+00 4.801032066345214844e+00
8.206263999999999115e+00 4.795857429504394531e+00
8.212742000000000431e+00 4.795857429504394531e+00
8.219936000000000575e+00 4.801032066345214844e+00
8.226480000000000459e+00 4.795857429504394531e+00
8.232991000000000170e+00 4.795857429504394531e+00
8.239565000000000694e+00 4.790682792663574219e+00
8.246164999999999523e+00 4.790682792663574219e+00
8.252698999999999785e+00 4.790682792663574219e+00
8.259304999999999453e+00 4.790682792663574219e+00
8.268568000000000140e+00 4.790682792663574219e+00
8.275467000000000795e+00 4.790682792663574219e+00
8.282059000000000282e+00 4.790682792663574219e+00
8.288577000000000083e+00 4.801032066345214844e+00
8.295210000000000861e+00 4.795857429504394531e+00
8.301766999999999896e+00 4.806206703186035156e+00
8.308395000000000863e+00 4.801032066345214844e+00
8.315004000000000062e+00 4.795857429504394531e+00
8.321559000000000594e+00 4.795857429504394531e+00
8.328182999999999225e+00 4.795857429504394531e+00
8.334806999999999633e+00 4.790682792663574219e+00
8.341340000000000643e+00 4.790682792663574219e+00
8.347965999999999553e+00 4.790682792663574219e+00
8.354596000000000799e+00 4.790682792663574219e+00
8.361154000000000863e+00 4.790682792663574219e+00
8.367743000000000819e+00 4.790682792663574219e+00
8.374375000000000568e+00 4.790682792663574219e+00
8.381315999999999988e+00 4.790682792663574219e+00
8.391367000000000687e+00 4.801032066345214844e+00
8.400444999999999496e+00 4.795857429504394531e+00
8.415350000000000108e+00 4.795857429504394531e+00
8.433633000000000379e+00 4.795857429504394531e+00
8.446446999999999150e+00 4.795857429504394531e+00
8.455121999999999360e+00 4.790682792663574219e+00
8.470819000000000543e+00 4.795857429504394531e+00
8.477997000000000227e+00 4.795857429504394531e+00
8.484617000000000075e+00 4.795857429504394531e+00
8.491208999999999563e+00 4.790682792663574219e+00
8.500460999999999601e+00 4.795857429504394531e+00
8.507500000000000284e+00 4.795857429504394531e+00
8.511848999999999776e+00 4.795857429504394531e+00
8.518525000000000347e+00 4.795857429504394531e+00
8.525223000000000440e+00 4.801032066345214844e+00
8.531817000000000206e+00 4.795857429504394531e+00
8.538451999999999487e+00 4.790682792663574219e+00
8.545090999999999326e+00 4.790682792663574219e+00
8.551698999999999273e+00 4.790682792663574219e+00
8.558393999999999835e+00 4.790682792663574219e+00
8.565023999999999305e+00 4.795857429504394531e+00
8.571633000000000280e+00 4.790682792663574219e+00
8.578334999999999155e+00 4.790682792663574219e+00
8.585008000000000195e+00 4.795857429504394531e+00
8.591563000000000727e+00 4.795857429504394531e+00
8.598250000000000171e+00 4.795857429504394531e+00
8.604915000000000092e+00 4.795857429504394531e+00
8.611739999999999284e+00 4.795857429504394531e+00
8.621251000000000886e+00 4.801032066345214844e+00
8.628049000000000746e+00 4.801032066345214844e+00
8.634829999999999117e+00 4.790682792663574219e+00
8.641479999999999606e+00 4.790682792663574219e+00
8.648225999999999303e+00 4.790682792663574219e+00
8.652682000000000428e+00 4.790682792663574219e+00
8.659390999999999394e+00 4.790682792663574219e+00
8.666116999999999848e+00 4.790682792663574219e+00
8.672831999999999653e+00 4.790682792663574219e+00
8.679557000000000855e+00 4.790682792663574219e+00
8.686289999999999623e+00 4.795857429504394531e+00
8.690699999999999648e+00 4.795857429504394531e+00
8.697442000000000561e+00 4.801032066345214844e+00
8.701879999999999171e+00 4.795857429504394531e+00
8.708633000000000735e+00 4.795857429504394531e+00
8.715315000000000367e+00 4.801032066345214844e+00
8.722009999999999152e+00 4.801032066345214844e+00
8.731419999999999959e+00 4.801032066345214844e+00
8.738485999999999976e+00 4.790682792663574219e+00
8.745233999999999952e+00 4.790682792663574219e+00
8.749646999999999508e+00 4.790682792663574219e+00
8.756318000000000268e+00 4.790682792663574219e+00
8.763023999999999702e+00 4.790682792663574219e+00
8.769852000000000203e+00 4.790682792663574219e+00
8.776583999999999719e+00 4.790682792663574219e+00
8.783314999999999984e+00 4.790682792663574219e+00
8.790179999999999438e+00 4.795857429504394531e+00
8.797067999999999444e+00 4.801032066345214844e+00
8.803813999999999140e+00 4.795857429504394531e+00
8.810617000000000587e+00 4.801032066345214844e+00
8.817399999999999238e+00 4.795857429504394531e+00
8.824130999999999503e+00 4.795857429504394531e+00
8.830840000000000245e+00 4.795857429504394531e+00
8.837585999999999942e+00 4.790682792663574219e+00
8.847312000000000509e+00 4.790682792663574219e+00
8.854100999999999999e+00 4.790682792663574219e+00
8.860837000000000074e+00 4.790682792663574219e+00
8.867599000000000231e+00 4.790682792663574219e+00
8.874390999999999252e+00 4.795857429504394531e+00
8.881154000000000437e+00 4.795857429504394531e+00
8.887994000000000838e+00 4.795857429504394531e+00
8.894767999999999120e+00 4.801032066345214844e+00
8.901707999999999288e+00 4.795857429504394531e+00
8.906228999999999729e+00 4.795857429504394531e+00
8.912926000000000570e+00 4.795857429504394531e+00
8.919648000000000465e+00 4.795857429504394531e+00
8.926465999999999568e+00 4.795857429504394531e+00
8.933265000000000455e+00 4.795857429504394531e+00
8.940068000000000126e+00 4.790682792663574219e+00
8.946752000000000038e+00 4.790682792663574219e+00
