4.675999999999999601e-03 2.648401260375976562e+00
8.125000000000000278e-03 2.648401260375976562e+00
1.159999999999999920e-02 2.648401260375976562e+00
1.520900000000000030e-02 2.648401260375976562e+00
1.849500000000000102e-02 2.648401260375976562e+00
2.195499999999999882e-02 2.648401260375976562e+00
2.539599999999999844e-02 2.648401260375976562e+00
2.869599999999999929e-02 2.648401260375976562e+00
3.214399999999999896e-02 2.643226623535156250e+00
3.559999999999999970e-02 2.643226623535156250e+00
3.922300000000000092e-02 2.643226623535156250e+00
4.282299999999999995e-02 2.648401260375976562e+00
4.642399999999999999e-02 2.648401260375976562e+00
5.002600000000000102e-02 2.648401260375976562e+00
5.362700000000000106e-02 2.648401260375976562e+00
5.724100000000000021e-02 2.648401260375976562e+00
6.082400000000000306e-02 2.643226623535156250e+00
6.428799999999999792e-02 2.643226623535156250e+00
6.789199999999999402e-02 2.643226623535156250e+00
7.149700000000000499e-02 2.643226623535156250e+00
7.525900000000000645e-02 2.648401260375976562e+00
7.886500000000000454e-02 2.648401260375976562e+00
8.248400000000000176e-02 2.648401260375976562e+00
8.607800000000000173e-02 2.648401260375976562e+00
8.968199999999999783e-02 2.648401260375976562e+00
9.328500000000000680e-02 2.648401260375976562e+00
9.677700000000000191e-02 2.648401260375976562e+00
1.003649999999999959e-01 2.648401260375976562e+00
1.039739999999999970e-01 2.648401260375976562e+00
1.078899999999999998e-01 2.648401260375976562e+00
1.114900000000000058e-01 2.648401260375976562e+00
1.198459999999999942e-01 2.648401260375976562e+00
1.236099999999999977e-01 2.653575897216796875e+00
1.271980000000000055e-01 2.648401260375976562e+00
1.308040000000000036e-01 2.643226623535156250e+00
1.344980000000000064e-01 2.643226623535156250e+00
1.379799999999999915e-01 2.643226623535156250e+00
1.414340000000000042e-01 2.643226623535156250e+00
1.448919999999999930e-01 2.648401260375976562e+00
1.483299999999999896e-01 2.648401260375976562e+00
1.517789999999999973e-01 2.643226623535156250e+00
1.554000000000000103e-01 2.648401260375976562e+00
1.586799999999999877e-01 2.643226623535156250e+00
1.621410000000000073e-01 2.643226623535156250e+00
1.655860000000000110e-01 2.648401260375976562e+00
1.688820000000000043e-01 2.643226623535156250e+00
1.723260000000000070e-01 2.643226623535156250e+00
1.757759999999999878e-01 2.643226623535156250e+00
1.794560000000000044e-01 2.653575897216796875e+00
1.829030000000000100e-01 2.648401260375976562e+00
1.863769999999999871e-01 2.648401260375976562e+00
1.898189999999999877e-01 2.648401260375976562e+00
1.931460000000000121e-01 2.648401260375976562e+00
1.966040000000000010e-01 2.648401260375976562e+00
1.999009999999999954e-01 2.648401260375976562e+00
2.033510000000000040e-01 2.648401260375976562e+00
2.068099999999999938e-01 2.653575897216796875e+00
2.101069999999999882e-01 2.653575897216796875e+00
2.135610000000000008e-01 2.653575897216796875e+00
2.171790000000000109e-01 2.648401260375976562e+00
2.204929999999999946e-01 2.648401260375976562e+00
2.273270000000000013e-01 2.653575897216796875e+00
2.307859999999999912e-01 2.648401260375976562e+00
2.340530000000000110e-01 2.643226623535156250e+00
2.375130000000000019e-01 2.643226623535156250e+00
2.409630000000000105e-01 2.648401260375976562e+00
2.445720000000000116e-01 2.643226623535156250e+00
2.480209999999999915e-01 2.643226623535156250e+00
2.513199999999999878e-01 2.638051986694335938e+00
2.549270000000000147e-01 2.643226623535156250e+00
2.583739999999999926e-01 2.643226623535156250e+00
2.618240000000000012e-01 2.643226623535156250e+00
2.652579999999999938e-01 2.643226623535156250e+00
2.687209999999999877e-01 2.638051986694335938e+00
2.721999999999999975e-01 2.638051986694335938e+00
2.756480000000000041e-01 2.638051986694335938e+00
2.790889999999999760e-01 2.648401260375976562e+00
2.825230000000000241e-01 2.648401260375976562e+00
2.860119999999999885e-01 2.648401260375976562e+00
2.893100000000000116e-01 2.648401260375976562e+00
2.927629999999999955e-01 2.653575897216796875e+00
2.962090000000000001e-01 2.653575897216796875e+00
2.995010000000000172e-01 2.653575897216796875e+00
3.029560000000000031e-01 2.648401260375976562e+00
3.067130000000000134e-01 2.653575897216796875e+00
3.101679999999999993e-01 2.653575897216796875e+00
3.134680000000000244e-01 2.653575897216796875e+00
3.169109999999999983e-01 2.653575897216796875e+00
3.203619999999999801e-01 2.653575897216796875e+00
3.238190000000000235e-01 2.653575897216796875e+00
3.271270000000000011e-01 2.648401260375976562e+00
3.305739999999999790e-01 2.643226623535156250e+00
3.340250000000000163e-01 2.638051986694335938e+00
3.406770000000000076e-01 2.643226623535156250e+00
3.441370000000000262e-01 2.643226623535156250e+00
3.475869999999999793e-01 2.643226623535156250e+00
3.508729999999999905e-01 2.638051986694335938e+00
3.543290000000000051e-01 2.643226623535156250e+00
3.577770000000000117e-01 2.643226623535156250e+00
3.610809999999999853e-01 2.643226623535156250e+00
3.645160000000000067e-01 2.643226623535156250e+00
3.679729999999999945e-01 2.643226623535156250e+00
3.714239999999999764e-01 2.643226623535156250e+00
3.748679999999999790e-01 2.648401260375976562e+00
3.783219999999999916e-01 2.648401260375976562e+00
3.818110000000000115e-01 2.648401260375976562e+00
3.854150000000000076e-01 2.653575897216796875e+00
3.887329999999999952e-01 2.653575897216796875e+00
3.921620000000000106e-01 2.653575897216796875e+00
3.956149999999999944e-01 2.653575897216796875e+00
3.989119999999999888e-01 2.653575897216796875e+00
4.023780000000000134e-01 2.653575897216796875e+00
4.058209999999999873e-01 2.653575897216796875e+00
4.091090000000000004e-01 2.653575897216796875e+00
4.125719999999999943e-01 2.648401260375976562e+00
4.161389999999999811e-01 2.648401260375976562e+00
4.194539999999999935e-01 2.648401260375976562e+00
4.229169999999999874e-01 2.653575897216796875e+00
4.263660000000000228e-01 2.648401260375976562e+00
4.298279999999999879e-01 2.643226623535156250e+00
4.331119999999999970e-01 2.643226623535156250e+00
4.365669999999999829e-01 2.643226623535156250e+00
4.398590000000000000e-01 2.643226623535156250e+00
4.429980000000000029e-01 2.643226623535156250e+00
4.462949999999999973e-01 2.643226623535156250e+00
4.531209999999999960e-01 2.638051986694335938e+00
4.565670000000000006e-01 2.648401260375976562e+00
4.600139999999999785e-01 2.648401260375976562e+00
4.633129999999999749e-01 2.648401260375976562e+00
4.667640000000000122e-01 2.648401260375976562e+00
4.702160000000000228e-01 2.643226623535156250e+00
4.735150000000000192e-01 2.648401260375976562e+00
4.770070000000000143e-01 2.648401260375976562e+00
4.803020000000000067e-01 2.653575897216796875e+00
4.837489999999999846e-01 2.653575897216796875e+00
4.872009999999999952e-01 2.653575897216796875e+00
4.904879999999999796e-01 2.653575897216796875e+00
4.939470000000000249e-01 2.653575897216796875e+00
4.973969999999999780e-01 2.648401260375976562e+00
5.006850000000000467e-01 2.648401260375976562e+00
5.041349999999999998e-01 2.648401260375976562e+00
5.075950000000000184e-01 2.653575897216796875e+00
5.108840000000000048e-01 2.653575897216796875e+00
5.143320000000000114e-01 2.648401260375976562e+00
5.178700000000000525e-01 2.648401260375976562e+00
5.213849999999999874e-01 2.648401260375976562e+00
5.249960000000000182e-01 2.648401260375976562e+00
5.282999999999999918e-01 2.648401260375976562e+00
5.317439999999999944e-01 2.643226623535156250e+00
5.351960000000000051e-01 2.638051986694335938e+00
5.384910000000000529e-01 2.648401260375976562e+00
5.419829999999999925e-01 2.648401260375976562e+00
5.453930000000000167e-01 2.653575897216796875e+00
5.487049999999999983e-01 2.648401260375976562e+00
5.521460000000000257e-01 2.648401260375976562e+00
5.555909999999999460e-01 2.648401260375976562e+00
5.592310000000000336e-01 2.648401260375976562e+00
5.660209999999999964e-01 2.648401260375976562e+00
5.694590000000000485e-01 2.648401260375976562e+00
5.729100000000000303e-01 2.648401260375976562e+00
5.763960000000000194e-01 2.648401260375976562e+00
5.796879999999999811e-01 2.653575897216796875e+00
5.831439999999999957e-01 2.653575897216796875e+00
5.865989999999999815e-01 2.648401260375976562e+00
5.898830000000000462e-01 2.653575897216796875e+00
5.933399999999999785e-01 2.648401260375976562e+00
5.967919999999999892e-01 2.653575897216796875e+00
6.000849999999999795e-01 2.648401260375976562e+00
6.035340000000000149e-01 2.653575897216796875e+00
6.069860000000000255e-01 2.653575897216796875e+00
6.102720000000000367e-01 2.653575897216796875e+00
6.137310000000000265e-01 2.653575897216796875e+00
6.171809999999999796e-01 2.648401260375976562e+00
6.207840000000000025e-01 2.653575897216796875e+00
6.240860000000000296e-01 2.653575897216796875e+00
6.275359999999999827e-01 2.653575897216796875e+00
6.309829999999999606e-01 2.648401260375976562e+00
6.345849999999999547e-01 2.648401260375976562e+00
6.378850000000000353e-01 2.648401260375976562e+00
6.413280000000000092e-01 2.648401260375976562e+00
6.449310000000000320e-01 2.648401260375976562e+00
6.483889999999999931e-01 2.648401260375976562e+00
6.516779999999999795e-01 2.648401260375976562e+00
6.551249999999999574e-01 2.648401260375976562e+00
6.585800000000000542e-01 2.648401260375976562e+00
6.618720000000000159e-01 2.648401260375976562e+00
6.653289999999999482e-01 2.648401260375976562e+00
6.687729999999999508e-01 2.643226623535156250e+00
6.757990000000000386e-01 2.643226623535156250e+00
6.790829999999999922e-01 2.648401260375976562e+00
6.825329999999999453e-01 2.653575897216796875e+00
6.859790000000000054e-01 2.653575897216796875e+00
6.892690000000000206e-01 2.653575897216796875e+00
6.928879999999999484e-01 2.653575897216796875e+00
6.963329999999999798e-01 2.653575897216796875e+00
6.997860000000000191e-01 2.653575897216796875e+00
7.068290000000000406e-01 2.648401260375976562e+00
7.150020000000000264e-01 2.653575897216796875e+00
7.229179999999999495e-01 2.658750534057617188e+00
7.262849999999999584e-01 2.653575897216796875e+00
7.297510000000000385e-01 2.653575897216796875e+00
7.332070000000000531e-01 2.653575897216796875e+00
7.364950000000000108e-01 2.653575897216796875e+00
7.399620000000000086e-01 2.648401260375976562e+00
7.433980000000000032e-01 2.653575897216796875e+00
7.466899999999999649e-01 2.648401260375976562e+00
7.501400000000000290e-01 2.648401260375976562e+00
7.535990000000000189e-01 2.643226623535156250e+00
7.568909999999999805e-01 2.648401260375976562e+00
7.603370000000000406e-01 2.648401260375976562e+00
7.637950000000000017e-01 2.648401260375976562e+00
7.671229999999999993e-01 2.643226623535156250e+00
7.705739999999999812e-01 2.643226623535156250e+00
7.738789999999999836e-01 2.643226623535156250e+00
7.773179999999999534e-01 2.648401260375976562e+00
7.807650000000000423e-01 2.653575897216796875e+00
7.875919999999999588e-01 2.653575897216796875e+00
7.912029999999999896e-01 2.653575897216796875e+00
7.948079999999999590e-01 2.653575897216796875e+00
7.981080000000000396e-01 2.653575897216796875e+00
8.015510000000000135e-01 2.653575897216796875e+00
8.050059999999999993e-01 2.653575897216796875e+00
8.083010000000000472e-01 2.653575897216796875e+00
8.117490000000000538e-01 2.653575897216796875e+00
8.152030000000000109e-01 2.653575897216796875e+00
8.184979999999999478e-01 2.653575897216796875e+00
8.219649999999999457e-01 2.653575897216796875e+00
8.252270000000000438e-01 2.653575897216796875e+00
8.285439999999999472e-01 2.648401260375976562e+00
8.320009999999999906e-01 2.653575897216796875e+00
8.352929999999999522e-01 2.648401260375976562e+00
8.387409999999999588e-01 2.643226623535156250e+00
8.421929999999999694e-01 2.648401260375976562e+00
8.454850000000000421e-01 2.648401260375976562e+00
8.489339999999999664e-01 2.643226623535156250e+00
8.523859999999999770e-01 2.643226623535156250e+00
8.556810000000000249e-01 2.648401260375976562e+00
8.591280000000000028e-01 2.648401260375976562e+00
8.626200000000000534e-01 2.648401260375976562e+00
8.659139999999999615e-01 2.643226623535156250e+00
8.693650000000000544e-01 2.643226623535156250e+00
8.728289999999999660e-01 2.648401260375976562e+00
8.764250000000000096e-01 2.648401260375976562e+00
8.797230000000000327e-01 2.653575897216796875e+00
8.831799999999999651e-01 2.653575897216796875e+00
8.866270000000000540e-01 2.653575897216796875e+00
8.899179999999999868e-01 2.653575897216796875e+00
8.933759999999999479e-01 2.653575897216796875e+00
9.000359999999999472e-01 2.658750534057617188e+00
9.034860000000000113e-01 2.653575897216796875e+00
9.069409999999999972e-01 2.653575897216796875e+00
9.103830000000000533e-01 2.653575897216796875e+00
9.136769999999999614e-01 2.658750534057617188e+00
9.171300000000000008e-01 2.648401260375976562e+00
9.205790000000000362e-01 2.653575897216796875e+00
9.238859999999999850e-01 2.653575897216796875e+00
9.273240000000000371e-01 2.648401260375976562e+00
9.307800000000000518e-01 2.648401260375976562e+00
9.340650000000000341e-01 2.643226623535156250e+00
9.375219999999999665e-01 2.648401260375976562e+00
9.409840000000000426e-01 2.648401260375976562e+00
9.445719999999999672e-01 2.643226623535156250e+00
9.478760000000000518e-01 2.648401260375976562e+00
9.513169999999999682e-01 2.643226623535156250e+00
9.549520000000000231e-01 2.648401260375976562e+00
9.584099999999999842e-01 2.648401260375976562e+00
9.616999999999999993e-01 2.653575897216796875e+00
9.651509999999999811e-01 2.648401260375976562e+00
9.686040000000000205e-01 2.648401260375976562e+00
9.719510000000000094e-01 2.648401260375976562e+00
9.753540000000000543e-01 2.653575897216796875e+00
9.788069999999999826e-01 2.653575897216796875e+00
9.821149999999999602e-01 2.658750534057617188e+00
9.855540000000000411e-01 2.653575897216796875e+00
9.890039999999999942e-01 2.653575897216796875e+00
9.923089999999999966e-01 2.658750534057617188e+00
9.957519999999999705e-01 2.658750534057617188e+00
9.992010000000000058e-01 2.653575897216796875e+00
1.004169000000000089e+00 2.653575897216796875e+00
1.011830000000000007e+00 2.653575897216796875e+00
1.016099000000000085e+00 2.653575897216796875e+00
1.020208999999999921e+00 2.648401260375976562e+00
1.024372000000000060e+00 2.653575897216796875e+00
1.028586000000000000e+00 2.648401260375976562e+00
1.032693000000000083e+00 2.648401260375976562e+00
1.036748000000000003e+00 2.648401260375976562e+00
1.040799999999999947e+00 2.648401260375976562e+00
1.044942000000000037e+00 2.648401260375976562e+00
1.048977000000000048e+00 2.648401260375976562e+00
1.053064999999999918e+00 2.648401260375976562e+00
1.057123999999999953e+00 2.653575897216796875e+00
1.061331000000000024e+00 2.648401260375976562e+00
1.065517999999999965e+00 2.648401260375976562e+00
1.069596999999999909e+00 2.648401260375976562e+00
1.073695999999999984e+00 2.653575897216796875e+00
1.077920999999999907e+00 2.648401260375976562e+00
1.082049999999999956e+00 2.653575897216796875e+00
1.086143000000000081e+00 2.653575897216796875e+00
1.090216999999999992e+00 2.653575897216796875e+00
1.094476000000000004e+00 2.653575897216796875e+00
1.098548999999999998e+00 2.653575897216796875e+00
1.102722999999999898e+00 2.653575897216796875e+00
1.106967999999999952e+00 2.653575897216796875e+00
1.111145000000000049e+00 2.653575897216796875e+00
1.115337999999999941e+00 2.653575897216796875e+00
1.119407000000000041e+00 2.653575897216796875e+00
1.123922000000000088e+00 2.653575897216796875e+00
1.131775999999999893e+00 2.648401260375976562e+00
1.136071000000000053e+00 2.648401260375976562e+00
1.140252999999999961e+00 2.653575897216796875e+00
1.144465999999999983e+00 2.648401260375976562e+00
1.148592999999999975e+00 2.648401260375976562e+00
1.152809999999999890e+00 2.653575897216796875e+00
1.156941999999999915e+00 2.653575897216796875e+00
1.161079999999999890e+00 2.648401260375976562e+00
1.165323000000000109e+00 2.648401260375976562e+00
1.169427999999999912e+00 2.648401260375976562e+00
1.173613000000000017e+00 2.648401260375976562e+00
1.177774000000000099e+00 2.648401260375976562e+00
1.181923999999999975e+00 2.653575897216796875e+00
1.186080000000000023e+00 2.653575897216796875e+00
1.190239000000000047e+00 2.653575897216796875e+00
1.194477999999999929e+00 2.648401260375976562e+00
1.198633999999999977e+00 2.653575897216796875e+00
1.202958999999999889e+00 2.653575897216796875e+00
1.207154000000000060e+00 2.653575897216796875e+00
1.211338999999999944e+00 2.653575897216796875e+00
1.215648000000000062e+00 2.653575897216796875e+00
1.219807000000000086e+00 2.653575897216796875e+00
1.224056999999999951e+00 2.653575897216796875e+00
1.228372000000000019e+00 2.653575897216796875e+00
1.232690000000000063e+00 2.648401260375976562e+00
1.236888999999999905e+00 2.648401260375976562e+00
1.244688999999999934e+00 2.653575897216796875e+00
1.249271999999999938e+00 2.653575897216796875e+00
1.253513000000000099e+00 2.648401260375976562e+00
1.257687999999999917e+00 2.648401260375976562e+00
1.262046000000000001e+00 2.648401260375976562e+00
1.266237999999999975e+00 2.648401260375976562e+00
1.270513999999999921e+00 2.648401260375976562e+00
1.274839999999999973e+00 2.648401260375976562e+00
1.279179999999999984e+00 2.653575897216796875e+00
1.282464999999999966e+00 2.653575897216796875e+00
1.286710000000000020e+00 2.653575897216796875e+00
1.290963000000000083e+00 2.653575897216796875e+00
1.295331000000000010e+00 2.658750534057617188e+00
1.299596999999999891e+00 2.653575897216796875e+00
1.303827000000000069e+00 2.653575897216796875e+00
1.308054000000000050e+00 2.658750534057617188e+00
1.312540000000000040e+00 2.658750534057617188e+00
1.316820000000000102e+00 2.653575897216796875e+00
1.321066999999999991e+00 2.653575897216796875e+00
1.325449000000000099e+00 2.653575897216796875e+00
1.329784000000000077e+00 2.653575897216796875e+00
1.334187000000000012e+00 2.648401260375976562e+00
1.337449000000000110e+00 2.648401260375976562e+00
1.341738000000000097e+00 2.648401260375976562e+00
1.346151000000000098e+00 2.648401260375976562e+00
1.350427999999999962e+00 2.648401260375976562e+00
1.358389000000000069e+00 2.648401260375976562e+00
1.363091000000000053e+00 2.648401260375976562e+00
1.367378999999999900e+00 2.648401260375976562e+00
1.371677000000000035e+00 2.648401260375976562e+00
1.376039999999999930e+00 2.648401260375976562e+00
1.380308000000000090e+00 2.653575897216796875e+00
1.384702000000000099e+00 2.653575897216796875e+00
1.389016000000000028e+00 2.658750534057617188e+00
1.393327999999999900e+00 2.653575897216796875e+00
1.397656000000000009e+00 2.653575897216796875e+00
1.402023999999999937e+00 2.653575897216796875e+00
1.406355000000000022e+00 2.658750534057617188e+00
1.409645000000000037e+00 2.653575897216796875e+00
1.413998000000000088e+00 2.658750534057617188e+00
1.418326999999999893e+00 2.653575897216796875e+00
1.422741999999999951e+00 2.653575897216796875e+00
1.427087999999999912e+00 2.648401260375976562e+00
1.431440000000000046e+00 2.648401260375976562e+00
1.436040999999999901e+00 2.648401260375976562e+00
1.440388999999999919e+00 2.648401260375976562e+00
1.444825999999999944e+00 2.648401260375976562e+00
1.449138999999999955e+00 2.648401260375976562e+00
1.453467999999999982e+00 2.648401260375976562e+00
1.457807000000000075e+00 2.648401260375976562e+00
1.462221999999999911e+00 2.648401260375976562e+00
1.474271000000000109e+00 2.648401260375976562e+00
1.479864999999999986e+00 2.653575897216796875e+00
1.484318000000000026e+00 2.658750534057617188e+00
1.488674999999999971e+00 2.653575897216796875e+00
1.493046000000000095e+00 2.658750534057617188e+00
1.497390999999999917e+00 2.658750534057617188e+00
1.501746000000000025e+00 2.653575897216796875e+00
1.506196000000000090e+00 2.653575897216796875e+00
1.510577000000000059e+00 2.653575897216796875e+00
1.515039000000000025e+00 2.653575897216796875e+00
1.519419999999999993e+00 2.653575897216796875e+00
1.523824000000000067e+00 2.653575897216796875e+00
1.528218999999999994e+00 2.648401260375976562e+00
1.532675000000000010e+00 2.648401260375976562e+00
1.537120000000000042e+00 2.648401260375976562e+00
1.541530000000000067e+00 2.648401260375976562e+00
1.546054000000000039e+00 2.648401260375976562e+00
1.550454999999999917e+00 2.653575897216796875e+00
1.554932999999999899e+00 2.648401260375976562e+00
1.559350000000000014e+00 2.648401260375976562e+00
1.563913000000000109e+00 2.648401260375976562e+00
1.568333999999999895e+00 2.648401260375976562e+00
1.572829000000000033e+00 2.653575897216796875e+00
1.577215999999999951e+00 2.653575897216796875e+00
1.581673000000000107e+00 2.658750534057617188e+00
1.586203000000000030e+00 2.658750534057617188e+00
1.594130000000000047e+00 2.653575897216796875e+00
1.598912000000000111e+00 2.653575897216796875e+00
1.603337000000000012e+00 2.653575897216796875e+00
1.607777000000000012e+00 2.653575897216796875e+00
1.612292999999999976e+00 2.653575897216796875e+00
1.616749999999999909e+00 2.653575897216796875e+00
1.621178999999999926e+00 2.653575897216796875e+00
1.625753999999999921e+00 2.653575897216796875e+00
1.630295000000000050e+00 2.648401260375976562e+00
1.634827000000000030e+00 2.648401260375976562e+00
1.639469000000000065e+00 2.648401260375976562e+00
1.643686999999999898e+00 2.653575897216796875e+00
1.647459999999999924e+00 2.653575897216796875e+00
1.651219999999999910e+00 2.648401260375976562e+00
1.655067999999999984e+00 2.653575897216796875e+00
1.658824000000000076e+00 2.653575897216796875e+00
1.662639999999999896e+00 2.653575897216796875e+00
1.666420999999999930e+00 2.653575897216796875e+00
1.670183999999999891e+00 2.653575897216796875e+00
1.674021999999999899e+00 2.648401260375976562e+00
1.677785000000000082e+00 2.648401260375976562e+00
1.681559000000000026e+00 2.653575897216796875e+00
1.685421000000000058e+00 2.653575897216796875e+00
1.689194000000000084e+00 2.653575897216796875e+00
1.692981999999999987e+00 2.653575897216796875e+00
1.696797000000000111e+00 2.653575897216796875e+00
1.700593999999999939e+00 2.653575897216796875e+00
1.706998000000000015e+00 2.653575897216796875e+00
1.716658000000000017e+00 2.653575897216796875e+00
1.722483999999999904e+00 2.653575897216796875e+00
1.730704999999999938e+00 2.653575897216796875e+00
1.734663999999999984e+00 2.653575897216796875e+00
1.738529999999999909e+00 2.653575897216796875e+00
1.742410999999999932e+00 2.648401260375976562e+00
1.746226000000000056e+00 2.653575897216796875e+00
1.750026999999999999e+00 2.653575897216796875e+00
1.753935999999999940e+00 2.653575897216796875e+00
1.757735999999999965e+00 2.648401260375976562e+00
1.761562999999999990e+00 2.648401260375976562e+00
1.765460999999999947e+00 2.648401260375976562e+00
1.769268000000000063e+00 2.643226623535156250e+00
1.773104999999999931e+00 2.653575897216796875e+00
1.776934999999999931e+00 2.648401260375976562e+00
1.780755000000000088e+00 2.648401260375976562e+00
1.784658000000000078e+00 2.653575897216796875e+00
1.788473999999999897e+00 2.653575897216796875e+00
1.792370000000000019e+00 2.653575897216796875e+00
1.796203999999999912e+00 2.653575897216796875e+00
1.800024999999999986e+00 2.653575897216796875e+00
1.803927000000000058e+00 2.653575897216796875e+00
1.807760000000000034e+00 2.653575897216796875e+00
1.811587000000000058e+00 2.653575897216796875e+00
1.817892000000000063e+00 2.658750534057617188e+00
1.821960000000000024e+00 2.658750534057617188e+00
1.825831999999999899e+00 2.658750534057617188e+00
1.829671999999999965e+00 2.658750534057617188e+00
1.833531000000000022e+00 2.653575897216796875e+00
1.837369999999999948e+00 2.648401260375976562e+00
1.841391999999999918e+00 2.648401260375976562e+00
1.845377999999999963e+00 2.643226623535156250e+00
1.849232999999999905e+00 2.648401260375976562e+00
1.853105999999999920e+00 2.648401260375976562e+00
1.856964999999999977e+00 2.648401260375976562e+00
1.860821000000000058e+00 2.648401260375976562e+00
1.864743000000000039e+00 2.648401260375976562e+00
1.868624999999999980e+00 2.648401260375976562e+00
1.872808000000000028e+00 2.648401260375976562e+00
1.877275999999999945e+00 2.648401260375976562e+00
1.881162999999999919e+00 2.653575897216796875e+00
1.885115000000000096e+00 2.653575897216796875e+00
1.888992999999999922e+00 2.653575897216796875e+00
1.892894999999999994e+00 2.653575897216796875e+00
1.896787000000000001e+00 2.653575897216796875e+00
1.900660999999999934e+00 2.658750534057617188e+00
1.904616000000000087e+00 2.658750534057617188e+00
1.908506000000000036e+00 2.658750534057617188e+00
1.912471999999999950e+00 2.653575897216796875e+00
1.916374000000000022e+00 2.658750534057617188e+00
1.920260999999999996e+00 2.653575897216796875e+00
1.924228000000000049e+00 2.658750534057617188e+00
1.930492000000000097e+00 2.653575897216796875e+00
1.934527000000000108e+00 2.643226623535156250e+00
1.938441000000000081e+00 2.648401260375976562e+00
1.942439000000000027e+00 2.648401260375976562e+00
1.946336000000000066e+00 2.648401260375976562e+00
1.950237999999999916e+00 2.643226623535156250e+00
1.954204000000000052e+00 2.648401260375976562e+00
1.958112999999999992e+00 2.648401260375976562e+00
1.962075999999999931e+00 2.643226623535156250e+00
1.965985000000000094e+00 2.648401260375976562e+00
1.969899000000000067e+00 2.648401260375976562e+00
1.973891999999999980e+00 2.648401260375976562e+00
1.977808999999999928e+00 2.653575897216796875e+00
1.981729000000000074e+00 2.653575897216796875e+00
1.985711000000000004e+00 2.658750534057617188e+00
1.989637000000000100e+00 2.658750534057617188e+00
1.993576999999999932e+00 2.658750534057617188e+00
1.997648000000000090e+00 2.658750534057617188e+00
2.001584999999999948e+00 2.658750534057617188e+00
2.005579000000000001e+00 2.658750534057617188e+00
2.009542000000000161e+00 2.653575897216796875e+00
2.013478000000000101e+00 2.653575897216796875e+00
2.017418999999999851e+00 2.653575897216796875e+00
2.021348000000000145e+00 2.653575897216796875e+00
2.025402000000000147e+00 2.653575897216796875e+00
2.029338000000000086e+00 2.648401260375976562e+00
2.032385999999999804e+00 2.648401260375976562e+00
2.036363000000000145e+00 2.643226623535156250e+00
2.040313999999999961e+00 2.648401260375976562e+00
2.046943999999999875e+00 2.648401260375976562e+00
2.050971000000000100e+00 2.648401260375976562e+00
2.055026999999999937e+00 2.653575897216796875e+00
2.058972999999999942e+00 2.648401260375976562e+00
2.062955999999999790e+00 2.653575897216796875e+00
2.066908999999999885e+00 2.648401260375976562e+00
2.070859000000000005e+00 2.653575897216796875e+00
2.074850000000000083e+00 2.653575897216796875e+00
2.078819999999999890e+00 2.653575897216796875e+00
2.082810999999999968e+00 2.653575897216796875e+00
2.086783000000000055e+00 2.653575897216796875e+00
2.090754000000000001e+00 2.658750534057617188e+00
2.094793999999999823e+00 2.653575897216796875e+00
2.098761999999999794e+00 2.653575897216796875e+00
2.102797999999999945e+00 2.653575897216796875e+00
2.106778999999999957e+00 2.653575897216796875e+00
2.110752999999999879e+00 2.653575897216796875e+00
2.114881000000000011e+00 2.653575897216796875e+00
2.118869000000000113e+00 2.653575897216796875e+00
2.122867999999999977e+00 2.653575897216796875e+00
2.126867999999999981e+00 2.653575897216796875e+00
2.130859000000000059e+00 2.648401260375976562e+00
2.133998000000000062e+00 2.648401260375976562e+00
2.138581999999999983e+00 2.653575897216796875e+00
2.142644999999999911e+00 2.653575897216796875e+00
2.146700000000000053e+00 2.653575897216796875e+00
2.149786999999999892e+00 2.653575897216796875e+00
2.153817999999999788e+00 2.648401260375976562e+00
2.160247000000000028e+00 2.653575897216796875e+00
2.164489999999999803e+00 2.653575897216796875e+00
2.167572999999999972e+00 2.648401260375976562e+00
2.171605000000000008e+00 2.653575897216796875e+00
2.174767999999999812e+00 2.648401260375976562e+00
2.179695000000000160e+00 2.658750534057617188e+00
2.182830000000000048e+00 2.653575897216796875e+00
2.185967999999999911e+00 2.653575897216796875e+00
2.190008000000000177e+00 2.653575897216796875e+00
2.193175999999999792e+00 2.653575897216796875e+00
2.197229999999999794e+00 2.653575897216796875e+00
2.201290000000000191e+00 2.653575897216796875e+00
2.205518000000000089e+00 2.653575897216796875e+00
2.209578000000000042e+00 2.653575897216796875e+00
2.213677000000000117e+00 2.653575897216796875e+00
2.217741999999999880e+00 2.653575897216796875e+00
2.221813000000000038e+00 2.658750534057617188e+00
2.225906000000000162e+00 2.658750534057617188e+00
2.230017999999999834e+00 2.653575897216796875e+00
2.234179999999999833e+00 2.648401260375976562e+00
2.238237999999999950e+00 2.648401260375976562e+00
2.242367000000000221e+00 2.648401260375976562e+00
2.246478999999999893e+00 2.653575897216796875e+00
2.250548999999999911e+00 2.648401260375976562e+00
2.254687999999999803e+00 2.653575897216796875e+00
2.257820999999999856e+00 2.653575897216796875e+00
2.261960000000000193e+00 2.648401260375976562e+00
2.266077999999999815e+00 2.648401260375976562e+00
2.272543000000000202e+00 2.648401260375976562e+00
2.276689000000000185e+00 2.648401260375976562e+00
2.279822999999999933e+00 2.653575897216796875e+00
2.282960999999999796e+00 2.653575897216796875e+00
2.287050999999999945e+00 2.653575897216796875e+00
2.290202999999999989e+00 2.653575897216796875e+00
2.294353000000000087e+00 2.653575897216796875e+00
2.298487000000000169e+00 2.648401260375976562e+00
2.302661000000000069e+00 2.653575897216796875e+00
2.305839999999999890e+00 2.658750534057617188e+00
2.308972999999999942e+00 2.653575897216796875e+00
2.313083999999999918e+00 2.658750534057617188e+00
2.317200000000000149e+00 2.658750534057617188e+00
2.321312999999999960e+00 2.658750534057617188e+00
2.324613999999999958e+00 2.658750534057617188e+00
2.328726000000000074e+00 2.653575897216796875e+00
2.332870999999999917e+00 2.653575897216796875e+00
2.337002000000000024e+00 2.648401260375976562e+00
2.341127999999999876e+00 2.653575897216796875e+00
2.345308000000000170e+00 2.648401260375976562e+00
2.349941999999999975e+00 2.648401260375976562e+00
2.355065000000000186e+00 2.648401260375976562e+00
2.360101999999999922e+00 2.648401260375976562e+00
2.365203999999999862e+00 2.648401260375976562e+00
2.370245999999999853e+00 2.648401260375976562e+00
2.375367999999999924e+00 2.648401260375976562e+00
2.380437000000000136e+00 2.653575897216796875e+00
2.388984000000000218e+00 2.653575897216796875e+00
2.394391000000000158e+00 2.653575897216796875e+00
2.399469999999999992e+00 2.658750534057617188e+00
2.404595000000000038e+00 2.653575897216796875e+00
2.409641000000000144e+00 2.653575897216796875e+00
2.414775000000000116e+00 2.658750534057617188e+00
2.419827000000000172e+00 2.658750534057617188e+00
2.424958999999999865e+00 2.653575897216796875e+00
2.430012000000000061e+00 2.653575897216796875e+00
2.435157999999999934e+00 2.648401260375976562e+00
2.440227000000000146e+00 2.648401260375976562e+00
2.445339000000000151e+00 2.648401260375976562e+00
2.450123000000000051e+00 2.648401260375976562e+00
2.454353999999999925e+00 2.643226623535156250e+00
2.458517000000000063e+00 2.648401260375976562e+00
2.462730000000000086e+00 2.648401260375976562e+00
2.466893999999999920e+00 2.648401260375976562e+00
2.471070000000000100e+00 2.648401260375976562e+00
2.475312000000000179e+00 2.653575897216796875e+00
2.479487999999999914e+00 2.653575897216796875e+00
2.483684999999999921e+00 2.653575897216796875e+00
2.487865000000000215e+00 2.658750534057617188e+00
2.492129999999999956e+00 2.653575897216796875e+00
2.496300999999999881e+00 2.653575897216796875e+00
2.502850000000000019e+00 2.653575897216796875e+00
2.507128999999999941e+00 2.658750534057617188e+00
2.511356000000000144e+00 2.653575897216796875e+00
2.515718999999999816e+00 2.653575897216796875e+00
2.519944999999999879e+00 2.648401260375976562e+00
2.524223999999999801e+00 2.653575897216796875e+00
2.527430999999999983e+00 2.653575897216796875e+00
2.530571000000000126e+00 2.648401260375976562e+00
2.534813999999999901e+00 2.643226623535156250e+00
2.539032000000000178e+00 2.643226623535156250e+00
2.543261999999999912e+00 2.648401260375976562e+00
2.547498000000000040e+00 2.648401260375976562e+00
2.551851000000000091e+00 2.648401260375976562e+00
2.556119999999999948e+00 2.648401260375976562e+00
2.560340000000000060e+00 2.653575897216796875e+00
2.563546999999999798e+00 2.648401260375976562e+00
2.567822000000000049e+00 2.648401260375976562e+00
2.572105000000000086e+00 2.648401260375976562e+00
2.576334999999999820e+00 2.653575897216796875e+00
2.580575000000000063e+00 2.658750534057617188e+00
2.584868999999999861e+00 2.653575897216796875e+00
2.589103000000000154e+00 2.658750534057617188e+00
2.593376000000000126e+00 2.653575897216796875e+00
2.597624999999999851e+00 2.653575897216796875e+00
2.601922000000000068e+00 2.653575897216796875e+00
2.606142000000000181e+00 2.653575897216796875e+00
2.609363000000000099e+00 2.648401260375976562e+00
2.613669999999999938e+00 2.653575897216796875e+00
2.620334999999999859e+00 2.653575897216796875e+00
2.624874000000000152e+00 2.653575897216796875e+00
2.629121000000000041e+00 2.648401260375976562e+00
2.633446000000000176e+00 2.648401260375976562e+00
2.637706999999999802e+00 2.648401260375976562e+00
2.642037000000000191e+00 2.653575897216796875e+00
2.646329999999999849e+00 2.648401260375976562e+00
2.649582000000000104e+00 2.648401260375976562e+00
2.653909000000000074e+00 2.648401260375976562e+00
2.658186000000000160e+00 2.648401260375976562e+00
2.662523000000000195e+00 2.653575897216796875e+00
2.666933000000000220e+00 2.648401260375976562e+00
2.670205000000000162e+00 2.648401260375976562e+00
2.674551999999999818e+00 2.653575897216796875e+00
2.678843999999999781e+00 2.653575897216796875e+00
2.683215999999999823e+00 2.653575897216796875e+00
2.687532000000000032e+00 2.653575897216796875e+00
2.691856000000000027e+00 2.653575897216796875e+00
2.696181000000000161e+00 2.653575897216796875e+00
2.700540999999999858e+00 2.653575897216796875e+00
2.704903999999999975e+00 2.653575897216796875e+00
2.711720000000000130e+00 2.658750534057617188e+00
2.718426000000000009e+00 2.653575897216796875e+00
2.725629000000000079e+00 2.658750534057617188e+00
2.733312999999999882e+00 2.653575897216796875e+00
2.741241000000000039e+00 2.653575897216796875e+00
2.744594000000000200e+00 2.648401260375976562e+00
2.748934999999999906e+00 2.653575897216796875e+00
2.753403000000000045e+00 2.648401260375976562e+00
2.757730000000000015e+00 2.653575897216796875e+00
2.760984999999999800e+00 2.653575897216796875e+00
2.765371000000000024e+00 2.648401260375976562e+00
2.769709000000000199e+00 2.648401260375976562e+00
2.774147000000000141e+00 2.648401260375976562e+00
2.777417999999999942e+00 2.648401260375976562e+00
2.781795999999999935e+00 2.653575897216796875e+00
2.786178000000000043e+00 2.653575897216796875e+00
2.790512000000000103e+00 2.653575897216796875e+00
2.794955999999999996e+00 2.653575897216796875e+00
2.798188999999999815e+00 2.653575897216796875e+00
2.802646999999999888e+00 2.653575897216796875e+00
2.807028999999999996e+00 2.653575897216796875e+00
2.811398000000000064e+00 2.658750534057617188e+00
2.815885000000000193e+00 2.658750534057617188e+00
2.820262000000000047e+00 2.653575897216796875e+00
2.824682999999999833e+00 2.658750534057617188e+00
2.828014000000000028e+00 2.653575897216796875e+00
2.832462000000000035e+00 2.653575897216796875e+00
2.836822999999999873e+00 2.653575897216796875e+00
2.843567000000000178e+00 2.653575897216796875e+00
2.847977999999999899e+00 2.648401260375976562e+00
2.852393000000000178e+00 2.648401260375976562e+00
2.856787000000000187e+00 2.648401260375976562e+00
2.861145000000000049e+00 2.648401260375976562e+00
2.865568000000000115e+00 2.643226623535156250e+00
2.869927999999999813e+00 2.648401260375976562e+00
2.874375000000000124e+00 2.648401260375976562e+00
2.878735999999999962e+00 2.653575897216796875e+00
2.882004999999999928e+00 2.653575897216796875e+00
2.886382999999999921e+00 2.653575897216796875e+00
2.890732999999999997e+00 2.653575897216796875e+00
2.895160000000000178e+00 2.653575897216796875e+00
2.899550000000000072e+00 2.658750534057617188e+00
2.903951999999999867e+00 2.653575897216796875e+00
2.908325000000000049e+00 2.658750534057617188e+00
2.912777000000000172e+00 2.658750534057617188e+00
2.917263000000000162e+00 2.658750534057617188e+00
2.921680999999999973e+00 2.658750534057617188e+00
2.926126000000000005e+00 2.658750534057617188e+00
2.930511000000000088e+00 2.648401260375976562e+00
2.934995999999999938e+00 2.648401260375976562e+00
2.939404000000000128e+00 2.648401260375976562e+00
2.943805999999999923e+00 2.643226623535156250e+00
2.948201000000000072e+00 2.648401260375976562e+00
2.952665999999999791e+00 2.648401260375976562e+00
2.959468999999999905e+00 2.648401260375976562e+00
2.963926999999999978e+00 2.643226623535156250e+00
2.968421999999999894e+00 2.643226623535156250e+00
2.972904999999999909e+00 2.648401260375976562e+00
2.977327999999999975e+00 2.648401260375976562e+00
2.981762999999999941e+00 2.653575897216796875e+00
2.986207999999999974e+00 2.653575897216796875e+00
2.990636999999999990e+00 2.653575897216796875e+00
2.995120000000000005e+00 2.658750534057617188e+00
2.999566999999999872e+00 2.658750534057617188e+00
3.004013000000000044e+00 2.658750534057617188e+00
3.008484000000000158e+00 2.653575897216796875e+00
3.011826000000000114e+00 2.658750534057617188e+00
3.016353000000000062e+00 2.653575897216796875e+00
3.020802000000000209e+00 2.653575897216796875e+00
3.024166000000000132e+00 2.653575897216796875e+00
3.028614000000000139e+00 2.648401260375976562e+00
3.033101999999999965e+00 2.648401260375976562e+00
3.037548999999999833e+00 2.648401260375976562e+00
3.042060999999999904e+00 2.643226623535156250e+00
3.046502999999999961e+00 2.648401260375976562e+00
3.051029000000000213e+00 2.648401260375976562e+00
3.055531999999999915e+00 2.643226623535156250e+00
3.059006000000000114e+00 2.648401260375976562e+00
3.063461999999999907e+00 2.648401260375976562e+00
3.068020000000000191e+00 2.648401260375976562e+00
3.073974000000000206e+00 2.648401260375976562e+00
3.078591999999999995e+00 2.653575897216796875e+00
3.083070000000000199e+00 2.658750534057617188e+00
3.086447999999999858e+00 2.653575897216796875e+00
3.090942000000000078e+00 2.653575897216796875e+00
3.095461999999999936e+00 2.658750534057617188e+00
3.099987000000000048e+00 2.648401260375976562e+00
3.104560999999999904e+00 2.648401260375976562e+00
3.109056999999999960e+00 2.653575897216796875e+00
3.112366999999999884e+00 2.653575897216796875e+00
3.116851000000000038e+00 2.653575897216796875e+00
3.120165000000000077e+00 2.653575897216796875e+00
3.124712000000000156e+00 2.653575897216796875e+00
3.129189999999999916e+00 2.648401260375976562e+00
3.133723999999999954e+00 2.643226623535156250e+00
3.137494999999999923e+00 2.648401260375976562e+00
3.142082999999999959e+00 2.648401260375976562e+00
3.146577000000000179e+00 2.648401260375976562e+00
3.151097000000000037e+00 2.653575897216796875e+00
3.156282000000000032e+00 2.648401260375976562e+00
3.161964999999999915e+00 2.653575897216796875e+00
3.167533999999999850e+00 2.653575897216796875e+00
3.173283000000000076e+00 2.648401260375976562e+00
3.178853999999999846e+00 2.653575897216796875e+00
3.187911999999999857e+00 2.653575897216796875e+00
3.193815999999999988e+00 2.653575897216796875e+00
3.199396999999999824e+00 2.653575897216796875e+00
3.205073000000000061e+00 2.648401260375976562e+00
3.210659999999999847e+00 2.653575897216796875e+00
3.214576000000000100e+00 2.653575897216796875e+00
3.220222000000000140e+00 2.653575897216796875e+00
3.224241000000000135e+00 2.653575897216796875e+00
3.229808999999999930e+00 2.653575897216796875e+00
3.235470999999999986e+00 2.648401260375976562e+00
3.241063000000000027e+00 2.648401260375976562e+00
3.246767000000000181e+00 2.653575897216796875e+00
3.252526000000000028e+00 2.653575897216796875e+00
3.256161999999999779e+00 2.653575897216796875e+00
3.260826999999999920e+00 2.648401260375976562e+00
3.265467999999999815e+00 2.653575897216796875e+00
3.270020000000000149e+00 2.648401260375976562e+00
3.274620000000000086e+00 2.643226623535156250e+00
3.279148000000000174e+00 2.648401260375976562e+00
3.283730999999999955e+00 2.653575897216796875e+00
3.288304999999999811e+00 2.653575897216796875e+00
3.292946999999999846e+00 2.653575897216796875e+00
3.302363000000000159e+00 2.653575897216796875e+00
3.307085999999999970e+00 2.653575897216796875e+00
3.311688000000000187e+00 2.653575897216796875e+00
3.316527999999999921e+00 2.653575897216796875e+00
3.321146999999999849e+00 2.658750534057617188e+00
3.325782999999999934e+00 2.658750534057617188e+00
3.330359000000000069e+00 2.653575897216796875e+00
3.335010000000000030e+00 2.653575897216796875e+00
3.338404999999999845e+00 2.648401260375976562e+00
3.343087999999999838e+00 2.648401260375976562e+00
3.347694999999999865e+00 2.653575897216796875e+00
3.352428000000000186e+00 2.648401260375976562e+00
3.357029999999999959e+00 2.648401260375976562e+00
3.360443000000000069e+00 2.648401260375976562e+00
3.365149000000000168e+00 2.643226623535156250e+00
3.368578999999999990e+00 2.643226623535156250e+00
3.373203999999999869e+00 2.643226623535156250e+00
3.377810000000000201e+00 2.648401260375976562e+00
3.381225000000000147e+00 2.653575897216796875e+00
3.386019999999999808e+00 2.653575897216796875e+00
3.390625000000000000e+00 2.653575897216796875e+00
3.395294999999999952e+00 2.653575897216796875e+00
3.399900000000000144e+00 2.658750534057617188e+00
3.403373000000000204e+00 2.653575897216796875e+00
3.408046000000000131e+00 2.658750534057617188e+00
3.414947000000000177e+00 2.653575897216796875e+00
3.419909000000000088e+00 2.653575897216796875e+00
3.424605999999999817e+00 2.653575897216796875e+00
3.427976999999999830e+00 2.648401260375976562e+00
3.432659999999999823e+00 2.653575897216796875e+00
3.437285000000000146e+00 2.648401260375976562e+00
3.441971999999999809e+00 2.648401260375976562e+00
3.446617999999999959e+00 2.643226623535156250e+00
3.451296999999999837e+00 2.648401260375976562e+00
3.454849999999999977e+00 2.643226623535156250e+00
3.459490000000000176e+00 2.643226623535156250e+00
3.464151999999999898e+00 2.648401260375976562e+00
3.468923999999999896e+00 2.643226623535156250e+00
3.473599999999999799e+00 2.648401260375976562e+00
3.476989999999999803e+00 2.648401260375976562e+00
3.481627000000000027e+00 2.653575897216796875e+00
3.486403999999999836e+00 2.653575897216796875e+00
3.489780000000000104e+00 2.658750534057617188e+00
3.494491000000000014e+00 2.658750534057617188e+00
3.499162000000000106e+00 2.658750534057617188e+00
3.503826000000000107e+00 2.658750534057617188e+00
3.508497000000000199e+00 2.658750534057617188e+00
3.513179000000000052e+00 2.653575897216796875e+00
3.516608000000000178e+00 2.658750534057617188e+00
3.521281999999999801e+00 2.653575897216796875e+00
3.528512000000000093e+00 2.653575897216796875e+00
3.533368999999999982e+00 2.648401260375976562e+00
3.538086999999999982e+00 2.648401260375976562e+00
3.542825000000000113e+00 2.648401260375976562e+00
3.547505000000000130e+00 2.648401260375976562e+00
3.552262999999999948e+00 2.643226623535156250e+00
3.556948000000000221e+00 2.648401260375976562e+00
3.560411999999999910e+00 2.648401260375976562e+00
3.565196999999999949e+00 2.648401260375976562e+00
3.570033000000000012e+00 2.648401260375976562e+00
3.574784999999999879e+00 2.648401260375976562e+00
3.578187999999999924e+00 2.653575897216796875e+00
3.582993999999999790e+00 2.658750534057617188e+00
3.587692999999999799e+00 2.653575897216796875e+00
3.592452000000000201e+00 2.658750534057617188e+00
3.597166000000000086e+00 2.658750534057617188e+00
3.600640999999999980e+00 2.653575897216796875e+00
3.605440999999999896e+00 2.658750534057617188e+00
3.610133999999999954e+00 2.653575897216796875e+00
3.614886999999999961e+00 2.653575897216796875e+00
3.619628000000000068e+00 2.653575897216796875e+00
3.624417999999999918e+00 2.653575897216796875e+00
3.629131999999999802e+00 2.648401260375976562e+00
3.633878000000000164e+00 2.643226623535156250e+00
3.640823000000000143e+00 2.648401260375976562e+00
3.645865000000000133e+00 2.648401260375976562e+00
3.650615999999999861e+00 2.648401260375976562e+00
3.655396000000000090e+00 2.648401260375976562e+00
3.660128999999999966e+00 2.648401260375976562e+00
3.664930000000000021e+00 2.648401260375976562e+00
3.669694999999999929e+00 2.653575897216796875e+00
3.674567000000000139e+00 2.648401260375976562e+00
3.677935999999999872e+00 2.653575897216796875e+00
3.681379000000000179e+00 2.658750534057617188e+00
3.686223000000000027e+00 2.653575897216796875e+00
3.690973000000000059e+00 2.658750534057617188e+00
3.695800999999999892e+00 2.653575897216796875e+00
3.700572000000000195e+00 2.648401260375976562e+00
3.705388999999999822e+00 2.653575897216796875e+00
3.710157000000000149e+00 2.653575897216796875e+00
3.717611999999999917e+00 2.653575897216796875e+00
3.726223000000000063e+00 2.653575897216796875e+00
3.735719000000000012e+00 2.648401260375976562e+00
3.740978000000000137e+00 2.648401260375976562e+00
3.745849000000000206e+00 2.648401260375976562e+00
3.753044000000000047e+00 2.648401260375976562e+00
3.757887999999999895e+00 2.648401260375976562e+00
3.762763000000000080e+00 2.648401260375976562e+00
3.767577000000000176e+00 2.648401260375976562e+00
3.771224000000000132e+00 2.648401260375976562e+00
3.776098000000000177e+00 2.643226623535156250e+00
3.780898999999999788e+00 2.653575897216796875e+00
3.785762000000000072e+00 2.653575897216796875e+00
3.790548999999999946e+00 2.653575897216796875e+00
3.795418999999999876e+00 2.648401260375976562e+00
3.800222999999999907e+00 2.648401260375976562e+00
3.803812999999999889e+00 2.653575897216796875e+00
3.808616999999999919e+00 2.653575897216796875e+00
3.813457999999999792e+00 2.653575897216796875e+00
3.818271999999999888e+00 2.653575897216796875e+00
3.821778999999999815e+00 2.653575897216796875e+00
3.826640999999999959e+00 2.658750534057617188e+00
3.831443000000000154e+00 2.648401260375976562e+00
3.836390000000000189e+00 2.648401260375976562e+00
3.841216999999999882e+00 2.653575897216796875e+00
3.844845999999999986e+00 2.648401260375976562e+00
3.849654999999999827e+00 2.648401260375976562e+00
3.854623999999999828e+00 2.648401260375976562e+00
3.859447999999999990e+00 2.648401260375976562e+00
3.864395000000000024e+00 2.648401260375976562e+00
3.871491999999999933e+00 2.643226623535156250e+00
3.876783999999999786e+00 2.643226623535156250e+00
3.881594000000000211e+00 2.653575897216796875e+00
3.886518000000000139e+00 2.653575897216796875e+00
3.889987000000000084e+00 2.653575897216796875e+00
3.894873000000000030e+00 2.653575897216796875e+00
3.899678999999999895e+00 2.653575897216796875e+00
3.904660999999999937e+00 2.653575897216796875e+00
3.909476000000000173e+00 2.653575897216796875e+00
3.912903000000000020e+00 2.658750534057617188e+00
3.916377000000000219e+00 2.653575897216796875e+00
3.919979999999999798e+00 2.658750534057617188e+00
3.924882999999999900e+00 2.653575897216796875e+00
3.928408000000000122e+00 2.648401260375976562e+00
3.933282000000000167e+00 2.648401260375976562e+00
3.938228000000000062e+00 2.648401260375976562e+00
3.943143000000000065e+00 2.648401260375976562e+00
3.947977999999999987e+00 2.648401260375976562e+00
3.952907000000000171e+00 2.648401260375976562e+00
3.957761999999999780e+00 2.648401260375976562e+00
3.962670000000000137e+00 2.648401260375976562e+00
3.967508000000000035e+00 2.643226623535156250e+00
3.972411999999999832e+00 2.643226623535156250e+00
3.977307000000000148e+00 2.648401260375976562e+00
3.984525000000000095e+00 2.653575897216796875e+00
3.989489999999999981e+00 2.653575897216796875e+00
3.993163000000000018e+00 2.653575897216796875e+00
3.998038999999999898e+00 2.653575897216796875e+00
4.001589000000000063e+00 2.653575897216796875e+00
4.005186000000000135e+00 2.653575897216796875e+00
4.010038999999999909e+00 2.653575897216796875e+00
4.015001999999999960e+00 2.653575897216796875e+00
4.019913999999999987e+00 2.653575897216796875e+00
4.024847000000000286e+00 2.653575897216796875e+00
4.029727000000000281e+00 2.648401260375976562e+00
4.034711999999999854e+00 2.643226623535156250e+00
4.039621000000000350e+00 2.648401260375976562e+00
4.043238999999999805e+00 2.648401260375976562e+00
4.048112999999999850e+00 2.648401260375976562e+00
4.053077000000000041e+00 2.643226623535156250e+00
4.057995000000000019e+00 2.643226623535156250e+00
4.062954999999999650e+00 2.643226623535156250e+00
4.067838000000000065e+00 2.648401260375976562e+00
4.072802000000000255e+00 2.653575897216796875e+00
4.077759000000000356e+00 2.648401260375976562e+00
4.082722000000000406e+00 2.653575897216796875e+00
4.087639000000000244e+00 2.653575897216796875e+00
4.091205000000000425e+00 2.658750534057617188e+00
4.098430999999999713e+00 2.653575897216796875e+00
4.103672999999999682e+00 2.653575897216796875e+00
4.108603999999999701e+00 2.653575897216796875e+00
4.113544000000000089e+00 2.653575897216796875e+00
4.118439999999999657e+00 2.653575897216796875e+00
4.123367000000000004e+00 2.653575897216796875e+00
4.128292000000000073e+00 2.648401260375976562e+00
4.133250000000000313e+00 2.643226623535156250e+00
4.138278999999999819e+00 2.648401260375976562e+00
4.141811999999999827e+00 2.648401260375976562e+00
4.146840000000000082e+00 2.648401260375976562e+00
4.150387000000000270e+00 2.648401260375976562e+00
4.155456000000000039e+00 2.648401260375976562e+00
4.158973999999999727e+00 2.648401260375976562e+00
4.163949999999999818e+00 2.648401260375976562e+00
4.168881999999999977e+00 2.648401260375976562e+00
4.173845000000000027e+00 2.648401260375976562e+00
4.178808000000000078e+00 2.648401260375976562e+00
4.183752000000000137e+00 2.653575897216796875e+00
4.188836000000000226e+00 2.653575897216796875e+00
4.193971999999999589e+00 2.653575897216796875e+00
4.198928999999999689e+00 2.653575897216796875e+00
4.203902000000000250e+00 2.648401260375976562e+00
4.211242999999999626e+00 2.653575897216796875e+00
4.216446999999999612e+00 2.648401260375976562e+00
4.219966000000000328e+00 2.653575897216796875e+00
4.223580000000000112e+00 2.653575897216796875e+00
4.227173999999999765e+00 2.648401260375976562e+00
4.232188999999999979e+00 2.643226623535156250e+00
4.237161999999999651e+00 2.648401260375976562e+00
4.240765999999999813e+00 2.648401260375976562e+00
4.244368999999999836e+00 2.648401260375976562e+00
4.247963000000000378e+00 2.653575897216796875e+00
4.252994000000000163e+00 2.648401260375976562e+00
4.257984000000000435e+00 2.648401260375976562e+00
4.263036999999999743e+00 2.653575897216796875e+00
4.268032999999999966e+00 2.648401260375976562e+00
4.273165999999999798e+00 2.648401260375976562e+00
4.278253999999999557e+00 2.648401260375976562e+00
4.283303000000000083e+00 2.648401260375976562e+00
4.288299999999999557e+00 2.653575897216796875e+00
4.293355000000000032e+00 2.653575897216796875e+00
4.298350000000000115e+00 2.653575897216796875e+00
4.303395000000000081e+00 2.653575897216796875e+00
4.308391000000000304e+00 2.648401260375976562e+00
4.311995999999999718e+00 2.648401260375976562e+00
4.315590000000000259e+00 2.653575897216796875e+00
4.322837999999999958e+00 2.653575897216796875e+00
4.327897000000000105e+00 2.653575897216796875e+00
4.333014000000000365e+00 2.653575897216796875e+00
4.336598000000000397e+00 2.648401260375976562e+00
4.340194999999999581e+00 2.653575897216796875e+00
4.345265999999999629e+00 2.648401260375976562e+00
4.350310000000000343e+00 2.648401260375976562e+00
4.355470999999999648e+00 2.648401260375976562e+00
4.360491999999999813e+00 2.648401260375976562e+00
4.365578000000000181e+00 2.648401260375976562e+00
4.369161000000000072e+00 2.648401260375976562e+00
4.374196999999999669e+00 2.648401260375976562e+00
4.379232000000000014e+00 2.648401260375976562e+00
4.384466999999999892e+00 2.648401260375976562e+00
4.388175999999999632e+00 2.653575897216796875e+00
4.393258999999999581e+00 2.653575897216796875e+00
4.398292999999999786e+00 2.648401260375976562e+00
4.403348000000000262e+00 2.653575897216796875e+00
4.408431000000000211e+00 2.653575897216796875e+00
4.413465000000000416e+00 2.653575897216796875e+00
4.418516000000000332e+00 2.653575897216796875e+00
4.423576999999999870e+00 2.653575897216796875e+00
4.428665999999999769e+00 2.653575897216796875e+00
4.433779000000000359e+00 2.648401260375976562e+00
4.441052000000000000e+00 2.648401260375976562e+00
4.446482999999999741e+00 2.643226623535156250e+00
4.451592999999999911e+00 2.643226623535156250e+00
4.456757999999999775e+00 2.648401260375976562e+00
4.461816999999999922e+00 2.643226623535156250e+00
4.466930999999999763e+00 2.643226623535156250e+00
4.472084999999999866e+00 2.643226623535156250e+00
4.477178000000000324e+00 2.643226623535156250e+00
4.480795999999999779e+00 2.648401260375976562e+00
4.485962999999999923e+00 2.653575897216796875e+00
4.491077999999999903e+00 2.653575897216796875e+00
4.496240000000000236e+00 2.653575897216796875e+00
4.501317000000000235e+00 2.653575897216796875e+00
4.506839000000000262e+00 2.658750534057617188e+00
4.512038000000000437e+00 2.653575897216796875e+00
4.517155999999999949e+00 2.653575897216796875e+00
4.520838000000000356e+00 2.653575897216796875e+00
4.525983000000000089e+00 2.653575897216796875e+00
4.531119000000000341e+00 2.648401260375976562e+00
4.536381000000000441e+00 2.643226623535156250e+00
4.539991999999999805e+00 2.648401260375976562e+00
4.545175000000000409e+00 2.648401260375976562e+00
4.550333000000000183e+00 2.643226623535156250e+00
4.557915000000000383e+00 2.643226623535156250e+00
4.563170999999999644e+00 2.643226623535156250e+00
4.568351999999999968e+00 2.643226623535156250e+00
4.573503999999999792e+00 2.648401260375976562e+00
4.578624999999999723e+00 2.653575897216796875e+00
4.583785999999999916e+00 2.653575897216796875e+00
4.589070999999999678e+00 2.653575897216796875e+00
4.594233000000000011e+00 2.653575897216796875e+00
4.599383000000000443e+00 2.653575897216796875e+00
4.604612999999999623e+00 2.653575897216796875e+00
4.609733000000000303e+00 2.653575897216796875e+00
4.614950000000000330e+00 2.653575897216796875e+00
4.618580999999999825e+00 2.648401260375976562e+00
4.623785999999999952e+00 2.648401260375976562e+00
4.628940000000000055e+00 2.648401260375976562e+00
4.634103999999999779e+00 2.643226623535156250e+00
4.639260000000000161e+00 2.643226623535156250e+00
4.644402000000000363e+00 2.643226623535156250e+00
4.649532999999999916e+00 2.643226623535156250e+00
4.654733000000000231e+00 2.648401260375976562e+00
4.659866000000000064e+00 2.648401260375976562e+00
4.663575999999999944e+00 2.648401260375976562e+00
4.670238999999999585e+00 2.648401260375976562e+00
4.680590999999999724e+00 2.653575897216796875e+00
4.687421999999999755e+00 2.653575897216796875e+00
4.694246999999999836e+00 2.653575897216796875e+00
4.700861999999999874e+00 2.653575897216796875e+00
4.707607000000000319e+00 2.653575897216796875e+00
4.718638000000000332e+00 2.653575897216796875e+00
4.733128999999999920e+00 2.643226623535156250e+00
4.746921999999999642e+00 2.648401260375976562e+00
4.753950999999999816e+00 2.648401260375976562e+00
4.760603999999999836e+00 2.648401260375976562e+00
4.766869999999999941e+00 2.648401260375976562e+00
4.772165000000000212e+00 2.648401260375976562e+00
4.777359999999999829e+00 2.648401260375976562e+00
4.782630000000000159e+00 2.648401260375976562e+00
4.790098000000000411e+00 2.653575897216796875e+00
4.795703999999999745e+00 2.653575897216796875e+00
4.799425000000000274e+00 2.648401260375976562e+00
4.803182999999999758e+00 2.653575897216796875e+00
4.808399999999999785e+00 2.648401260375976562e+00
4.813625000000000043e+00 2.653575897216796875e+00
4.818838000000000399e+00 2.648401260375976562e+00
4.824101999999999890e+00 2.653575897216796875e+00
4.827785000000000437e+00 2.653575897216796875e+00
4.833033999999999608e+00 2.648401260375976562e+00
4.838251999999999775e+00 2.648401260375976562e+00
4.841993999999999687e+00 2.648401260375976562e+00
4.847228999999999566e+00 2.648401260375976562e+00
4.852520000000000167e+00 2.648401260375976562e+00
4.857777999999999707e+00 2.648401260375976562e+00
4.863078999999999930e+00 2.648401260375976562e+00
4.868308999999999997e+00 2.648401260375976562e+00
4.873593999999999760e+00 2.643226623535156250e+00
4.878826000000000107e+00 2.648401260375976562e+00
4.884066999999999936e+00 2.648401260375976562e+00
4.889361000000000068e+00 2.648401260375976562e+00
4.894662000000000290e+00 2.648401260375976562e+00
4.900024000000000157e+00 2.648401260375976562e+00
4.907797999999999661e+00 2.653575897216796875e+00
4.913243999999999723e+00 2.653575897216796875e+00
4.918535999999999575e+00 2.653575897216796875e+00
4.923833000000000126e+00 2.653575897216796875e+00
4.929095000000000226e+00 2.648401260375976562e+00
4.932811000000000057e+00 2.648401260375976562e+00
4.936561000000000199e+00 2.648401260375976562e+00
4.941913999999999696e+00 2.648401260375976562e+00
4.947192000000000256e+00 2.653575897216796875e+00
4.952524000000000370e+00 2.643226623535156250e+00
4.957816000000000223e+00 2.643226623535156250e+00
4.963153000000000148e+00 2.643226623535156250e+00
4.968434000000000239e+00 2.643226623535156250e+00
4.973745000000000083e+00 2.643226623535156250e+00
4.979040999999999606e+00 2.648401260375976562e+00
4.984329999999999927e+00 2.648401260375976562e+00
4.989649000000000001e+00 2.648401260375976562e+00
4.993396999999999863e+00 2.653575897216796875e+00
4.998698000000000086e+00 2.653575897216796875e+00
5.004127000000000436e+00 2.653575897216796875e+00
5.009484999999999744e+00 2.653575897216796875e+00
5.014854999999999841e+00 2.653575897216796875e+00
5.022581999999999880e+00 2.653575897216796875e+00
5.028139000000000358e+00 2.653575897216796875e+00
5.033458000000000432e+00 2.643226623535156250e+00
5.038738999999999635e+00 2.643226623535156250e+00
5.044031000000000375e+00 2.643226623535156250e+00
5.049322000000000088e+00 2.643226623535156250e+00
5.054770000000000429e+00 2.643226623535156250e+00
5.060062000000000282e+00 2.643226623535156250e+00
5.065400000000000347e+00 2.643226623535156250e+00
5.070724000000000231e+00 2.643226623535156250e+00
5.076187000000000005e+00 2.648401260375976562e+00
5.081514000000000308e+00 2.653575897216796875e+00
5.086974999999999802e+00 2.653575897216796875e+00
5.092331999999999859e+00 2.653575897216796875e+00
5.097622999999999571e+00 2.653575897216796875e+00
5.101363000000000092e+00 2.653575897216796875e+00
5.106920999999999822e+00 2.653575897216796875e+00
5.112281000000000297e+00 2.653575897216796875e+00
5.116005999999999609e+00 2.648401260375976562e+00
5.121355000000000324e+00 2.653575897216796875e+00
5.126839999999999620e+00 2.648401260375976562e+00
5.132263000000000019e+00 2.648401260375976562e+00
5.140030999999999572e+00 2.643226623535156250e+00
5.145580999999999960e+00 2.643226623535156250e+00
5.150924999999999976e+00 2.643226623535156250e+00
5.156374999999999709e+00 2.648401260375976562e+00
5.161731999999999765e+00 2.648401260375976562e+00
5.167137999999999565e+00 2.648401260375976562e+00
5.172531000000000212e+00 2.648401260375976562e+00
5.177876000000000367e+00 2.653575897216796875e+00
5.183324999999999960e+00 2.653575897216796875e+00
5.188697000000000337e+00 2.653575897216796875e+00
5.194072000000000244e+00 2.653575897216796875e+00
5.199411999999999701e+00 2.653575897216796875e+00
5.204912000000000205e+00 2.653575897216796875e+00
5.210345000000000226e+00 2.653575897216796875e+00
5.215760999999999648e+00 2.648401260375976562e+00
5.221138999999999974e+00 2.648401260375976562e+00
5.226638000000000339e+00 2.648401260375976562e+00
5.232058999999999571e+00 2.648401260375976562e+00
5.237419000000000047e+00 2.643226623535156250e+00
5.241198999999999941e+00 2.643226623535156250e+00
5.249151999999999596e+00 2.648401260375976562e+00
5.254711000000000354e+00 2.648401260375976562e+00
5.260106999999999644e+00 2.648401260375976562e+00
5.265525000000000233e+00 2.648401260375976562e+00
5.270891999999999911e+00 2.648401260375976562e+00
5.276341999999999643e+00 2.648401260375976562e+00
5.281749999999999723e+00 2.653575897216796875e+00
5.287225000000000286e+00 2.653575897216796875e+00
5.292695000000000149e+00 2.653575897216796875e+00
5.298070000000000057e+00 2.648401260375976562e+00
5.303501999999999938e+00 2.648401260375976562e+00
5.308938000000000379e+00 2.648401260375976562e+00
5.314517000000000380e+00 2.653575897216796875e+00
5.320034999999999847e+00 2.648401260375976562e+00
5.325647000000000020e+00 2.648401260375976562e+00
5.330604000000000120e+00 2.648401260375976562e+00
5.334667999999999743e+00 2.648401260375976562e+00
5.340296000000000376e+00 2.648401260375976562e+00
5.345130000000000159e+00 2.648401260375976562e+00
5.349040999999999713e+00 2.648401260375976562e+00
5.353106999999999616e+00 2.648401260375976562e+00
5.357002999999999737e+00 2.648401260375976562e+00
5.374216999999999800e+00 2.648401260375976562e+00
5.379896999999999707e+00 2.648401260375976562e+00
5.384826000000000334e+00 2.648401260375976562e+00
5.390482999999999691e+00 2.648401260375976562e+00
5.395398000000000138e+00 2.653575897216796875e+00
5.401061999999999585e+00 2.653575897216796875e+00
5.407568000000000374e+00 2.648401260375976562e+00
5.411404000000000103e+00 2.653575897216796875e+00
5.417123000000000133e+00 2.653575897216796875e+00
5.422638000000000069e+00 2.653575897216796875e+00
5.428078000000000181e+00 2.653575897216796875e+00
5.433577999999999797e+00 2.648401260375976562e+00
5.437388999999999584e+00 2.648401260375976562e+00
5.442934000000000161e+00 2.648401260375976562e+00
5.446778000000000119e+00 2.648401260375976562e+00
5.452317999999999998e+00 2.643226623535156250e+00
5.457784000000000191e+00 2.643226623535156250e+00
5.461565000000000225e+00 2.643226623535156250e+00
5.467075000000000351e+00 2.643226623535156250e+00
5.472677000000000014e+00 2.643226623535156250e+00
5.478139999999999787e+00 2.648401260375976562e+00
5.483654999999999724e+00 2.648401260375976562e+00
5.494093999999999589e+00 2.648401260375976562e+00
5.499569000000000152e+00 2.653575897216796875e+00
5.505155000000000243e+00 2.653575897216796875e+00
5.510748999999999675e+00 2.653575897216796875e+00
5.516413000000000011e+00 2.653575897216796875e+00
5.521984999999999921e+00 2.653575897216796875e+00
5.527496000000000187e+00 2.653575897216796875e+00
5.533119000000000121e+00 2.648401260375976562e+00
5.538654000000000188e+00 2.643226623535156250e+00
5.544182000000000166e+00 2.638051986694335938e+00
5.549691000000000152e+00 2.643226623535156250e+00
5.555344999999999978e+00 2.643226623535156250e+00
5.560862000000000194e+00 2.648401260375976562e+00
5.566450999999999816e+00 2.643226623535156250e+00
5.572051000000000087e+00 2.643226623535156250e+00
5.577562999999999604e+00 2.643226623535156250e+00
5.583179999999999588e+00 2.653575897216796875e+00
5.588726000000000305e+00 2.653575897216796875e+00
5.594261999999999624e+00 2.653575897216796875e+00
5.598455999999999655e+00 2.653575897216796875e+00
5.606311999999999962e+00 2.653575897216796875e+00
5.612449999999999939e+00 2.653575897216796875e+00
5.618017000000000039e+00 2.653575897216796875e+00
5.623603000000000129e+00 2.648401260375976562e+00
5.629120999999999597e+00 2.648401260375976562e+00
5.634737000000000329e+00 2.643226623535156250e+00
5.638615999999999850e+00 2.643226623535156250e+00
5.644177000000000000e+00 2.643226623535156250e+00
5.649718000000000018e+00 2.648401260375976562e+00
5.655301999999999829e+00 2.643226623535156250e+00
5.660960000000000214e+00 2.643226623535156250e+00
5.666571000000000247e+00 2.648401260375976562e+00
5.672164999999999679e+00 2.643226623535156250e+00
5.677826999999999735e+00 2.648401260375976562e+00
5.683429000000000286e+00 2.648401260375976562e+00
5.688966999999999885e+00 2.653575897216796875e+00
5.694582999999999728e+00 2.653575897216796875e+00
5.700130999999999837e+00 2.653575897216796875e+00
5.705744000000000149e+00 2.648401260375976562e+00
5.711288999999999838e+00 2.648401260375976562e+00
5.719754000000000005e+00 2.648401260375976562e+00
5.729001000000000232e+00 2.648401260375976562e+00
5.738194000000000017e+00 2.643226623535156250e+00
5.745142999999999667e+00 2.643226623535156250e+00
5.752977999999999703e+00 2.648401260375976562e+00
5.758735999999999855e+00 2.648401260375976562e+00
5.762649999999999828e+00 2.643226623535156250e+00
5.768229999999999968e+00 2.643226623535156250e+00
5.773830000000000240e+00 2.648401260375976562e+00
5.779428000000000232e+00 2.648401260375976562e+00
5.785120000000000040e+00 2.653575897216796875e+00
5.790719000000000172e+00 2.653575897216796875e+00
5.796359999999999957e+00 2.648401260375976562e+00
5.802004000000000161e+00 2.648401260375976562e+00
5.807618999999999865e+00 2.648401260375976562e+00
5.813293999999999961e+00 2.648401260375976562e+00
5.818907000000000274e+00 2.648401260375976562e+00
5.824542000000000108e+00 2.648401260375976562e+00
5.828444000000000180e+00 2.648401260375976562e+00
5.836376999999999704e+00 2.643226623535156250e+00
5.842348000000000319e+00 2.648401260375976562e+00
5.847927999999999571e+00 2.648401260375976562e+00
5.853648999999999880e+00 2.648401260375976562e+00
5.859272999999999954e+00 2.648401260375976562e+00
5.863235000000000419e+00 2.648401260375976562e+00
5.868833000000000411e+00 2.648401260375976562e+00
5.874492000000000047e+00 2.643226623535156250e+00
5.880120999999999931e+00 2.648401260375976562e+00
5.885791000000000217e+00 2.648401260375976562e+00
5.891428000000000331e+00 2.648401260375976562e+00
5.897166999999999604e+00 2.648401260375976562e+00
5.902872999999999593e+00 2.648401260375976562e+00
5.908546000000000298e+00 2.653575897216796875e+00
5.914217999999999975e+00 2.653575897216796875e+00
5.919900000000000162e+00 2.653575897216796875e+00
5.925633000000000372e+00 2.653575897216796875e+00
5.931250000000000355e+00 2.648401260375976562e+00
5.937016999999999989e+00 2.648401260375976562e+00
5.940968999999999944e+00 2.643226623535156250e+00
5.948925000000000018e+00 2.648401260375976562e+00
5.954615999999999687e+00 2.648401260375976562e+00
5.960217000000000098e+00 2.638051986694335938e+00
5.965939999999999799e+00 2.643226623535156250e+00
5.969706000000000401e+00 2.643226623535156250e+00
5.975376999999999938e+00 2.643226623535156250e+00
5.980996000000000201e+00 2.648401260375976562e+00
5.986712999999999951e+00 2.648401260375976562e+00
5.992403999999999620e+00 2.648401260375976562e+00
5.998015999999999792e+00 2.648401260375976562e+00
6.003642000000000145e+00 2.653575897216796875e+00
6.009331000000000422e+00 2.648401260375976562e+00
6.015045999999999893e+00 2.653575897216796875e+00
6.020692999999999628e+00 2.653575897216796875e+00
6.026403000000000176e+00 2.653575897216796875e+00
6.032131999999999827e+00 2.648401260375976562e+00
6.037776000000000032e+00 2.648401260375976562e+00
6.043471000000000259e+00 2.643226623535156250e+00
6.049176000000000109e+00 2.643226623535156250e+00
6.054871999999999588e+00 2.643226623535156250e+00
6.058959999999999901e+00 2.643226623535156250e+00
6.069100999999999857e+00 2.638051986694335938e+00
6.074861000000000288e+00 2.643226623535156250e+00
6.078796999999999784e+00 2.648401260375976562e+00
6.084540999999999755e+00 2.648401260375976562e+00
6.090254999999999974e+00 2.653575897216796875e+00
6.096082000000000001e+00 2.653575897216796875e+00
6.101815000000000211e+00 2.653575897216796875e+00
6.107605999999999646e+00 2.653575897216796875e+00
6.113383999999999929e+00 2.653575897216796875e+00
6.117397999999999669e+00 2.653575897216796875e+00
6.123202000000000034e+00 2.653575897216796875e+00
6.129204999999999792e+00 2.643226623535156250e+00
6.135003000000000206e+00 2.638051986694335938e+00
6.139007999999999576e+00 2.643226623535156250e+00
6.144835999999999743e+00 2.643226623535156250e+00
6.148812999999999640e+00 2.638051986694335938e+00
6.154501999999999917e+00 2.643226623535156250e+00
6.160256000000000398e+00 2.638051986694335938e+00
6.166072999999999915e+00 2.643226623535156250e+00
6.171832000000000207e+00 2.648401260375976562e+00
6.181670999999999694e+00 2.648401260375976562e+00
6.189357000000000220e+00 2.653575897216796875e+00
6.196951999999999572e+00 2.653575897216796875e+00
6.204399999999999693e+00 2.653575897216796875e+00
6.211837000000000053e+00 2.648401260375976562e+00
6.219323000000000157e+00 2.648401260375976562e+00
6.226810000000000400e+00 2.648401260375976562e+00
6.234416000000000402e+00 2.643226623535156250e+00
6.241840999999999973e+00 2.643226623535156250e+00
6.249365000000000059e+00 2.643226623535156250e+00
6.256890000000000285e+00 2.648401260375976562e+00
6.264464000000000254e+00 2.648401260375976562e+00
6.271959999999999980e+00 2.648401260375976562e+00
6.278922999999999810e+00 2.648401260375976562e+00
6.284722000000000364e+00 2.653575897216796875e+00
6.292761999999999745e+00 2.653575897216796875e+00
6.298588999999999771e+00 2.648401260375976562e+00
6.304356000000000293e+00 2.653575897216796875e+00
6.310126000000000346e+00 2.653575897216796875e+00
6.315932000000000102e+00 2.648401260375976562e+00
6.321686999999999834e+00 2.653575897216796875e+00
6.327515000000000001e+00 2.648401260375976562e+00
6.333351000000000397e+00 2.638051986694335938e+00
6.339127999999999652e+00 2.648401260375976562e+00
6.344973000000000418e+00 2.648401260375976562e+00
6.350732999999999961e+00 2.648401260375976562e+00
6.354808000000000234e+00 2.648401260375976562e+00
6.360615000000000130e+00 2.648401260375976562e+00
6.366433999999999926e+00 2.643226623535156250e+00
6.372360999999999720e+00 2.648401260375976562e+00
6.378179000000000265e+00 2.643226623535156250e+00
6.383988999999999692e+00 2.643226623535156250e+00
6.389780000000000015e+00 2.648401260375976562e+00
6.393805000000000405e+00 2.648401260375976562e+00
6.399593000000000309e+00 2.648401260375976562e+00
6.407655000000000101e+00 2.648401260375976562e+00
6.413827999999999641e+00 2.648401260375976562e+00
6.419627000000000194e+00 2.653575897216796875e+00
6.425472000000000072e+00 2.653575897216796875e+00
6.431259999999999977e+00 2.648401260375976562e+00
6.437356000000000300e+00 2.648401260375976562e+00
6.443220000000000169e+00 2.648401260375976562e+00
6.449029999999999596e+00 2.648401260375976562e+00
6.454924000000000106e+00 2.648401260375976562e+00
6.460735999999999812e+00 2.643226623535156250e+00
6.466598000000000290e+00 2.643226623535156250e+00
6.472465999999999831e+00 2.643226623535156250e+00
6.478277000000000285e+00 2.643226623535156250e+00
6.484115000000000073e+00 2.648401260375976562e+00
6.489948000000000050e+00 2.648401260375976562e+00
6.495830999999999911e+00 2.648401260375976562e+00
6.499792000000000236e+00 2.648401260375976562e+00
6.505684999999999718e+00 2.653575897216796875e+00
6.511524999999999785e+00 2.653575897216796875e+00
6.517477000000000409e+00 2.648401260375976562e+00
6.525581999999999994e+00 2.653575897216796875e+00
6.531488000000000405e+00 2.648401260375976562e+00
6.535648000000000124e+00 2.643226623535156250e+00
6.541475000000000151e+00 2.648401260375976562e+00
6.545628999999999920e+00 2.643226623535156250e+00
6.551441999999999766e+00 2.643226623535156250e+00
6.555577999999999683e+00 2.643226623535156250e+00
6.561429999999999652e+00 2.643226623535156250e+00
6.567425000000000068e+00 2.643226623535156250e+00
6.573330999999999591e+00 2.643226623535156250e+00
6.579221000000000430e+00 2.643226623535156250e+00
6.585149999999999615e+00 2.648401260375976562e+00
6.589171999999999585e+00 2.648401260375976562e+00
6.595132999999999690e+00 2.653575897216796875e+00
6.600992999999999888e+00 2.653575897216796875e+00
6.606938999999999673e+00 2.648401260375976562e+00
6.612899999999999778e+00 2.653575897216796875e+00
6.618749000000000215e+00 2.653575897216796875e+00
6.624641999999999697e+00 2.653575897216796875e+00
6.630682000000000187e+00 2.643226623535156250e+00
6.636650000000000382e+00 2.643226623535156250e+00
6.645040999999999976e+00 2.638051986694335938e+00
6.651018999999999792e+00 2.638051986694335938e+00
6.656995000000000218e+00 2.643226623535156250e+00
6.662950999999999624e+00 2.643226623535156250e+00
6.668849999999999945e+00 2.638051986694335938e+00
6.674784999999999968e+00 2.643226623535156250e+00
6.680786999999999587e+00 2.648401260375976562e+00
6.686759999999999593e+00 2.648401260375976562e+00
6.692739000000000438e+00 2.653575897216796875e+00
6.696816000000000102e+00 2.653575897216796875e+00
6.702753999999999657e+00 2.653575897216796875e+00
6.706769999999999676e+00 2.653575897216796875e+00
6.710827000000000098e+00 2.653575897216796875e+00
6.716865999999999559e+00 2.648401260375976562e+00
6.725384000000000029e+00 2.648401260375976562e+00
6.735147999999999691e+00 2.643226623535156250e+00
6.741628999999999650e+00 2.643226623535156250e+00
6.753256999999999621e+00 2.643226623535156250e+00
6.761425000000000018e+00 2.643226623535156250e+00
6.767820999999999643e+00 2.648401260375976562e+00
6.773811000000000249e+00 2.648401260375976562e+00
6.779726000000000141e+00 2.648401260375976562e+00
6.785747999999999891e+00 2.648401260375976562e+00
6.789718999999999838e+00 2.653575897216796875e+00
6.795748999999999818e+00 2.653575897216796875e+00
6.801641000000000048e+00 2.648401260375976562e+00
6.807720999999999911e+00 2.648401260375976562e+00
6.811773999999999774e+00 2.648401260375976562e+00
6.817816999999999794e+00 2.648401260375976562e+00
6.823788999999999660e+00 2.648401260375976562e+00
6.829776999999999987e+00 2.643226623535156250e+00
6.835829999999999629e+00 2.643226623535156250e+00
6.841796999999999684e+00 2.643226623535156250e+00
6.847894000000000148e+00 2.643226623535156250e+00
6.852003999999999984e+00 2.643226623535156250e+00
6.857973000000000319e+00 2.648401260375976562e+00
6.863973999999999798e+00 2.648401260375976562e+00
6.869941999999999993e+00 2.643226623535156250e+00
6.878391999999999840e+00 2.643226623535156250e+00
6.884668999999999706e+00 2.643226623535156250e+00
6.890602999999999589e+00 2.648401260375976562e+00
6.896662000000000070e+00 2.648401260375976562e+00
6.902807000000000137e+00 2.648401260375976562e+00
6.908832000000000306e+00 2.648401260375976562e+00
6.913046999999999720e+00 2.648401260375976562e+00
6.919036000000000186e+00 2.653575897216796875e+00
6.925129000000000090e+00 2.648401260375976562e+00
6.931137999999999799e+00 2.648401260375976562e+00
6.937256999999999785e+00 2.648401260375976562e+00
6.943319999999999936e+00 2.648401260375976562e+00
6.949341000000000435e+00 2.648401260375976562e+00
6.955407000000000117e+00 2.648401260375976562e+00
6.961438000000000237e+00 2.648401260375976562e+00
6.967528999999999861e+00 2.638051986694335938e+00
6.971630000000000216e+00 2.643226623535156250e+00
6.977685000000000137e+00 2.643226623535156250e+00
6.983800999999999704e+00 2.643226623535156250e+00
6.989906000000000397e+00 2.648401260375976562e+00
6.998344999999999594e+00 2.648401260375976562e+00
7.004577000000000275e+00 2.648401260375976562e+00
7.010599000000000025e+00 2.653575897216796875e+00
7.016699000000000019e+00 2.648401260375976562e+00
7.020821999999999896e+00 2.653575897216796875e+00
7.026911000000000129e+00 2.648401260375976562e+00
7.030937999999999910e+00 2.643226623535156250e+00
7.037016000000000382e+00 2.648401260375976562e+00
7.043131999999999948e+00 2.648401260375976562e+00
7.049224999999999852e+00 2.643226623535156250e+00
7.055339000000000027e+00 2.643226623535156250e+00
7.061389000000000138e+00 2.638051986694335938e+00
7.067558000000000007e+00 2.638051986694335938e+00
7.073704000000000214e+00 2.638051986694335938e+00
7.079746000000000095e+00 2.643226623535156250e+00
7.085882999999999932e+00 2.648401260375976562e+00
7.091981999999999786e+00 2.648401260375976562e+00
7.098018999999999856e+00 2.648401260375976562e+00
7.104110999999999621e+00 2.648401260375976562e+00
7.112407000000000146e+00 2.653575897216796875e+00
7.118548999999999793e+00 2.648401260375976562e+00
7.124596000000000373e+00 2.653575897216796875e+00
7.130644000000000204e+00 2.648401260375976562e+00
7.134826000000000334e+00 2.643226623535156250e+00
7.140888000000000346e+00 2.643226623535156250e+00
7.147038000000000224e+00 2.638051986694335938e+00
7.153336000000000361e+00 2.638051986694335938e+00
7.159404000000000323e+00 2.643226623535156250e+00
7.163592999999999655e+00 2.638051986694335938e+00
7.169641000000000375e+00 2.638051986694335938e+00
7.175800999999999874e+00 2.643226623535156250e+00
7.181920999999999999e+00 2.648401260375976562e+00
7.187998000000000332e+00 2.653575897216796875e+00
7.194085000000000285e+00 2.653575897216796875e+00
7.200179000000000329e+00 2.653575897216796875e+00
7.206342000000000247e+00 2.653575897216796875e+00
7.212531000000000247e+00 2.653575897216796875e+00
7.218681000000000125e+00 2.648401260375976562e+00
7.227248000000000339e+00 2.648401260375976562e+00
7.233798000000000172e+00 2.638051986694335938e+00
7.239931000000000338e+00 2.643226623535156250e+00
7.246124000000000009e+00 2.643226623535156250e+00
7.252537000000000234e+00 2.638051986694335938e+00
7.258739000000000274e+00 2.643226623535156250e+00
7.264884999999999593e+00 2.643226623535156250e+00
7.271017999999999759e+00 2.643226623535156250e+00
7.277261000000000202e+00 2.643226623535156250e+00
7.281393999999999700e+00 2.648401260375976562e+00
7.287601000000000440e+00 2.653575897216796875e+00
7.293853000000000364e+00 2.653575897216796875e+00
7.299998999999999683e+00 2.653575897216796875e+00
7.306147000000000169e+00 2.648401260375976562e+00
7.312371999999999872e+00 2.648401260375976562e+00
7.318531000000000120e+00 2.648401260375976562e+00
7.324720000000000120e+00 2.648401260375976562e+00
7.330830999999999875e+00 2.643226623535156250e+00
7.339478999999999864e+00 2.638051986694335938e+00
7.345944000000000251e+00 2.643226623535156250e+00
7.352107000000000170e+00 2.643226623535156250e+00
7.358260999999999719e+00 2.648401260375976562e+00
7.362440999999999569e+00 2.648401260375976562e+00
7.368542999999999843e+00 2.643226623535156250e+00
7.374686999999999770e+00 2.643226623535156250e+00
7.380866000000000149e+00 2.648401260375976562e+00
7.387054000000000009e+00 2.648401260375976562e+00
7.393280999999999992e+00 2.648401260375976562e+00
7.399464000000000041e+00 2.648401260375976562e+00
7.405929000000000428e+00 2.648401260375976562e+00
7.412179000000000073e+00 2.648401260375976562e+00
7.418326000000000420e+00 2.648401260375976562e+00
7.424539000000000222e+00 2.648401260375976562e+00
7.430741000000000263e+00 2.648401260375976562e+00
7.436963999999999686e+00 2.648401260375976562e+00
7.443194000000000088e+00 2.648401260375976562e+00
7.452092000000000382e+00 2.643226623535156250e+00
7.458365999999999829e+00 2.643226623535156250e+00
7.464617999999999753e+00 2.643226623535156250e+00
7.471155999999999686e+00 2.643226623535156250e+00
7.477739999999999831e+00 2.638051986694335938e+00
7.484020000000000117e+00 2.643226623535156250e+00
7.490517999999999788e+00 2.648401260375976562e+00
7.494801999999999964e+00 2.648401260375976562e+00
7.500987000000000293e+00 2.648401260375976562e+00
7.507287999999999961e+00 2.648401260375976562e+00
7.513567000000000107e+00 2.648401260375976562e+00
7.517780000000000129e+00 2.648401260375976562e+00
7.524022999999999683e+00 2.653575897216796875e+00
7.530249000000000414e+00 2.648401260375976562e+00
7.536514000000000379e+00 2.643226623535156250e+00
7.542802000000000007e+00 2.648401260375976562e+00
7.547009000000000079e+00 2.648401260375976562e+00
7.551224000000000380e+00 2.643226623535156250e+00
7.555597999999999814e+00 2.643226623535156250e+00
7.561927999999999983e+00 2.638051986694335938e+00
7.573578000000000365e+00 2.643226623535156250e+00
7.579984999999999751e+00 2.643226623535156250e+00
7.586285000000000167e+00 2.648401260375976562e+00
7.592571999999999655e+00 2.648401260375976562e+00
7.598765000000000214e+00 2.648401260375976562e+00
7.605058999999999791e+00 2.653575897216796875e+00
7.611283000000000243e+00 2.653575897216796875e+00
7.615597000000000172e+00 2.648401260375976562e+00
7.619804000000000244e+00 2.653575897216796875e+00
7.626093000000000011e+00 2.648401260375976562e+00
7.632405000000000328e+00 2.643226623535156250e+00
7.638602999999999810e+00 2.643226623535156250e+00
7.642830000000000013e+00 2.638051986694335938e+00
7.647041999999999895e+00 2.638051986694335938e+00
7.651254999999999917e+00 2.638051986694335938e+00
7.657549999999999635e+00 2.638051986694335938e+00
7.663861999999999952e+00 2.638051986694335938e+00
7.670151999999999859e+00 2.638051986694335938e+00
7.674394000000000382e+00 2.638051986694335938e+00
7.680645000000000167e+00 2.648401260375976562e+00
7.689585000000000115e+00 2.648401260375976562e+00
7.696060000000000123e+00 2.653575897216796875e+00
7.702319000000000138e+00 2.648401260375976562e+00
7.708530999999999800e+00 2.653575897216796875e+00
7.714767000000000152e+00 2.648401260375976562e+00
7.721038000000000068e+00 2.648401260375976562e+00
7.730534999999999712e+00 2.643226623535156250e+00
7.740221000000000018e+00 2.638051986694335938e+00
7.748056000000000054e+00 2.638051986694335938e+00
7.754553999999999725e+00 2.638051986694335938e+00
7.765554999999999986e+00 2.643226623535156250e+00
7.769803999999999711e+00 2.643226623535156250e+00
7.776155000000000150e+00 2.643226623535156250e+00
7.782485000000000319e+00 2.648401260375976562e+00
7.788742000000000054e+00 2.653575897216796875e+00
7.795104000000000255e+00 2.648401260375976562e+00
7.803690999999999711e+00 2.648401260375976562e+00
7.810310999999999559e+00 2.648401260375976562e+00
7.816710999999999743e+00 2.648401260375976562e+00
7.820984000000000158e+00 2.648401260375976562e+00
7.827351000000000170e+00 2.648401260375976562e+00
7.831598999999999755e+00 2.638051986694335938e+00
7.837984999999999758e+00 2.643226623535156250e+00
7.844289999999999985e+00 2.638051986694335938e+00
7.850619000000000014e+00 2.643226623535156250e+00
7.856984999999999886e+00 2.643226623535156250e+00
7.863387000000000349e+00 2.643226623535156250e+00
7.869869999999999699e+00 2.643226623535156250e+00
7.876294999999999824e+00 2.648401260375976562e+00
7.882703000000000237e+00 2.731194496154785156e+00
7.887007999999999797e+00 2.989924430847167969e+00
7.893387999999999849e+00 4.754461288452148438e+00
7.899723999999999968e+00 4.795857429504394531e+00
7.906112000000000251e+00 4.790682792663574219e+00
7.912506999999999735e+00 4.795857429504394531e+00
7.921186999999999756e+00 4.795857429504394531e+00
7.927969000000000044e+00 4.790682792663574219e+00
7.934296999999999933e+00 4.790682792663574219e+00
7.940590000000000259e+00 4.790682792663574219e+00
7.946945999999999621e+00 4.790682792663574219e+00
7.953318000000000332e+00 4.790682792663574219e+00
7.959636999999999851e+00 4.790682792663574219e+00
7.965999000000000052e+00 4.795857429504394531e+00
7.970333000000000112e+00 4.790682792663574219e+00
7.976700000000000124e+00 4.785508155822753906e+00
7.983094000000000356e+00 4.795857429504394531e+00
7.989417000000000435e+00 4.790682792663574219e+00
7.995789000000000257e+00 4.790682792663574219e+00
7.999996999999999581e+00 4.795857429504394531e+00
8.006332999999999700e+00 4.795857429504394531e+00
8.012715999999999283e+00 4.795857429504394531e+00
8.019069000000000003e+00 4.795857429504394531e+00
8.025461999999999207e+00 4.795857429504394531e+00
8.031850999999999630e+00 4.790682792663574219e+00
8.040625000000000355e+00 4.790682792663574219e+00
8.047283000000000186e+00 4.790682792663574219e+00
8.053698000000000690e+00 4.790682792663574219e+00
8.060202999999999562e+00 4.785508155822753906e+00
8.066938999999999638e+00 4.790682792663574219e+00
8.073461999999999250e+00 4.785508155822753906e+00
8.079881999999999564e+00 4.795857429504394531e+00
8.086361999999999384e+00 4.790682792663574219e+00
8.092862000000000222e+00 4.795857429504394531e+00
8.099252999999999147e+00 4.795857429504394531e+00
8.103642000000000678e+00 4.795857429504394531e+00
8.110025999999999513e+00 4.795857429504394531e+00
8.114399000000000584e+00 4.795857429504394531e+00
8.120770000000000266e+00 4.795857429504394531e+00
8.127259999999999707e+00 4.795857429504394531e+00
8.133724000000000842e+00 4.790682792663574219e+00
8.140126000000000417e+00 4.790682792663574219e+00
8.146578999999999127e+00 4.790682792663574219e+00
8.155319000000000429e+00 4.790682792663574219e+00
8.162124000000000379e+00 4.790682792663574219e+00
8.168530000000000513e+00 4.790682792663574219e+00
8.174953000000000358e+00 4.790682792663574219e+00
8.181366999999999834e+00 4.795857429504394531e+00
8.187917000000000556e+00 4.795857429504394531e+00
8.194345000000000212e+00 4.795857429504394531e+00
8.200732000000000355e+00 4.795857429504394531e+00
8.207202000000000552e+00 4.801032066345214844e+00
8.213679000000000840e+00 4.801032066345214844e+00
8.220086000000000226e+00 4.795857429504394531e+00
8.226568999999999576e+00 4.795857429504394531e+00
8.233022999999999314e+00 4.785508155822753906e+00
8.239437999999999818e+00 4.790682792663574219e+00
8.245912000000000575e+00 4.790682792663574219e+00
8.250133999999999190e+00 4.790682792663574219e+00
8.256569000000000713e+00 4.790682792663574219e+00
8.263047000000000253e+00 4.790682792663574219e+00
