1.451999999999999949e-03 2.560433387756347656e+00
5.063999999999999925e-03 2.560433387756347656e+00
8.548999999999999308e-03 2.565608024597167969e+00
1.198399999999999986e-02 2.565608024597167969e+00
1.561799999999999994e-02 2.565608024597167969e+00
1.938099999999999892e-02 2.565608024597167969e+00
2.300400000000000014e-02 2.565608024597167969e+00
2.643300000000000163e-02 2.565608024597167969e+00
2.988000000000000031e-02 2.565608024597167969e+00
3.335099999999999870e-02 2.565608024597167969e+00
3.699399999999999911e-02 2.565608024597167969e+00
4.115900000000000114e-02 2.565608024597167969e+00
4.460999999999999688e-02 2.565608024597167969e+00
4.805600000000000149e-02 2.560433387756347656e+00
5.151200000000000223e-02 2.560433387756347656e+00
5.590699999999999836e-02 2.555258750915527344e+00
5.924800000000000205e-02 2.555258750915527344e+00
6.846399999999999708e-02 2.550084114074707031e+00
7.772999999999999354e-02 2.550084114074707031e+00
8.466899999999999427e-02 2.555258750915527344e+00
9.181000000000000272e-02 2.555258750915527344e+00
9.520599999999999896e-02 2.560433387756347656e+00
9.867700000000000082e-02 2.555258750915527344e+00
1.024150000000000060e-01 2.565608024597167969e+00
1.059969999999999940e-01 2.565608024597167969e+00
1.113829999999999959e-01 2.565608024597167969e+00
1.148379999999999956e-01 2.565608024597167969e+00
1.182890000000000053e-01 2.565608024597167969e+00
1.217810000000000004e-01 2.565608024597167969e+00
1.250380000000000102e-01 2.565608024597167969e+00
1.284800000000000109e-01 2.560433387756347656e+00
1.319349999999999967e-01 2.560433387756347656e+00
1.352240000000000109e-01 2.565608024597167969e+00
1.386719999999999897e-01 2.565608024597167969e+00
1.421280000000000043e-01 2.565608024597167969e+00
1.456000000000000072e-01 2.560433387756347656e+00
1.491919999999999913e-01 2.560433387756347656e+00
1.526359999999999939e-01 2.555258750915527344e+00
1.561140000000000028e-01 2.555258750915527344e+00
1.595389999999999864e-01 2.555258750915527344e+00
1.628310000000000035e-01 2.550084114074707031e+00
1.662770000000000081e-01 2.555258750915527344e+00
1.697289999999999910e-01 2.560433387756347656e+00
1.731890000000000096e-01 2.555258750915527344e+00
1.833690000000000042e-01 2.560433387756347656e+00
1.869929999999999926e-01 2.560433387756347656e+00
1.905860000000000054e-01 2.560433387756347656e+00
1.940479999999999983e-01 2.560433387756347656e+00
1.974760000000000126e-01 2.560433387756347656e+00
2.009319999999999995e-01 2.565608024597167969e+00
2.044050000000000034e-01 2.565608024597167969e+00
2.078639999999999932e-01 2.565608024597167969e+00
2.113180000000000058e-01 2.560433387756347656e+00
2.148069999999999979e-01 2.560433387756347656e+00
2.183980000000000088e-01 2.560433387756347656e+00
2.220389999999999864e-01 2.565608024597167969e+00
2.257780000000000065e-01 2.560433387756347656e+00
2.294980000000000075e-01 2.560433387756347656e+00
2.329569999999999974e-01 2.565608024597167969e+00
2.365569999999999895e-01 2.565608024597167969e+00
2.398540000000000116e-01 2.565608024597167969e+00
2.433009999999999895e-01 2.560433387756347656e+00
2.469050000000000133e-01 2.560433387756347656e+00
2.503580000000000250e-01 2.560433387756347656e+00
2.537090000000000178e-01 2.555258750915527344e+00
2.571030000000000260e-01 2.560433387756347656e+00
2.606470000000000176e-01 2.560433387756347656e+00
2.639880000000000004e-01 2.560433387756347656e+00
2.674460000000000170e-01 2.560433387756347656e+00
2.709010000000000029e-01 2.560433387756347656e+00
2.743720000000000048e-01 2.560433387756347656e+00
2.779710000000000236e-01 2.555258750915527344e+00
2.812640000000000140e-01 2.555258750915527344e+00
2.847000000000000086e-01 2.560433387756347656e+00
2.954760000000000164e-01 2.555258750915527344e+00
2.992580000000000240e-01 2.555258750915527344e+00
3.028930000000000233e-01 2.560433387756347656e+00
3.065160000000000107e-01 2.560433387756347656e+00
3.099529999999999785e-01 2.560433387756347656e+00
3.132480000000000264e-01 2.560433387756347656e+00
3.168639999999999790e-01 2.565608024597167969e+00
3.202999999999999736e-01 2.560433387756347656e+00
3.238099999999999867e-01 2.560433387756347656e+00
3.273690000000000211e-01 2.560433387756347656e+00
3.306609999999999827e-01 2.560433387756347656e+00
3.341180000000000261e-01 2.565608024597167969e+00
3.375670000000000059e-01 2.560433387756347656e+00
3.408729999999999816e-01 2.565608024597167969e+00
3.443330000000000002e-01 2.565608024597167969e+00
3.477589999999999848e-01 2.565608024597167969e+00
3.510880000000000112e-01 2.565608024597167969e+00
3.545039999999999858e-01 2.560433387756347656e+00
3.579530000000000212e-01 2.560433387756347656e+00
3.612500000000000155e-01 2.555258750915527344e+00
3.648680000000000256e-01 2.555258750915527344e+00
3.683060000000000223e-01 2.555258750915527344e+00
3.717659999999999854e-01 2.560433387756347656e+00
3.750600000000000045e-01 2.555258750915527344e+00
3.785100000000000131e-01 2.555258750915527344e+00
3.819770000000000110e-01 2.555258750915527344e+00
3.852539999999999853e-01 2.555258750915527344e+00
3.887269999999999892e-01 2.550084114074707031e+00
3.921569999999999778e-01 2.550084114074707031e+00
3.954699999999999882e-01 2.550084114074707031e+00
3.989349999999999841e-01 2.550084114074707031e+00
4.080059999999999798e-01 2.560433387756347656e+00
4.119539999999999869e-01 2.560433387756347656e+00
4.155900000000000150e-01 2.560433387756347656e+00
4.193990000000000218e-01 2.565608024597167969e+00
4.229399999999999826e-01 2.565608024597167969e+00
4.265490000000000115e-01 2.565608024597167969e+00
4.298569999999999891e-01 2.565608024597167969e+00
4.332949999999999857e-01 2.565608024597167969e+00
4.369080000000000186e-01 2.565608024597167969e+00
4.403469999999999884e-01 2.565608024597167969e+00
4.437130000000000241e-01 2.565608024597167969e+00
4.470899999999999874e-01 2.565608024597167969e+00
4.505449999999999733e-01 2.565608024597167969e+00
4.549130000000000118e-01 2.560433387756347656e+00
4.583599999999999897e-01 2.555258750915527344e+00
4.616560000000000108e-01 2.555258750915527344e+00
4.651040000000000174e-01 2.550084114074707031e+00
4.685579999999999745e-01 2.555258750915527344e+00
4.718559999999999977e-01 2.550084114074707031e+00
4.753189999999999915e-01 2.550084114074707031e+00
4.787549999999999861e-01 2.555258750915527344e+00
4.820499999999999785e-01 2.555258750915527344e+00
4.855200000000000071e-01 2.555258750915527344e+00
4.889809999999999990e-01 2.555258750915527344e+00
4.922719999999999874e-01 2.555258750915527344e+00
4.957440000000000180e-01 2.550084114074707031e+00
4.990379999999999816e-01 2.550084114074707031e+00
5.025020000000000042e-01 2.560433387756347656e+00
5.059360000000000523e-01 2.565608024597167969e+00
5.092320000000000180e-01 2.565608024597167969e+00
5.126789999999999958e-01 2.565608024597167969e+00
5.161369999999999569e-01 2.565608024597167969e+00
5.195959999999999468e-01 2.565608024597167969e+00
5.295009999999999994e-01 2.565608024597167969e+00
5.330549999999999455e-01 2.565608024597167969e+00
5.366900000000000004e-01 2.565608024597167969e+00
5.401259999999999950e-01 2.565608024597167969e+00
5.435959999999999681e-01 2.565608024597167969e+00
5.471850000000000325e-01 2.560433387756347656e+00
5.506490000000000551e-01 2.560433387756347656e+00
5.540829999999999922e-01 2.555258750915527344e+00
5.575360000000000316e-01 2.555258750915527344e+00
5.609870000000000134e-01 2.555258750915527344e+00
5.645980000000000443e-01 2.555258750915527344e+00
5.680389999999999606e-01 2.555258750915527344e+00
5.715050000000000407e-01 2.555258750915527344e+00
5.749360000000000026e-01 2.555258750915527344e+00
5.782319999999999682e-01 2.555258750915527344e+00
5.816780000000000284e-01 2.555258750915527344e+00
5.851340000000000430e-01 2.560433387756347656e+00
5.884800000000000031e-01 2.560433387756347656e+00
5.919090000000000185e-01 2.565608024597167969e+00
5.953680000000000083e-01 2.560433387756347656e+00
5.986599999999999699e-01 2.560433387756347656e+00
6.021140000000000381e-01 2.565608024597167969e+00
6.055639999999999912e-01 2.565608024597167969e+00
6.088649999999999896e-01 2.565608024597167969e+00
6.123239999999999794e-01 2.565608024597167969e+00
6.165260000000000185e-01 2.565608024597167969e+00
6.206040000000000445e-01 2.565608024597167969e+00
6.240550000000000264e-01 2.565608024597167969e+00
6.274729999999999475e-01 2.565608024597167969e+00
6.309259999999999868e-01 2.565608024597167969e+00
6.343870000000000342e-01 2.565608024597167969e+00
6.378160000000000496e-01 2.565608024597167969e+00
6.476370000000000182e-01 2.565608024597167969e+00
6.513130000000000308e-01 2.560433387756347656e+00
6.547720000000000207e-01 2.560433387756347656e+00
6.583780000000000188e-01 2.555258750915527344e+00
6.619850000000000456e-01 2.555258750915527344e+00
6.652989999999999737e-01 2.560433387756347656e+00
6.687290000000000179e-01 2.560433387756347656e+00
6.720249999999999835e-01 2.560433387756347656e+00
6.754799999999999693e-01 2.560433387756347656e+00
6.789279999999999760e-01 2.560433387756347656e+00
6.822240000000000526e-01 2.565608024597167969e+00
6.857079999999999842e-01 2.560433387756347656e+00
6.891610000000000236e-01 2.560433387756347656e+00
6.924540000000000139e-01 2.565608024597167969e+00
6.959070000000000533e-01 2.560433387756347656e+00
6.993740000000000512e-01 2.560433387756347656e+00
7.026559999999999473e-01 2.565608024597167969e+00
7.061070000000000402e-01 2.565608024597167969e+00
7.095590000000000508e-01 2.565608024597167969e+00
7.128560000000000452e-01 2.565608024597167969e+00
7.163040000000000518e-01 2.565608024597167969e+00
7.197609999999999841e-01 2.565608024597167969e+00
7.230360000000000120e-01 2.565608024597167969e+00
7.265049999999999564e-01 2.565608024597167969e+00
7.299550000000000205e-01 2.565608024597167969e+00
7.332469999999999821e-01 2.565608024597167969e+00
7.366979999999999640e-01 2.565608024597167969e+00
7.401480000000000281e-01 2.565608024597167969e+00
7.434399999999999897e-01 2.565608024597167969e+00
7.469080000000000163e-01 2.565608024597167969e+00
7.503400000000000070e-01 2.565608024597167969e+00
7.536939999999999751e-01 2.565608024597167969e+00
7.624849999999999683e-01 2.565608024597167969e+00
7.663499999999999757e-01 2.560433387756347656e+00
7.701130000000000475e-01 2.560433387756347656e+00
7.735649999999999471e-01 2.560433387756347656e+00
7.771919999999999940e-01 2.560433387756347656e+00
7.806499999999999551e-01 2.565608024597167969e+00
7.841249999999999609e-01 2.565608024597167969e+00
7.875529999999999475e-01 2.565608024597167969e+00
7.908709999999999907e-01 2.560433387756347656e+00
7.943000000000000060e-01 2.560433387756347656e+00
7.977450000000000374e-01 2.555258750915527344e+00
8.010389999999999455e-01 2.560433387756347656e+00
8.046529999999999516e-01 2.565608024597167969e+00
8.081129999999999702e-01 2.565608024597167969e+00
8.115510000000000224e-01 2.565608024597167969e+00
8.148410000000000375e-01 2.565608024597167969e+00
8.182909999999999906e-01 2.565608024597167969e+00
8.217680000000000540e-01 2.565608024597167969e+00
8.253679999999999906e-01 2.565608024597167969e+00
8.286430000000000184e-01 2.565608024597167969e+00
8.320910000000000251e-01 2.565608024597167969e+00
8.355430000000000357e-01 2.565608024597167969e+00
8.388379999999999725e-01 2.565608024597167969e+00
8.422840000000000327e-01 2.565608024597167969e+00
8.457550000000000345e-01 2.565608024597167969e+00
8.490299999999999514e-01 2.570782661437988281e+00
8.524960000000000315e-01 2.565608024597167969e+00
8.559320000000000261e-01 2.565608024597167969e+00
8.593819999999999792e-01 2.565608024597167969e+00
8.628510000000000346e-01 2.565608024597167969e+00
8.662819999999999965e-01 2.565608024597167969e+00
8.697519999999999696e-01 2.565608024597167969e+00
8.790670000000000428e-01 2.560433387756347656e+00
8.826169999999999849e-01 2.560433387756347656e+00
8.860890000000000155e-01 2.560433387756347656e+00
8.895389999999999686e-01 2.560433387756347656e+00
8.928289999999999837e-01 2.560433387756347656e+00
8.962790000000000479e-01 2.560433387756347656e+00
8.997450000000000170e-01 2.560433387756347656e+00
9.031829999999999581e-01 2.565608024597167969e+00
9.066349999999999687e-01 2.565608024597167969e+00
9.100819999999999466e-01 2.565608024597167969e+00
9.135510000000000019e-01 2.565608024597167969e+00
9.171430000000000415e-01 2.565608024597167969e+00
9.205919999999999659e-01 2.565608024597167969e+00
9.240260000000000140e-01 2.565608024597167969e+00
9.275160000000000071e-01 2.570782661437988281e+00
9.309779999999999722e-01 2.570782661437988281e+00
9.342620000000000369e-01 2.570782661437988281e+00
9.376830000000000442e-01 2.570782661437988281e+00
9.411370000000000013e-01 2.570782661437988281e+00
9.445919999999999872e-01 2.565608024597167969e+00
9.480520000000000058e-01 2.565608024597167969e+00
9.514839999999999964e-01 2.570782661437988281e+00
9.549370000000000358e-01 2.565608024597167969e+00
9.582319999999999727e-01 2.565608024597167969e+00
9.616820000000000368e-01 2.560433387756347656e+00
9.651530000000000387e-01 2.560433387756347656e+00
9.687390000000000168e-01 2.560433387756347656e+00
9.720710000000000184e-01 2.560433387756347656e+00
9.755230000000000290e-01 2.560433387756347656e+00
9.789719999999999533e-01 2.555258750915527344e+00
9.824180000000000135e-01 2.560433387756347656e+00
9.858860000000000401e-01 2.560433387756347656e+00
9.959559999999999524e-01 2.560433387756347656e+00
9.994899999999999896e-01 2.560433387756347656e+00
1.005371000000000015e+00 2.565608024597167969e+00
1.009430999999999967e+00 2.570782661437988281e+00
1.013471999999999928e+00 2.565608024597167969e+00
1.017584000000000044e+00 2.565608024597167969e+00
1.021633999999999931e+00 2.570782661437988281e+00
1.026113999999999971e+00 2.570782661437988281e+00
1.030149999999999899e+00 2.565608024597167969e+00
1.034294999999999964e+00 2.570782661437988281e+00
1.038340000000000041e+00 2.565608024597167969e+00
1.042384999999999895e+00 2.570782661437988281e+00
1.046510999999999969e+00 2.570782661437988281e+00
1.050559000000000021e+00 2.565608024597167969e+00
1.054624999999999924e+00 2.560433387756347656e+00
1.058675999999999950e+00 2.565608024597167969e+00
1.062732000000000010e+00 2.560433387756347656e+00
1.066953999999999958e+00 2.560433387756347656e+00
1.079477000000000020e+00 2.555258750915527344e+00
1.089957000000000065e+00 2.560433387756347656e+00
1.096144999999999925e+00 2.560433387756347656e+00
1.100262999999999991e+00 2.565608024597167969e+00
1.112930999999999893e+00 2.570782661437988281e+00
1.122082999999999942e+00 2.570782661437988281e+00
1.126336999999999922e+00 2.565608024597167969e+00
1.130473999999999979e+00 2.570782661437988281e+00
1.134624999999999995e+00 2.570782661437988281e+00
1.138735999999999970e+00 2.565608024597167969e+00
1.142827000000000037e+00 2.565608024597167969e+00
1.147040000000000060e+00 2.565608024597167969e+00
1.151162000000000019e+00 2.565608024597167969e+00
1.155305000000000026e+00 2.560433387756347656e+00
1.159421999999999953e+00 2.560433387756347656e+00
1.163554999999999895e+00 2.560433387756347656e+00
1.167769000000000057e+00 2.560433387756347656e+00
1.171894999999999909e+00 2.560433387756347656e+00
1.176129999999999898e+00 2.565608024597167969e+00
1.180245999999999906e+00 2.560433387756347656e+00
1.184485999999999928e+00 2.565608024597167969e+00
1.188623999999999903e+00 2.565608024597167969e+00
1.192758999999999903e+00 2.565608024597167969e+00
1.196963999999999917e+00 2.565608024597167969e+00
1.201105000000000089e+00 2.570782661437988281e+00
1.205281999999999965e+00 2.570782661437988281e+00
1.209446000000000021e+00 2.570782661437988281e+00
1.213592000000000004e+00 2.565608024597167969e+00
1.217823000000000100e+00 2.570782661437988281e+00
1.221988999999999992e+00 2.565608024597167969e+00
1.226350000000000051e+00 2.565608024597167969e+00
1.238269000000000064e+00 2.565608024597167969e+00
1.242833000000000077e+00 2.565608024597167969e+00
1.247106000000000048e+00 2.565608024597167969e+00
1.251300999999999997e+00 2.565608024597167969e+00
1.255492000000000052e+00 2.560433387756347656e+00
1.259670999999999985e+00 2.565608024597167969e+00
1.263929999999999998e+00 2.565608024597167969e+00
1.268159999999999954e+00 2.565608024597167969e+00
1.272354999999999903e+00 2.565608024597167969e+00
1.276637000000000022e+00 2.565608024597167969e+00
1.280831999999999971e+00 2.565608024597167969e+00
1.285177000000000014e+00 2.565608024597167969e+00
1.289401000000000019e+00 2.565608024597167969e+00
1.293679999999999941e+00 2.565608024597167969e+00
1.297876000000000030e+00 2.565608024597167969e+00
1.302111000000000018e+00 2.565608024597167969e+00
1.306402000000000063e+00 2.565608024597167969e+00
1.310627999999999904e+00 2.565608024597167969e+00
1.314888000000000057e+00 2.570782661437988281e+00
1.319134000000000029e+00 2.565608024597167969e+00
1.323382999999999976e+00 2.565608024597167969e+00
1.327773000000000092e+00 2.570782661437988281e+00
1.331990000000000007e+00 2.565608024597167969e+00
1.336308999999999969e+00 2.570782661437988281e+00
1.340556999999999999e+00 2.570782661437988281e+00
1.344808000000000003e+00 2.570782661437988281e+00
1.349045999999999967e+00 2.570782661437988281e+00
1.361291000000000029e+00 2.565608024597167969e+00
1.366022000000000070e+00 2.565608024597167969e+00
1.370312999999999892e+00 2.565608024597167969e+00
1.374686999999999992e+00 2.565608024597167969e+00
1.378989999999999938e+00 2.565608024597167969e+00
1.383261999999999992e+00 2.565608024597167969e+00
1.387666000000000066e+00 2.565608024597167969e+00
1.391947999999999963e+00 2.560433387756347656e+00
1.396303000000000072e+00 2.560433387756347656e+00
1.400605000000000100e+00 2.565608024597167969e+00
1.404919000000000029e+00 2.565608024597167969e+00
1.409210000000000074e+00 2.565608024597167969e+00
1.413505999999999929e+00 2.570782661437988281e+00
1.417912999999999979e+00 2.570782661437988281e+00
1.422214000000000089e+00 2.570782661437988281e+00
1.426617999999999942e+00 2.570782661437988281e+00
1.431324000000000041e+00 2.570782661437988281e+00
1.435670999999999919e+00 2.570782661437988281e+00
1.439999999999999947e+00 2.575957298278808594e+00
1.444403000000000103e+00 2.570782661437988281e+00
1.448755000000000015e+00 2.570782661437988281e+00
1.453067000000000109e+00 2.570782661437988281e+00
1.457529999999999992e+00 2.565608024597167969e+00
1.461883999999999961e+00 2.565608024597167969e+00
1.466304999999999970e+00 2.565608024597167969e+00
1.470661999999999914e+00 2.565608024597167969e+00
1.479519999999999946e+00 2.565608024597167969e+00
1.486488999999999949e+00 2.565608024597167969e+00
1.490966000000000014e+00 2.565608024597167969e+00
1.495343000000000089e+00 2.565608024597167969e+00
1.499678999999999984e+00 2.565608024597167969e+00
1.504105999999999943e+00 2.570782661437988281e+00
1.508464000000000027e+00 2.570782661437988281e+00
1.512815999999999939e+00 2.570782661437988281e+00
1.517223999999999906e+00 2.570782661437988281e+00
1.521576000000000040e+00 2.570782661437988281e+00
1.526022999999999907e+00 2.570782661437988281e+00
1.530578999999999912e+00 2.570782661437988281e+00
1.535107999999999917e+00 2.570782661437988281e+00
1.539466000000000001e+00 2.570782661437988281e+00
1.542743999999999893e+00 2.570782661437988281e+00
1.547231999999999941e+00 2.570782661437988281e+00
1.551601999999999926e+00 2.570782661437988281e+00
1.556057999999999941e+00 2.565608024597167969e+00
1.560459000000000040e+00 2.560433387756347656e+00
1.564870999999999901e+00 2.565608024597167969e+00
1.569277000000000033e+00 2.565608024597167969e+00
1.573715999999999893e+00 2.565608024597167969e+00
1.578119000000000050e+00 2.565608024597167969e+00
1.582510000000000083e+00 2.565608024597167969e+00
1.586975000000000025e+00 2.565608024597167969e+00
1.591379000000000099e+00 2.560433387756347656e+00
1.602343999999999991e+00 2.565608024597167969e+00
1.607231999999999994e+00 2.570782661437988281e+00
1.611941000000000068e+00 2.570782661437988281e+00
1.616430999999999951e+00 2.575957298278808594e+00
1.619737999999999900e+00 2.570782661437988281e+00
1.624270000000000103e+00 2.570782661437988281e+00
1.628703999999999930e+00 2.570782661437988281e+00
1.633231000000000099e+00 2.575957298278808594e+00
1.637850000000000028e+00 2.570782661437988281e+00
1.642314999999999969e+00 2.570782661437988281e+00
1.646835000000000049e+00 2.570782661437988281e+00
1.651299000000000072e+00 2.570782661437988281e+00
1.655793000000000070e+00 2.565608024597167969e+00
1.660257000000000094e+00 2.565608024597167969e+00
1.664755999999999903e+00 2.565608024597167969e+00
1.669237000000000082e+00 2.560433387756347656e+00
1.673853000000000035e+00 2.565608024597167969e+00
1.678355999999999959e+00 2.565608024597167969e+00
1.682846999999999982e+00 2.570782661437988281e+00
1.687408000000000019e+00 2.565608024597167969e+00
1.691907999999999967e+00 2.565608024597167969e+00
1.696487000000000078e+00 2.565608024597167969e+00
1.700987999999999944e+00 2.565608024597167969e+00
1.705505999999999966e+00 2.570782661437988281e+00
1.710012000000000087e+00 2.570782661437988281e+00
1.714617000000000058e+00 2.570782661437988281e+00
1.728998000000000035e+00 2.570782661437988281e+00
1.733881000000000006e+00 2.570782661437988281e+00
1.738534000000000024e+00 2.570782661437988281e+00
1.743061999999999889e+00 2.570782661437988281e+00
1.747718000000000105e+00 2.570782661437988281e+00
1.752283000000000035e+00 2.570782661437988281e+00
1.756890000000000063e+00 2.565608024597167969e+00
1.761439999999999895e+00 2.565608024597167969e+00
1.766103999999999896e+00 2.565608024597167969e+00
1.770642999999999967e+00 2.565608024597167969e+00
1.775199999999999889e+00 2.565608024597167969e+00
1.779733999999999927e+00 2.565608024597167969e+00
1.784351999999999938e+00 2.565608024597167969e+00
1.788920000000000066e+00 2.570782661437988281e+00
1.793465000000000087e+00 2.570782661437988281e+00
1.798097000000000056e+00 2.565608024597167969e+00
1.802656999999999954e+00 2.570782661437988281e+00
1.807271999999999990e+00 2.570782661437988281e+00
1.811846000000000068e+00 2.570782661437988281e+00
1.816488000000000103e+00 2.570782661437988281e+00
1.821072000000000024e+00 2.570782661437988281e+00
1.825660000000000061e+00 2.570782661437988281e+00
1.830235999999999974e+00 2.565608024597167969e+00
1.834886000000000017e+00 2.570782661437988281e+00
1.839221999999999912e+00 2.570782661437988281e+00
1.847709999999999964e+00 2.570782661437988281e+00
1.851666999999999952e+00 2.570782661437988281e+00
1.855817000000000050e+00 2.565608024597167969e+00
1.859655000000000058e+00 2.565608024597167969e+00
1.863502999999999910e+00 2.565608024597167969e+00
1.867390000000000105e+00 2.570782661437988281e+00
1.871239000000000097e+00 2.570782661437988281e+00
1.875115000000000087e+00 2.565608024597167969e+00
1.878957999999999906e+00 2.565608024597167969e+00
1.882802000000000087e+00 2.565608024597167969e+00
1.886703000000000019e+00 2.565608024597167969e+00
1.890559000000000101e+00 2.570782661437988281e+00
1.894481000000000082e+00 2.565608024597167969e+00
1.898347999999999924e+00 2.565608024597167969e+00
1.902212000000000014e+00 2.570782661437988281e+00
1.906139999999999946e+00 2.570782661437988281e+00
1.910002999999999895e+00 2.570782661437988281e+00
1.913937999999999917e+00 2.570782661437988281e+00
1.917799000000000031e+00 2.570782661437988281e+00
1.921667000000000014e+00 2.570782661437988281e+00
1.925672999999999968e+00 2.570782661437988281e+00
1.929548999999999959e+00 2.570782661437988281e+00
1.933418000000000081e+00 2.575957298278808594e+00
1.937662999999999913e+00 2.570782661437988281e+00
1.941561000000000092e+00 2.575957298278808594e+00
1.945440000000000058e+00 2.570782661437988281e+00
1.949319000000000024e+00 2.570782661437988281e+00
1.953189999999999982e+00 2.570782661437988281e+00
1.957151000000000085e+00 2.570782661437988281e+00
1.965643999999999947e+00 2.565608024597167969e+00
1.969634000000000107e+00 2.570782661437988281e+00
1.973775000000000057e+00 2.565608024597167969e+00
1.977678000000000047e+00 2.565608024597167969e+00
1.981583000000000094e+00 2.565608024597167969e+00
1.985492999999999952e+00 2.565608024597167969e+00
1.989403999999999950e+00 2.565608024597167969e+00
1.993311000000000055e+00 2.565608024597167969e+00
1.997314000000000034e+00 2.565608024597167969e+00
2.001218999999999859e+00 2.570782661437988281e+00
2.005149999999999988e+00 2.570782661437988281e+00
2.009065000000000101e+00 2.570782661437988281e+00
2.012979000000000074e+00 2.565608024597167969e+00
2.017004000000000019e+00 2.570782661437988281e+00
2.020941999999999794e+00 2.570782661437988281e+00
2.024882999999999988e+00 2.575957298278808594e+00
2.028824000000000183e+00 2.570782661437988281e+00
2.032757000000000147e+00 2.575957298278808594e+00
2.037065000000000126e+00 2.575957298278808594e+00
2.040988000000000024e+00 2.570782661437988281e+00
2.044935000000000169e+00 2.570782661437988281e+00
2.048878000000000199e+00 2.570782661437988281e+00
2.052808999999999884e+00 2.570782661437988281e+00
2.056820000000000093e+00 2.565608024597167969e+00
2.060769000000000073e+00 2.565608024597167969e+00
2.064731000000000094e+00 2.565608024597167969e+00
2.068703000000000181e+00 2.565608024597167969e+00
2.079053000000000040e+00 2.565608024597167969e+00
2.086813999999999947e+00 2.560433387756347656e+00
2.097977999999999899e+00 2.565608024597167969e+00
2.104096000000000188e+00 2.570782661437988281e+00
2.108557999999999932e+00 2.570782661437988281e+00
2.112531999999999854e+00 2.570782661437988281e+00
2.116594000000000086e+00 2.575957298278808594e+00
2.120568000000000008e+00 2.575957298278808594e+00
2.124591000000000118e+00 2.575957298278808594e+00
2.128575999999999802e+00 2.570782661437988281e+00
2.132550999999999863e+00 2.570782661437988281e+00
2.136613000000000095e+00 2.570782661437988281e+00
2.140670000000000073e+00 2.570782661437988281e+00
2.144680999999999838e+00 2.570782661437988281e+00
2.148662999999999990e+00 2.570782661437988281e+00
2.151717999999999797e+00 2.565608024597167969e+00
2.155835999999999864e+00 2.565608024597167969e+00
2.158923000000000147e+00 2.565608024597167969e+00
2.162926000000000126e+00 2.565608024597167969e+00
2.166129000000000193e+00 2.565608024597167969e+00
2.170126000000000221e+00 2.565608024597167969e+00
2.174199000000000215e+00 2.565608024597167969e+00
2.178221999999999881e+00 2.565608024597167969e+00
2.182217000000000073e+00 2.565608024597167969e+00
2.185370999999999952e+00 2.570782661437988281e+00
2.189363000000000170e+00 2.570782661437988281e+00
2.193376000000000214e+00 2.565608024597167969e+00
2.197465999999999919e+00 2.565608024597167969e+00
2.206116000000000188e+00 2.570782661437988281e+00
2.212420999999999971e+00 2.570782661437988281e+00
2.217607999999999802e+00 2.575957298278808594e+00
2.220743999999999829e+00 2.575957298278808594e+00
2.224760999999999989e+00 2.570782661437988281e+00
2.228794999999999860e+00 2.570782661437988281e+00
2.232835999999999821e+00 2.570782661437988281e+00
2.236918999999999880e+00 2.570782661437988281e+00
2.241016000000000119e+00 2.570782661437988281e+00
2.245092000000000088e+00 2.565608024597167969e+00
2.249128999999999934e+00 2.570782661437988281e+00
2.253165999999999780e+00 2.565608024597167969e+00
2.257289000000000101e+00 2.560433387756347656e+00
2.261315999999999882e+00 2.560433387756347656e+00
2.265365000000000073e+00 2.565608024597167969e+00
2.269411999999999985e+00 2.565608024597167969e+00
2.273468999999999962e+00 2.570782661437988281e+00
2.277537000000000145e+00 2.570782661437988281e+00
2.281578999999999802e+00 2.570782661437988281e+00
2.285788000000000153e+00 2.570782661437988281e+00
2.289845000000000130e+00 2.565608024597167969e+00
2.292964000000000002e+00 2.565608024597167969e+00
2.297093999999999969e+00 2.565608024597167969e+00
2.301150999999999947e+00 2.570782661437988281e+00
2.305222000000000104e+00 2.570782661437988281e+00
2.308329000000000075e+00 2.570782661437988281e+00
2.312394999999999978e+00 2.570782661437988281e+00
2.321406000000000081e+00 2.570782661437988281e+00
2.325794999999999835e+00 2.570782661437988281e+00
2.329886999999999819e+00 2.565608024597167969e+00
2.334045000000000147e+00 2.570782661437988281e+00
2.338147999999999893e+00 2.570782661437988281e+00
2.342281999999999975e+00 2.570782661437988281e+00
2.346442999999999834e+00 2.570782661437988281e+00
2.350535999999999959e+00 2.570782661437988281e+00
2.354640999999999984e+00 2.570782661437988281e+00
2.358731999999999829e+00 2.570782661437988281e+00
2.362842000000000109e+00 2.565608024597167969e+00
2.366988000000000092e+00 2.565608024597167969e+00
2.371119000000000199e+00 2.570782661437988281e+00
2.375255999999999812e+00 2.570782661437988281e+00
2.379363999999999812e+00 2.565608024597167969e+00
2.383490999999999804e+00 2.570782661437988281e+00
2.387617999999999796e+00 2.570782661437988281e+00
2.390727000000000046e+00 2.570782661437988281e+00
2.394833000000000212e+00 2.565608024597167969e+00
2.398953000000000113e+00 2.565608024597167969e+00
2.403083000000000080e+00 2.565608024597167969e+00
2.407308000000000003e+00 2.570782661437988281e+00
2.411423000000000094e+00 2.570782661437988281e+00
2.415573000000000192e+00 2.570782661437988281e+00
2.418750000000000178e+00 2.570782661437988281e+00
2.422877000000000169e+00 2.570782661437988281e+00
2.427057000000000020e+00 2.570782661437988281e+00
2.435744999999999827e+00 2.570782661437988281e+00
2.440017999999999798e+00 2.570782661437988281e+00
2.444288999999999934e+00 2.575957298278808594e+00
2.448425999999999991e+00 2.570782661437988281e+00
2.452563000000000049e+00 2.570782661437988281e+00
2.456752999999999965e+00 2.570782661437988281e+00
2.460914999999999964e+00 2.570782661437988281e+00
2.465081000000000078e+00 2.565608024597167969e+00
2.469243000000000077e+00 2.570782661437988281e+00
2.473389000000000060e+00 2.565608024597167969e+00
2.477650999999999826e+00 2.565608024597167969e+00
2.481799000000000088e+00 2.565608024597167969e+00
2.486022000000000176e+00 2.565608024597167969e+00
2.490174000000000110e+00 2.565608024597167969e+00
2.493319000000000063e+00 2.565608024597167969e+00
2.497546999999999962e+00 2.565608024597167969e+00
2.501719000000000026e+00 2.570782661437988281e+00
2.504932000000000158e+00 2.570782661437988281e+00
2.509106000000000058e+00 2.570782661437988281e+00
2.513269000000000197e+00 2.565608024597167969e+00
2.517564999999999831e+00 2.570782661437988281e+00
2.520729000000000219e+00 2.570782661437988281e+00
2.524929000000000201e+00 2.570782661437988281e+00
2.529142999999999919e+00 2.570782661437988281e+00
2.533328000000000024e+00 2.570782661437988281e+00
2.537580999999999865e+00 2.570782661437988281e+00
2.540805000000000202e+00 2.570782661437988281e+00
2.545904999999999863e+00 2.570782661437988281e+00
2.560048000000000101e+00 2.570782661437988281e+00
2.565395999999999788e+00 2.565608024597167969e+00
2.570488999999999802e+00 2.565608024597167969e+00
2.575626999999999889e+00 2.565608024597167969e+00
2.580726999999999993e+00 2.565608024597167969e+00
2.585849000000000064e+00 2.560433387756347656e+00
2.590997999999999912e+00 2.565608024597167969e+00
2.596204999999999874e+00 2.565608024597167969e+00
2.601331000000000060e+00 2.565608024597167969e+00
2.606517000000000195e+00 2.575957298278808594e+00
2.611669000000000018e+00 2.570782661437988281e+00
2.616855000000000153e+00 2.575957298278808594e+00
2.622011000000000092e+00 2.570782661437988281e+00
2.625808000000000142e+00 2.570782661437988281e+00
2.630933999999999884e+00 2.570782661437988281e+00
2.636104000000000003e+00 2.570782661437988281e+00
2.641335000000000210e+00 2.575957298278808594e+00
2.645935999999999844e+00 2.570782661437988281e+00
2.649148999999999976e+00 2.570782661437988281e+00
2.653383999999999965e+00 2.565608024597167969e+00
2.657662999999999887e+00 2.565608024597167969e+00
2.661881000000000164e+00 2.565608024597167969e+00
2.666189999999999838e+00 2.565608024597167969e+00
2.675279999999999880e+00 2.565608024597167969e+00
2.679816999999999894e+00 2.565608024597167969e+00
2.684152999999999789e+00 2.565608024597167969e+00
2.688416000000000139e+00 2.565608024597167969e+00
2.692689000000000110e+00 2.565608024597167969e+00
2.695952999999999822e+00 2.565608024597167969e+00
2.700203999999999827e+00 2.570782661437988281e+00
2.704539000000000026e+00 2.570782661437988281e+00
2.708811999999999998e+00 2.575957298278808594e+00
2.713095000000000034e+00 2.575957298278808594e+00
2.717445000000000110e+00 2.575957298278808594e+00
2.721735999999999933e+00 2.575957298278808594e+00
2.726135999999999893e+00 2.575957298278808594e+00
2.730424000000000184e+00 2.570782661437988281e+00
2.734735000000000138e+00 2.575957298278808594e+00
2.739031000000000216e+00 2.570782661437988281e+00
2.743323999999999874e+00 2.570782661437988281e+00
2.747981999999999925e+00 2.570782661437988281e+00
2.752276999999999862e+00 2.570782661437988281e+00
2.755590999999999902e+00 2.565608024597167969e+00
2.759863000000000177e+00 2.565608024597167969e+00
2.764205000000000023e+00 2.565608024597167969e+00
2.768483999999999945e+00 2.565608024597167969e+00
2.772790999999999784e+00 2.565608024597167969e+00
2.777140999999999860e+00 2.565608024597167969e+00
2.781432999999999822e+00 2.565608024597167969e+00
2.785862999999999978e+00 2.570782661437988281e+00
2.794773999999999869e+00 2.565608024597167969e+00
2.799681000000000086e+00 2.565608024597167969e+00
2.804124999999999979e+00 2.570782661437988281e+00
2.808549000000000184e+00 2.570782661437988281e+00
2.812888000000000055e+00 2.570782661437988281e+00
2.817301000000000055e+00 2.570782661437988281e+00
2.821649999999999991e+00 2.570782661437988281e+00
2.826090000000000213e+00 2.570782661437988281e+00
2.830391999999999797e+00 2.570782661437988281e+00
2.834753000000000078e+00 2.570782661437988281e+00
2.839104999999999990e+00 2.570782661437988281e+00
2.842328999999999883e+00 2.570782661437988281e+00
2.846751999999999949e+00 2.570782661437988281e+00
2.851331000000000060e+00 2.570782661437988281e+00
2.855710999999999888e+00 2.570782661437988281e+00
2.858881999999999923e+00 2.570782661437988281e+00
2.862176999999999971e+00 2.565608024597167969e+00
2.866598000000000201e+00 2.570782661437988281e+00
2.870970999999999940e+00 2.570782661437988281e+00
2.875420000000000087e+00 2.565608024597167969e+00
2.879795000000000105e+00 2.565608024597167969e+00
2.884354999999999780e+00 2.570782661437988281e+00
2.888749999999999929e+00 2.570782661437988281e+00
2.893129000000000062e+00 2.565608024597167969e+00
2.897580000000000044e+00 2.565608024597167969e+00
2.901959000000000177e+00 2.565608024597167969e+00
2.912949999999999928e+00 2.570782661437988281e+00
2.917412999999999812e+00 2.570782661437988281e+00
2.921771000000000118e+00 2.570782661437988281e+00
2.926257999999999804e+00 2.570782661437988281e+00
2.930619000000000085e+00 2.570782661437988281e+00
2.934988000000000152e+00 2.570782661437988281e+00
2.939346000000000014e+00 2.570782661437988281e+00
2.943757999999999875e+00 2.575957298278808594e+00
2.948135999999999868e+00 2.575957298278808594e+00
2.952542000000000222e+00 2.570782661437988281e+00
2.956964000000000148e+00 2.570782661437988281e+00
2.961333000000000215e+00 2.565608024597167969e+00
2.965710000000000068e+00 2.570782661437988281e+00
2.970079999999999831e+00 2.570782661437988281e+00
2.973324999999999996e+00 2.570782661437988281e+00
2.977749999999999897e+00 2.570782661437988281e+00
2.982115999999999989e+00 2.565608024597167969e+00
2.986556999999999906e+00 2.565608024597167969e+00
2.990946000000000105e+00 2.565608024597167969e+00
2.995334000000000163e+00 2.565608024597167969e+00
2.999700999999999951e+00 2.565608024597167969e+00
3.004132999999999942e+00 2.565608024597167969e+00
3.008516000000000190e+00 2.570782661437988281e+00
3.012896000000000019e+00 2.570782661437988281e+00
3.017364000000000157e+00 2.570782661437988281e+00
3.026564000000000032e+00 2.570782661437988281e+00
3.031191000000000191e+00 2.575957298278808594e+00
3.035623999999999878e+00 2.575957298278808594e+00
3.040038000000000018e+00 2.570782661437988281e+00
3.043330999999999786e+00 2.570782661437988281e+00
3.047816000000000081e+00 2.570782661437988281e+00
3.052281999999999940e+00 2.570782661437988281e+00
3.056776000000000160e+00 2.570782661437988281e+00
3.061195000000000110e+00 2.565608024597167969e+00
3.065639000000000003e+00 2.565608024597167969e+00
3.070069999999999855e+00 2.565608024597167969e+00
3.074552000000000174e+00 2.565608024597167969e+00
3.083830999999999989e+00 2.565608024597167969e+00
3.090168999999999944e+00 2.565608024597167969e+00
3.096424999999999983e+00 2.565608024597167969e+00
3.102101999999999915e+00 2.565608024597167969e+00
3.108314000000000021e+00 2.570782661437988281e+00
3.112862999999999936e+00 2.570782661437988281e+00
3.117382999999999793e+00 2.575957298278808594e+00
3.121815999999999924e+00 2.575957298278808594e+00
3.126396000000000175e+00 2.570782661437988281e+00
3.129729000000000205e+00 2.570782661437988281e+00
3.134221000000000146e+00 2.575957298278808594e+00
3.143356999999999957e+00 2.570782661437988281e+00
3.148140000000000160e+00 2.570782661437988281e+00
3.152670000000000083e+00 2.570782661437988281e+00
3.157245000000000079e+00 2.565608024597167969e+00
3.161732999999999905e+00 2.565608024597167969e+00
3.166275000000000173e+00 2.565608024597167969e+00
3.170757000000000048e+00 2.565608024597167969e+00
3.175265000000000004e+00 2.565608024597167969e+00
3.179755000000000109e+00 2.565608024597167969e+00
3.184299000000000213e+00 2.565608024597167969e+00
3.188816000000000095e+00 2.565608024597167969e+00
3.193360999999999894e+00 2.565608024597167969e+00
3.197935999999999890e+00 2.570782661437988281e+00
3.202440999999999871e+00 2.570782661437988281e+00
3.207012000000000196e+00 2.570782661437988281e+00
3.210319999999999840e+00 2.570782661437988281e+00
3.214839000000000002e+00 2.570782661437988281e+00
3.219338000000000033e+00 2.575957298278808594e+00
3.223914000000000168e+00 2.575957298278808594e+00
3.228450000000000042e+00 2.570782661437988281e+00
3.232960999999999974e+00 2.570782661437988281e+00
3.237547999999999870e+00 2.570782661437988281e+00
3.242090000000000138e+00 2.570782661437988281e+00
3.246680000000000010e+00 2.570782661437988281e+00
3.251196000000000197e+00 2.570782661437988281e+00
3.260737999999999914e+00 2.565608024597167969e+00
3.265665999999999958e+00 2.565608024597167969e+00
3.270162000000000013e+00 2.565608024597167969e+00
3.274734000000000034e+00 2.570782661437988281e+00
3.278109000000000162e+00 2.570782661437988281e+00
3.282624000000000208e+00 2.565608024597167969e+00
3.287284000000000095e+00 2.565608024597167969e+00
3.291828999999999894e+00 2.570782661437988281e+00
3.296409999999999840e+00 2.565608024597167969e+00
3.300933999999999813e+00 2.570782661437988281e+00
3.305502999999999858e+00 2.570782661437988281e+00
3.310086000000000084e+00 2.570782661437988281e+00
3.314684000000000186e+00 2.575957298278808594e+00
3.319214999999999804e+00 2.570782661437988281e+00
3.323828999999999922e+00 2.570782661437988281e+00
3.328376000000000001e+00 2.570782661437988281e+00
3.331751000000000129e+00 2.570782661437988281e+00
3.336352999999999902e+00 2.570782661437988281e+00
3.339719999999999800e+00 2.570782661437988281e+00
3.343164999999999942e+00 2.570782661437988281e+00
3.347913999999999835e+00 2.570782661437988281e+00
3.353565999999999825e+00 2.565608024597167969e+00
3.359515000000000029e+00 2.565608024597167969e+00
3.365266000000000091e+00 2.570782661437988281e+00
3.379566000000000070e+00 2.565608024597167969e+00
3.385645999999999933e+00 2.570782661437988281e+00
3.391312999999999800e+00 2.565608024597167969e+00
3.397104000000000124e+00 2.565608024597167969e+00
3.402782999999999891e+00 2.565608024597167969e+00
3.408558000000000199e+00 2.570782661437988281e+00
3.414308999999999816e+00 2.570782661437988281e+00
3.420001000000000069e+00 2.570782661437988281e+00
3.425695000000000157e+00 2.570782661437988281e+00
3.431369999999999809e+00 2.570782661437988281e+00
3.437152999999999903e+00 2.570782661437988281e+00
3.442889000000000088e+00 2.570782661437988281e+00
3.448793000000000220e+00 2.570782661437988281e+00
3.453422000000000214e+00 2.570782661437988281e+00
3.458473000000000130e+00 2.565608024597167969e+00
3.463200000000000056e+00 2.570782661437988281e+00
3.466704000000000008e+00 2.570782661437988281e+00
3.471302000000000110e+00 2.570782661437988281e+00
3.476001000000000118e+00 2.565608024597167969e+00
3.480642000000000014e+00 2.570782661437988281e+00
3.485268000000000033e+00 2.565608024597167969e+00
3.494744999999999990e+00 2.565608024597167969e+00
3.499579000000000217e+00 2.565608024597167969e+00
3.504278999999999922e+00 2.570782661437988281e+00
3.508893000000000040e+00 2.570782661437988281e+00
3.512306000000000150e+00 2.570782661437988281e+00
3.515762000000000054e+00 2.570782661437988281e+00
3.520388000000000073e+00 2.570782661437988281e+00
3.525018000000000207e+00 2.570782661437988281e+00
3.529663999999999913e+00 2.570782661437988281e+00
3.534342999999999790e+00 2.575957298278808594e+00
3.537760000000000016e+00 2.570782661437988281e+00
3.542380000000000084e+00 2.575957298278808594e+00
3.547077999999999953e+00 2.575957298278808594e+00
3.551708000000000087e+00 2.570782661437988281e+00
3.556417999999999857e+00 2.570782661437988281e+00
3.561186999999999880e+00 2.565608024597167969e+00
3.565869000000000177e+00 2.565608024597167969e+00
3.569304999999999950e+00 2.565608024597167969e+00
3.572753000000000068e+00 2.565608024597167969e+00
3.577463999999999977e+00 2.565608024597167969e+00
3.582139000000000184e+00 2.565608024597167969e+00
3.586859000000000020e+00 2.565608024597167969e+00
3.591518999999999906e+00 2.565608024597167969e+00
3.596232000000000095e+00 2.565608024597167969e+00
3.600900999999999907e+00 2.565608024597167969e+00
3.610284000000000049e+00 2.570782661437988281e+00
3.615305000000000213e+00 2.575957298278808594e+00
3.619984000000000091e+00 2.570782661437988281e+00
3.624751999999999974e+00 2.575957298278808594e+00
3.629465999999999859e+00 2.570782661437988281e+00
3.634225999999999956e+00 2.575957298278808594e+00
3.638930000000000220e+00 2.575957298278808594e+00
3.643667000000000211e+00 2.570782661437988281e+00
3.648362000000000105e+00 2.575957298278808594e+00
3.653043999999999958e+00 2.570782661437988281e+00
3.657872999999999930e+00 2.565608024597167969e+00
3.662621000000000127e+00 2.565608024597167969e+00
3.667409000000000141e+00 2.565608024597167969e+00
3.672115999999999936e+00 2.565608024597167969e+00
3.676892000000000049e+00 2.565608024597167969e+00
3.680390000000000050e+00 2.565608024597167969e+00
3.685106999999999911e+00 2.565608024597167969e+00
3.688506999999999980e+00 2.565608024597167969e+00
3.693232000000000070e+00 2.565608024597167969e+00
3.698058000000000067e+00 2.565608024597167969e+00
3.702764999999999862e+00 2.570782661437988281e+00
3.707603000000000204e+00 2.575957298278808594e+00
3.711111999999999966e+00 2.570782661437988281e+00
3.714561999999999919e+00 2.570782661437988281e+00
3.719265000000000043e+00 2.575957298278808594e+00
3.730093000000000103e+00 2.575957298278808594e+00
3.735860999999999876e+00 2.570782661437988281e+00
3.740632000000000179e+00 2.570782661437988281e+00
3.745525999999999911e+00 2.570782661437988281e+00
3.750290999999999819e+00 2.570782661437988281e+00
3.753766000000000158e+00 2.565608024597167969e+00
3.758497999999999895e+00 2.565608024597167969e+00
3.763307999999999875e+00 2.565608024597167969e+00
3.768248999999999960e+00 2.565608024597167969e+00
3.773017999999999983e+00 2.565608024597167969e+00
3.777911000000000019e+00 2.565608024597167969e+00
3.782697999999999894e+00 2.570782661437988281e+00
3.787525000000000031e+00 2.570782661437988281e+00
3.792298999999999864e+00 2.565608024597167969e+00
3.797133000000000091e+00 2.570782661437988281e+00
3.801900999999999975e+00 2.570782661437988281e+00
3.806722000000000161e+00 2.570782661437988281e+00
3.811503999999999781e+00 2.570782661437988281e+00
3.816355999999999860e+00 2.570782661437988281e+00
3.821143000000000178e+00 2.570782661437988281e+00
3.825950000000000184e+00 2.570782661437988281e+00
3.830780999999999992e+00 2.570782661437988281e+00
3.835621000000000169e+00 2.570782661437988281e+00
3.840434000000000125e+00 2.570782661437988281e+00
3.850210000000000132e+00 2.570782661437988281e+00
3.855214000000000141e+00 2.565608024597167969e+00
3.858721000000000068e+00 2.565608024597167969e+00
3.863558999999999966e+00 2.565608024597167969e+00
3.868408000000000069e+00 2.565608024597167969e+00
3.873219999999999885e+00 2.565608024597167969e+00
3.878127000000000102e+00 2.570782661437988281e+00
3.882935999999999943e+00 2.570782661437988281e+00
3.887849000000000110e+00 2.565608024597167969e+00
3.892668000000000017e+00 2.570782661437988281e+00
3.897568000000000144e+00 2.565608024597167969e+00
3.902378999999999820e+00 2.570782661437988281e+00
3.905933000000000099e+00 2.570782661437988281e+00
3.910740000000000105e+00 2.570782661437988281e+00
3.915583999999999953e+00 2.570782661437988281e+00
3.920405000000000140e+00 2.570782661437988281e+00
3.925257000000000218e+00 2.570782661437988281e+00
3.930079000000000100e+00 2.570782661437988281e+00
3.934969999999999857e+00 2.570782661437988281e+00
3.939785000000000093e+00 2.565608024597167969e+00
3.944678000000000129e+00 2.570782661437988281e+00
3.949507000000000101e+00 2.575957298278808594e+00
3.954398999999999997e+00 2.565608024597167969e+00
3.959309000000000189e+00 2.570782661437988281e+00
3.969125000000000014e+00 2.565608024597167969e+00
3.974467000000000194e+00 2.565608024597167969e+00
3.979360999999999926e+00 2.565608024597167969e+00
3.984269999999999978e+00 2.570782661437988281e+00
3.989097999999999811e+00 2.565608024597167969e+00
3.993978999999999946e+00 2.565608024597167969e+00
3.998797999999999853e+00 2.565608024597167969e+00
4.003693000000000168e+00 2.565608024597167969e+00
4.008524999999999672e+00 2.570782661437988281e+00
4.013366999999999685e+00 2.570782661437988281e+00
4.018328999999999596e+00 2.570782661437988281e+00
4.023176999999999559e+00 2.570782661437988281e+00
4.028175000000000061e+00 2.570782661437988281e+00
4.033031000000000255e+00 2.570782661437988281e+00
4.037976999999999705e+00 2.570782661437988281e+00
4.042857999999999841e+00 2.570782661437988281e+00
4.047773000000000287e+00 2.570782661437988281e+00
4.052623999999999782e+00 2.575957298278808594e+00
4.057535999999999810e+00 2.570782661437988281e+00
4.062458999999999598e+00 2.570782661437988281e+00
4.067768000000000050e+00 2.570782661437988281e+00
4.072643000000000235e+00 2.570782661437988281e+00
4.077581999999999596e+00 2.565608024597167969e+00
4.087852999999999959e+00 2.565608024597167969e+00
4.101727000000000345e+00 2.565608024597167969e+00
4.110547999999999647e+00 2.570782661437988281e+00
4.115669999999999717e+00 2.570782661437988281e+00
4.120659999999999989e+00 2.570782661437988281e+00
4.125554000000000165e+00 2.575957298278808594e+00
4.130430999999999742e+00 2.575957298278808594e+00
4.133937000000000417e+00 2.575957298278808594e+00
4.138800999999999952e+00 2.575957298278808594e+00
4.142348000000000141e+00 2.575957298278808594e+00
4.145959000000000394e+00 2.570782661437988281e+00
4.150845999999999592e+00 2.575957298278808594e+00
4.156357999999999997e+00 2.570782661437988281e+00
4.162504000000000204e+00 2.565608024597167969e+00
4.167126999999999803e+00 2.565608024597167969e+00
4.173274000000000150e+00 2.565608024597167969e+00
4.179556999999999967e+00 2.565608024597167969e+00
4.185686999999999713e+00 2.565608024597167969e+00
4.191826999999999970e+00 2.565608024597167969e+00
4.198020999999999781e+00 2.565608024597167969e+00
4.207743999999999929e+00 2.570782661437988281e+00
4.217462000000000266e+00 2.575957298278808594e+00
4.223753999999999564e+00 2.575957298278808594e+00
4.229991000000000057e+00 2.570782661437988281e+00
4.236202999999999719e+00 2.575957298278808594e+00
4.242421000000000220e+00 2.570782661437988281e+00
4.248693000000000275e+00 2.570782661437988281e+00
4.255030999999999786e+00 2.570782661437988281e+00
4.260004000000000346e+00 2.565608024597167969e+00
4.265013999999999861e+00 2.565608024597167969e+00
4.268753000000000242e+00 2.565608024597167969e+00
4.272363000000000355e+00 2.565608024597167969e+00
4.277389000000000330e+00 2.565608024597167969e+00
4.280948999999999671e+00 2.565608024597167969e+00
4.285899999999999821e+00 2.565608024597167969e+00
4.290852000000000110e+00 2.565608024597167969e+00
4.295848000000000333e+00 2.565608024597167969e+00
4.300797000000000203e+00 2.570782661437988281e+00
4.305760000000000254e+00 2.570782661437988281e+00
4.310717000000000354e+00 2.575957298278808594e+00
4.315687999999999747e+00 2.570782661437988281e+00
4.320644999999999847e+00 2.570782661437988281e+00
4.330343000000000053e+00 2.570782661437988281e+00
4.335571999999999981e+00 2.570782661437988281e+00
4.339164000000000243e+00 2.570782661437988281e+00
4.342763999999999847e+00 2.570782661437988281e+00
4.347801999999999722e+00 2.570782661437988281e+00
4.352802999999999756e+00 2.565608024597167969e+00
4.357821999999999640e+00 2.565608024597167969e+00
4.362822999999999674e+00 2.565608024597167969e+00
4.367852000000000068e+00 2.565608024597167969e+00
4.371731999999999729e+00 2.565608024597167969e+00
4.376808999999999727e+00 2.570782661437988281e+00
4.381808000000000369e+00 2.570782661437988281e+00
4.386885000000000367e+00 2.570782661437988281e+00
4.391848999999999670e+00 2.565608024597167969e+00
4.396906999999999677e+00 2.565608024597167969e+00
4.401870999999999867e+00 2.570782661437988281e+00
4.406886000000000081e+00 2.570782661437988281e+00
4.411865999999999843e+00 2.570782661437988281e+00
4.416910999999999810e+00 2.570782661437988281e+00
4.420531000000000432e+00 2.570782661437988281e+00
4.424151000000000167e+00 2.570782661437988281e+00
4.429198000000000413e+00 2.565608024597167969e+00
4.434379999999999988e+00 2.570782661437988281e+00
4.444061999999999735e+00 2.570782661437988281e+00
4.449256000000000100e+00 2.570782661437988281e+00
4.454365000000000130e+00 2.565608024597167969e+00
4.459393000000000384e+00 2.570782661437988281e+00
4.464495999999999576e+00 2.570782661437988281e+00
4.469529999999999781e+00 2.565608024597167969e+00
4.473425999999999902e+00 2.570782661437988281e+00
4.478551999999999644e+00 2.570782661437988281e+00
4.482167999999999708e+00 2.565608024597167969e+00
4.487280000000000157e+00 2.565608024597167969e+00
4.492314999999999614e+00 2.565608024597167969e+00
4.497423999999999644e+00 2.565608024597167969e+00
4.502475999999999701e+00 2.570782661437988281e+00
4.507590000000000430e+00 2.570782661437988281e+00
4.512617999999999796e+00 2.570782661437988281e+00
4.517700999999999745e+00 2.570782661437988281e+00
4.522723000000000049e+00 2.570782661437988281e+00
4.527860000000000440e+00 2.570782661437988281e+00
4.532905999999999658e+00 2.570782661437988281e+00
4.538007999999999598e+00 2.570782661437988281e+00
4.543028999999999762e+00 2.575957298278808594e+00
4.548195999999999906e+00 2.570782661437988281e+00
4.553433000000000064e+00 2.570782661437988281e+00
4.565112000000000059e+00 2.570782661437988281e+00
4.570162999999999975e+00 2.565608024597167969e+00
4.575305000000000177e+00 2.570782661437988281e+00
4.578929999999999723e+00 2.565608024597167969e+00
4.582530000000000214e+00 2.565608024597167969e+00
4.587640999999999636e+00 2.565608024597167969e+00
4.592706999999999873e+00 2.565608024597167969e+00
4.597883000000000386e+00 2.565608024597167969e+00
4.602934000000000303e+00 2.565608024597167969e+00
4.608109999999999928e+00 2.570782661437988281e+00
4.613211999999999868e+00 2.570782661437988281e+00
4.618351999999999791e+00 2.570782661437988281e+00
4.623401999999999568e+00 2.570782661437988281e+00
4.628585000000000171e+00 2.575957298278808594e+00
4.633659999999999890e+00 2.570782661437988281e+00
4.638747999999999649e+00 2.575957298278808594e+00
4.643863999999999770e+00 2.570782661437988281e+00
4.648921999999999777e+00 2.570782661437988281e+00
4.654041000000000317e+00 2.565608024597167969e+00
4.659133999999999887e+00 2.565608024597167969e+00
4.664309000000000260e+00 2.565608024597167969e+00
4.669425999999999632e+00 2.565608024597167969e+00
4.679459999999999731e+00 2.565608024597167969e+00
4.684999999999999609e+00 2.565608024597167969e+00
4.690115999999999730e+00 2.565608024597167969e+00
4.695261999999999603e+00 2.565608024597167969e+00
4.698955999999999911e+00 2.565608024597167969e+00
4.704112000000000293e+00 2.570782661437988281e+00
4.709229999999999805e+00 2.570782661437988281e+00
4.714436000000000071e+00 2.570782661437988281e+00
4.718121000000000009e+00 2.575957298278808594e+00
4.721709999999999852e+00 2.570782661437988281e+00
4.726868999999999765e+00 2.575957298278808594e+00
4.732014999999999638e+00 2.570782661437988281e+00
4.735745999999999789e+00 2.570782661437988281e+00
4.740854999999999819e+00 2.570782661437988281e+00
4.746078999999999937e+00 2.570782661437988281e+00
4.751191999999999638e+00 2.570782661437988281e+00
4.754903999999999797e+00 2.565608024597167969e+00
4.758505999999999680e+00 2.565608024597167969e+00
4.762102999999999753e+00 2.565608024597167969e+00
4.767260000000000275e+00 2.565608024597167969e+00
4.772397999999999918e+00 2.565608024597167969e+00
4.776131999999999600e+00 2.565608024597167969e+00
4.781311999999999784e+00 2.565608024597167969e+00
4.786773000000000167e+00 2.565608024597167969e+00
4.796598000000000361e+00 2.570782661437988281e+00
4.801985000000000170e+00 2.570782661437988281e+00
4.807263999999999982e+00 2.570782661437988281e+00
4.810954999999999870e+00 2.570782661437988281e+00
4.816154000000000046e+00 2.575957298278808594e+00
4.821318999999999910e+00 2.570782661437988281e+00
4.826533000000000406e+00 2.570782661437988281e+00
4.831705000000000361e+00 2.570782661437988281e+00
4.836952000000000140e+00 2.570782661437988281e+00
4.842133999999999716e+00 2.570782661437988281e+00
4.847377999999999965e+00 2.565608024597167969e+00
4.851117000000000345e+00 2.565608024597167969e+00
4.856328999999999674e+00 2.565608024597167969e+00
4.861506000000000327e+00 2.565608024597167969e+00
4.866697000000000273e+00 2.560433387756347656e+00
4.871887000000000079e+00 2.565608024597167969e+00
4.877170999999999701e+00 2.565608024597167969e+00
4.882363999999999926e+00 2.565608024597167969e+00
4.887611999999999846e+00 2.565608024597167969e+00
4.892814999999999692e+00 2.565608024597167969e+00
4.898105000000000153e+00 2.565608024597167969e+00
4.903309000000000140e+00 2.570782661437988281e+00
4.913263999999999854e+00 2.575957298278808594e+00
4.918738000000000277e+00 2.570782661437988281e+00
4.924050000000000260e+00 2.570782661437988281e+00
4.927795999999999843e+00 2.570782661437988281e+00
4.931540000000000035e+00 2.570782661437988281e+00
4.936784000000000283e+00 2.570782661437988281e+00
4.942009999999999792e+00 2.570782661437988281e+00
4.947301999999999644e+00 2.570782661437988281e+00
4.952530999999999572e+00 2.570782661437988281e+00
4.957783000000000051e+00 2.565608024597167969e+00
4.964074000000000098e+00 2.565608024597167969e+00
4.970718999999999888e+00 2.570782661437988281e+00
4.977456000000000103e+00 2.570782661437988281e+00
4.984092000000000411e+00 2.565608024597167969e+00
4.990751000000000381e+00 2.565608024597167969e+00
4.997434000000000154e+00 2.565608024597167969e+00
5.004165000000000418e+00 2.565608024597167969e+00
5.010736999999999775e+00 2.570782661437988281e+00
5.017432999999999588e+00 2.570782661437988281e+00
5.027451000000000114e+00 2.565608024597167969e+00
5.037937999999999583e+00 2.570782661437988281e+00
5.044690000000000119e+00 2.575957298278808594e+00
5.051352999999999760e+00 2.575957298278808594e+00
5.058120999999999867e+00 2.570782661437988281e+00
5.064117999999999675e+00 2.565608024597167969e+00
5.069396000000000235e+00 2.570782661437988281e+00
5.073133999999999588e+00 2.570782661437988281e+00
5.076923999999999992e+00 2.565608024597167969e+00
5.080855999999999817e+00 2.565608024597167969e+00
5.091885999999999690e+00 2.565608024597167969e+00
5.099433999999999578e+00 2.565608024597167969e+00
5.106063999999999936e+00 2.570782661437988281e+00
5.111330999999999847e+00 2.570782661437988281e+00
5.118521000000000321e+00 2.570782661437988281e+00
5.124030000000000307e+00 2.575957298278808594e+00
5.129373000000000182e+00 2.575957298278808594e+00
5.133145999999999987e+00 2.570782661437988281e+00
5.138620000000000410e+00 2.575957298278808594e+00
5.142342000000000191e+00 2.570782661437988281e+00
5.152427000000000312e+00 2.570782661437988281e+00
5.158031000000000255e+00 2.570782661437988281e+00
5.163344000000000378e+00 2.570782661437988281e+00
5.168741999999999948e+00 2.565608024597167969e+00
5.174133000000000315e+00 2.565608024597167969e+00
5.179465000000000430e+00 2.565608024597167969e+00
5.184840999999999589e+00 2.565608024597167969e+00
5.190183000000000213e+00 2.565608024597167969e+00
5.193959000000000437e+00 2.565608024597167969e+00
5.197712000000000110e+00 2.565608024597167969e+00
5.202999000000000152e+00 2.570782661437988281e+00
5.208463000000000065e+00 2.570782661437988281e+00
5.213871000000000144e+00 2.570782661437988281e+00
5.219193999999999889e+00 2.575957298278808594e+00
5.222917999999999950e+00 2.575957298278808594e+00
5.228355999999999781e+00 2.570782661437988281e+00
5.232118999999999964e+00 2.575957298278808594e+00
5.237485000000000390e+00 2.575957298278808594e+00
5.242810999999999666e+00 2.575957298278808594e+00
5.248242000000000296e+00 2.575957298278808594e+00
5.253567999999999572e+00 2.570782661437988281e+00
5.258964999999999890e+00 2.565608024597167969e+00
5.267362000000000322e+00 2.565608024597167969e+00
5.273170999999999609e+00 2.565608024597167969e+00
5.278678000000000203e+00 2.565608024597167969e+00
5.284291999999999767e+00 2.565608024597167969e+00
5.289870999999999768e+00 2.570782661437988281e+00
5.295429000000000386e+00 2.565608024597167969e+00
5.300855999999999568e+00 2.570782661437988281e+00
5.306214999999999904e+00 2.570782661437988281e+00
5.311545999999999879e+00 2.575957298278808594e+00
5.316982999999999571e+00 2.570782661437988281e+00
5.320759999999999934e+00 2.570782661437988281e+00
5.326094999999999580e+00 2.575957298278808594e+00
5.331470999999999627e+00 2.575957298278808594e+00
5.336923999999999779e+00 2.575957298278808594e+00
5.342300999999999966e+00 2.570782661437988281e+00
5.346137999999999835e+00 2.570782661437988281e+00
5.351474999999999760e+00 2.570782661437988281e+00
5.355326999999999948e+00 2.565608024597167969e+00
5.360647000000000162e+00 2.565608024597167969e+00
5.366024999999999601e+00 2.565608024597167969e+00
5.371360000000000134e+00 2.565608024597167969e+00
5.376852000000000409e+00 2.565608024597167969e+00
5.386913999999999980e+00 2.565608024597167969e+00
5.392509000000000441e+00 2.565608024597167969e+00
5.396365000000000300e+00 2.565608024597167969e+00
5.401796000000000042e+00 2.570782661437988281e+00
5.407237000000000293e+00 2.575957298278808594e+00
5.412608999999999781e+00 2.575957298278808594e+00
5.418077000000000254e+00 2.570782661437988281e+00
5.423460000000000392e+00 2.570782661437988281e+00
5.427325999999999873e+00 2.570782661437988281e+00
5.432704000000000200e+00 2.570782661437988281e+00
5.436517000000000266e+00 2.570782661437988281e+00
5.441859000000000002e+00 2.570782661437988281e+00
5.445713999999999722e+00 2.570782661437988281e+00
5.451090999999999909e+00 2.570782661437988281e+00
5.456685000000000230e+00 2.565608024597167969e+00
5.462092000000000169e+00 2.565608024597167969e+00
5.467559999999999754e+00 2.570782661437988281e+00
5.472964000000000162e+00 2.570782661437988281e+00
5.478464999999999918e+00 2.565608024597167969e+00
5.483913000000000260e+00 2.570782661437988281e+00
5.489298999999999928e+00 2.570782661437988281e+00
5.494851999999999848e+00 2.565608024597167969e+00
5.505010000000000403e+00 2.565608024597167969e+00
5.510959999999999859e+00 2.570782661437988281e+00
5.516570999999999891e+00 2.570782661437988281e+00
5.522045000000000314e+00 2.570782661437988281e+00
5.525921000000000305e+00 2.570782661437988281e+00
5.531390000000000029e+00 2.570782661437988281e+00
5.536919000000000146e+00 2.570782661437988281e+00
5.542409000000000141e+00 2.570782661437988281e+00
5.546313999999999744e+00 2.570782661437988281e+00
5.551791999999999838e+00 2.570782661437988281e+00
5.557343000000000366e+00 2.565608024597167969e+00
5.562819000000000180e+00 2.570782661437988281e+00
5.566732000000000014e+00 2.570782661437988281e+00
5.572225000000000428e+00 2.570782661437988281e+00
5.577766999999999697e+00 2.570782661437988281e+00
5.583230000000000359e+00 2.570782661437988281e+00
5.588805999999999941e+00 2.565608024597167969e+00
5.594333999999999918e+00 2.565608024597167969e+00
5.599832000000000143e+00 2.565608024597167969e+00
5.605323000000000278e+00 2.570782661437988281e+00
5.610843000000000025e+00 2.570782661437988281e+00
5.616405000000000314e+00 2.570782661437988281e+00
5.626698000000000199e+00 2.570782661437988281e+00
5.632399000000000377e+00 2.570782661437988281e+00
5.636326000000000391e+00 2.570782661437988281e+00
5.641811999999999827e+00 2.570782661437988281e+00
5.647389000000000436e+00 2.570782661437988281e+00
5.652896000000000143e+00 2.570782661437988281e+00
5.658517999999999937e+00 2.565608024597167969e+00
5.664083999999999897e+00 2.570782661437988281e+00
5.667950000000000266e+00 2.565608024597167969e+00
5.673422000000000409e+00 2.565608024597167969e+00
5.679012000000000171e+00 2.565608024597167969e+00
5.684576999999999991e+00 2.565608024597167969e+00
5.690091999999999928e+00 2.565608024597167969e+00
5.693940999999999697e+00 2.565608024597167969e+00
5.699437999999999782e+00 2.565608024597167969e+00
5.705015000000000391e+00 2.570782661437988281e+00
5.710585000000000022e+00 2.570782661437988281e+00
5.716102000000000238e+00 2.575957298278808594e+00
5.721623000000000125e+00 2.570782661437988281e+00
5.725518000000000107e+00 2.570782661437988281e+00
5.731023999999999674e+00 2.575957298278808594e+00
5.736684000000000339e+00 2.575957298278808594e+00
5.746878999999999849e+00 2.570782661437988281e+00
5.752620000000000289e+00 2.570782661437988281e+00
5.756598000000000326e+00 2.565608024597167969e+00
5.762118000000000073e+00 2.565608024597167969e+00
5.767720999999999876e+00 2.565608024597167969e+00
5.773265999999999565e+00 2.565608024597167969e+00
5.778932000000000180e+00 2.560433387756347656e+00
5.784525999999999613e+00 2.565608024597167969e+00
5.790051000000000059e+00 2.565608024597167969e+00
5.793942999999999621e+00 2.565608024597167969e+00
5.799464000000000397e+00 2.570782661437988281e+00
5.805080000000000240e+00 2.570782661437988281e+00
5.810724999999999696e+00 2.570782661437988281e+00
5.816549000000000191e+00 2.570782661437988281e+00
5.822085999999999650e+00 2.575957298278808594e+00
5.827696999999999683e+00 2.570782661437988281e+00
5.831555999999999962e+00 2.575957298278808594e+00
5.837149000000000143e+00 2.570782661437988281e+00
5.842685000000000350e+00 2.570782661437988281e+00
5.848386999999999780e+00 2.570782661437988281e+00
5.854066999999999688e+00 2.570782661437988281e+00
5.866380999999999624e+00 2.565608024597167969e+00
5.872309999999999697e+00 2.565608024597167969e+00
5.877945999999999671e+00 2.565608024597167969e+00
5.883526999999999951e+00 2.570782661437988281e+00
5.889173999999999687e+00 2.565608024597167969e+00
5.894838000000000022e+00 2.570782661437988281e+00
5.900426000000000393e+00 2.570782661437988281e+00
5.906024000000000385e+00 2.575957298278808594e+00
5.911609999999999587e+00 2.570782661437988281e+00
5.915752000000000344e+00 2.575957298278808594e+00
5.921321999999999974e+00 2.575957298278808594e+00
5.926974000000000409e+00 2.570782661437988281e+00
5.932570000000000121e+00 2.570782661437988281e+00
5.938227000000000366e+00 2.570782661437988281e+00
5.943897999999999904e+00 2.570782661437988281e+00
5.949483999999999995e+00 2.570782661437988281e+00
5.953273000000000259e+00 2.565608024597167969e+00
5.958963999999999928e+00 2.565608024597167969e+00
5.964621000000000173e+00 2.565608024597167969e+00
5.968513999999999875e+00 2.565608024597167969e+00
5.974154000000000408e+00 2.565608024597167969e+00
5.984554000000000151e+00 2.570782661437988281e+00
5.990376000000000367e+00 2.570782661437988281e+00
5.996059999999999945e+00 2.565608024597167969e+00
6.001660000000000217e+00 2.570782661437988281e+00
6.007352000000000025e+00 2.570782661437988281e+00
6.012967999999999869e+00 2.570782661437988281e+00
6.018765000000000143e+00 2.570782661437988281e+00
6.024416999999999689e+00 2.570782661437988281e+00
6.030050000000000132e+00 2.570782661437988281e+00
6.033924999999999983e+00 2.570782661437988281e+00
6.039583999999999619e+00 2.570782661437988281e+00
6.045268000000000086e+00 2.570782661437988281e+00
6.050904000000000060e+00 2.575957298278808594e+00
6.054911999999999850e+00 2.570782661437988281e+00
6.060579999999999856e+00 2.570782661437988281e+00
6.066215999999999831e+00 2.570782661437988281e+00
6.070115999999999623e+00 2.570782661437988281e+00
6.075797999999999810e+00 2.570782661437988281e+00
6.079731999999999914e+00 2.565608024597167969e+00
6.085543999999999620e+00 2.570782661437988281e+00
6.100667999999999758e+00 2.565608024597167969e+00
6.111259999999999692e+00 2.570782661437988281e+00
6.125281000000000198e+00 2.565608024597167969e+00
6.131116999999999706e+00 2.570782661437988281e+00
6.135144000000000375e+00 2.570782661437988281e+00
6.140857999999999706e+00 2.575957298278808594e+00
6.146621999999999808e+00 2.575957298278808594e+00
6.150540000000000340e+00 2.570782661437988281e+00
6.156272999999999662e+00 2.570782661437988281e+00
6.161940000000000417e+00 2.565608024597167969e+00
6.165938999999999837e+00 2.570782661437988281e+00
6.171659000000000006e+00 2.570782661437988281e+00
6.177444000000000379e+00 2.565608024597167969e+00
6.183131999999999628e+00 2.565608024597167969e+00
6.188959999999999795e+00 2.565608024597167969e+00
6.194721000000000366e+00 2.565608024597167969e+00
6.200397999999999854e+00 2.565608024597167969e+00
6.206108999999999654e+00 2.570782661437988281e+00
6.211801999999999602e+00 2.570782661437988281e+00
6.217547999999999853e+00 2.575957298278808594e+00
6.223516000000000048e+00 2.575957298278808594e+00
6.234123000000000303e+00 2.575957298278808594e+00
6.239859000000000044e+00 2.570782661437988281e+00
6.245567000000000313e+00 2.575957298278808594e+00
6.251271000000000022e+00 2.575957298278808594e+00
6.257048000000000165e+00 2.565608024597167969e+00
6.262747000000000064e+00 2.565608024597167969e+00
6.266746000000000372e+00 2.565608024597167969e+00
6.272427999999999670e+00 2.565608024597167969e+00
6.278217999999999854e+00 2.565608024597167969e+00
6.282155999999999629e+00 2.565608024597167969e+00
6.287994999999999557e+00 2.565608024597167969e+00
6.291958000000000162e+00 2.565608024597167969e+00
6.297744999999999926e+00 2.565608024597167969e+00
6.303456999999999866e+00 2.570782661437988281e+00
6.309231999999999729e+00 2.575957298278808594e+00
6.315013000000000432e+00 2.570782661437988281e+00
6.320757000000000403e+00 2.570782661437988281e+00
6.326721000000000039e+00 2.575957298278808594e+00
6.332431999999999839e+00 2.570782661437988281e+00
6.342933999999999628e+00 2.575957298278808594e+00
6.348999000000000059e+00 2.570782661437988281e+00
6.354894999999999960e+00 2.565608024597167969e+00
6.360667000000000293e+00 2.565608024597167969e+00
6.366412999999999656e+00 2.565608024597167969e+00
6.372147000000000006e+00 2.565608024597167969e+00
6.377951999999999622e+00 2.565608024597167969e+00
6.383757000000000126e+00 2.565608024597167969e+00
6.389499999999999957e+00 2.565608024597167969e+00
6.395303000000000182e+00 2.570782661437988281e+00
6.401041000000000203e+00 2.570782661437988281e+00
6.406890999999999892e+00 2.570782661437988281e+00
6.412632000000000332e+00 2.575957298278808594e+00
6.416712999999999667e+00 2.575957298278808594e+00
6.422526000000000401e+00 2.575957298278808594e+00
6.428348999999999869e+00 2.570782661437988281e+00
6.434156999999999904e+00 2.570782661437988281e+00
6.439886999999999695e+00 2.570782661437988281e+00
6.445631999999999806e+00 2.570782661437988281e+00
6.451488000000000334e+00 2.570782661437988281e+00
6.462019999999999875e+00 2.565608024597167969e+00
6.468143000000000420e+00 2.565608024597167969e+00
6.472120999999999569e+00 2.570782661437988281e+00
6.478017000000000358e+00 2.565608024597167969e+00
6.483858999999999817e+00 2.570782661437988281e+00
6.489631000000000149e+00 2.565608024597167969e+00
6.495466000000000406e+00 2.565608024597167969e+00
6.501235999999999571e+00 2.565608024597167969e+00
6.507090999999999958e+00 2.575957298278808594e+00
6.512881000000000142e+00 2.570782661437988281e+00
6.518791000000000224e+00 2.570782661437988281e+00
6.524650000000000283e+00 2.570782661437988281e+00
6.530480999999999980e+00 2.570782661437988281e+00
6.536293999999999826e+00 2.570782661437988281e+00
6.542076999999999920e+00 2.570782661437988281e+00
6.547931000000000168e+00 2.570782661437988281e+00
6.553791000000000366e+00 2.570782661437988281e+00
6.559594999999999843e+00 2.570782661437988281e+00
6.565482000000000262e+00 2.565608024597167969e+00
6.571309000000000289e+00 2.565608024597167969e+00
6.581980999999999860e+00 2.570782661437988281e+00
6.588129000000000346e+00 2.565608024597167969e+00
6.592159999999999798e+00 2.565608024597167969e+00
6.598116000000000092e+00 2.565608024597167969e+00
6.602154999999999774e+00 2.565608024597167969e+00
6.608105000000000118e+00 2.570782661437988281e+00
6.612115000000000187e+00 2.565608024597167969e+00
6.618058999999999692e+00 2.570782661437988281e+00
6.623968999999999774e+00 2.570782661437988281e+00
6.629915999999999698e+00 2.570782661437988281e+00
6.635959999999999859e+00 2.570782661437988281e+00
6.641802000000000206e+00 2.575957298278808594e+00
6.647726999999999720e+00 2.570782661437988281e+00
6.651734000000000258e+00 2.570782661437988281e+00
6.657678999999999903e+00 2.565608024597167969e+00
6.663520000000000110e+00 2.570782661437988281e+00
6.669499000000000066e+00 2.570782661437988281e+00
6.675405999999999729e+00 2.570782661437988281e+00
6.681232999999999755e+00 2.565608024597167969e+00
6.687161999999999829e+00 2.565608024597167969e+00
6.693056000000000338e+00 2.565608024597167969e+00
6.703857000000000177e+00 2.565608024597167969e+00
6.710067999999999699e+00 2.570782661437988281e+00
6.715950999999999560e+00 2.570782661437988281e+00
6.721814000000000178e+00 2.570782661437988281e+00
6.727744000000000391e+00 2.575957298278808594e+00
6.733708000000000027e+00 2.575957298278808594e+00
6.737750000000000128e+00 2.575957298278808594e+00
6.743597000000000286e+00 2.575957298278808594e+00
6.749518000000000129e+00 2.570782661437988281e+00
6.755463999999999913e+00 2.565608024597167969e+00
6.761324000000000112e+00 2.570782661437988281e+00
6.767278000000000127e+00 2.565608024597167969e+00
6.771317999999999948e+00 2.565608024597167969e+00
6.777237000000000400e+00 2.565608024597167969e+00
6.783136999999999972e+00 2.560433387756347656e+00
6.789106999999999559e+00 2.565608024597167969e+00
6.795068999999999804e+00 2.565608024597167969e+00
6.800943000000000183e+00 2.565608024597167969e+00
6.806948000000000221e+00 2.570782661437988281e+00
6.817571000000000048e+00 2.570782661437988281e+00
6.823786000000000129e+00 2.570782661437988281e+00
6.829750999999999905e+00 2.570782661437988281e+00
6.835693000000000019e+00 2.575957298278808594e+00
6.839775000000000382e+00 2.570782661437988281e+00
6.845735999999999599e+00 2.570782661437988281e+00
6.851655000000000051e+00 2.570782661437988281e+00
6.857624999999999638e+00 2.565608024597167969e+00
6.863529999999999909e+00 2.565608024597167969e+00
6.869518000000000235e+00 2.565608024597167969e+00
6.875490000000000101e+00 2.565608024597167969e+00
6.879545000000000243e+00 2.565608024597167969e+00
6.885602999999999696e+00 2.565608024597167969e+00
6.891537999999999720e+00 2.570782661437988281e+00
6.897514000000000145e+00 2.565608024597167969e+00
6.903430000000000177e+00 2.570782661437988281e+00
6.907556999999999725e+00 2.570782661437988281e+00
6.913509000000000349e+00 2.575957298278808594e+00
6.919488999999999557e+00 2.575957298278808594e+00
6.923578000000000010e+00 2.575957298278808594e+00
6.934261000000000230e+00 2.575957298278808594e+00
6.940684000000000076e+00 2.570782661437988281e+00
6.946733000000000047e+00 2.570782661437988281e+00
6.952670999999999601e+00 2.632877349853515625e+00
6.958688999999999680e+00 2.757067680358886719e+00
6.964697000000000138e+00 3.450463294982910156e+00
6.968717999999999968e+00 4.785508155822753906e+00
6.972774000000000250e+00 4.785508155822753906e+00
6.978780000000000427e+00 4.785508155822753906e+00
6.984792999999999807e+00 4.785508155822753906e+00
6.990736000000000061e+00 4.790682792663574219e+00
6.996737000000000428e+00 4.790682792663574219e+00
7.002667999999999893e+00 4.790682792663574219e+00
7.008688000000000251e+00 4.795857429504394531e+00
7.012734000000000023e+00 4.790682792663574219e+00
7.018766000000000282e+00 4.790682792663574219e+00
7.024824999999999875e+00 4.790682792663574219e+00
7.030777999999999750e+00 4.790682792663574219e+00
7.036814999999999820e+00 4.790682792663574219e+00
7.042815000000000047e+00 4.790682792663574219e+00
7.053564999999999863e+00 4.790682792663574219e+00
7.059833000000000247e+00 4.790682792663574219e+00
7.063931000000000182e+00 4.785508155822753906e+00
7.069886000000000337e+00 4.785508155822753906e+00
7.075906999999999947e+00 4.785508155822753906e+00
7.081921999999999606e+00 4.785508155822753906e+00
7.087978999999999807e+00 4.790682792663574219e+00
7.098995999999999640e+00 4.790682792663574219e+00
7.107228000000000101e+00 4.790682792663574219e+00
7.116350999999999871e+00 4.790682792663574219e+00
7.124552999999999692e+00 4.790682792663574219e+00
7.130951999999999735e+00 4.790682792663574219e+00
7.135161000000000087e+00 4.790682792663574219e+00
7.141207999999999778e+00 4.795857429504394531e+00
7.147471999999999603e+00 4.795857429504394531e+00
7.153518000000000043e+00 4.790682792663574219e+00
7.159646999999999650e+00 4.785508155822753906e+00
7.170498000000000260e+00 4.790682792663574219e+00
7.176969999999999850e+00 4.790682792663574219e+00
7.181124999999999758e+00 4.785508155822753906e+00
7.187228000000000172e+00 4.780333518981933594e+00
7.193266000000000382e+00 4.790682792663574219e+00
7.199425999999999881e+00 4.790682792663574219e+00
7.205563999999999858e+00 4.790682792663574219e+00
7.211612999999999829e+00 4.790682792663574219e+00
7.217722000000000193e+00 4.790682792663574219e+00
7.221974999999999589e+00 4.795857429504394531e+00
7.228104000000000084e+00 4.790682792663574219e+00
7.234243000000000201e+00 4.790682792663574219e+00
7.238292000000000392e+00 4.795857429504394531e+00
7.244474000000000302e+00 4.795857429504394531e+00
7.250702999999999676e+00 4.790682792663574219e+00
7.256815999999999711e+00 4.785508155822753906e+00
7.262859999999999872e+00 4.790682792663574219e+00
7.269008000000000358e+00 4.785508155822753906e+00
7.273114999999999775e+00 4.785508155822753906e+00
7.277332999999999608e+00 4.785508155822753906e+00
7.288325999999999638e+00 4.790682792663574219e+00
7.294692000000000398e+00 4.785508155822753906e+00
7.300817999999999586e+00 4.785508155822753906e+00
7.306949999999999612e+00 4.790682792663574219e+00
