1.227000000000000009e-03 2.581131935119628906e+00
4.543000000000000163e-03 2.581131935119628906e+00
7.974000000000000185e-03 2.581131935119628906e+00
1.128400000000000063e-02 2.586306571960449219e+00
1.457299999999999915e-02 2.581131935119628906e+00
1.802099999999999883e-02 2.581131935119628906e+00
2.147500000000000103e-02 2.581131935119628906e+00
2.476799999999999835e-02 2.575957298278808594e+00
2.807499999999999926e-02 2.575957298278808594e+00
3.136200000000000099e-02 2.575957298278808594e+00
3.467699999999999949e-02 2.570782661437988281e+00
3.796800000000000175e-02 2.570782661437988281e+00
4.126500000000000307e-02 2.570782661437988281e+00
4.456000000000000238e-02 2.570782661437988281e+00
4.784000000000000058e-02 2.565608024597167969e+00
5.441700000000000009e-02 2.570782661437988281e+00
5.786000000000000171e-02 2.570782661437988281e+00
6.115000000000000296e-02 2.570782661437988281e+00
6.460599999999999676e-02 2.565608024597167969e+00
6.805999999999999550e-02 2.570782661437988281e+00
7.135500000000000176e-02 2.570782661437988281e+00
7.465600000000000014e-02 2.575957298278808594e+00
7.794900000000000440e-02 2.581131935119628906e+00
8.124900000000000178e-02 2.581131935119628906e+00
8.454000000000000403e-02 2.581131935119628906e+00
8.783900000000000041e-02 2.581131935119628906e+00
9.113100000000000367e-02 2.581131935119628906e+00
9.448199999999999654e-02 2.581131935119628906e+00
9.773099999999999843e-02 2.581131935119628906e+00
1.010240000000000027e-01 2.586306571960449219e+00
1.045050000000000007e-01 2.581131935119628906e+00
1.077739999999999948e-01 2.581131935119628906e+00
1.110710000000000031e-01 2.581131935119628906e+00
1.143699999999999994e-01 2.581131935119628906e+00
1.176689999999999958e-01 2.586306571960449219e+00
1.209620000000000001e-01 2.581131935119628906e+00
1.242629999999999985e-01 2.575957298278808594e+00
1.275600000000000067e-01 2.570782661437988281e+00
1.308549999999999991e-01 2.570782661437988281e+00
1.343080000000000107e-01 2.570782661437988281e+00
1.376080000000000081e-01 2.570782661437988281e+00
1.409350000000000047e-01 2.570782661437988281e+00
1.442330000000000001e-01 2.565608024597167969e+00
1.476810000000000067e-01 2.570782661437988281e+00
1.509790000000000021e-01 2.570782661437988281e+00
1.542789999999999995e-01 2.570782661437988281e+00
1.575779999999999959e-01 2.570782661437988281e+00
1.611289999999999945e-01 2.570782661437988281e+00
1.670820000000000083e-01 2.570782661437988281e+00
1.703800000000000037e-01 2.570782661437988281e+00
1.736840000000000050e-01 2.581131935119628906e+00
1.769739999999999924e-01 2.581131935119628906e+00
1.802789999999999948e-01 2.581131935119628906e+00
1.835720000000000129e-01 2.581131935119628906e+00
1.868710000000000093e-01 2.581131935119628906e+00
1.901670000000000027e-01 2.581131935119628906e+00
1.934750000000000081e-01 2.581131935119628906e+00
1.967639999999999945e-01 2.581131935119628906e+00
2.000609999999999888e-01 2.586306571960449219e+00
2.034289999999999987e-01 2.581131935119628906e+00
2.068180000000000018e-01 2.581131935119628906e+00
2.102620000000000045e-01 2.581131935119628906e+00
2.135650000000000048e-01 2.575957298278808594e+00
2.171470000000000067e-01 2.575957298278808594e+00
2.204689999999999983e-01 2.575957298278808594e+00
2.237560000000000104e-01 2.570782661437988281e+00
2.270560000000000078e-01 2.570782661437988281e+00
2.303449999999999942e-01 2.570782661437988281e+00
2.336489999999999956e-01 2.570782661437988281e+00
2.369759999999999922e-01 2.570782661437988281e+00
2.402739999999999876e-01 2.570782661437988281e+00
2.435720000000000107e-01 2.570782661437988281e+00
2.468720000000000081e-01 2.570782661437988281e+00
2.501700000000000035e-01 2.570782661437988281e+00
2.534879999999999911e-01 2.575957298278808594e+00
2.567579999999999862e-01 2.570782661437988281e+00
2.600669999999999926e-01 2.570782661437988281e+00
2.634139999999999815e-01 2.570782661437988281e+00
2.668039999999999856e-01 2.570782661437988281e+00
2.702620000000000022e-01 2.575957298278808594e+00
2.738869999999999916e-01 2.581131935119628906e+00
2.800770000000000204e-01 2.581131935119628906e+00
2.834400000000000253e-01 2.581131935119628906e+00
2.868209999999999926e-01 2.586306571960449219e+00
2.902680000000000260e-01 2.575957298278808594e+00
2.935729999999999729e-01 2.575957298278808594e+00
2.970180000000000042e-01 2.575957298278808594e+00
3.004709999999999881e-01 2.581131935119628906e+00
3.037770000000000192e-01 2.575957298278808594e+00
3.070660000000000056e-01 2.575957298278808594e+00
3.103630000000000000e-01 2.575957298278808594e+00
3.136720000000000064e-01 2.575957298278808594e+00
3.169569999999999887e-01 2.581131935119628906e+00
3.202550000000000119e-01 2.581131935119628906e+00
3.235600000000000143e-01 2.570782661437988281e+00
3.268610000000000126e-01 2.570782661437988281e+00
3.301450000000000218e-01 2.570782661437988281e+00
3.333240000000000092e-01 2.570782661437988281e+00
3.367720000000000158e-01 2.575957298278808594e+00
3.400790000000000202e-01 2.575957298278808594e+00
3.434309999999999863e-01 2.575957298278808594e+00
3.468180000000000152e-01 2.575957298278808594e+00
3.502730000000000010e-01 2.570782661437988281e+00
3.535800000000000054e-01 2.570782661437988281e+00
3.568709999999999938e-01 2.575957298278808594e+00
3.601659999999999862e-01 2.575957298278808594e+00
3.634740000000000193e-01 2.575957298278808594e+00
3.667569999999999997e-01 2.570782661437988281e+00
3.700660000000000061e-01 2.575957298278808594e+00
3.734230000000000049e-01 2.575957298278808594e+00
3.768070000000000030e-01 2.575957298278808594e+00
3.802619999999999889e-01 2.575957298278808594e+00
3.837389999999999968e-01 2.581131935119628906e+00
3.897630000000000261e-01 2.575957298278808594e+00
3.932149999999999812e-01 2.581131935119628906e+00
3.966660000000000186e-01 2.575957298278808594e+00
3.999579999999999802e-01 2.581131935119628906e+00
4.032540000000000013e-01 2.581131935119628906e+00
4.065570000000000017e-01 2.575957298278808594e+00
4.099880000000000191e-01 2.575957298278808594e+00
4.135090000000000154e-01 2.575957298278808594e+00
4.167739999999999778e-01 2.581131935119628906e+00
4.200499999999999790e-01 2.581131935119628906e+00
4.234010000000000273e-01 2.575957298278808594e+00
4.268419999999999992e-01 2.570782661437988281e+00
4.301280000000000103e-01 2.575957298278808594e+00
4.334930000000000172e-01 2.575957298278808594e+00
4.368890000000000273e-01 2.575957298278808594e+00
4.401760000000000117e-01 2.570782661437988281e+00
4.434799999999999853e-01 2.575957298278808594e+00
4.467740000000000045e-01 2.570782661437988281e+00
4.500739999999999741e-01 2.575957298278808594e+00
4.534230000000000205e-01 2.575957298278808594e+00
4.568180000000000018e-01 2.570782661437988281e+00
4.602760000000000185e-01 2.570782661437988281e+00
4.635690000000000088e-01 2.570782661437988281e+00
4.668939999999999757e-01 2.570782661437988281e+00
4.701629999999999976e-01 2.575957298278808594e+00
4.734749999999999792e-01 2.570782661437988281e+00
4.767629999999999924e-01 2.575957298278808594e+00
4.800619999999999887e-01 2.575957298278808594e+00
4.834089999999999776e-01 2.575957298278808594e+00
4.868020000000000125e-01 2.581131935119628906e+00
4.902590000000000003e-01 2.581131935119628906e+00
4.935599999999999987e-01 2.575957298278808594e+00
4.995319999999999760e-01 2.575957298278808594e+00
5.028939999999999522e-01 2.581131935119628906e+00
5.063499999999999668e-01 2.581131935119628906e+00
5.097869999999999902e-01 2.581131935119628906e+00
5.132529999999999593e-01 2.581131935119628906e+00
5.165469999999999784e-01 2.586306571960449219e+00
5.199970000000000425e-01 2.586306571960449219e+00
5.233849999999999891e-01 2.581131935119628906e+00
5.267779999999999685e-01 2.575957298278808594e+00
5.299209999999999754e-01 2.570782661437988281e+00
5.332160000000000233e-01 2.570782661437988281e+00
5.366680000000000339e-01 2.575957298278808594e+00
5.399690000000000323e-01 2.570782661437988281e+00
5.432660000000000267e-01 2.570782661437988281e+00
5.465579999999999883e-01 2.570782661437988281e+00
5.498619999999999619e-01 2.570782661437988281e+00
5.531540000000000346e-01 2.570782661437988281e+00
5.566050000000000164e-01 2.570782661437988281e+00
5.600610000000000310e-01 2.570782661437988281e+00
5.634080000000000199e-01 2.570782661437988281e+00
5.668079999999999785e-01 2.570782661437988281e+00
5.702629999999999644e-01 2.570782661437988281e+00
5.735639999999999628e-01 2.575957298278808594e+00
5.768529999999999491e-01 2.581131935119628906e+00
5.801469999999999683e-01 2.581131935119628906e+00
5.834570000000000034e-01 2.581131935119628906e+00
5.867440000000000433e-01 2.586306571960449219e+00
5.900400000000000089e-01 2.581131935119628906e+00
5.933819999999999650e-01 2.586306571960449219e+00
5.964709999999999734e-01 2.586306571960449219e+00
5.997700000000000253e-01 2.586306571960449219e+00
6.029079999999999995e-01 2.586306571960449219e+00
6.064420000000000366e-01 2.586306571960449219e+00
6.124089999999999812e-01 2.581131935119628906e+00
6.157770000000000188e-01 2.591481208801269531e+00
6.217679999999999874e-01 2.591481208801269531e+00
6.341290000000000537e-01 2.570782661437988281e+00
6.424969999999999848e-01 2.570782661437988281e+00
6.511179999999999746e-01 2.570782661437988281e+00
6.543959999999999777e-01 2.570782661437988281e+00
6.578370000000000051e-01 2.570782661437988281e+00
6.611599999999999699e-01 2.570782661437988281e+00
6.644640000000000546e-01 2.570782661437988281e+00
6.677549999999999875e-01 2.575957298278808594e+00
6.710540000000000393e-01 2.581131935119628906e+00
6.745139999999999469e-01 2.581131935119628906e+00
6.778119999999999701e-01 2.581131935119628906e+00
6.812620000000000342e-01 2.581131935119628906e+00
6.845550000000000246e-01 2.586306571960449219e+00
6.878549999999999942e-01 2.591481208801269531e+00
6.911429999999999518e-01 2.586306571960449219e+00
6.944500000000000117e-01 2.581131935119628906e+00
6.977430000000000021e-01 2.586306571960449219e+00
7.010330000000000172e-01 2.586306571960449219e+00
7.044859999999999456e-01 2.586306571960449219e+00
7.077820000000000222e-01 2.586306571960449219e+00
7.112359999999999793e-01 2.586306571960449219e+00
7.145179999999999865e-01 2.581131935119628906e+00
7.181290000000000173e-01 2.581131935119628906e+00
7.240990000000000482e-01 2.575957298278808594e+00
7.275279999999999525e-01 2.575957298278808594e+00
7.308200000000000252e-01 2.570782661437988281e+00
7.342809999999999615e-01 2.570782661437988281e+00
7.375690000000000301e-01 2.570782661437988281e+00
7.408709999999999463e-01 2.570782661437988281e+00
7.443309999999999649e-01 2.570782661437988281e+00
7.476199999999999513e-01 2.570782661437988281e+00
7.510710000000000441e-01 2.575957298278808594e+00
7.543710000000000138e-01 2.575957298278808594e+00
7.576730000000000409e-01 2.575957298278808594e+00
7.609690000000000065e-01 2.570782661437988281e+00
7.642710000000000337e-01 2.575957298278808594e+00
7.675560000000000160e-01 2.575957298278808594e+00
7.710059999999999691e-01 2.575957298278808594e+00
7.744659999999999878e-01 2.581131935119628906e+00
7.777539999999999454e-01 2.586306571960449219e+00
7.810540000000000260e-01 2.586306571960449219e+00
7.843520000000000492e-01 2.586306571960449219e+00
7.878020000000000023e-01 2.586306571960449219e+00
7.912500000000000089e-01 2.586306571960449219e+00
7.945440000000000280e-01 2.581131935119628906e+00
7.978490000000000304e-01 2.581131935119628906e+00
8.011319999999999553e-01 2.586306571960449219e+00
8.045919999999999739e-01 2.581131935119628906e+00
8.080330000000000013e-01 2.581131935119628906e+00
8.113650000000000029e-01 2.581131935119628906e+00
8.144959999999999978e-01 2.581131935119628906e+00
8.178050000000000042e-01 2.586306571960449219e+00
8.212549999999999573e-01 2.581131935119628906e+00
8.245519999999999516e-01 2.575957298278808594e+00
8.278630000000000155e-01 2.570782661437988281e+00
8.345690000000000053e-01 2.570782661437988281e+00
8.379790000000000294e-01 2.575957298278808594e+00
8.414129999999999665e-01 2.575957298278808594e+00
8.448769999999999891e-01 2.575957298278808594e+00
8.481630000000000003e-01 2.575957298278808594e+00
8.514690000000000314e-01 2.575957298278808594e+00
8.547630000000000505e-01 2.575957298278808594e+00
8.580590000000000162e-01 2.575957298278808594e+00
8.613509999999999778e-01 2.575957298278808594e+00
8.689590000000000369e-01 2.581131935119628906e+00
8.757209999999999717e-01 2.581131935119628906e+00
8.794469999999999787e-01 2.581131935119628906e+00
8.827960000000000251e-01 2.581131935119628906e+00
8.862750000000000350e-01 2.581131935119628906e+00
8.895650000000000501e-01 2.581131935119628906e+00
8.928629999999999622e-01 2.581131935119628906e+00
8.964699999999999891e-01 2.581131935119628906e+00
9.023679999999999479e-01 2.581131935119628906e+00
9.058589999999999698e-01 2.581131935119628906e+00
9.091500000000000137e-01 2.581131935119628906e+00
9.124489999999999545e-01 2.581131935119628906e+00
9.157330000000000192e-01 2.581131935119628906e+00
9.190540000000000376e-01 2.586306571960449219e+00
9.223440000000000527e-01 2.581131935119628906e+00
9.256440000000000223e-01 2.581131935119628906e+00
9.289319999999999800e-01 2.581131935119628906e+00
9.322289999999999743e-01 2.575957298278808594e+00
9.355250000000000510e-01 2.575957298278808594e+00
9.388220000000000454e-01 2.575957298278808594e+00
9.422770000000000312e-01 2.575957298278808594e+00
9.487820000000000142e-01 2.575957298278808594e+00
9.522340000000000249e-01 2.581131935119628906e+00
9.555310000000000192e-01 2.575957298278808594e+00
9.588290000000000424e-01 2.575957298278808594e+00
9.622819999999999707e-01 2.575957298278808594e+00
9.655860000000000554e-01 2.570782661437988281e+00
9.687299999999999800e-01 2.570782661437988281e+00
9.720180000000000486e-01 2.570782661437988281e+00
9.754800000000000137e-01 2.575957298278808594e+00
9.787719999999999754e-01 2.581131935119628906e+00
9.820799999999999530e-01 2.581131935119628906e+00
9.853709999999999969e-01 2.581131935119628906e+00
9.888160000000000283e-01 2.581131935119628906e+00
9.922710000000000141e-01 2.581131935119628906e+00
9.955610000000000293e-01 2.581131935119628906e+00
9.988660000000000316e-01 2.581131935119628906e+00
1.003130999999999995e+00 2.581131935119628906e+00
1.007276999999999978e+00 2.586306571960449219e+00
1.011389000000000093e+00 2.586306571960449219e+00
1.015608000000000066e+00 2.586306571960449219e+00
1.019687000000000010e+00 2.586306571960449219e+00
1.023972000000000104e+00 2.586306571960449219e+00
1.028092000000000006e+00 2.575957298278808594e+00
1.032164999999999999e+00 2.575957298278808594e+00
1.036318000000000072e+00 2.575957298278808594e+00
1.040407999999999999e+00 2.575957298278808594e+00
1.044518000000000058e+00 2.575957298278808594e+00
1.048615999999999993e+00 2.570782661437988281e+00
1.052720000000000100e+00 2.575957298278808594e+00
1.060429999999999984e+00 2.570782661437988281e+00
1.064986999999999906e+00 2.570782661437988281e+00
1.069118999999999930e+00 2.575957298278808594e+00
1.073228999999999989e+00 2.575957298278808594e+00
1.077371999999999996e+00 2.581131935119628906e+00
1.081515000000000004e+00 2.575957298278808594e+00
1.085749000000000075e+00 2.581131935119628906e+00
1.089884999999999993e+00 2.586306571960449219e+00
1.094106000000000023e+00 2.586306571960449219e+00
1.098246000000000056e+00 2.581131935119628906e+00
1.102390999999999899e+00 2.586306571960449219e+00
1.106589999999999963e+00 2.581131935119628906e+00
1.110734000000000110e+00 2.581131935119628906e+00
1.114903999999999895e+00 2.581131935119628906e+00
1.119283999999999946e+00 2.586306571960449219e+00
1.123493999999999993e+00 2.581131935119628906e+00
1.127645999999999926e+00 2.575957298278808594e+00
1.131818999999999908e+00 2.570782661437988281e+00
1.136038000000000103e+00 2.570782661437988281e+00
1.140195000000000070e+00 2.570782661437988281e+00
1.144384000000000068e+00 2.570782661437988281e+00
1.148544000000000009e+00 2.570782661437988281e+00
1.152732000000000090e+00 2.570782661437988281e+00
1.156983000000000095e+00 2.570782661437988281e+00
1.161170999999999953e+00 2.570782661437988281e+00
1.165357999999999894e+00 2.570782661437988281e+00
1.169737999999999944e+00 2.575957298278808594e+00
1.177187999999999901e+00 2.581131935119628906e+00
1.181535000000000002e+00 2.581131935119628906e+00
1.185837999999999948e+00 2.586306571960449219e+00
1.190064000000000011e+00 2.586306571960449219e+00
1.194344000000000072e+00 2.586306571960449219e+00
1.198536999999999964e+00 2.586306571960449219e+00
1.202742999999999896e+00 2.586306571960449219e+00
1.207114000000000020e+00 2.586306571960449219e+00
1.211333999999999911e+00 2.586306571960449219e+00
1.215613999999999972e+00 2.581131935119628906e+00
1.219867999999999952e+00 2.581131935119628906e+00
1.224151999999999907e+00 2.575957298278808594e+00
1.228380999999999945e+00 2.570782661437988281e+00
1.232604999999999951e+00 2.570782661437988281e+00
1.236917999999999962e+00 2.570782661437988281e+00
1.241165999999999991e+00 2.570782661437988281e+00
1.245427000000000062e+00 2.575957298278808594e+00
1.249659999999999993e+00 2.570782661437988281e+00
1.253981999999999930e+00 2.575957298278808594e+00
1.258221999999999952e+00 2.575957298278808594e+00
1.262477999999999989e+00 2.575957298278808594e+00
1.266799999999999926e+00 2.575957298278808594e+00
1.271060000000000079e+00 2.575957298278808594e+00
1.275312000000000001e+00 2.581131935119628906e+00
1.279584999999999972e+00 2.581131935119628906e+00
1.283900999999999959e+00 2.586306571960449219e+00
1.295779999999999932e+00 2.586306571960449219e+00
1.300437000000000065e+00 2.581131935119628906e+00
1.305096999999999952e+00 2.581131935119628906e+00
1.309428000000000036e+00 2.581131935119628906e+00
1.313762000000000096e+00 2.581131935119628906e+00
1.318036999999999903e+00 2.581131935119628906e+00
1.322551999999999950e+00 2.575957298278808594e+00
1.326878999999999920e+00 2.575957298278808594e+00
1.331163000000000096e+00 2.575957298278808594e+00
1.335466000000000042e+00 2.575957298278808594e+00
1.339771999999999963e+00 2.570782661437988281e+00
1.344186000000000103e+00 2.575957298278808594e+00
1.348484000000000016e+00 2.570782661437988281e+00
1.352792999999999912e+00 2.575957298278808594e+00
1.357269999999999976e+00 2.575957298278808594e+00
1.361583999999999905e+00 2.575957298278808594e+00
1.365974000000000022e+00 2.575957298278808594e+00
1.370290999999999926e+00 2.575957298278808594e+00
1.374640000000000084e+00 2.581131935119628906e+00
1.378967000000000054e+00 2.586306571960449219e+00
1.383304000000000089e+00 2.581131935119628906e+00
1.387659999999999894e+00 2.586306571960449219e+00
1.392001000000000044e+00 2.581131935119628906e+00
1.396419000000000077e+00 2.581131935119628906e+00
1.400711000000000039e+00 2.581131935119628906e+00
1.405189000000000021e+00 2.581131935119628906e+00
1.412082000000000059e+00 2.581131935119628906e+00
1.416096999999999939e+00 2.586306571960449219e+00
1.419826000000000032e+00 2.581131935119628906e+00
1.423788000000000054e+00 2.586306571960449219e+00
1.427535999999999916e+00 2.575957298278808594e+00
1.431265000000000009e+00 2.570782661437988281e+00
1.435005000000000086e+00 2.581131935119628906e+00
1.438760000000000039e+00 2.575957298278808594e+00
1.442512999999999934e+00 2.575957298278808594e+00
1.446242000000000028e+00 2.575957298278808594e+00
1.449983000000000022e+00 2.575957298278808594e+00
1.453780000000000072e+00 2.575957298278808594e+00
1.457549999999999901e+00 2.575957298278808594e+00
1.461297000000000068e+00 2.575957298278808594e+00
1.465076999999999963e+00 2.570782661437988281e+00
1.468828000000000022e+00 2.575957298278808594e+00
1.472604999999999942e+00 2.575957298278808594e+00
1.476367999999999903e+00 2.581131935119628906e+00
1.480137000000000036e+00 2.581131935119628906e+00
1.483953000000000078e+00 2.581131935119628906e+00
1.487730999999999915e+00 2.581131935119628906e+00
1.491497000000000073e+00 2.586306571960449219e+00
1.495338000000000056e+00 2.581131935119628906e+00
1.499112999999999918e+00 2.581131935119628906e+00
1.502896999999999927e+00 2.586306571960449219e+00
1.506747000000000059e+00 2.581131935119628906e+00
1.510532999999999904e+00 2.586306571960449219e+00
1.514326000000000061e+00 2.581131935119628906e+00
1.518121000000000054e+00 2.586306571960449219e+00
1.524354999999999905e+00 2.586306571960449219e+00
1.528502000000000027e+00 2.575957298278808594e+00
1.532289999999999930e+00 2.575957298278808594e+00
1.536165999999999920e+00 2.575957298278808594e+00
1.539964000000000111e+00 2.575957298278808594e+00
1.543814000000000020e+00 2.575957298278808594e+00
1.547601999999999922e+00 2.575957298278808594e+00
1.551407999999999898e+00 2.570782661437988281e+00
1.555244999999999989e+00 2.570782661437988281e+00
1.559023999999999965e+00 2.570782661437988281e+00
1.562826999999999966e+00 2.570782661437988281e+00
1.566653999999999991e+00 2.570782661437988281e+00
1.570451000000000041e+00 2.570782661437988281e+00
1.574286000000000074e+00 2.581131935119628906e+00
1.577234000000000025e+00 2.581131935119628906e+00
1.580953000000000053e+00 2.586306571960449219e+00
1.584785000000000110e+00 2.581131935119628906e+00
1.588616000000000028e+00 2.586306571960449219e+00
1.592408999999999963e+00 2.581131935119628906e+00
1.596240000000000103e+00 2.586306571960449219e+00
1.600076000000000054e+00 2.586306571960449219e+00
1.603072000000000052e+00 2.586306571960449219e+00
1.606899999999999995e+00 2.586306571960449219e+00
1.610740999999999978e+00 2.586306571960449219e+00
1.614597999999999978e+00 2.586306571960449219e+00
1.618408999999999986e+00 2.586306571960449219e+00
1.622251000000000110e+00 2.586306571960449219e+00
1.626160000000000050e+00 2.575957298278808594e+00
1.630139000000000005e+00 2.575957298278808594e+00
1.635971000000000064e+00 2.575957298278808594e+00
1.645140999999999964e+00 2.570782661437988281e+00
1.648783000000000110e+00 2.570782661437988281e+00
1.658743000000000078e+00 2.575957298278808594e+00
1.667658000000000085e+00 2.570782661437988281e+00
1.673491999999999980e+00 2.575957298278808594e+00
1.677405999999999953e+00 2.581131935119628906e+00
1.681278000000000050e+00 2.581131935119628906e+00
1.685181999999999958e+00 2.586306571960449219e+00
1.689046999999999965e+00 2.586306571960449219e+00
1.692911999999999972e+00 2.581131935119628906e+00
1.696809000000000012e+00 2.581131935119628906e+00
1.700684000000000085e+00 2.586306571960449219e+00
1.704577999999999927e+00 2.586306571960449219e+00
1.708429999999999893e+00 2.586306571960449219e+00
1.712321999999999900e+00 2.586306571960449219e+00
1.716261999999999954e+00 2.586306571960449219e+00
1.720150999999999986e+00 2.581131935119628906e+00
1.724088999999999983e+00 2.575957298278808594e+00
1.727970999999999924e+00 2.575957298278808594e+00
1.732037000000000049e+00 2.570782661437988281e+00
1.735986000000000029e+00 2.570782661437988281e+00
1.739894999999999969e+00 2.570782661437988281e+00
1.743848000000000065e+00 2.575957298278808594e+00
1.746896999999999922e+00 2.570782661437988281e+00
1.750706000000000095e+00 2.570782661437988281e+00
1.754791999999999907e+00 2.575957298278808594e+00
1.761227000000000098e+00 2.575957298278808594e+00
1.765206000000000053e+00 2.575957298278808594e+00
1.769104000000000010e+00 2.575957298278808594e+00
1.773033000000000081e+00 2.581131935119628906e+00
1.776936000000000071e+00 2.586306571960449219e+00
1.780874999999999986e+00 2.586306571960449219e+00
1.784826000000000024e+00 2.586306571960449219e+00
1.787868999999999930e+00 2.586306571960449219e+00
1.791765000000000052e+00 2.586306571960449219e+00
1.795749000000000040e+00 2.586306571960449219e+00
1.799649000000000054e+00 2.581131935119628906e+00
1.803631999999999902e+00 2.581131935119628906e+00
1.806645000000000056e+00 2.581131935119628906e+00
1.810464999999999991e+00 2.581131935119628906e+00
1.814421999999999979e+00 2.581131935119628906e+00
1.817449000000000092e+00 2.586306571960449219e+00
1.821256999999999904e+00 2.581131935119628906e+00
1.825213999999999892e+00 2.575957298278808594e+00
1.828251999999999988e+00 2.575957298278808594e+00
1.832133999999999929e+00 2.570782661437988281e+00
1.836135000000000073e+00 2.575957298278808594e+00
1.840108999999999995e+00 2.570782661437988281e+00
1.844133999999999940e+00 2.575957298278808594e+00
1.848087000000000035e+00 2.575957298278808594e+00
1.852044999999999941e+00 2.575957298278808594e+00
1.856071999999999944e+00 2.575957298278808594e+00
1.860042999999999891e+00 2.575957298278808594e+00
1.864055000000000017e+00 2.575957298278808594e+00
1.868174000000000001e+00 2.575957298278808594e+00
1.874565999999999955e+00 2.581131935119628906e+00
1.881831000000000031e+00 2.586306571960449219e+00
1.889248000000000038e+00 2.581131935119628906e+00
1.894473000000000074e+00 2.581131935119628906e+00
1.898638000000000048e+00 2.575957298278808594e+00
1.902608000000000077e+00 2.581131935119628906e+00
1.906581000000000081e+00 2.586306571960449219e+00
1.910539999999999905e+00 2.581131935119628906e+00
1.914717000000000002e+00 2.581131935119628906e+00
1.920879000000000003e+00 2.581131935119628906e+00
1.924854000000000065e+00 2.575957298278808594e+00
1.928876000000000035e+00 2.570782661437988281e+00
1.932927000000000062e+00 2.575957298278808594e+00
1.936933000000000016e+00 2.575957298278808594e+00
1.940957000000000043e+00 2.575957298278808594e+00
1.944984000000000046e+00 2.575957298278808594e+00
1.948970000000000091e+00 2.575957298278808594e+00
1.952987999999999946e+00 2.575957298278808594e+00
1.957024000000000097e+00 2.575957298278808594e+00
1.961057000000000050e+00 2.575957298278808594e+00
1.965117999999999920e+00 2.575957298278808594e+00
1.969152999999999931e+00 2.575957298278808594e+00
1.973187999999999942e+00 2.575957298278808594e+00
1.976285999999999987e+00 2.581131935119628906e+00
1.980215000000000058e+00 2.581131935119628906e+00
1.983505000000000074e+00 2.581131935119628906e+00
1.989532999999999996e+00 2.581131935119628906e+00
1.993789999999999951e+00 2.581131935119628906e+00
1.997856000000000076e+00 2.581131935119628906e+00
2.001900000000000013e+00 2.581131935119628906e+00
2.005027999999999810e+00 2.581131935119628906e+00
2.009036000000000044e+00 2.581131935119628906e+00
2.013097999999999832e+00 2.586306571960449219e+00
2.017133999999999983e+00 2.586306571960449219e+00
2.021177999999999919e+00 2.586306571960449219e+00
2.024268000000000178e+00 2.581131935119628906e+00
2.028224999999999945e+00 2.575957298278808594e+00
2.032367999999999952e+00 2.575957298278808594e+00
2.036506999999999845e+00 2.581131935119628906e+00
2.040582000000000118e+00 2.575957298278808594e+00
2.044672999999999963e+00 2.581131935119628906e+00
2.048744999999999816e+00 2.575957298278808594e+00
2.051826000000000150e+00 2.575957298278808594e+00
2.055842000000000169e+00 2.570782661437988281e+00
2.059914000000000023e+00 2.570782661437988281e+00
2.064144999999999897e+00 2.570782661437988281e+00
2.068201000000000178e+00 2.570782661437988281e+00
2.072292000000000023e+00 2.570782661437988281e+00
2.075441000000000091e+00 2.575957298278808594e+00
2.079419999999999824e+00 2.581131935119628906e+00
2.083550999999999931e+00 2.575957298278808594e+00
2.087594000000000172e+00 2.581131935119628906e+00
2.091689000000000132e+00 2.581131935119628906e+00
2.094831000000000110e+00 2.586306571960449219e+00
2.101201999999999792e+00 2.586306571960449219e+00
2.105571999999999999e+00 2.586306571960449219e+00
2.109675000000000189e+00 2.586306571960449219e+00
2.113833000000000073e+00 2.586306571960449219e+00
2.118361999999999856e+00 2.586306571960449219e+00
2.123254000000000197e+00 2.586306571960449219e+00
2.128197999999999812e+00 2.575957298278808594e+00
2.133119000000000209e+00 2.575957298278808594e+00
2.138339999999999907e+00 2.575957298278808594e+00
2.143203999999999887e+00 2.570782661437988281e+00
2.148245000000000182e+00 2.570782661437988281e+00
2.153154999999999930e+00 2.575957298278808594e+00
2.158107999999999915e+00 2.570782661437988281e+00
2.163056999999999785e+00 2.570782661437988281e+00
2.168028000000000066e+00 2.575957298278808594e+00
2.172947000000000184e+00 2.570782661437988281e+00
2.177893000000000079e+00 2.581131935119628906e+00
2.182811000000000057e+00 2.586306571960449219e+00
2.187819999999999876e+00 2.586306571960449219e+00
2.192750000000000199e+00 2.586306571960449219e+00
2.197797000000000001e+00 2.586306571960449219e+00
2.202723000000000209e+00 2.586306571960449219e+00
2.207739999999999814e+00 2.586306571960449219e+00
2.215107999999999855e+00 2.586306571960449219e+00
2.219536000000000175e+00 2.586306571960449219e+00
2.223749999999999893e+00 2.581131935119628906e+00
2.227916000000000007e+00 2.575957298278808594e+00
2.230995000000000061e+00 2.570782661437988281e+00
2.235079999999999956e+00 2.570782661437988281e+00
2.239400999999999975e+00 2.575957298278808594e+00
2.243609999999999882e+00 2.570782661437988281e+00
2.247799000000000103e+00 2.570782661437988281e+00
2.251970000000000027e+00 2.570782661437988281e+00
2.256205000000000016e+00 2.570782661437988281e+00
2.260372999999999966e+00 2.575957298278808594e+00
2.264581999999999873e+00 2.575957298278808594e+00
2.268758000000000052e+00 2.575957298278808594e+00
2.272943000000000158e+00 2.581131935119628906e+00
2.277114999999999778e+00 2.586306571960449219e+00
2.281318999999999875e+00 2.586306571960449219e+00
2.285575999999999830e+00 2.586306571960449219e+00
2.289766000000000190e+00 2.586306571960449219e+00
2.294017000000000195e+00 2.586306571960449219e+00
2.298205999999999971e+00 2.586306571960449219e+00
2.302404000000000117e+00 2.586306571960449219e+00
2.306629000000000040e+00 2.586306571960449219e+00
2.310820000000000096e+00 2.581131935119628906e+00
2.315055000000000085e+00 2.581131935119628906e+00
2.319245000000000001e+00 2.581131935119628906e+00
2.323704999999999909e+00 2.575957298278808594e+00
2.329934999999999867e+00 2.570782661437988281e+00
2.334423999999999833e+00 2.570782661437988281e+00
2.338722999999999885e+00 2.575957298278808594e+00
2.342925999999999842e+00 2.570782661437988281e+00
2.347131000000000078e+00 2.570782661437988281e+00
2.351358999999999977e+00 2.575957298278808594e+00
2.355633999999999784e+00 2.575957298278808594e+00
2.359830999999999790e+00 2.581131935119628906e+00
2.364098999999999950e+00 2.575957298278808594e+00
2.368329000000000129e+00 2.581131935119628906e+00
2.372557000000000027e+00 2.581131935119628906e+00
2.376759999999999984e+00 2.586306571960449219e+00
2.380980999999999792e+00 2.586306571960449219e+00
2.385228999999999822e+00 2.586306571960449219e+00
2.388424999999999798e+00 2.586306571960449219e+00
2.392549999999999955e+00 2.581131935119628906e+00
2.396758999999999862e+00 2.581131935119628906e+00
2.401003000000000220e+00 2.581131935119628906e+00
2.405244999999999855e+00 2.581131935119628906e+00
2.408437000000000161e+00 2.581131935119628906e+00
2.412567000000000128e+00 2.581131935119628906e+00
2.416796000000000166e+00 2.581131935119628906e+00
2.421043000000000056e+00 2.581131935119628906e+00
2.425330999999999904e+00 2.575957298278808594e+00
2.429591999999999974e+00 2.570782661437988281e+00
2.433892999999999862e+00 2.575957298278808594e+00
2.438143000000000171e+00 2.575957298278808594e+00
2.444707000000000185e+00 2.575957298278808594e+00
2.449211000000000027e+00 2.575957298278808594e+00
2.453513000000000055e+00 2.575957298278808594e+00
2.457784000000000191e+00 2.575957298278808594e+00
2.462041999999999842e+00 2.575957298278808594e+00
2.466368999999999811e+00 2.575957298278808594e+00
2.470619999999999816e+00 2.581131935119628906e+00
2.474864000000000175e+00 2.575957298278808594e+00
2.478069000000000077e+00 2.581131935119628906e+00
2.482251999999999903e+00 2.581131935119628906e+00
2.486609000000000069e+00 2.586306571960449219e+00
2.490895000000000081e+00 2.581131935119628906e+00
2.495182999999999929e+00 2.575957298278808594e+00
2.499468999999999941e+00 2.575957298278808594e+00
2.503817999999999877e+00 2.586306571960449219e+00
2.508112999999999815e+00 2.581131935119628906e+00
2.512413000000000007e+00 2.581131935119628906e+00
2.516694999999999904e+00 2.581131935119628906e+00
2.521012999999999948e+00 2.586306571960449219e+00
2.525306000000000051e+00 2.575957298278808594e+00
2.529602999999999824e+00 2.575957298278808594e+00
2.533964000000000105e+00 2.575957298278808594e+00
2.538291000000000075e+00 2.575957298278808594e+00
2.542634000000000061e+00 2.575957298278808594e+00
2.546882000000000090e+00 2.575957298278808594e+00
2.551203999999999805e+00 2.575957298278808594e+00
2.557871000000000006e+00 2.575957298278808594e+00
2.562453000000000092e+00 2.575957298278808594e+00
2.565644999999999953e+00 2.570782661437988281e+00
2.569869999999999877e+00 2.570782661437988281e+00
2.574266999999999861e+00 2.575957298278808594e+00
2.578587000000000184e+00 2.581131935119628906e+00
2.582908999999999899e+00 2.575957298278808594e+00
2.587247000000000074e+00 2.575957298278808594e+00
2.591588999999999920e+00 2.586306571960449219e+00
2.594844000000000150e+00 2.581131935119628906e+00
2.599073000000000189e+00 2.581131935119628906e+00
2.603454999999999853e+00 2.586306571960449219e+00
2.607807999999999904e+00 2.586306571960449219e+00
2.612121000000000137e+00 2.586306571960449219e+00
2.616490999999999900e+00 2.586306571960449219e+00
2.620833999999999886e+00 2.586306571960449219e+00
2.625214000000000159e+00 2.575957298278808594e+00
2.628454000000000068e+00 2.575957298278808594e+00
2.636798000000000197e+00 2.575957298278808594e+00
2.645983000000000196e+00 2.570782661437988281e+00
2.652365999999999779e+00 2.575957298278808594e+00
2.666548000000000140e+00 2.570782661437988281e+00
2.675380000000000091e+00 2.575957298278808594e+00
2.679704000000000086e+00 2.581131935119628906e+00
2.684210999999999903e+00 2.586306571960449219e+00
2.688628000000000018e+00 2.586306571960449219e+00
2.693052999999999919e+00 2.586306571960449219e+00
2.697484999999999911e+00 2.586306571960449219e+00
2.701906000000000141e+00 2.586306571960449219e+00
2.705217000000000205e+00 2.586306571960449219e+00
2.709548999999999985e+00 2.586306571960449219e+00
2.714020999999999795e+00 2.586306571960449219e+00
2.718456999999999901e+00 2.581131935119628906e+00
2.722909000000000024e+00 2.581131935119628906e+00
2.727371999999999908e+00 2.575957298278808594e+00
2.731787000000000187e+00 2.570782661437988281e+00
2.736276000000000153e+00 2.575957298278808594e+00
2.740717000000000070e+00 2.570782661437988281e+00
2.745176999999999978e+00 2.570782661437988281e+00
2.748495000000000132e+00 2.570782661437988281e+00
2.752893999999999952e+00 2.570782661437988281e+00
2.757349000000000050e+00 2.570782661437988281e+00
2.761762000000000050e+00 2.570782661437988281e+00
2.766275999999999957e+00 2.570782661437988281e+00
2.770729000000000219e+00 2.575957298278808594e+00
2.775192000000000103e+00 2.581131935119628906e+00
2.779652000000000012e+00 2.586306571960449219e+00
2.786344000000000154e+00 2.586306571960449219e+00
2.791030999999999818e+00 2.581131935119628906e+00
2.795463999999999949e+00 2.586306571960449219e+00
2.799900000000000055e+00 2.586306571960449219e+00
2.804346999999999923e+00 2.591481208801269531e+00
2.808797000000000210e+00 2.586306571960449219e+00
2.813245000000000218e+00 2.581131935119628906e+00
2.817671999999999954e+00 2.581131935119628906e+00
2.822105000000000086e+00 2.581131935119628906e+00
2.826610000000000067e+00 2.570782661437988281e+00
2.831065999999999860e+00 2.570782661437988281e+00
2.835510999999999893e+00 2.570782661437988281e+00
2.839949999999999974e+00 2.570782661437988281e+00
2.844459000000000071e+00 2.570782661437988281e+00
2.848936000000000135e+00 2.570782661437988281e+00
2.852237999999999829e+00 2.575957298278808594e+00
2.856659000000000059e+00 2.575957298278808594e+00
2.861121999999999943e+00 2.575957298278808594e+00
2.865654000000000146e+00 2.575957298278808594e+00
2.870103999999999989e+00 2.575957298278808594e+00
2.874544000000000210e+00 2.581131935119628906e+00
2.877817999999999987e+00 2.586306571960449219e+00
2.884628000000000192e+00 2.586306571960449219e+00
2.893177000000000110e+00 2.586306571960449219e+00
2.901828000000000074e+00 2.575957298278808594e+00
2.908567000000000125e+00 2.581131935119628906e+00
2.913155000000000161e+00 2.581131935119628906e+00
2.916478999999999822e+00 2.581131935119628906e+00
2.920920999999999879e+00 2.581131935119628906e+00
2.926607000000000181e+00 2.575957298278808594e+00
2.932081999999999855e+00 2.570782661437988281e+00
2.937622999999999873e+00 2.575957298278808594e+00
2.943106000000000222e+00 2.575957298278808594e+00
2.948672000000000182e+00 2.575957298278808594e+00
2.954292000000000140e+00 2.575957298278808594e+00
2.959778000000000020e+00 2.570782661437988281e+00
2.965294000000000096e+00 2.575957298278808594e+00
2.970793000000000017e+00 2.575957298278808594e+00
2.974661000000000222e+00 2.581131935119628906e+00
2.980196999999999985e+00 2.581131935119628906e+00
2.985708999999999946e+00 2.575957298278808594e+00
2.991219000000000072e+00 2.586306571960449219e+00
2.996823000000000015e+00 2.581131935119628906e+00
3.002324999999999910e+00 2.581131935119628906e+00
3.007836999999999872e+00 2.581131935119628906e+00
3.017005000000000159e+00 2.581131935119628906e+00
3.022431000000000090e+00 2.586306571960449219e+00
3.026959000000000177e+00 2.575957298278808594e+00
3.031470000000000109e+00 2.575957298278808594e+00
3.036061999999999816e+00 2.581131935119628906e+00
3.040585000000000093e+00 2.575957298278808594e+00
3.045123999999999942e+00 2.575957298278808594e+00
3.049636000000000013e+00 2.575957298278808594e+00
3.054227000000000025e+00 2.575957298278808594e+00
3.058775999999999939e+00 2.575957298278808594e+00
3.063318000000000207e+00 2.575957298278808594e+00
3.067864000000000146e+00 2.570782661437988281e+00
3.072417000000000176e+00 2.570782661437988281e+00
3.076941000000000148e+00 2.575957298278808594e+00
3.081468000000000096e+00 2.575957298278808594e+00
3.084870000000000001e+00 2.581131935119628906e+00
3.089329000000000214e+00 2.581131935119628906e+00
3.092696999999999807e+00 2.581131935119628906e+00
3.097217000000000109e+00 2.581131935119628906e+00
3.101755999999999958e+00 2.581131935119628906e+00
3.106533000000000211e+00 2.586306571960449219e+00
3.111086999999999936e+00 2.581131935119628906e+00
3.115721000000000185e+00 2.586306571960449219e+00
3.120229000000000141e+00 2.586306571960449219e+00
3.124801999999999857e+00 2.581131935119628906e+00
3.131923000000000012e+00 2.575957298278808594e+00
3.136658999999999864e+00 2.575957298278808594e+00
3.141223999999999794e+00 2.575957298278808594e+00
3.145900999999999836e+00 2.575957298278808594e+00
3.150431000000000203e+00 2.570782661437988281e+00
3.155032999999999976e+00 2.570782661437988281e+00
3.159597000000000211e+00 2.570782661437988281e+00
3.164245999999999892e+00 2.570782661437988281e+00
3.168836000000000208e+00 2.570782661437988281e+00
3.173448000000000047e+00 2.575957298278808594e+00
3.178046000000000149e+00 2.581131935119628906e+00
3.182650000000000201e+00 2.575957298278808594e+00
3.187235999999999958e+00 2.581131935119628906e+00
3.191813999999999929e+00 2.581131935119628906e+00
3.196451999999999849e+00 2.586306571960449219e+00
3.201010000000000133e+00 2.581131935119628906e+00
3.205613000000000046e+00 2.586306571960449219e+00
3.210231999999999974e+00 2.586306571960449219e+00
3.214834000000000191e+00 2.581131935119628906e+00
3.219406999999999908e+00 2.586306571960449219e+00
3.224054999999999893e+00 2.581131935119628906e+00
3.227447000000000177e+00 2.575957298278808594e+00
3.231946000000000208e+00 2.570782661437988281e+00
3.236606000000000094e+00 2.575957298278808594e+00
3.241322999999999954e+00 2.575957298278808594e+00
3.248045999999999989e+00 2.570782661437988281e+00
3.251578999999999997e+00 2.575957298278808594e+00
3.256216000000000221e+00 2.575957298278808594e+00
3.260841999999999796e+00 2.570782661437988281e+00
3.265470000000000095e+00 2.570782661437988281e+00
3.270077000000000123e+00 2.570782661437988281e+00
3.273442999999999881e+00 2.575957298278808594e+00
3.277988999999999820e+00 2.586306571960449219e+00
3.282617000000000118e+00 2.586306571960449219e+00
3.287244999999999973e+00 2.586306571960449219e+00
3.290646999999999878e+00 2.586306571960449219e+00
3.295218000000000202e+00 2.586306571960449219e+00
3.299844000000000221e+00 2.586306571960449219e+00
3.304507000000000083e+00 2.586306571960449219e+00
3.309147999999999978e+00 2.581131935119628906e+00
3.313855999999999913e+00 2.581131935119628906e+00
3.318484999999999907e+00 2.581131935119628906e+00
3.323144999999999794e+00 2.581131935119628906e+00
3.327806999999999960e+00 2.575957298278808594e+00
3.332450999999999830e+00 2.570782661437988281e+00
3.335866000000000220e+00 2.570782661437988281e+00
3.340412000000000159e+00 2.570782661437988281e+00
3.343837999999999866e+00 2.575957298278808594e+00
3.348412999999999862e+00 2.570782661437988281e+00
3.353060000000000151e+00 2.570782661437988281e+00
3.357877999999999918e+00 2.575957298278808594e+00
3.365031000000000105e+00 2.575957298278808594e+00
3.369725999999999999e+00 2.575957298278808594e+00
3.374493999999999883e+00 2.581131935119628906e+00
3.379160999999999859e+00 2.586306571960449219e+00
3.383885999999999949e+00 2.586306571960449219e+00
3.388571000000000222e+00 2.586306571960449219e+00
3.393247999999999820e+00 2.586306571960449219e+00
3.397876000000000118e+00 2.586306571960449219e+00
3.402706999999999926e+00 2.586306571960449219e+00
3.407674000000000092e+00 2.581131935119628906e+00
3.412374999999999936e+00 2.581131935119628906e+00
3.417021000000000086e+00 2.581131935119628906e+00
3.421701000000000104e+00 2.581131935119628906e+00
3.426769000000000176e+00 2.570782661437988281e+00
3.431477000000000110e+00 2.570782661437988281e+00
3.436262000000000150e+00 2.570782661437988281e+00
3.439674000000000120e+00 2.575957298278808594e+00
3.444347000000000047e+00 2.570782661437988281e+00
3.449040999999999801e+00 2.575957298278808594e+00
3.453805000000000014e+00 2.575957298278808594e+00
3.458575000000000177e+00 2.575957298278808594e+00
3.463315000000000143e+00 2.575957298278808594e+00
3.468024999999999913e+00 2.575957298278808594e+00
3.474991999999999859e+00 2.581131935119628906e+00
3.479935999999999918e+00 2.581131935119628906e+00
3.484700000000000131e+00 2.581131935119628906e+00
3.489430000000000032e+00 2.581131935119628906e+00
3.494225000000000136e+00 2.575957298278808594e+00
3.497644999999999893e+00 2.581131935119628906e+00
3.502324000000000215e+00 2.581131935119628906e+00
3.507083999999999868e+00 2.581131935119628906e+00
3.511839999999999851e+00 2.586306571960449219e+00
3.516630999999999840e+00 2.581131935119628906e+00
3.520103000000000204e+00 2.581131935119628906e+00
3.524764999999999926e+00 2.575957298278808594e+00
3.529507999999999868e+00 2.575957298278808594e+00
3.534317999999999849e+00 2.581131935119628906e+00
3.539099999999999913e+00 2.575957298278808594e+00
3.543897999999999993e+00 2.575957298278808594e+00
3.548659999999999926e+00 2.575957298278808594e+00
3.553460999999999981e+00 2.575957298278808594e+00
3.558286999999999978e+00 2.575957298278808594e+00
3.563047000000000075e+00 2.575957298278808594e+00
3.567800000000000082e+00 2.570782661437988281e+00
3.572560999999999876e+00 2.570782661437988281e+00
3.577316999999999858e+00 2.581131935119628906e+00
3.582161000000000151e+00 2.581131935119628906e+00
3.589439000000000046e+00 2.581131935119628906e+00
3.594301999999999886e+00 2.581131935119628906e+00
3.599089000000000205e+00 2.581131935119628906e+00
3.603924000000000127e+00 2.581131935119628906e+00
3.608699000000000101e+00 2.581131935119628906e+00
3.613532999999999884e+00 2.581131935119628906e+00
3.618325000000000014e+00 2.586306571960449219e+00
3.623082000000000136e+00 2.581131935119628906e+00
3.627893999999999952e+00 2.575957298278808594e+00
3.632928000000000157e+00 2.575957298278808594e+00
3.639473999999999876e+00 2.575957298278808594e+00
3.648379999999999956e+00 2.575957298278808594e+00
3.653157000000000210e+00 2.570782661437988281e+00
3.657953000000000010e+00 2.575957298278808594e+00
3.662862000000000062e+00 2.570782661437988281e+00
3.670555999999999930e+00 2.575957298278808594e+00
3.677629000000000037e+00 2.581131935119628906e+00
3.685214000000000212e+00 2.575957298278808594e+00
3.690180999999999933e+00 2.581131935119628906e+00
3.697274000000000171e+00 2.581131935119628906e+00
3.702345999999999915e+00 2.586306571960449219e+00
3.707225000000000215e+00 2.586306571960449219e+00
3.712037000000000031e+00 2.586306571960449219e+00
3.716928999999999927e+00 2.586306571960449219e+00
3.723001000000000005e+00 2.586306571960449219e+00
3.727895999999999876e+00 2.575957298278808594e+00
3.732718000000000202e+00 2.570782661437988281e+00
3.737604000000000148e+00 2.575957298278808594e+00
3.742429000000000006e+00 2.570782661437988281e+00
3.747281000000000084e+00 2.570782661437988281e+00
3.752104000000000106e+00 2.570782661437988281e+00
3.757035000000000124e+00 2.570782661437988281e+00
3.761956000000000078e+00 2.575957298278808594e+00
3.766898999999999997e+00 2.570782661437988281e+00
3.771732999999999780e+00 2.570782661437988281e+00
3.776597000000000204e+00 2.581131935119628906e+00
3.781423999999999896e+00 2.581131935119628906e+00
3.786341999999999874e+00 2.586306571960449219e+00
3.791189999999999838e+00 2.581131935119628906e+00
3.796110999999999791e+00 2.586306571960449219e+00
3.800940000000000207e+00 2.581131935119628906e+00
3.806017000000000206e+00 2.586306571960449219e+00
3.812896999999999981e+00 2.586306571960449219e+00
3.817902000000000129e+00 2.581131935119628906e+00
3.822757000000000183e+00 2.581131935119628906e+00
3.827640000000000153e+00 2.570782661437988281e+00
3.832510999999999779e+00 2.570782661437988281e+00
3.837323000000000039e+00 2.570782661437988281e+00
3.842147000000000201e+00 2.570782661437988281e+00
3.847091999999999956e+00 2.570782661437988281e+00
3.851958000000000215e+00 2.570782661437988281e+00
3.856894000000000045e+00 2.570782661437988281e+00
3.861758000000000024e+00 2.570782661437988281e+00
3.866709999999999869e+00 2.570782661437988281e+00
3.872395000000000032e+00 2.575957298278808594e+00
3.877259000000000011e+00 2.581131935119628906e+00
3.882141999999999982e+00 2.586306571960449219e+00
3.889501000000000097e+00 2.586306571960449219e+00
3.896567999999999810e+00 2.586306571960449219e+00
3.903788000000000036e+00 2.581131935119628906e+00
3.909870000000000179e+00 2.581131935119628906e+00
3.914836999999999900e+00 2.581131935119628906e+00
3.921273999999999926e+00 2.581131935119628906e+00
3.928833000000000020e+00 2.570782661437988281e+00
3.934076000000000128e+00 2.570782661437988281e+00
3.938944999999999919e+00 2.575957298278808594e+00
3.943852999999999831e+00 2.575957298278808594e+00
3.948723999999999901e+00 2.570782661437988281e+00
3.953682000000000141e+00 2.575957298278808594e+00
3.958560999999999996e+00 2.575957298278808594e+00
3.961983000000000033e+00 2.575957298278808594e+00
3.966870999999999814e+00 2.575957298278808594e+00
3.971725000000000172e+00 2.575957298278808594e+00
3.976655000000000051e+00 2.581131935119628906e+00
3.981583999999999790e+00 2.586306571960449219e+00
3.986540999999999890e+00 2.586306571960449219e+00
3.990035999999999916e+00 2.575957298278808594e+00
3.994812000000000030e+00 2.581131935119628906e+00
3.998467000000000215e+00 2.581131935119628906e+00
4.003273000000000081e+00 2.581131935119628906e+00
4.008271999999999835e+00 2.581131935119628906e+00
4.013162999999999592e+00 2.581131935119628906e+00
4.016697999999999880e+00 2.581131935119628906e+00
4.021499000000000379e+00 2.581131935119628906e+00
4.026450999999999780e+00 2.570782661437988281e+00
4.031336999999999726e+00 2.575957298278808594e+00
4.038588999999999984e+00 2.575957298278808594e+00
4.043779999999999930e+00 2.575957298278808594e+00
4.048738000000000170e+00 2.570782661437988281e+00
4.053742999999999874e+00 2.575957298278808594e+00
4.058702000000000254e+00 2.575957298278808594e+00
4.063736999999999711e+00 2.570782661437988281e+00
4.068719999999999892e+00 2.570782661437988281e+00
4.072305000000000064e+00 2.570782661437988281e+00
4.077239999999999753e+00 2.575957298278808594e+00
4.082216999999999985e+00 2.575957298278808594e+00
4.085867999999999611e+00 2.581131935119628906e+00
4.090741999999999656e+00 2.581131935119628906e+00
4.095701000000000036e+00 2.581131935119628906e+00
4.100691999999999560e+00 2.581131935119628906e+00
4.104256999999999600e+00 2.575957298278808594e+00
4.109117000000000353e+00 2.581131935119628906e+00
4.112696999999999825e+00 2.581131935119628906e+00
4.117623000000000033e+00 2.586306571960449219e+00
4.122601000000000404e+00 2.586306571960449219e+00
4.127536000000000094e+00 2.575957298278808594e+00
4.132475000000000342e+00 2.575957298278808594e+00
4.136055999999999955e+00 2.575957298278808594e+00
4.140892000000000017e+00 2.575957298278808594e+00
4.145920000000000272e+00 2.575957298278808594e+00
4.153049000000000213e+00 2.575957298278808594e+00
4.158278000000000141e+00 2.570782661437988281e+00
4.163268999999999664e+00 2.570782661437988281e+00
4.168261000000000216e+00 2.570782661437988281e+00
4.173214999999999897e+00 2.575957298278808594e+00
4.178189999999999849e+00 2.581131935119628906e+00
4.183174000000000170e+00 2.581131935119628906e+00
4.188121999999999900e+00 2.581131935119628906e+00
4.193069999999999631e+00 2.581131935119628906e+00
4.196627000000000329e+00 2.581131935119628906e+00
4.201502999999999766e+00 2.581131935119628906e+00
4.206541999999999781e+00 2.586306571960449219e+00
4.211520000000000152e+00 2.581131935119628906e+00
4.216622000000000092e+00 2.581131935119628906e+00
4.221650999999999598e+00 2.581131935119628906e+00
4.226753000000000426e+00 2.570782661437988281e+00
4.230432000000000414e+00 2.575957298278808594e+00
4.235356000000000343e+00 2.575957298278808594e+00
4.240332000000000434e+00 2.575957298278808594e+00
4.245858000000000132e+00 2.570782661437988281e+00
4.250875999999999877e+00 2.570782661437988281e+00
4.256090000000000373e+00 2.570782661437988281e+00
4.261128000000000249e+00 2.570782661437988281e+00
4.268576999999999622e+00 2.570782661437988281e+00
4.274090000000000167e+00 2.575957298278808594e+00
4.279181999999999597e+00 2.581131935119628906e+00
4.284291999999999767e+00 2.581131935119628906e+00
4.289353000000000193e+00 2.586306571960449219e+00
4.294472999999999985e+00 2.586306571960449219e+00
4.299544000000000032e+00 2.581131935119628906e+00
4.304740999999999929e+00 2.586306571960449219e+00
4.309789999999999566e+00 2.586306571960449219e+00
4.314879000000000353e+00 2.586306571960449219e+00
4.319955000000000211e+00 2.586306571960449219e+00
4.325032000000000210e+00 2.575957298278808594e+00
4.330072999999999617e+00 2.570782661437988281e+00
4.333648000000000167e+00 2.570782661437988281e+00
4.338645999999999781e+00 2.575957298278808594e+00
4.342266999999999655e+00 2.575957298278808594e+00
4.345856999999999637e+00 2.570782661437988281e+00
4.350836000000000148e+00 2.570782661437988281e+00
4.355991000000000390e+00 2.570782661437988281e+00
4.361074999999999591e+00 2.570782661437988281e+00
4.366233000000000253e+00 2.570782661437988281e+00
4.369841000000000086e+00 2.575957298278808594e+00
4.374855000000000160e+00 2.581131935119628906e+00
4.384863000000000177e+00 2.581131935119628906e+00
4.390310999999999630e+00 2.581131935119628906e+00
4.395451000000000441e+00 2.586306571960449219e+00
4.399038000000000004e+00 2.581131935119628906e+00
4.404098000000000290e+00 2.581131935119628906e+00
4.409213000000000271e+00 2.581131935119628906e+00
4.414373000000000324e+00 2.581131935119628906e+00
4.419461000000000084e+00 2.581131935119628906e+00
4.424659000000000120e+00 2.575957298278808594e+00
4.429734999999999978e+00 2.570782661437988281e+00
4.433485000000000120e+00 2.570782661437988281e+00
4.439834000000000280e+00 2.570782661437988281e+00
4.446274999999999977e+00 2.570782661437988281e+00
4.452656000000000169e+00 2.575957298278808594e+00
4.459131000000000178e+00 2.575957298278808594e+00
4.465544999999999654e+00 2.575957298278808594e+00
4.471972000000000058e+00 2.575957298278808594e+00
4.478467000000000198e+00 2.586306571960449219e+00
4.484945999999999877e+00 2.581131935119628906e+00
4.491382999999999903e+00 2.581131935119628906e+00
4.501280999999999644e+00 2.575957298278808594e+00
4.507964000000000304e+00 2.581131935119628906e+00
4.514459999999999695e+00 2.575957298278808594e+00
4.520885999999999960e+00 2.581131935119628906e+00
4.527415999999999663e+00 2.575957298278808594e+00
4.533595000000000041e+00 2.575957298278808594e+00
4.538714999999999833e+00 2.570782661437988281e+00
4.543918999999999819e+00 2.575957298278808594e+00
4.549091999999999913e+00 2.570782661437988281e+00
4.554306999999999661e+00 2.575957298278808594e+00
4.559470000000000134e+00 2.570782661437988281e+00
4.564691999999999972e+00 2.575957298278808594e+00
4.569879000000000246e+00 2.575957298278808594e+00
4.575044000000000111e+00 2.581131935119628906e+00
4.578802999999999734e+00 2.581131935119628906e+00
4.583911999999999765e+00 2.575957298278808594e+00
4.589106000000000130e+00 2.581131935119628906e+00
4.594345999999999819e+00 2.581131935119628906e+00
4.599508000000000152e+00 2.575957298278808594e+00
4.604735999999999940e+00 2.581131935119628906e+00
4.609924000000000355e+00 2.581131935119628906e+00
4.617414000000000129e+00 2.581131935119628906e+00
4.622874999999999623e+00 2.586306571960449219e+00
4.628084999999999560e+00 2.575957298278808594e+00
4.633274000000000115e+00 2.575957298278808594e+00
4.638917000000000179e+00 2.575957298278808594e+00
4.648494000000000348e+00 2.575957298278808594e+00
4.657988999999999713e+00 2.575957298278808594e+00
4.666813999999999574e+00 2.570782661437988281e+00
4.676836999999999911e+00 2.570782661437988281e+00
4.683753000000000277e+00 2.575957298278808594e+00
4.689076000000000022e+00 2.575957298278808594e+00
4.694377000000000244e+00 2.575957298278808594e+00
4.699576999999999671e+00 2.575957298278808594e+00
4.703280000000000349e+00 2.581131935119628906e+00
4.708453999999999695e+00 2.586306571960449219e+00
4.713748999999999967e+00 2.586306571960449219e+00
4.718944999999999723e+00 2.581131935119628906e+00
4.724268999999999608e+00 2.581131935119628906e+00
4.731811000000000433e+00 2.575957298278808594e+00
4.737384999999999735e+00 2.575957298278808594e+00
4.742573000000000150e+00 2.570782661437988281e+00
4.746227000000000196e+00 2.570782661437988281e+00
4.749829000000000079e+00 2.570782661437988281e+00
4.754944000000000059e+00 2.570782661437988281e+00
4.760175000000000267e+00 2.570782661437988281e+00
4.763856999999999786e+00 2.570782661437988281e+00
4.769047999999999732e+00 2.570782661437988281e+00
4.774357000000000184e+00 2.575957298278808594e+00
4.778026999999999802e+00 2.581131935119628906e+00
4.783371999999999957e+00 2.575957298278808594e+00
4.788561999999999763e+00 2.581131935119628906e+00
4.793876000000000026e+00 2.586306571960449219e+00
4.799120000000000275e+00 2.586306571960449219e+00
4.804416999999999938e+00 2.586306571960449219e+00
4.809702999999999840e+00 2.586306571960449219e+00
4.814976999999999840e+00 2.586306571960449219e+00
4.818649999999999878e+00 2.581131935119628906e+00
4.823839000000000432e+00 2.581131935119628906e+00
4.829098000000000113e+00 2.570782661437988281e+00
4.834401999999999866e+00 2.570782661437988281e+00
4.839662999999999826e+00 2.570782661437988281e+00
4.847322000000000131e+00 2.570782661437988281e+00
4.852927000000000213e+00 2.570782661437988281e+00
4.858221999999999596e+00 2.570782661437988281e+00
4.863542999999999950e+00 2.570782661437988281e+00
4.868831000000000131e+00 2.570782661437988281e+00
4.874206000000000039e+00 2.575957298278808594e+00
4.879475000000000229e+00 2.586306571960449219e+00
4.884819000000000244e+00 2.586306571960449219e+00
4.888855000000000395e+00 2.581131935119628906e+00
4.900413999999999604e+00 2.581131935119628906e+00
4.909046000000000021e+00 2.586306571960449219e+00
4.916460999999999970e+00 2.575957298278808594e+00
4.922068000000000332e+00 2.575957298278808594e+00
4.925849000000000366e+00 2.575957298278808594e+00
4.931072999999999595e+00 2.570782661437988281e+00
4.936474999999999724e+00 2.570782661437988281e+00
4.941793999999999798e+00 2.570782661437988281e+00
4.947193000000000396e+00 2.570782661437988281e+00
4.952532999999999852e+00 2.570782661437988281e+00
4.960109000000000101e+00 2.575957298278808594e+00
4.965692999999999913e+00 2.570782661437988281e+00
4.971011999999999986e+00 2.570782661437988281e+00
4.976390999999999565e+00 2.581131935119628906e+00
4.981720000000000148e+00 2.581131935119628906e+00
4.987102000000000146e+00 2.581131935119628906e+00
4.992560000000000109e+00 2.586306571960449219e+00
4.996285000000000309e+00 2.581131935119628906e+00
5.001521000000000328e+00 2.575957298278808594e+00
5.006897000000000375e+00 2.575957298278808594e+00
5.010644000000000098e+00 2.581131935119628906e+00
5.014238999999999891e+00 2.575957298278808594e+00
5.019559000000000104e+00 2.581131935119628906e+00
5.024957999999999814e+00 2.575957298278808594e+00
5.030280999999999558e+00 2.570782661437988281e+00
5.035617000000000232e+00 2.570782661437988281e+00
5.040976999999999819e+00 2.575957298278808594e+00
5.046383999999999759e+00 2.575957298278808594e+00
5.051725000000000243e+00 2.570782661437988281e+00
5.057120000000000282e+00 2.575957298278808594e+00
5.062432000000000265e+00 2.575957298278808594e+00
5.067783000000000371e+00 2.575957298278808594e+00
5.075796000000000419e+00 2.581131935119628906e+00
5.081191999999999709e+00 2.581131935119628906e+00
5.086657999999999902e+00 2.581131935119628906e+00
5.092073000000000071e+00 2.581131935119628906e+00
5.095864999999999867e+00 2.581131935119628906e+00
5.101166000000000089e+00 2.581131935119628906e+00
5.106639999999999624e+00 2.581131935119628906e+00
5.112027000000000321e+00 2.581131935119628906e+00
5.115836999999999968e+00 2.575957298278808594e+00
5.121146000000000420e+00 2.586306571960449219e+00
5.126596000000000153e+00 2.575957298278808594e+00
5.131992999999999583e+00 2.575957298278808594e+00
5.137455000000000105e+00 2.570782661437988281e+00
5.142862000000000045e+00 2.570782661437988281e+00
5.146641999999999939e+00 2.575957298278808594e+00
5.151913999999999660e+00 2.570782661437988281e+00
5.157329999999999970e+00 2.575957298278808594e+00
5.162716999999999778e+00 2.570782661437988281e+00
5.168143999999999849e+00 2.570782661437988281e+00
5.173614999999999853e+00 2.575957298278808594e+00
5.178988999999999621e+00 2.581131935119628906e+00
5.186753000000000391e+00 2.575957298278808594e+00
5.192440000000000389e+00 2.575957298278808594e+00
5.197860000000000369e+00 2.581131935119628906e+00
5.201693999999999818e+00 2.575957298278808594e+00
5.205446000000000240e+00 2.581131935119628906e+00
5.210848999999999620e+00 2.586306571960449219e+00
5.216407000000000238e+00 2.581131935119628906e+00
5.221833000000000169e+00 2.586306571960449219e+00
5.225680999999999798e+00 2.575957298278808594e+00
5.231035999999999575e+00 2.575957298278808594e+00
5.234877000000000002e+00 2.575957298278808594e+00
5.240267000000000230e+00 2.575957298278808594e+00
5.245737000000000094e+00 2.570782661437988281e+00
5.251221000000000139e+00 2.570782661437988281e+00
5.256675999999999682e+00 2.565608024597167969e+00
5.262114999999999654e+00 2.570782661437988281e+00
5.267597000000000307e+00 2.570782661437988281e+00
5.272997000000000156e+00 2.570782661437988281e+00
5.278443000000000218e+00 2.581131935119628906e+00
5.283966000000000385e+00 2.575957298278808594e+00
5.289443999999999591e+00 2.581131935119628906e+00
5.294974999999999987e+00 2.586306571960449219e+00
5.302610999999999741e+00 2.581131935119628906e+00
5.308190999999999882e+00 2.581131935119628906e+00
5.313692999999999778e+00 2.581131935119628906e+00
5.319148000000000209e+00 2.581131935119628906e+00
5.324675000000000047e+00 2.581131935119628906e+00
5.328488000000000113e+00 2.575957298278808594e+00
5.333897999999999584e+00 2.570782661437988281e+00
5.339355000000000295e+00 2.575957298278808594e+00
5.344941000000000386e+00 2.570782661437988281e+00
5.350406999999999691e+00 2.570782661437988281e+00
5.355883000000000393e+00 2.570782661437988281e+00
5.361328000000000316e+00 2.570782661437988281e+00
5.366888000000000325e+00 2.570782661437988281e+00
5.372353000000000378e+00 2.570782661437988281e+00
5.377837999999999674e+00 2.581131935119628906e+00
5.383263999999999605e+00 2.581131935119628906e+00
5.388779999999999681e+00 2.581131935119628906e+00
5.394407000000000174e+00 2.586306571960449219e+00
5.399905999999999651e+00 2.581131935119628906e+00
5.405382000000000353e+00 2.586306571960449219e+00
5.410884000000000249e+00 2.586306571960449219e+00
5.418699000000000154e+00 2.575957298278808594e+00
5.424553999999999654e+00 2.575957298278808594e+00
5.430055000000000298e+00 2.570782661437988281e+00
5.433887000000000356e+00 2.570782661437988281e+00
5.437636999999999610e+00 2.570782661437988281e+00
5.443051999999999779e+00 2.570782661437988281e+00
5.446833999999999953e+00 2.570782661437988281e+00
5.452284999999999826e+00 2.570782661437988281e+00
5.457876999999999867e+00 2.575957298278808594e+00
5.463462999999999958e+00 2.575957298278808594e+00
5.469001999999999697e+00 2.570782661437988281e+00
5.474577000000000027e+00 2.575957298278808594e+00
5.480134999999999756e+00 2.586306571960449219e+00
5.485687999999999676e+00 2.581131935119628906e+00
5.491189999999999571e+00 2.586306571960449219e+00
5.496851000000000376e+00 2.581131935119628906e+00
5.500815000000000232e+00 2.575957298278808594e+00
5.506312000000000317e+00 2.581131935119628906e+00
5.511828999999999645e+00 2.581131935119628906e+00
5.517408999999999786e+00 2.575957298278808594e+00
5.522940000000000182e+00 2.581131935119628906e+00
5.528558000000000305e+00 2.570782661437988281e+00
5.536183000000000298e+00 2.570782661437988281e+00
5.541979999999999684e+00 2.570782661437988281e+00
5.547606000000000037e+00 2.575957298278808594e+00
5.553105000000000402e+00 2.570782661437988281e+00
5.558647999999999811e+00 2.570782661437988281e+00
5.564206000000000429e+00 2.575957298278808594e+00
5.569740000000000357e+00 2.570782661437988281e+00
5.575288999999999717e+00 2.575957298278808594e+00
5.580836999999999826e+00 2.586306571960449219e+00
5.586448999999999998e+00 2.575957298278808594e+00
5.592031999999999670e+00 2.575957298278808594e+00
5.597647000000000261e+00 2.575957298278808594e+00
5.603259000000000434e+00 2.575957298278808594e+00
5.608817000000000164e+00 2.575957298278808594e+00
5.614474000000000409e+00 2.581131935119628906e+00
5.620033000000000278e+00 2.581131935119628906e+00
5.625626999999999711e+00 2.575957298278808594e+00
5.631213999999999942e+00 2.570782661437988281e+00
5.636855999999999867e+00 2.570782661437988281e+00
5.642947999999999631e+00 2.570782661437988281e+00
5.651386999999999716e+00 2.570782661437988281e+00
5.664493000000000222e+00 2.575957298278808594e+00
5.670213000000000392e+00 2.570782661437988281e+00
5.682451000000000363e+00 2.581131935119628906e+00
5.689748999999999945e+00 2.575957298278808594e+00
5.694664000000000392e+00 2.575957298278808594e+00
5.700402999999999665e+00 2.575957298278808594e+00
5.705276999999999710e+00 2.575957298278808594e+00
5.710992000000000068e+00 2.581131935119628906e+00
5.715850999999999793e+00 2.581131935119628906e+00
5.721587000000000423e+00 2.586306571960449219e+00
5.726429000000000435e+00 2.575957298278808594e+00
5.732147000000000325e+00 2.570782661437988281e+00
5.737008000000000330e+00 2.570782661437988281e+00
5.742738000000000120e+00 2.570782661437988281e+00
5.749189999999999579e+00 2.570782661437988281e+00
5.754837000000000202e+00 2.570782661437988281e+00
5.760416000000000203e+00 2.570782661437988281e+00
5.768316000000000443e+00 2.570782661437988281e+00
5.774225999999999637e+00 2.575957298278808594e+00
5.779838999999999949e+00 2.575957298278808594e+00
5.785449999999999982e+00 2.581131935119628906e+00
5.791071999999999775e+00 2.581131935119628906e+00
5.796751000000000431e+00 2.581131935119628906e+00
5.802380000000000315e+00 2.581131935119628906e+00
5.806480999999999781e+00 2.586306571960449219e+00
5.812091999999999814e+00 2.581131935119628906e+00
5.816159999999999997e+00 2.581131935119628906e+00
5.820049000000000028e+00 2.581131935119628906e+00
5.825825000000000031e+00 2.575957298278808594e+00
5.830625000000000391e+00 2.570782661437988281e+00
5.834696000000000105e+00 2.570782661437988281e+00
5.840453000000000117e+00 2.570782661437988281e+00
5.845422000000000118e+00 2.570782661437988281e+00
5.851107999999999976e+00 2.570782661437988281e+00
5.856841000000000186e+00 2.570782661437988281e+00
5.862464000000000119e+00 2.570782661437988281e+00
5.868071999999999733e+00 2.570782661437988281e+00
5.873757999999999591e+00 2.570782661437988281e+00
5.877634999999999721e+00 2.586306571960449219e+00
5.885480000000000267e+00 2.581131935119628906e+00
5.891341999999999857e+00 2.586306571960449219e+00
5.899464000000000041e+00 2.586306571960449219e+00
5.911565000000000403e+00 2.581131935119628906e+00
5.920471000000000039e+00 2.581131935119628906e+00
5.926129999999999676e+00 2.575957298278808594e+00
5.931803999999999633e+00 2.570782661437988281e+00
5.938932999999999574e+00 2.570782661437988281e+00
5.945632999999999946e+00 2.570782661437988281e+00
5.952790000000000248e+00 2.570782661437988281e+00
5.960113999999999912e+00 2.570782661437988281e+00
5.967360000000000220e+00 2.570782661437988281e+00
5.974663999999999753e+00 2.575957298278808594e+00
5.981817000000000384e+00 2.581131935119628906e+00
5.989086000000000354e+00 2.581131935119628906e+00
5.996285000000000309e+00 2.581131935119628906e+00
6.007234999999999658e+00 2.581131935119628906e+00
6.014749000000000123e+00 2.575957298278808594e+00
6.021943000000000268e+00 2.575957298278808594e+00
6.029195999999999778e+00 2.570782661437988281e+00
6.036421999999999954e+00 2.570782661437988281e+00
6.043764000000000358e+00 2.570782661437988281e+00
6.047856000000000343e+00 2.570782661437988281e+00
6.053479000000000276e+00 2.570782661437988281e+00
6.059196000000000026e+00 2.570782661437988281e+00
6.064932999999999907e+00 2.575957298278808594e+00
6.070594999999999963e+00 2.575957298278808594e+00
6.076350999999999836e+00 2.586306571960449219e+00
6.082040000000000113e+00 2.586306571960449219e+00
6.087829000000000157e+00 2.581131935119628906e+00
6.093557999999999808e+00 2.575957298278808594e+00
6.099250999999999756e+00 2.575957298278808594e+00
6.105017000000000138e+00 2.575957298278808594e+00
6.110687999999999676e+00 2.575957298278808594e+00
6.116545000000000343e+00 2.581131935119628906e+00
6.124541999999999931e+00 2.575957298278808594e+00
6.130365000000000286e+00 2.570782661437988281e+00
6.136090000000000266e+00 2.575957298278808594e+00
6.141791999999999696e+00 2.575957298278808594e+00
6.147578000000000209e+00 2.575957298278808594e+00
6.153298000000000378e+00 2.575957298278808594e+00
6.159008000000000038e+00 2.575957298278808594e+00
6.164785000000000181e+00 2.570782661437988281e+00
6.170493999999999701e+00 2.570782661437988281e+00
6.176331000000000238e+00 2.570782661437988281e+00
6.182452999999999754e+00 2.575957298278808594e+00
6.188213000000000186e+00 2.575957298278808594e+00
6.193994000000000000e+00 2.575957298278808594e+00
6.199751000000000012e+00 2.575957298278808594e+00
6.205492999999999704e+00 2.581131935119628906e+00
6.209469000000000349e+00 2.575957298278808594e+00
6.215169000000000388e+00 2.581131935119628906e+00
6.220992999999999995e+00 2.581131935119628906e+00
6.225031999999999677e+00 2.575957298278808594e+00
6.230666000000000260e+00 2.575957298278808594e+00
6.238667000000000407e+00 2.570782661437988281e+00
6.244730999999999810e+00 2.570782661437988281e+00
6.248625999999999792e+00 2.570782661437988281e+00
6.254342000000000290e+00 2.570782661437988281e+00
6.260070999999999941e+00 2.570782661437988281e+00
6.265850000000000364e+00 2.570782661437988281e+00
6.271582999999999686e+00 2.570782661437988281e+00
6.277388000000000190e+00 2.575957298278808594e+00
6.283145000000000202e+00 2.575957298278808594e+00
6.288941999999999588e+00 2.581131935119628906e+00
6.294761000000000273e+00 2.581131935119628906e+00
6.300506000000000384e+00 2.581131935119628906e+00
6.306428999999999618e+00 2.581131935119628906e+00
6.312217000000000411e+00 2.581131935119628906e+00
6.316267999999999994e+00 2.581131935119628906e+00
6.321947999999999901e+00 2.586306571960449219e+00
6.327792999999999779e+00 2.575957298278808594e+00
6.333626999999999896e+00 2.570782661437988281e+00
6.339387999999999579e+00 2.575957298278808594e+00
6.345167000000000002e+00 2.570782661437988281e+00
6.353260999999999825e+00 2.570782661437988281e+00
6.359122000000000163e+00 2.570782661437988281e+00
6.364982000000000362e+00 2.570782661437988281e+00
6.370778999999999748e+00 2.570782661437988281e+00
6.376602000000000103e+00 2.575957298278808594e+00
6.382413999999999810e+00 2.581131935119628906e+00
6.388200000000000323e+00 2.581131935119628906e+00
6.394022999999999790e+00 2.581131935119628906e+00
6.399816000000000393e+00 2.581131935119628906e+00
6.405650999999999762e+00 2.586306571960449219e+00
6.411442000000000085e+00 2.581131935119628906e+00
6.417290999999999634e+00 2.581131935119628906e+00
6.421274999999999622e+00 2.581131935119628906e+00
6.427093000000000167e+00 2.570782661437988281e+00
6.431079999999999686e+00 2.570782661437988281e+00
6.436850999999999878e+00 2.570782661437988281e+00
6.442655000000000243e+00 2.570782661437988281e+00
6.446676000000000073e+00 2.570782661437988281e+00
6.452379999999999782e+00 2.570782661437988281e+00
6.458205999999999669e+00 2.570782661437988281e+00
6.464102999999999710e+00 2.570782661437988281e+00
6.472151000000000209e+00 2.575957298278808594e+00
6.478304999999999758e+00 2.581131935119628906e+00
6.484224000000000210e+00 2.581131935119628906e+00
6.490109000000000350e+00 2.581131935119628906e+00
6.496006999999999643e+00 2.581131935119628906e+00
6.501876000000000211e+00 2.581131935119628906e+00
6.507806000000000424e+00 2.581131935119628906e+00
6.513739000000000168e+00 2.575957298278808594e+00
6.519639999999999880e+00 2.575957298278808594e+00
6.525559999999999583e+00 2.570782661437988281e+00
6.531451999999999813e+00 2.570782661437988281e+00
6.537403000000000297e+00 2.570782661437988281e+00
6.541432999999999609e+00 2.570782661437988281e+00
6.547315000000000218e+00 2.570782661437988281e+00
6.553190999999999988e+00 2.570782661437988281e+00
6.559082000000000079e+00 2.570782661437988281e+00
6.565017000000000102e+00 2.570782661437988281e+00
6.570888000000000062e+00 2.570782661437988281e+00
6.576825000000000365e+00 2.581131935119628906e+00
6.582736999999999838e+00 2.581131935119628906e+00
6.590793999999999819e+00 2.581131935119628906e+00
6.596980000000000288e+00 2.575957298278808594e+00
6.602847999999999828e+00 2.575957298278808594e+00
6.608744999999999870e+00 2.575957298278808594e+00
6.614698999999999884e+00 2.575957298278808594e+00
6.620568999999999704e+00 2.575957298278808594e+00
6.624665000000000248e+00 2.575957298278808594e+00
6.630441000000000251e+00 2.570782661437988281e+00
6.636428000000000438e+00 2.570782661437988281e+00
6.642320999999999920e+00 2.575957298278808594e+00
6.650539000000000200e+00 2.570782661437988281e+00
6.658999999999999808e+00 2.570782661437988281e+00
6.670925999999999689e+00 2.575957298278808594e+00
6.682822999999999958e+00 2.570782661437988281e+00
6.689027000000000278e+00 2.575957298278808594e+00
6.693065999999999960e+00 2.575957298278808594e+00
6.699180000000000135e+00 2.575957298278808594e+00
6.709819999999999673e+00 2.575957298278808594e+00
6.715717999999999854e+00 2.575957298278808594e+00
6.721605000000000274e+00 2.581131935119628906e+00
6.727637999999999785e+00 2.575957298278808594e+00
6.733630999999999922e+00 2.575957298278808594e+00
6.737663000000000402e+00 2.575957298278808594e+00
6.743548999999999793e+00 2.575957298278808594e+00
6.749494999999999578e+00 2.570782661437988281e+00
6.755398999999999710e+00 2.570782661437988281e+00
6.759422999999999959e+00 2.570782661437988281e+00
6.765282000000000018e+00 2.570782661437988281e+00
6.771221999999999852e+00 2.570782661437988281e+00
6.777245999999999881e+00 2.575957298278808594e+00
6.783152000000000292e+00 2.575957298278808594e+00
6.789087999999999568e+00 2.575957298278808594e+00
6.795090000000000074e+00 2.575957298278808594e+00
6.801020000000000287e+00 2.575957298278808594e+00
6.807025000000000325e+00 2.586306571960449219e+00
6.812977000000000061e+00 2.586306571960449219e+00
6.821079000000000114e+00 2.581131935119628906e+00
6.827315999999999718e+00 2.575957298278808594e+00
6.833262999999999643e+00 2.575957298278808594e+00
6.839214000000000127e+00 2.570782661437988281e+00
6.845228999999999786e+00 2.570782661437988281e+00
6.851238999999999635e+00 2.570782661437988281e+00
6.857241000000000142e+00 2.570782661437988281e+00
6.863169000000000075e+00 2.570782661437988281e+00
6.869167000000000023e+00 2.565608024597167969e+00
6.873256999999999728e+00 2.575957298278808594e+00
6.879165999999999670e+00 2.575957298278808594e+00
6.885170999999999708e+00 2.575957298278808594e+00
6.891135000000000232e+00 2.586306571960449219e+00
6.897174999999999834e+00 2.581131935119628906e+00
6.905855999999999995e+00 2.581131935119628906e+00
6.915663000000000338e+00 2.581131935119628906e+00
6.921847999999999779e+00 2.575957298278808594e+00
6.931612999999999580e+00 2.570782661437988281e+00
6.942921000000000120e+00 2.570782661437988281e+00
6.948978000000000321e+00 2.570782661437988281e+00
6.953064999999999607e+00 2.570782661437988281e+00
6.959135999999999989e+00 2.570782661437988281e+00
6.965226999999999613e+00 2.570782661437988281e+00
6.971245999999999832e+00 2.570782661437988281e+00
6.977356000000000336e+00 2.581131935119628906e+00
6.983450999999999631e+00 2.581131935119628906e+00
6.989499000000000350e+00 2.581131935119628906e+00
6.995538999999999952e+00 2.581131935119628906e+00
7.001557000000000031e+00 2.581131935119628906e+00
7.007666999999999646e+00 2.581131935119628906e+00
7.013762999999999970e+00 2.575957298278808594e+00
7.017847999999999864e+00 2.575957298278808594e+00
7.023846999999999952e+00 2.575957298278808594e+00
7.029944000000000415e+00 2.570782661437988281e+00
7.035993999999999637e+00 2.570782661437988281e+00
7.042072000000000109e+00 2.570782661437988281e+00
7.048207999999999807e+00 2.570782661437988281e+00
7.056422000000000416e+00 2.575957298278808594e+00
7.062699000000000282e+00 2.570782661437988281e+00
7.068730999999999653e+00 2.570782661437988281e+00
7.074824999999999697e+00 2.575957298278808594e+00
7.080879000000000367e+00 2.586306571960449219e+00
7.085061999999999749e+00 2.581131935119628906e+00
7.091005000000000003e+00 2.586306571960449219e+00
7.097101999999999578e+00 2.575957298278808594e+00
7.101225999999999594e+00 2.575957298278808594e+00
7.107241000000000142e+00 2.581131935119628906e+00
7.113267999999999702e+00 2.575957298278808594e+00
7.119310999999999723e+00 2.575957298278808594e+00
7.125416000000000416e+00 2.575957298278808594e+00
7.131486999999999910e+00 2.570782661437988281e+00
7.137601000000000084e+00 2.570782661437988281e+00
7.143723999999999741e+00 2.570782661437988281e+00
7.147851000000000177e+00 2.570782661437988281e+00
7.153852999999999795e+00 2.570782661437988281e+00
7.159911000000000136e+00 2.570782661437988281e+00
7.168429999999999858e+00 2.570782661437988281e+00
7.174843000000000082e+00 2.575957298278808594e+00
7.180931000000000175e+00 2.575957298278808594e+00
7.187065999999999732e+00 2.575957298278808594e+00
7.193141999999999925e+00 2.581131935119628906e+00
7.199241999999999919e+00 2.575957298278808594e+00
7.205320999999999643e+00 2.575957298278808594e+00
7.211407000000000345e+00 2.575957298278808594e+00
7.217573999999999934e+00 2.575957298278808594e+00
7.223717999999999861e+00 2.575957298278808594e+00
7.229797999999999725e+00 2.570782661437988281e+00
7.235973999999999684e+00 2.570782661437988281e+00
7.242049999999999876e+00 2.570782661437988281e+00
7.248205999999999705e+00 2.570782661437988281e+00
7.254338999999999871e+00 2.570782661437988281e+00
7.260432999999999915e+00 2.565608024597167969e+00
7.266651000000000415e+00 2.570782661437988281e+00
7.272764999999999702e+00 2.570782661437988281e+00
7.281124000000000152e+00 2.575957298278808594e+00
7.287512999999999685e+00 2.575957298278808594e+00
7.293703999999999965e+00 2.575957298278808594e+00
7.299806000000000239e+00 2.575957298278808594e+00
7.305939000000000405e+00 2.581131935119628906e+00
7.310090999999999894e+00 2.581131935119628906e+00
7.316133999999999915e+00 2.581131935119628906e+00
7.322237000000000329e+00 2.581131935119628906e+00
7.328430000000000000e+00 2.570782661437988281e+00
7.334605999999999959e+00 2.570782661437988281e+00
7.338821000000000261e+00 2.570782661437988281e+00
7.344890999999999615e+00 2.570782661437988281e+00
7.351013000000000019e+00 2.570782661437988281e+00
7.357232999999999912e+00 2.570782661437988281e+00
7.363402999999999921e+00 2.570782661437988281e+00
7.369504000000000055e+00 2.565608024597167969e+00
7.375702999999999676e+00 2.575957298278808594e+00
7.379825000000000301e+00 2.575957298278808594e+00
7.385874000000000272e+00 2.575957298278808594e+00
7.394295999999999758e+00 2.581131935119628906e+00
7.400704000000000171e+00 2.575957298278808594e+00
7.406896999999999842e+00 2.581131935119628906e+00
7.411048000000000080e+00 2.581131935119628906e+00
7.417167000000000066e+00 2.581131935119628906e+00
7.423383000000000287e+00 2.581131935119628906e+00
7.429488000000000092e+00 2.570782661437988281e+00
7.435636999999999830e+00 2.570782661437988281e+00
7.441811000000000398e+00 2.570782661437988281e+00
7.448052999999999813e+00 2.570782661437988281e+00
7.454255999999999993e+00 2.565608024597167969e+00
7.460460000000000313e+00 2.570782661437988281e+00
7.466687000000000296e+00 2.570782661437988281e+00
7.472883999999999638e+00 2.570782661437988281e+00
7.477030000000000065e+00 2.581131935119628906e+00
7.483107000000000397e+00 2.581131935119628906e+00
7.487303999999999959e+00 2.581131935119628906e+00
7.493494000000000099e+00 2.581131935119628906e+00
7.499679999999999680e+00 2.581131935119628906e+00
7.505893999999999622e+00 2.581131935119628906e+00
7.514218999999999760e+00 2.581131935119628906e+00
7.520681999999999867e+00 2.575957298278808594e+00
7.526940999999999882e+00 2.570782661437988281e+00
7.533147999999999733e+00 2.570782661437988281e+00
7.539401999999999937e+00 2.570782661437988281e+00
7.545711999999999975e+00 2.570782661437988281e+00
7.551923000000000386e+00 2.565608024597167969e+00
7.558220000000000383e+00 2.570782661437988281e+00
7.564477000000000118e+00 2.570782661437988281e+00
7.570730000000000182e+00 2.570782661437988281e+00
7.577024999999999899e+00 2.575957298278808594e+00
7.583220999999999989e+00 2.581131935119628906e+00
7.589451999999999643e+00 2.581131935119628906e+00
7.593658999999999715e+00 2.581131935119628906e+00
7.599809999999999732e+00 2.581131935119628906e+00
7.606037999999999855e+00 2.575957298278808594e+00
7.612251999999999796e+00 2.575957298278808594e+00
7.618558000000000163e+00 2.581131935119628906e+00
7.624908999999999715e+00 2.643226623535156250e+00
7.633244000000000362e+00 2.933004379272460938e+00
7.639556999999999931e+00 4.790682792663574219e+00
7.645819000000000365e+00 4.795857429504394531e+00
7.653948999999999891e+00 4.795857429504394531e+00
7.670751000000000097e+00 4.790682792663574219e+00
7.684948000000000334e+00 4.801032066345214844e+00
7.695313999999999766e+00 4.795857429504394531e+00
7.701800000000000423e+00 4.795857429504394531e+00
7.708123999999999754e+00 4.795857429504394531e+00
7.714432999999999652e+00 4.795857429504394531e+00
7.720691000000000415e+00 4.795857429504394531e+00
7.727007999999999655e+00 4.795857429504394531e+00
7.733236999999999917e+00 4.795857429504394531e+00
7.737477000000000160e+00 4.795857429504394531e+00
7.743881000000000014e+00 4.790682792663574219e+00
7.752730999999999817e+00 4.795857429504394531e+00
7.759043000000000134e+00 4.790682792663574219e+00
7.765386999999999595e+00 4.790682792663574219e+00
7.771657000000000259e+00 4.790682792663574219e+00
7.777960000000000207e+00 4.795857429504394531e+00
7.784269000000000105e+00 4.795857429504394531e+00
7.790526999999999980e+00 4.795857429504394531e+00
7.796886999999999901e+00 4.801032066345214844e+00
7.803147000000000055e+00 4.795857429504394531e+00
7.809441999999999773e+00 4.801032066345214844e+00
7.813679999999999737e+00 4.795857429504394531e+00
7.819885000000000197e+00 4.801032066345214844e+00
7.826158999999999644e+00 4.790682792663574219e+00
7.832424999999999748e+00 4.790682792663574219e+00
7.836651999999999951e+00 4.795857429504394531e+00
7.842869999999999564e+00 4.790682792663574219e+00
7.849257999999999846e+00 4.795857429504394531e+00
7.857902000000000164e+00 4.790682792663574219e+00
7.864507999999999832e+00 4.790682792663574219e+00
7.870815000000000339e+00 4.785508155822753906e+00
7.877159999999999940e+00 4.795857429504394531e+00
7.883521000000000001e+00 4.795857429504394531e+00
7.889836999999999989e+00 4.795857429504394531e+00
7.896175999999999640e+00 4.801032066345214844e+00
7.905181999999999931e+00 4.795857429504394531e+00
7.913304000000000116e+00 4.801032066345214844e+00
7.923132999999999981e+00 4.790682792663574219e+00
7.932091999999999921e+00 4.790682792663574219e+00
7.938495999999999775e+00 4.790682792663574219e+00
7.944893000000000427e+00 4.790682792663574219e+00
7.951252000000000209e+00 4.790682792663574219e+00
7.957690000000000374e+00 4.790682792663574219e+00
7.964084999999999859e+00 4.790682792663574219e+00
7.972596000000000238e+00 4.790682792663574219e+00
7.979400000000000048e+00 4.801032066345214844e+00
7.985776999999999681e+00 4.801032066345214844e+00
7.992135000000000211e+00 4.801032066345214844e+00
7.998541000000000345e+00 4.801032066345214844e+00
8.004982000000000042e+00 4.795857429504394531e+00
8.011343999999999355e+00 4.795857429504394531e+00
8.017789999999999750e+00 4.801032066345214844e+00
8.024205000000000254e+00 4.790682792663574219e+00
8.030604000000000298e+00 4.790682792663574219e+00
