1.150999999999999896e-03 2.322402000427246094e+00
4.760999999999999607e-03 2.322402000427246094e+00
8.047999999999999599e-03 2.322402000427246094e+00
1.149500000000000001e-02 2.322402000427246094e+00
1.494599999999999922e-02 2.322402000427246094e+00
1.840800000000000075e-02 2.322402000427246094e+00
2.185600000000000043e-02 2.322402000427246094e+00
2.529999999999999957e-02 2.327576637268066406e+00
2.874900000000000025e-02 2.327576637268066406e+00
3.220800000000000052e-02 2.332751274108886719e+00
3.581600000000000061e-02 2.332751274108886719e+00
3.911300000000000193e-02 2.332751274108886719e+00
4.256599999999999967e-02 2.327576637268066406e+00
4.585399999999999893e-02 2.332751274108886719e+00
4.930199999999999860e-02 2.327576637268066406e+00
5.276200000000000334e-02 2.327576637268066406e+00
5.620499999999999802e-02 2.327576637268066406e+00
5.964900000000000063e-02 2.327576637268066406e+00
6.310100000000000431e-02 2.327576637268066406e+00
6.656800000000000217e-02 2.327576637268066406e+00
7.261399999999999799e-02 2.327576637268066406e+00
7.606899999999999773e-02 2.327576637268066406e+00
7.951600000000000334e-02 2.327576637268066406e+00
8.316600000000000381e-02 2.322402000427246094e+00
8.645899999999999419e-02 2.322402000427246094e+00
8.989800000000000568e-02 2.322402000427246094e+00
9.335999999999999854e-02 2.322402000427246094e+00
9.664000000000000368e-02 2.327576637268066406e+00
1.000869999999999954e-01 2.322402000427246094e+00
1.035620000000000013e-01 2.322402000427246094e+00
1.069969999999999949e-01 2.322402000427246094e+00
1.104500000000000065e-01 2.322402000427246094e+00
1.138910000000000061e-01 2.322402000427246094e+00
1.173389999999999989e-01 2.327576637268066406e+00
1.208250000000000018e-01 2.322402000427246094e+00
1.244119999999999948e-01 2.322402000427246094e+00
1.280139999999999889e-01 2.327576637268066406e+00
1.314569999999999905e-01 2.327576637268066406e+00
1.349080000000000001e-01 2.327576637268066406e+00
1.383709999999999940e-01 2.332751274108886719e+00
1.416540000000000021e-01 2.322402000427246094e+00
1.450980000000000047e-01 2.327576637268066406e+00
1.485509999999999886e-01 2.332751274108886719e+00
1.521830000000000127e-01 2.327576637268066406e+00
1.557860000000000078e-01 2.327576637268066406e+00
1.593630000000000047e-01 2.332751274108886719e+00
1.628280000000000005e-01 2.327576637268066406e+00
1.662659999999999971e-01 2.327576637268066406e+00
1.697170000000000067e-01 2.327576637268066406e+00
1.731810000000000016e-01 2.327576637268066406e+00
1.767920000000000047e-01 2.327576637268066406e+00
1.801079999999999903e-01 2.332751274108886719e+00
1.866309999999999913e-01 2.327576637268066406e+00
1.900630000000000097e-01 2.322402000427246094e+00
1.935230000000000006e-01 2.322402000427246094e+00
1.969799999999999884e-01 2.322402000427246094e+00
2.002619999999999956e-01 2.322402000427246094e+00
2.037160000000000082e-01 2.322402000427246094e+00
2.071639999999999870e-01 2.322402000427246094e+00
2.104560000000000042e-01 2.322402000427246094e+00
2.139530000000000043e-01 2.322402000427246094e+00
2.175189999999999901e-01 2.322402000427246094e+00
2.209730000000000028e-01 2.322402000427246094e+00
2.245890000000000108e-01 2.317227363586425781e+00
2.278550000000000020e-01 2.322402000427246094e+00
2.313179999999999958e-01 2.327576637268066406e+00
2.349279999999999979e-01 2.332751274108886719e+00
2.383869999999999878e-01 2.327576637268066406e+00
2.416669999999999929e-01 2.327576637268066406e+00
2.451230000000000075e-01 2.327576637268066406e+00
2.485729999999999884e-01 2.327576637268066406e+00
2.519049999999999900e-01 2.332751274108886719e+00
2.553159999999999874e-01 2.332751274108886719e+00
2.587619999999999920e-01 2.327576637268066406e+00
2.620669999999999944e-01 2.332751274108886719e+00
2.655120000000000258e-01 2.332751274108886719e+00
2.691069999999999851e-01 2.337925910949707031e+00
2.725739999999999830e-01 2.332751274108886719e+00
2.758950000000000014e-01 2.327576637268066406e+00
2.793519999999999892e-01 2.332751274108886719e+00
2.828019999999999978e-01 2.327576637268066406e+00
2.864090000000000247e-01 2.327576637268066406e+00
2.898629999999999818e-01 2.322402000427246094e+00
2.936690000000000134e-01 2.322402000427246094e+00
2.996650000000000147e-01 2.322402000427246094e+00
3.031240000000000046e-01 2.322402000427246094e+00
3.065649999999999764e-01 2.322402000427246094e+00
3.098609999999999975e-01 2.322402000427246094e+00
3.133029999999999982e-01 2.322402000427246094e+00
3.167570000000000108e-01 2.317227363586425781e+00
3.200549999999999784e-01 2.317227363586425781e+00
3.235040000000000138e-01 2.322402000427246094e+00
3.269489999999999896e-01 2.322402000427246094e+00
3.302410000000000068e-01 2.322402000427246094e+00
3.336859999999999826e-01 2.327576637268066406e+00
3.371469999999999745e-01 2.332751274108886719e+00
3.405940000000000079e-01 2.327576637268066406e+00
3.438910000000000022e-01 2.332751274108886719e+00
3.473519999999999941e-01 2.332751274108886719e+00
3.508029999999999760e-01 2.327576637268066406e+00
3.542429999999999746e-01 2.332751274108886719e+00
3.576880000000000059e-01 2.327576637268066406e+00
3.611389999999999878e-01 2.332751274108886719e+00
3.647449999999999859e-01 2.332751274108886719e+00
3.681989999999999985e-01 2.332751274108886719e+00
3.715390000000000081e-01 2.332751274108886719e+00
3.751369999999999982e-01 2.332751274108886719e+00
3.785910000000000108e-01 2.332751274108886719e+00
3.818989999999999885e-01 2.332751274108886719e+00
3.853420000000000178e-01 2.322402000427246094e+00
3.888010000000000077e-01 2.327576637268066406e+00
3.921069999999999833e-01 2.322402000427246094e+00
3.955420000000000047e-01 2.322402000427246094e+00
3.989929999999999866e-01 2.322402000427246094e+00
4.022959999999999869e-01 2.322402000427246094e+00
4.086509999999999865e-01 2.317227363586425781e+00
4.121079999999999743e-01 2.322402000427246094e+00
4.155849999999999822e-01 2.322402000427246094e+00
4.191360000000000086e-01 2.322402000427246094e+00
4.226360000000000117e-01 2.322402000427246094e+00
4.260490000000000110e-01 2.322402000427246094e+00
4.294970000000000176e-01 2.327576637268066406e+00
4.329580000000000095e-01 2.332751274108886719e+00
4.364080000000000181e-01 2.332751274108886719e+00
4.398590000000000000e-01 2.332751274108886719e+00
4.433030000000000026e-01 2.332751274108886719e+00
4.467539999999999845e-01 2.332751274108886719e+00
4.500439999999999996e-01 2.332751274108886719e+00
4.535049999999999915e-01 2.332751274108886719e+00
4.569590000000000041e-01 2.332751274108886719e+00
4.604019999999999779e-01 2.332751274108886719e+00
4.637100000000000111e-01 2.332751274108886719e+00
4.671879999999999922e-01 2.332751274108886719e+00
4.704840000000000133e-01 2.332751274108886719e+00
4.739329999999999932e-01 2.327576637268066406e+00
4.773899999999999810e-01 2.327576637268066406e+00
4.806849999999999734e-01 2.322402000427246094e+00
4.841360000000000108e-01 2.322402000427246094e+00
4.875970000000000026e-01 2.322402000427246094e+00
4.908859999999999890e-01 2.317227363586425781e+00
4.943339999999999956e-01 2.322402000427246094e+00
4.977880000000000082e-01 2.322402000427246094e+00
5.010970000000000146e-01 2.322402000427246094e+00
5.046890000000000542e-01 2.322402000427246094e+00
5.081350000000000033e-01 2.322402000427246094e+00
5.115870000000000140e-01 2.327576637268066406e+00
5.176420000000000465e-01 2.322402000427246094e+00
5.210799999999999876e-01 2.322402000427246094e+00
5.246960000000000512e-01 2.327576637268066406e+00
5.281449999999999756e-01 2.322402000427246094e+00
5.316030000000000477e-01 2.327576637268066406e+00
5.350449999999999928e-01 2.332751274108886719e+00
5.384999999999999787e-01 2.332751274108886719e+00
5.419519999999999893e-01 2.327576637268066406e+00
5.454039999999999999e-01 2.332751274108886719e+00
5.487030000000000518e-01 2.332751274108886719e+00
5.521639999999999882e-01 2.332751274108886719e+00
5.554480000000000528e-01 2.327576637268066406e+00
5.588929999999999731e-01 2.327576637268066406e+00
5.623989999999999823e-01 2.332751274108886719e+00
5.659899999999999931e-01 2.327576637268066406e+00
5.692899999999999627e-01 2.332751274108886719e+00
5.727409999999999446e-01 2.327576637268066406e+00
5.761840000000000295e-01 2.327576637268066406e+00
5.794799999999999951e-01 2.327576637268066406e+00
5.829280000000000017e-01 2.322402000427246094e+00
5.863850000000000451e-01 2.322402000427246094e+00
5.899959999999999649e-01 2.322402000427246094e+00
5.936000000000000165e-01 2.322402000427246094e+00
5.968940000000000357e-01 2.327576637268066406e+00
6.003410000000000135e-01 2.327576637268066406e+00
6.037970000000000281e-01 2.327576637268066406e+00
6.071060000000000345e-01 2.322402000427246094e+00
6.105410000000000004e-01 2.322402000427246094e+00
6.139959999999999862e-01 2.327576637268066406e+00
6.172910000000000341e-01 2.327576637268066406e+00
6.207589999999999497e-01 2.327576637268066406e+00
6.243659999999999766e-01 2.322402000427246094e+00
6.303910000000000347e-01 2.327576637268066406e+00
6.338289999999999758e-01 2.327576637268066406e+00
6.372980000000000311e-01 2.332751274108886719e+00
6.407490000000000130e-01 2.327576637268066406e+00
6.443480000000000318e-01 2.332751274108886719e+00
6.478040000000000465e-01 2.332751274108886719e+00
6.510979999999999546e-01 2.327576637268066406e+00
6.547439999999999927e-01 2.327576637268066406e+00
6.581879999999999953e-01 2.327576637268066406e+00
6.614839999999999609e-01 2.327576637268066406e+00
6.649389999999999468e-01 2.332751274108886719e+00
6.683949999999999614e-01 2.327576637268066406e+00
6.720150000000000290e-01 2.327576637268066406e+00
6.754430000000000156e-01 2.322402000427246094e+00
6.788910000000000222e-01 2.332751274108886719e+00
6.823519999999999586e-01 2.327576637268066406e+00
6.858049999999999979e-01 2.322402000427246094e+00
6.891030000000000211e-01 2.322402000427246094e+00
6.925519999999999454e-01 2.322402000427246094e+00
6.960480000000000000e-01 2.322402000427246094e+00
6.996160000000000156e-01 2.322402000427246094e+00
7.030469999999999775e-01 2.327576637268066406e+00
7.065040000000000209e-01 2.322402000427246094e+00
7.099480000000000235e-01 2.322402000427246094e+00
7.132460000000000466e-01 2.322402000427246094e+00
7.166989999999999750e-01 2.322402000427246094e+00
7.201410000000000311e-01 2.322402000427246094e+00
7.234239999999999560e-01 2.322402000427246094e+00
7.268839999999999746e-01 2.322402000427246094e+00
7.303359999999999852e-01 2.322402000427246094e+00
7.337949999999999751e-01 2.327576637268066406e+00
7.373950000000000227e-01 2.327576637268066406e+00
7.433990000000000320e-01 2.327576637268066406e+00
7.469059999999999588e-01 2.332751274108886719e+00
7.503880000000000550e-01 2.332751274108886719e+00
7.575049999999999839e-01 2.327576637268066406e+00
7.643180000000000529e-01 2.327576637268066406e+00
7.720789999999999598e-01 2.332751274108886719e+00
7.813959999999999795e-01 2.332751274108886719e+00
7.919140000000000068e-01 2.322402000427246094e+00
7.979819999999999691e-01 2.327576637268066406e+00
8.056950000000000500e-01 2.322402000427246094e+00
8.089849999999999541e-01 2.322402000427246094e+00
8.126210000000000377e-01 2.322402000427246094e+00
8.160560000000000036e-01 2.322402000427246094e+00
8.195109999999999895e-01 2.322402000427246094e+00
8.229520000000000168e-01 2.317227363586425781e+00
8.265670000000000517e-01 2.322402000427246094e+00
8.298640000000000461e-01 2.322402000427246094e+00
8.333230000000000359e-01 2.322402000427246094e+00
8.366430000000000256e-01 2.327576637268066406e+00
8.400950000000000362e-01 2.327576637268066406e+00
8.435510000000000508e-01 2.327576637268066406e+00
8.468679999999999541e-01 2.327576637268066406e+00
8.534329999999999972e-01 2.327576637268066406e+00
8.568200000000000260e-01 2.332751274108886719e+00
8.602849999999999664e-01 2.332751274108886719e+00
8.637350000000000305e-01 2.332751274108886719e+00
8.671910000000000451e-01 2.332751274108886719e+00
8.704800000000000315e-01 2.332751274108886719e+00
8.739320000000000421e-01 2.332751274108886719e+00
8.773800000000000487e-01 2.327576637268066406e+00
8.806760000000000144e-01 2.332751274108886719e+00
8.841339999999999755e-01 2.327576637268066406e+00
8.875849999999999573e-01 2.322402000427246094e+00
8.911940000000000417e-01 2.317227363586425781e+00
8.947929999999999495e-01 2.322402000427246094e+00
8.980909999999999727e-01 2.322402000427246094e+00
9.015400000000000080e-01 2.322402000427246094e+00
9.051550000000000429e-01 2.322402000427246094e+00
9.086020000000000207e-01 2.322402000427246094e+00
9.119059999999999944e-01 2.322402000427246094e+00
9.153489999999999682e-01 2.322402000427246094e+00
9.186410000000000409e-01 2.322402000427246094e+00
9.221179999999999932e-01 2.322402000427246094e+00
9.255379999999999718e-01 2.322402000427246094e+00
9.290000000000000480e-01 2.322402000427246094e+00
9.326109999999999678e-01 2.327576637268066406e+00
9.359079999999999622e-01 2.332751274108886719e+00
9.393620000000000303e-01 2.332751274108886719e+00
9.428499999999999659e-01 2.332751274108886719e+00
9.462949999999999973e-01 2.332751274108886719e+00
9.497430000000000039e-01 2.332751274108886719e+00
9.532040000000000513e-01 2.332751274108886719e+00
9.565010000000000456e-01 2.332751274108886719e+00
9.625070000000000014e-01 2.327576637268066406e+00
9.658309999999999951e-01 2.332751274108886719e+00
9.692950000000000177e-01 2.332751274108886719e+00
9.727489999999999748e-01 2.332751274108886719e+00
9.761980000000000102e-01 2.327576637268066406e+00
9.794910000000000005e-01 2.327576637268066406e+00
9.829390000000000072e-01 2.322402000427246094e+00
9.863950000000000218e-01 2.322402000427246094e+00
9.896989999999999954e-01 2.322402000427246094e+00
9.931520000000000348e-01 2.317227363586425781e+00
9.966059999999999919e-01 2.322402000427246094e+00
1.000048999999999966e+00 2.322402000427246094e+00
1.004764999999999908e+00 2.317227363586425781e+00
1.008717000000000086e+00 2.317227363586425781e+00
1.012653000000000025e+00 2.322402000427246094e+00
1.016615999999999964e+00 2.322402000427246094e+00
1.020539000000000085e+00 2.322402000427246094e+00
1.024650999999999978e+00 2.322402000427246094e+00
1.028802999999999912e+00 2.322402000427246094e+00
1.032723000000000058e+00 2.327576637268066406e+00
1.036623999999999990e+00 2.332751274108886719e+00
1.040518999999999972e+00 2.332751274108886719e+00
1.044491000000000058e+00 2.332751274108886719e+00
1.048394000000000048e+00 2.332751274108886719e+00
1.052384999999999904e+00 2.332751274108886719e+00
1.056310000000000082e+00 2.327576637268066406e+00
1.060225999999999891e+00 2.327576637268066406e+00
1.064222999999999919e+00 2.332751274108886719e+00
1.068157999999999941e+00 2.327576637268066406e+00
1.072615000000000096e+00 2.327576637268066406e+00
1.079935000000000089e+00 2.327576637268066406e+00
1.084016000000000091e+00 2.322402000427246094e+00
1.087950999999999890e+00 2.322402000427246094e+00
1.092014000000000040e+00 2.322402000427246094e+00
1.095971999999999946e+00 2.322402000427246094e+00
1.099896999999999903e+00 2.322402000427246094e+00
1.103938000000000086e+00 2.322402000427246094e+00
1.107906999999999975e+00 2.322402000427246094e+00
1.111907999999999896e+00 2.327576637268066406e+00
1.115871000000000057e+00 2.322402000427246094e+00
1.119810999999999890e+00 2.327576637268066406e+00
1.123863000000000056e+00 2.322402000427246094e+00
1.127898000000000067e+00 2.322402000427246094e+00
1.131917000000000062e+00 2.327576637268066406e+00
1.135883999999999894e+00 2.332751274108886719e+00
1.139855000000000063e+00 2.332751274108886719e+00
1.143899999999999917e+00 2.327576637268066406e+00
1.147868000000000110e+00 2.327576637268066406e+00
1.151898000000000089e+00 2.327576637268066406e+00
1.155858000000000052e+00 2.327576637268066406e+00
1.159826999999999941e+00 2.327576637268066406e+00
1.163883000000000001e+00 2.327576637268066406e+00
1.167858999999999980e+00 2.327576637268066406e+00
1.171885999999999983e+00 2.332751274108886719e+00
1.175885000000000069e+00 2.327576637268066406e+00
1.179883999999999933e+00 2.327576637268066406e+00
1.183964000000000016e+00 2.322402000427246094e+00
1.191073999999999966e+00 2.327576637268066406e+00
1.195575999999999972e+00 2.322402000427246094e+00
1.199591000000000074e+00 2.322402000427246094e+00
1.203651000000000026e+00 2.322402000427246094e+00
1.207681000000000004e+00 2.322402000427246094e+00
1.211692999999999909e+00 2.322402000427246094e+00
1.215775000000000050e+00 2.322402000427246094e+00
1.219780000000000086e+00 2.322402000427246094e+00
1.223897000000000013e+00 2.322402000427246094e+00
1.228035999999999905e+00 2.322402000427246094e+00
1.232120000000000104e+00 2.322402000427246094e+00
1.236159999999999926e+00 2.327576637268066406e+00
1.240188000000000068e+00 2.327576637268066406e+00
1.244280000000000053e+00 2.327576637268066406e+00
1.248313999999999924e+00 2.327576637268066406e+00
1.252415999999999974e+00 2.327576637268066406e+00
1.256450999999999985e+00 2.327576637268066406e+00
1.260499000000000036e+00 2.327576637268066406e+00
1.264620999999999995e+00 2.327576637268066406e+00
1.268672999999999940e+00 2.332751274108886719e+00
1.272728000000000081e+00 2.332751274108886719e+00
1.276794999999999902e+00 2.332751274108886719e+00
1.280898000000000092e+00 2.327576637268066406e+00
1.285041000000000100e+00 2.327576637268066406e+00
1.289106000000000085e+00 2.322402000427246094e+00
1.293191999999999897e+00 2.322402000427246094e+00
1.297274000000000038e+00 2.322402000427246094e+00
1.301965000000000039e+00 2.322402000427246094e+00
1.309363999999999972e+00 2.322402000427246094e+00
1.313484000000000096e+00 2.322402000427246094e+00
1.317558999999999925e+00 2.322402000427246094e+00
1.321628999999999943e+00 2.322402000427246094e+00
1.325792000000000082e+00 2.322402000427246094e+00
1.329928999999999917e+00 2.317227363586425781e+00
1.334101999999999899e+00 2.322402000427246094e+00
1.338206000000000007e+00 2.327576637268066406e+00
1.342384999999999939e+00 2.322402000427246094e+00
1.346484000000000014e+00 2.327576637268066406e+00
1.350562000000000040e+00 2.327576637268066406e+00
1.354722999999999900e+00 2.327576637268066406e+00
1.358827999999999925e+00 2.327576637268066406e+00
1.362983999999999973e+00 2.332751274108886719e+00
1.367089999999999916e+00 2.327576637268066406e+00
1.371191999999999966e+00 2.332751274108886719e+00
1.375469999999999970e+00 2.327576637268066406e+00
1.379574000000000078e+00 2.332751274108886719e+00
1.383685000000000054e+00 2.327576637268066406e+00
1.387799999999999923e+00 2.327576637268066406e+00
1.391990000000000061e+00 2.322402000427246094e+00
1.396104999999999929e+00 2.322402000427246094e+00
1.400215999999999905e+00 2.317227363586425781e+00
1.404487000000000041e+00 2.322402000427246094e+00
1.408606999999999942e+00 2.317227363586425781e+00
1.412762999999999991e+00 2.322402000427246094e+00
1.420031999999999961e+00 2.317227363586425781e+00
1.424638999999999989e+00 2.322402000427246094e+00
1.428822000000000036e+00 2.317227363586425781e+00
1.433175000000000088e+00 2.322402000427246094e+00
1.437333999999999889e+00 2.332751274108886719e+00
1.441483000000000070e+00 2.327576637268066406e+00
1.445718000000000059e+00 2.327576637268066406e+00
1.449867000000000017e+00 2.332751274108886719e+00
1.454120999999999997e+00 2.332751274108886719e+00
1.458291999999999922e+00 2.327576637268066406e+00
1.462525000000000075e+00 2.332751274108886719e+00
1.466715999999999909e+00 2.332751274108886719e+00
1.470892000000000088e+00 2.332751274108886719e+00
1.475182999999999911e+00 2.332751274108886719e+00
1.479365999999999959e+00 2.327576637268066406e+00
1.483551000000000064e+00 2.322402000427246094e+00
1.487751999999999963e+00 2.322402000427246094e+00
1.492018000000000066e+00 2.322402000427246094e+00
1.496218999999999966e+00 2.322402000427246094e+00
1.500410000000000021e+00 2.317227363586425781e+00
1.504683999999999910e+00 2.322402000427246094e+00
1.508877000000000024e+00 2.317227363586425781e+00
1.513088999999999906e+00 2.317227363586425781e+00
1.517290999999999945e+00 2.317227363586425781e+00
1.521500999999999992e+00 2.322402000427246094e+00
1.525776000000000021e+00 2.322402000427246094e+00
1.530130999999999908e+00 2.322402000427246094e+00
1.537970999999999977e+00 2.327576637268066406e+00
1.542656000000000027e+00 2.327576637268066406e+00
1.546869999999999967e+00 2.332751274108886719e+00
1.551069999999999949e+00 2.327576637268066406e+00
1.555415999999999910e+00 2.332751274108886719e+00
1.559644000000000030e+00 2.327576637268066406e+00
1.563982999999999901e+00 2.327576637268066406e+00
1.568200000000000038e+00 2.327576637268066406e+00
1.572524000000000033e+00 2.327576637268066406e+00
1.576772999999999980e+00 2.327576637268066406e+00
1.580030000000000046e+00 2.327576637268066406e+00
1.584367999999999999e+00 2.322402000427246094e+00
1.588603999999999905e+00 2.317227363586425781e+00
1.592862999999999918e+00 2.317227363586425781e+00
1.597118999999999955e+00 2.317227363586425781e+00
1.601369000000000042e+00 2.317227363586425781e+00
1.605701000000000045e+00 2.322402000427246094e+00
1.609957000000000082e+00 2.322402000427246094e+00
1.614316000000000084e+00 2.322402000427246094e+00
1.618584000000000023e+00 2.322402000427246094e+00
1.622845000000000093e+00 2.322402000427246094e+00
1.627113000000000032e+00 2.322402000427246094e+00
1.631410000000000027e+00 2.327576637268066406e+00
1.635828000000000060e+00 2.332751274108886719e+00
1.640147000000000022e+00 2.327576637268066406e+00
1.644517000000000007e+00 2.327576637268066406e+00
1.655076999999999909e+00 2.327576637268066406e+00
1.659542000000000073e+00 2.327576637268066406e+00
1.664082999999999979e+00 2.322402000427246094e+00
1.668390000000000040e+00 2.327576637268066406e+00
1.672771000000000008e+00 2.327576637268066406e+00
1.677084000000000019e+00 2.322402000427246094e+00
1.681397000000000030e+00 2.322402000427246094e+00
1.685864000000000029e+00 2.322402000427246094e+00
1.690180000000000016e+00 2.322402000427246094e+00
1.694569999999999910e+00 2.322402000427246094e+00
1.698900000000000077e+00 2.322402000427246094e+00
1.703268000000000004e+00 2.322402000427246094e+00
1.707594999999999974e+00 2.322402000427246094e+00
1.712026000000000048e+00 2.322402000427246094e+00
1.716355000000000075e+00 2.322402000427246094e+00
1.720690000000000053e+00 2.322402000427246094e+00
1.725098999999999938e+00 2.322402000427246094e+00
1.729473999999999956e+00 2.322402000427246094e+00
1.733903999999999890e+00 2.322402000427246094e+00
1.738440999999999903e+00 2.322402000427246094e+00
1.742806999999999995e+00 2.327576637268066406e+00
1.747144999999999948e+00 2.327576637268066406e+00
1.751487000000000016e+00 2.327576637268066406e+00
1.759830000000000005e+00 2.327576637268066406e+00
1.770146999999999915e+00 2.327576637268066406e+00
1.782440000000000024e+00 2.327576637268066406e+00
1.796654999999999891e+00 2.322402000427246094e+00
1.804740000000000011e+00 2.322402000427246094e+00
1.819244000000000083e+00 2.317227363586425781e+00
1.831804999999999906e+00 2.317227363586425781e+00
1.838764999999999983e+00 2.327576637268066406e+00
1.843315999999999955e+00 2.322402000427246094e+00
1.847696999999999923e+00 2.322402000427246094e+00
1.852190000000000003e+00 2.322402000427246094e+00
1.856573999999999947e+00 2.327576637268066406e+00
1.860961000000000087e+00 2.327576637268066406e+00
1.865472000000000019e+00 2.332751274108886719e+00
1.869837999999999889e+00 2.327576637268066406e+00
1.874339999999999895e+00 2.327576637268066406e+00
1.878730999999999929e+00 2.332751274108886719e+00
1.883165999999999896e+00 2.327576637268066406e+00
1.887575999999999921e+00 2.322402000427246094e+00
1.892063000000000050e+00 2.322402000427246094e+00
1.896487999999999952e+00 2.322402000427246094e+00
1.901000000000000023e+00 2.322402000427246094e+00
1.908646000000000065e+00 2.322402000427246094e+00
1.913462999999999914e+00 2.317227363586425781e+00
1.916835999999999984e+00 2.322402000427246094e+00
1.921281000000000017e+00 2.317227363586425781e+00
1.925823000000000063e+00 2.317227363586425781e+00
1.930247999999999964e+00 2.317227363586425781e+00
1.934733999999999954e+00 2.322402000427246094e+00
1.939211999999999936e+00 2.327576637268066406e+00
1.943651999999999935e+00 2.327576637268066406e+00
1.948083000000000009e+00 2.332751274108886719e+00
1.952587999999999990e+00 2.332751274108886719e+00
1.957030000000000047e+00 2.327576637268066406e+00
1.961454999999999949e+00 2.332751274108886719e+00
1.965943999999999914e+00 2.332751274108886719e+00
1.970380000000000020e+00 2.327576637268066406e+00
1.974900000000000100e+00 2.327576637268066406e+00
1.979362000000000066e+00 2.327576637268066406e+00
1.983832999999999958e+00 2.322402000427246094e+00
1.988275000000000015e+00 2.317227363586425781e+00
1.992796000000000012e+00 2.317227363586425781e+00
1.997249999999999970e+00 2.317227363586425781e+00
2.000649999999999817e+00 2.317227363586425781e+00
2.005279999999999951e+00 2.322402000427246094e+00
2.009736999999999885e+00 2.317227363586425781e+00
2.014298999999999840e+00 2.317227363586425781e+00
2.019200999999999802e+00 2.317227363586425781e+00
2.028554000000000190e+00 2.317227363586425781e+00
2.033079999999999998e+00 2.327576637268066406e+00
2.036897000000000180e+00 2.332751274108886719e+00
2.040699000000000041e+00 2.327576637268066406e+00
2.044500999999999902e+00 2.327576637268066406e+00
2.048254000000000019e+00 2.332751274108886719e+00
2.052068999999999921e+00 2.332751274108886719e+00
2.055849999999999955e+00 2.327576637268066406e+00
2.059613000000000138e+00 2.327576637268066406e+00
2.063436999999999966e+00 2.327576637268066406e+00
2.067206999999999795e+00 2.322402000427246094e+00
2.070968999999999838e+00 2.327576637268066406e+00
2.074812000000000101e+00 2.327576637268066406e+00
2.078591999999999995e+00 2.327576637268066406e+00
2.082430000000000003e+00 2.327576637268066406e+00
2.086196999999999857e+00 2.317227363586425781e+00
2.089970000000000105e+00 2.317227363586425781e+00
2.093820000000000014e+00 2.317227363586425781e+00
2.097602000000000189e+00 2.317227363586425781e+00
2.101382999999999779e+00 2.317227363586425781e+00
2.105266999999999999e+00 2.322402000427246094e+00
2.109055000000000124e+00 2.322402000427246094e+00
2.112867000000000051e+00 2.322402000427246094e+00
2.116680000000000117e+00 2.322402000427246094e+00
2.120499000000000134e+00 2.322402000427246094e+00
2.124336000000000002e+00 2.322402000427246094e+00
2.128140000000000143e+00 2.322402000427246094e+00
2.131994000000000167e+00 2.322402000427246094e+00
2.137859000000000176e+00 2.327576637268066406e+00
2.141782000000000075e+00 2.327576637268066406e+00
2.145633999999999819e+00 2.332751274108886719e+00
2.149446999999999885e+00 2.327576637268066406e+00
2.153270000000000017e+00 2.327576637268066406e+00
2.157073000000000018e+00 2.322402000427246094e+00
2.160883999999999805e+00 2.327576637268066406e+00
2.164762000000000075e+00 2.322402000427246094e+00
2.168575999999999837e+00 2.322402000427246094e+00
2.172471999999999959e+00 2.327576637268066406e+00
2.176301000000000041e+00 2.327576637268066406e+00
2.180105999999999877e+00 2.327576637268066406e+00
2.183994000000000213e+00 2.322402000427246094e+00
2.187819999999999876e+00 2.317227363586425781e+00
2.191635000000000222e+00 2.322402000427246094e+00
2.195489999999999942e+00 2.322402000427246094e+00
2.199310999999999794e+00 2.322402000427246094e+00
2.203160000000000007e+00 2.322402000427246094e+00
2.206993999999999900e+00 2.322402000427246094e+00
2.210828999999999933e+00 2.322402000427246094e+00
2.214719000000000104e+00 2.322402000427246094e+00
2.218538000000000121e+00 2.322402000427246094e+00
2.222452999999999790e+00 2.322402000427246094e+00
2.226296000000000053e+00 2.322402000427246094e+00
2.230157000000000167e+00 2.322402000427246094e+00
2.234053999999999984e+00 2.322402000427246094e+00
2.237899000000000083e+00 2.322402000427246094e+00
2.241871000000000169e+00 2.327576637268066406e+00
2.245715000000000128e+00 2.327576637268066406e+00
2.251536000000000204e+00 2.327576637268066406e+00
2.255745000000000111e+00 2.322402000427246094e+00
2.259624000000000077e+00 2.327576637268066406e+00
2.263611000000000040e+00 2.327576637268066406e+00
2.267476999999999965e+00 2.322402000427246094e+00
2.271347000000000005e+00 2.327576637268066406e+00
2.275288999999999895e+00 2.327576637268066406e+00
2.279164000000000190e+00 2.327576637268066406e+00
2.283053000000000221e+00 2.327576637268066406e+00
2.286925000000000097e+00 2.322402000427246094e+00
2.290791000000000022e+00 2.322402000427246094e+00
2.294753000000000043e+00 2.322402000427246094e+00
2.298618999999999968e+00 2.322402000427246094e+00
2.302598000000000145e+00 2.322402000427246094e+00
2.306484999999999896e+00 2.322402000427246094e+00
2.310382999999999853e+00 2.317227363586425781e+00
2.314327000000000023e+00 2.327576637268066406e+00
2.318208999999999964e+00 2.322402000427246094e+00
2.322200000000000042e+00 2.322402000427246094e+00
2.326103999999999949e+00 2.317227363586425781e+00
2.330071999999999921e+00 2.322402000427246094e+00
2.334023000000000181e+00 2.322402000427246094e+00
2.337931000000000203e+00 2.322402000427246094e+00
2.342055000000000220e+00 2.327576637268066406e+00
2.345959000000000128e+00 2.322402000427246094e+00
2.349851999999999830e+00 2.327576637268066406e+00
2.353826999999999892e+00 2.322402000427246094e+00
2.357728999999999964e+00 2.327576637268066406e+00
2.364117999999999942e+00 2.327576637268066406e+00
2.368218999999999852e+00 2.327576637268066406e+00
2.372189999999999799e+00 2.327576637268066406e+00
2.376087000000000060e+00 2.327576637268066406e+00
2.379173999999999900e+00 2.327576637268066406e+00
2.383094999999999963e+00 2.327576637268066406e+00
2.387005999999999961e+00 2.322402000427246094e+00
2.390906999999999893e+00 2.322402000427246094e+00
2.394908000000000037e+00 2.322402000427246094e+00
2.398814999999999920e+00 2.322402000427246094e+00
2.402750999999999859e+00 2.322402000427246094e+00
2.406674000000000202e+00 2.322402000427246094e+00
2.410611999999999977e+00 2.322402000427246094e+00
2.414597000000000104e+00 2.317227363586425781e+00
2.418520000000000003e+00 2.317227363586425781e+00
2.422503999999999991e+00 2.317227363586425781e+00
2.426417999999999964e+00 2.317227363586425781e+00
2.430444000000000049e+00 2.317227363586425781e+00
2.434429000000000176e+00 2.322402000427246094e+00
2.438361000000000001e+00 2.322402000427246094e+00
2.442337999999999898e+00 2.322402000427246094e+00
2.446479000000000070e+00 2.327576637268066406e+00
2.450429999999999886e+00 2.332751274108886719e+00
2.454426000000000219e+00 2.327576637268066406e+00
2.458359999999999879e+00 2.327576637268066406e+00
2.462365000000000137e+00 2.332751274108886719e+00
2.466301000000000077e+00 2.332751274108886719e+00
2.470238000000000156e+00 2.332751274108886719e+00
2.476271000000000111e+00 2.327576637268066406e+00
2.480331000000000063e+00 2.327576637268066406e+00
2.484417999999999793e+00 2.322402000427246094e+00
2.488373000000000168e+00 2.322402000427246094e+00
2.492383999999999933e+00 2.317227363586425781e+00
2.496335999999999888e+00 2.317227363586425781e+00
2.500293000000000099e+00 2.322402000427246094e+00
2.504321000000000019e+00 2.317227363586425781e+00
2.508274000000000115e+00 2.322402000427246094e+00
2.512312000000000101e+00 2.322402000427246094e+00
2.516274000000000122e+00 2.317227363586425781e+00
2.520256999999999969e+00 2.317227363586425781e+00
2.524307999999999996e+00 2.317227363586425781e+00
2.527394000000000140e+00 2.322402000427246094e+00
2.531429000000000151e+00 2.322402000427246094e+00
2.535452999999999957e+00 2.327576637268066406e+00
2.539442000000000199e+00 2.327576637268066406e+00
2.543432999999999833e+00 2.327576637268066406e+00
2.547547999999999924e+00 2.332751274108886719e+00
2.551565999999999779e+00 2.327576637268066406e+00
2.555597999999999814e+00 2.332751274108886719e+00
2.559585999999999917e+00 2.327576637268066406e+00
2.563569999999999904e+00 2.332751274108886719e+00
2.567559000000000147e+00 2.327576637268066406e+00
2.571546999999999805e+00 2.327576637268066406e+00
2.575600999999999807e+00 2.327576637268066406e+00
2.579614999999999991e+00 2.322402000427246094e+00
2.583629000000000175e+00 2.317227363586425781e+00
2.589675000000000171e+00 2.317227363586425781e+00
2.593818999999999875e+00 2.317227363586425781e+00
2.597986000000000129e+00 2.322402000427246094e+00
2.602146999999999988e+00 2.322402000427246094e+00
2.606163000000000007e+00 2.322402000427246094e+00
2.610170000000000101e+00 2.317227363586425781e+00
2.613354000000000177e+00 2.322402000427246094e+00
2.617361999999999966e+00 2.322402000427246094e+00
2.621380999999999961e+00 2.322402000427246094e+00
2.625474000000000085e+00 2.322402000427246094e+00
2.629523999999999972e+00 2.322402000427246094e+00
2.633538999999999852e+00 2.322402000427246094e+00
2.637551999999999897e+00 2.327576637268066406e+00
2.641573000000000171e+00 2.332751274108886719e+00
2.645645000000000024e+00 2.327576637268066406e+00
2.649938000000000127e+00 2.327576637268066406e+00
2.654059000000000168e+00 2.327576637268066406e+00
2.658115000000000006e+00 2.327576637268066406e+00
2.662218999999999891e+00 2.327576637268066406e+00
2.666275000000000173e+00 2.327576637268066406e+00
2.670310999999999879e+00 2.322402000427246094e+00
2.674417000000000044e+00 2.327576637268066406e+00
2.678485999999999922e+00 2.322402000427246094e+00
2.682590999999999948e+00 2.322402000427246094e+00
2.686640000000000139e+00 2.317227363586425781e+00
2.690685999999999911e+00 2.322402000427246094e+00
2.694744000000000028e+00 2.322402000427246094e+00
2.701128999999999891e+00 2.322402000427246094e+00
2.705623999999999807e+00 2.322402000427246094e+00
2.709684000000000204e+00 2.322402000427246094e+00
2.713807000000000080e+00 2.322402000427246094e+00
2.717856999999999967e+00 2.322402000427246094e+00
2.721975000000000033e+00 2.322402000427246094e+00
2.726027999999999896e+00 2.322402000427246094e+00
2.730109000000000119e+00 2.322402000427246094e+00
2.734262999999999888e+00 2.327576637268066406e+00
2.737433999999999923e+00 2.322402000427246094e+00
2.742415999999999965e+00 2.322402000427246094e+00
2.747361999999999860e+00 2.322402000427246094e+00
2.752667999999999893e+00 2.322402000427246094e+00
2.761585999999999874e+00 2.322402000427246094e+00
2.770122999999999891e+00 2.327576637268066406e+00
2.784682000000000102e+00 2.327576637268066406e+00
2.797579999999999956e+00 2.322402000427246094e+00
2.813766000000000211e+00 2.322402000427246094e+00
2.835344999999999782e+00 2.317227363586425781e+00
2.840971000000000135e+00 2.327576637268066406e+00
2.846106999999999942e+00 2.327576637268066406e+00
2.851093999999999795e+00 2.327576637268066406e+00
2.856399999999999828e+00 2.327576637268066406e+00
2.861371999999999804e+00 2.322402000427246094e+00
2.866465999999999958e+00 2.327576637268066406e+00
2.871446999999999861e+00 2.327576637268066406e+00
2.876523999999999859e+00 2.327576637268066406e+00
2.881527000000000172e+00 2.327576637268066406e+00
2.886598000000000219e+00 2.322402000427246094e+00
2.891596999999999973e+00 2.322402000427246094e+00
2.896717000000000208e+00 2.322402000427246094e+00
2.901702999999999921e+00 2.322402000427246094e+00
2.906754999999999978e+00 2.322402000427246094e+00
2.911801000000000084e+00 2.317227363586425781e+00
2.916819999999999968e+00 2.322402000427246094e+00
2.921886999999999901e+00 2.322402000427246094e+00
2.926900999999999975e+00 2.317227363586425781e+00
2.931977999999999973e+00 2.322402000427246094e+00
2.936990000000000212e+00 2.322402000427246094e+00
2.941650999999999794e+00 2.327576637268066406e+00
2.948072999999999944e+00 2.327576637268066406e+00
2.952522999999999787e+00 2.327576637268066406e+00
2.956745000000000179e+00 2.327576637268066406e+00
2.960907999999999873e+00 2.327576637268066406e+00
2.965100000000000069e+00 2.332751274108886719e+00
2.969256999999999813e+00 2.327576637268066406e+00
2.973450000000000149e+00 2.327576637268066406e+00
2.977616999999999958e+00 2.327576637268066406e+00
2.981844000000000161e+00 2.327576637268066406e+00
2.986009000000000135e+00 2.322402000427246094e+00
2.990187000000000150e+00 2.322402000427246094e+00
2.994441000000000130e+00 2.317227363586425781e+00
2.998616000000000170e+00 2.317227363586425781e+00
3.001777999999999835e+00 2.322402000427246094e+00
3.005943999999999949e+00 2.322402000427246094e+00
3.010121999999999964e+00 2.317227363586425781e+00
3.013355999999999923e+00 2.317227363586425781e+00
3.017539000000000193e+00 2.322402000427246094e+00
3.021719000000000044e+00 2.317227363586425781e+00
3.025955999999999868e+00 2.317227363586425781e+00
3.029157999999999795e+00 2.322402000427246094e+00
3.033355999999999941e+00 2.322402000427246094e+00
3.037545999999999857e+00 2.327576637268066406e+00
3.040760000000000129e+00 2.327576637268066406e+00
3.045052000000000092e+00 2.332751274108886719e+00
3.049242000000000008e+00 2.327576637268066406e+00
3.055452999999999975e+00 2.327576637268066406e+00
3.059721999999999831e+00 2.327576637268066406e+00
3.064020000000000188e+00 2.327576637268066406e+00
3.068230999999999931e+00 2.327576637268066406e+00
3.072486000000000050e+00 2.332751274108886719e+00
3.076702000000000048e+00 2.327576637268066406e+00
3.080907999999999980e+00 2.327576637268066406e+00
3.084162000000000070e+00 2.317227363586425781e+00
3.088344000000000200e+00 2.322402000427246094e+00
3.092626999999999793e+00 2.317227363586425781e+00
3.096853999999999996e+00 2.317227363586425781e+00
3.101074999999999804e+00 2.317227363586425781e+00
3.105418999999999929e+00 2.322402000427246094e+00
3.109639000000000042e+00 2.317227363586425781e+00
3.113917999999999964e+00 2.317227363586425781e+00
3.118144000000000027e+00 2.322402000427246094e+00
3.121350000000000069e+00 2.327576637268066406e+00
3.125662999999999858e+00 2.322402000427246094e+00
3.129901999999999962e+00 2.322402000427246094e+00
3.134202999999999850e+00 2.322402000427246094e+00
3.138431999999999888e+00 2.327576637268066406e+00
3.142733000000000221e+00 2.327576637268066406e+00
3.146974000000000160e+00 2.332751274108886719e+00
3.150154999999999816e+00 2.327576637268066406e+00
3.154459999999999820e+00 2.332751274108886719e+00
3.158675999999999817e+00 2.327576637268066406e+00
3.163126999999999800e+00 2.327576637268066406e+00
3.169831999999999983e+00 2.327576637268066406e+00
3.173367999999999967e+00 2.322402000427246094e+00
3.177605999999999931e+00 2.327576637268066406e+00
3.181932000000000205e+00 2.322402000427246094e+00
3.186158999999999963e+00 2.322402000427246094e+00
3.190420000000000034e+00 2.317227363586425781e+00
3.194723999999999897e+00 2.317227363586425781e+00
3.198967999999999812e+00 2.322402000427246094e+00
3.203249000000000013e+00 2.322402000427246094e+00
3.207488000000000117e+00 2.322402000427246094e+00
3.211770000000000014e+00 2.322402000427246094e+00
3.215994999999999937e+00 2.322402000427246094e+00
3.219155000000000211e+00 2.317227363586425781e+00
3.223444000000000198e+00 2.322402000427246094e+00
3.227701000000000153e+00 2.322402000427246094e+00
3.232040000000000024e+00 2.322402000427246094e+00
3.236307000000000045e+00 2.327576637268066406e+00
3.240559999999999885e+00 2.332751274108886719e+00
3.244886999999999855e+00 2.327576637268066406e+00
3.249143000000000114e+00 2.327576637268066406e+00
3.253433999999999937e+00 2.327576637268066406e+00
3.257696999999999843e+00 2.327576637268066406e+00
3.262033999999999878e+00 2.327576637268066406e+00
3.266424000000000216e+00 2.327576637268066406e+00
3.270701999999999998e+00 2.322402000427246094e+00
3.276962999999999848e+00 2.322402000427246094e+00
3.281321999999999850e+00 2.322402000427246094e+00
3.285705000000000098e+00 2.322402000427246094e+00
3.288947999999999983e+00 2.322402000427246094e+00
3.293241000000000085e+00 2.322402000427246094e+00
3.297515999999999892e+00 2.322402000427246094e+00
3.301879000000000008e+00 2.322402000427246094e+00
3.306175000000000086e+00 2.322402000427246094e+00
3.309419999999999806e+00 2.322402000427246094e+00
3.313719999999999999e+00 2.322402000427246094e+00
3.317997000000000085e+00 2.322402000427246094e+00
3.322337000000000096e+00 2.322402000427246094e+00
3.326645000000000074e+00 2.317227363586425781e+00
3.330935999999999897e+00 2.317227363586425781e+00
3.335297000000000178e+00 2.322402000427246094e+00
3.339653999999999900e+00 2.327576637268066406e+00
3.344027000000000083e+00 2.327576637268066406e+00
3.348342999999999847e+00 2.327576637268066406e+00
3.352704999999999824e+00 2.327576637268066406e+00
3.357009999999999827e+00 2.327576637268066406e+00
3.361337999999999937e+00 2.327576637268066406e+00
3.366084999999999994e+00 2.322402000427246094e+00
3.370503999999999944e+00 2.327576637268066406e+00
3.374881999999999938e+00 2.327576637268066406e+00
3.378150999999999904e+00 2.327576637268066406e+00
3.382547000000000192e+00 2.327576637268066406e+00
3.389171000000000156e+00 2.322402000427246094e+00
3.393588999999999967e+00 2.322402000427246094e+00
3.397940000000000182e+00 2.317227363586425781e+00
3.401225999999999861e+00 2.322402000427246094e+00
3.405676999999999843e+00 2.322402000427246094e+00
3.410020999999999969e+00 2.322402000427246094e+00
3.414404999999999912e+00 2.317227363586425781e+00
3.418762000000000079e+00 2.317227363586425781e+00
3.423111000000000015e+00 2.317227363586425781e+00
3.426401999999999948e+00 2.317227363586425781e+00
3.430753999999999859e+00 2.317227363586425781e+00
3.435156999999999794e+00 2.327576637268066406e+00
3.439499999999999780e+00 2.322402000427246094e+00
3.443868999999999847e+00 2.322402000427246094e+00
3.448237999999999914e+00 2.327576637268066406e+00
3.452627999999999808e+00 2.327576637268066406e+00
3.456983999999999835e+00 2.332751274108886719e+00
3.461333000000000215e+00 2.327576637268066406e+00
3.465831999999999802e+00 2.332751274108886719e+00
3.470431000000000044e+00 2.332751274108886719e+00
3.474848999999999855e+00 2.327576637268066406e+00
3.479210000000000136e+00 2.327576637268066406e+00
3.483579999999999899e+00 2.322402000427246094e+00
3.487979999999999858e+00 2.322402000427246094e+00
3.492399999999999949e+00 2.322402000427246094e+00
3.496769000000000016e+00 2.322402000427246094e+00
3.503293999999999908e+00 2.317227363586425781e+00
3.507972000000000090e+00 2.317227363586425781e+00
3.512414000000000147e+00 2.317227363586425781e+00
3.516788000000000025e+00 2.322402000427246094e+00
3.521170999999999829e+00 2.317227363586425781e+00
3.525631000000000181e+00 2.317227363586425781e+00
3.530002000000000084e+00 2.317227363586425781e+00
3.534486999999999934e+00 2.322402000427246094e+00
3.538873000000000157e+00 2.332751274108886719e+00
3.542177999999999827e+00 2.327576637268066406e+00
3.546540999999999944e+00 2.327576637268066406e+00
3.551022999999999818e+00 2.327576637268066406e+00
3.555489999999999817e+00 2.327576637268066406e+00
3.559892000000000056e+00 2.327576637268066406e+00
3.564328000000000163e+00 2.332751274108886719e+00
3.568772000000000055e+00 2.327576637268066406e+00
3.573177999999999965e+00 2.327576637268066406e+00
3.577571999999999974e+00 2.327576637268066406e+00
3.582041999999999948e+00 2.327576637268066406e+00
3.586440000000000072e+00 2.317227363586425781e+00
3.590838000000000196e+00 2.317227363586425781e+00
3.595324000000000186e+00 2.317227363586425781e+00
3.599734000000000211e+00 2.317227363586425781e+00
3.604229000000000127e+00 2.317227363586425781e+00
3.608630999999999922e+00 2.317227363586425781e+00
3.613204000000000082e+00 2.317227363586425781e+00
3.620049999999999990e+00 2.317227363586425781e+00
3.624963000000000157e+00 2.317227363586425781e+00
3.629535999999999873e+00 2.322402000427246094e+00
3.632960000000000189e+00 2.327576637268066406e+00
3.636410000000000142e+00 2.327576637268066406e+00
3.639867999999999881e+00 2.327576637268066406e+00
3.644649999999999945e+00 2.327576637268066406e+00
3.649722000000000133e+00 2.327576637268066406e+00
3.653942999999999941e+00 2.327576637268066406e+00
3.659727999999999870e+00 2.327576637268066406e+00
3.664807000000000148e+00 2.327576637268066406e+00
3.670748999999999818e+00 2.327576637268066406e+00
3.677382999999999846e+00 2.322402000427246094e+00
3.682974000000000192e+00 2.322402000427246094e+00
3.688466000000000022e+00 2.317227363586425781e+00
3.693963000000000108e+00 2.317227363586425781e+00
3.699478000000000044e+00 2.317227363586425781e+00
3.705025000000000013e+00 2.317227363586425781e+00
3.710520999999999958e+00 2.317227363586425781e+00
3.716057000000000166e+00 2.322402000427246094e+00
3.721532999999999980e+00 2.322402000427246094e+00
3.727069000000000187e+00 2.317227363586425781e+00
3.735952000000000162e+00 2.322402000427246094e+00
3.741868000000000194e+00 2.327576637268066406e+00
3.747396999999999867e+00 2.327576637268066406e+00
3.753048999999999857e+00 2.322402000427246094e+00
3.758586999999999900e+00 2.327576637268066406e+00
3.767170000000000130e+00 2.322402000427246094e+00
3.776504000000000083e+00 2.327576637268066406e+00
3.792956000000000216e+00 2.322402000427246094e+00
3.804530000000000189e+00 2.322402000427246094e+00
3.817253000000000007e+00 2.322402000427246094e+00
3.828597999999999946e+00 2.317227363586425781e+00
3.841987000000000041e+00 2.322402000427246094e+00
3.848053000000000168e+00 2.322402000427246094e+00
3.857050000000000090e+00 2.327576637268066406e+00
3.862902000000000058e+00 2.322402000427246094e+00
3.868453999999999837e+00 2.322402000427246094e+00
3.874283000000000143e+00 2.327576637268066406e+00
3.879827999999999832e+00 2.327576637268066406e+00
3.885438999999999865e+00 2.322402000427246094e+00
3.890975000000000072e+00 2.322402000427246094e+00
3.896689999999999987e+00 2.322402000427246094e+00
3.902318999999999871e+00 2.322402000427246094e+00
3.907899000000000012e+00 2.322402000427246094e+00
3.913495999999999864e+00 2.317227363586425781e+00
3.919070000000000054e+00 2.317227363586425781e+00
3.924783000000000133e+00 2.317227363586425781e+00
3.930359000000000158e+00 2.322402000427246094e+00
3.935979999999999812e+00 2.322402000427246094e+00
3.941542000000000101e+00 2.322402000427246094e+00
3.947302000000000088e+00 2.322402000427246094e+00
3.951912999999999787e+00 2.327576637268066406e+00
3.956446000000000129e+00 2.327576637268066406e+00
3.960952999999999946e+00 2.327576637268066406e+00
3.967779000000000167e+00 2.327576637268066406e+00
3.972480000000000011e+00 2.327576637268066406e+00
3.977012999999999909e+00 2.327576637268066406e+00
3.981538000000000022e+00 2.322402000427246094e+00
3.984958999999999918e+00 2.322402000427246094e+00
3.989492999999999956e+00 2.322402000427246094e+00
3.994095000000000173e+00 2.322402000427246094e+00
3.998629000000000211e+00 2.317227363586425781e+00
4.003282999999999703e+00 2.317227363586425781e+00
4.007833999999999897e+00 2.317227363586425781e+00
4.011195999999999984e+00 2.317227363586425781e+00
4.015882000000000396e+00 2.317227363586425781e+00
4.020419999999999661e+00 2.317227363586425781e+00
4.025012000000000256e+00 2.317227363586425781e+00
4.028362000000000442e+00 2.317227363586425781e+00
4.032926999999999929e+00 2.327576637268066406e+00
4.037462999999999802e+00 2.322402000427246094e+00
4.042074000000000389e+00 2.327576637268066406e+00
4.046621000000000024e+00 2.327576637268066406e+00
4.051198000000000299e+00 2.327576637268066406e+00
4.055864999999999831e+00 2.327576637268066406e+00
4.060408999999999935e+00 2.327576637268066406e+00
4.065014999999999823e+00 2.327576637268066406e+00
4.069651999999999603e+00 2.332751274108886719e+00
4.074680999999999997e+00 2.327576637268066406e+00
4.081354000000000148e+00 2.327576637268066406e+00
4.086420000000000385e+00 2.317227363586425781e+00
4.089782999999999724e+00 2.317227363586425781e+00
4.094466999999999857e+00 2.317227363586425781e+00
4.099084000000000394e+00 2.317227363586425781e+00
4.103723999999999705e+00 2.317227363586425781e+00
4.108352000000000004e+00 2.317227363586425781e+00
4.112979000000000163e+00 2.317227363586425781e+00
4.117609999999999992e+00 2.317227363586425781e+00
4.120980999999999561e+00 2.317227363586425781e+00
4.125659999999999883e+00 2.317227363586425781e+00
4.130290999999999713e+00 2.322402000427246094e+00
4.134942999999999813e+00 2.322402000427246094e+00
4.139590000000000103e+00 2.327576637268066406e+00
4.144286000000000136e+00 2.322402000427246094e+00
4.148896999999999835e+00 2.327576637268066406e+00
4.153580999999999968e+00 2.327576637268066406e+00
4.157007000000000119e+00 2.327576637268066406e+00
4.161609999999999587e+00 2.327576637268066406e+00
4.166312999999999711e+00 2.327576637268066406e+00
4.170941000000000010e+00 2.327576637268066406e+00
4.175684000000000395e+00 2.327576637268066406e+00
4.180330999999999797e+00 2.327576637268066406e+00
4.185016000000000069e+00 2.317227363586425781e+00
4.188401999999999958e+00 2.317227363586425781e+00
4.195152000000000214e+00 2.317227363586425781e+00
4.199944000000000344e+00 2.317227363586425781e+00
4.204659000000000368e+00 2.317227363586425781e+00
4.209315000000000140e+00 2.322402000427246094e+00
4.213975999999999722e+00 2.322402000427246094e+00
4.217368999999999701e+00 2.317227363586425781e+00
4.222048000000000023e+00 2.322402000427246094e+00
4.226702999999999655e+00 2.317227363586425781e+00
4.231338000000000044e+00 2.322402000427246094e+00
4.236157000000000394e+00 2.327576637268066406e+00
4.240801000000000265e+00 2.327576637268066406e+00
4.245527000000000051e+00 2.327576637268066406e+00
4.250220999999999805e+00 2.327576637268066406e+00
4.254951000000000150e+00 2.322402000427246094e+00
4.258375000000000021e+00 2.322402000427246094e+00
4.263001000000000040e+00 2.322402000427246094e+00
4.266348999999999947e+00 2.322402000427246094e+00
4.269790999999999670e+00 2.322402000427246094e+00
4.274498999999999604e+00 2.322402000427246094e+00
4.279474999999999696e+00 2.327576637268066406e+00
4.284257000000000204e+00 2.317227363586425781e+00
4.288931999999999967e+00 2.317227363586425781e+00
4.293614999999999959e+00 2.317227363586425781e+00
4.298294000000000281e+00 2.322402000427246094e+00
4.302997000000000405e+00 2.322402000427246094e+00
4.309751999999999583e+00 2.322402000427246094e+00
4.314639999999999809e+00 2.322402000427246094e+00
4.319393999999999956e+00 2.322402000427246094e+00
4.324155000000000193e+00 2.317227363586425781e+00
4.328826000000000285e+00 2.322402000427246094e+00
4.333563999999999972e+00 2.322402000427246094e+00
4.336966000000000321e+00 2.327576637268066406e+00
4.340419999999999945e+00 2.327576637268066406e+00
4.345190999999999804e+00 2.322402000427246094e+00
4.349918999999999869e+00 2.322402000427246094e+00
4.353372000000000241e+00 2.322402000427246094e+00
4.356821000000000055e+00 2.322402000427246094e+00
4.361530000000000129e+00 2.322402000427246094e+00
4.366292999999999758e+00 2.322402000427246094e+00
4.370978000000000030e+00 2.322402000427246094e+00
4.375773999999999830e+00 2.327576637268066406e+00
4.380523000000000167e+00 2.327576637268066406e+00
4.385303999999999647e+00 2.317227363586425781e+00
4.390028000000000041e+00 2.322402000427246094e+00
4.394828999999999652e+00 2.322402000427246094e+00
4.399555000000000327e+00 2.322402000427246094e+00
4.404368999999999978e+00 2.322402000427246094e+00
4.407829999999999693e+00 2.317227363586425781e+00
4.412583999999999840e+00 2.322402000427246094e+00
4.417333000000000176e+00 2.322402000427246094e+00
4.424267000000000394e+00 2.317227363586425781e+00
4.429110999999999798e+00 2.317227363586425781e+00
4.433868000000000364e+00 2.322402000427246094e+00
4.438601000000000241e+00 2.327576637268066406e+00
4.443340000000000067e+00 2.322402000427246094e+00
4.446763999999999939e+00 2.322402000427246094e+00
4.450217000000000311e+00 2.327576637268066406e+00
4.455032000000000103e+00 2.322402000427246094e+00
4.459781999999999691e+00 2.322402000427246094e+00
4.464580999999999911e+00 2.327576637268066406e+00
4.469325000000000436e+00 2.327576637268066406e+00
4.474058999999999564e+00 2.327576637268066406e+00
4.478817000000000270e+00 2.327576637268066406e+00
4.483617999999999881e+00 2.322402000427246094e+00
4.488411000000000151e+00 2.322402000427246094e+00
4.493174999999999919e+00 2.317227363586425781e+00
4.497950000000000337e+00 2.322402000427246094e+00
4.501380000000000159e+00 2.317227363586425781e+00
4.506204999999999572e+00 2.317227363586425781e+00
4.510960999999999999e+00 2.317227363586425781e+00
4.515800999999999732e+00 2.317227363586425781e+00
4.520618999999999943e+00 2.317227363586425781e+00
4.525428999999999924e+00 2.317227363586425781e+00
4.530189000000000021e+00 2.317227363586425781e+00
4.535201999999999956e+00 2.322402000427246094e+00
4.541892999999999958e+00 2.322402000427246094e+00
4.546791999999999945e+00 2.327576637268066406e+00
4.551595999999999975e+00 2.327576637268066406e+00
4.556481999999999921e+00 2.327576637268066406e+00
4.561264999999999681e+00 2.322402000427246094e+00
4.566252999999999673e+00 2.322402000427246094e+00
4.569780999999999871e+00 2.322402000427246094e+00
4.574606000000000172e+00 2.327576637268066406e+00
4.579417000000000293e+00 2.327576637268066406e+00
4.584305999999999770e+00 2.322402000427246094e+00
4.589114000000000360e+00 2.317227363586425781e+00
4.593930000000000291e+00 2.317227363586425781e+00
4.597366000000000064e+00 2.317227363586425781e+00
4.602238999999999969e+00 2.317227363586425781e+00
4.607035999999999909e+00 2.317227363586425781e+00
4.611906000000000283e+00 2.317227363586425781e+00
4.616691000000000322e+00 2.322402000427246094e+00
4.621525000000000105e+00 2.317227363586425781e+00
4.626377999999999879e+00 2.317227363586425781e+00
4.631185999999999581e+00 2.322402000427246094e+00
4.634769000000000361e+00 2.327576637268066406e+00
4.639575999999999922e+00 2.327576637268066406e+00
4.644436999999999927e+00 2.322402000427246094e+00
4.649413000000000018e+00 2.327576637268066406e+00
4.658440999999999832e+00 2.327576637268066406e+00
4.663374000000000130e+00 2.322402000427246094e+00
4.668264999999999887e+00 2.327576637268066406e+00
4.673084000000000238e+00 2.322402000427246094e+00
4.677883999999999709e+00 2.327576637268066406e+00
4.682765999999999984e+00 2.322402000427246094e+00
4.687692000000000192e+00 2.317227363586425781e+00
4.692580000000000418e+00 2.317227363586425781e+00
4.697410999999999781e+00 2.317227363586425781e+00
4.702319000000000138e+00 2.317227363586425781e+00
4.705767999999999951e+00 2.317227363586425781e+00
4.710589999999999833e+00 2.317227363586425781e+00
4.715451999999999977e+00 2.322402000427246094e+00
4.720303999999999611e+00 2.322402000427246094e+00
4.725195000000000256e+00 2.317227363586425781e+00
4.730033999999999850e+00 2.322402000427246094e+00
4.734920999999999935e+00 2.322402000427246094e+00
4.739772000000000318e+00 2.322402000427246094e+00
4.744659999999999656e+00 2.327576637268066406e+00
4.749506000000000228e+00 2.322402000427246094e+00
4.754451000000000427e+00 2.322402000427246094e+00
4.757959999999999745e+00 2.322402000427246094e+00
4.766255000000000130e+00 2.322402000427246094e+00
4.775248999999999633e+00 2.322402000427246094e+00
4.783942999999999834e+00 2.317227363586425781e+00
4.792690000000000339e+00 2.317227363586425781e+00
4.801973000000000269e+00 2.317227363586425781e+00
4.810964000000000240e+00 2.317227363586425781e+00
4.824366000000000376e+00 2.317227363586425781e+00
4.829754999999999576e+00 2.322402000427246094e+00
4.834712999999999816e+00 2.322402000427246094e+00
4.839595000000000091e+00 2.327576637268066406e+00
4.844606999999999886e+00 2.322402000427246094e+00
4.849491999999999692e+00 2.322402000427246094e+00
4.854453999999999603e+00 2.322402000427246094e+00
4.859327999999999648e+00 2.327576637268066406e+00
4.864291999999999838e+00 2.322402000427246094e+00
4.867758000000000251e+00 2.322402000427246094e+00
4.872690999999999661e+00 2.322402000427246094e+00
4.876183000000000156e+00 2.322402000427246094e+00
4.881059999999999732e+00 2.322402000427246094e+00
4.886086999999999847e+00 2.322402000427246094e+00
4.893455000000000332e+00 2.317227363586425781e+00
4.898462999999999568e+00 2.322402000427246094e+00
4.902002000000000415e+00 2.322402000427246094e+00
4.906890999999999892e+00 2.322402000427246094e+00
4.911844000000000321e+00 2.317227363586425781e+00
4.916705000000000325e+00 2.322402000427246094e+00
4.921637999999999735e+00 2.317227363586425781e+00
4.925211000000000006e+00 2.317227363586425781e+00
4.930102999999999902e+00 2.317227363586425781e+00
4.935060000000000002e+00 2.322402000427246094e+00
4.939998000000000111e+00 2.322402000427246094e+00
4.943598999999999855e+00 2.322402000427246094e+00
4.948504999999999932e+00 2.322402000427246094e+00
4.953466999999999842e+00 2.322402000427246094e+00
4.958351000000000397e+00 2.322402000427246094e+00
4.963275999999999577e+00 2.322402000427246094e+00
4.968166000000000082e+00 2.327576637268066406e+00
4.973130000000000273e+00 2.322402000427246094e+00
4.978044999999999831e+00 2.322402000427246094e+00
4.983014999999999972e+00 2.322402000427246094e+00
4.987932999999999950e+00 2.322402000427246094e+00
4.993286000000000335e+00 2.317227363586425781e+00
4.998211000000000404e+00 2.317227363586425781e+00
5.003326000000000384e+00 2.322402000427246094e+00
5.010698999999999792e+00 2.317227363586425781e+00
5.015827999999999953e+00 2.317227363586425781e+00
5.020787999999999585e+00 2.317227363586425781e+00
5.024423999999999779e+00 2.317227363586425781e+00
5.029335999999999807e+00 2.317227363586425781e+00
5.034332000000000029e+00 2.322402000427246094e+00
5.039291999999999661e+00 2.322402000427246094e+00
5.044277000000000122e+00 2.322402000427246094e+00
5.047824000000000311e+00 2.322402000427246094e+00
5.052844000000000335e+00 2.322402000427246094e+00
5.057745999999999853e+00 2.327576637268066406e+00
5.062749000000000166e+00 2.322402000427246094e+00
5.067688999999999666e+00 2.327576637268066406e+00
5.072738000000000191e+00 2.322402000427246094e+00
5.077688000000000201e+00 2.322402000427246094e+00
5.082702000000000275e+00 2.327576637268066406e+00
5.087677000000000227e+00 2.322402000427246094e+00
5.092736999999999625e+00 2.317227363586425781e+00
5.097705999999999626e+00 2.317227363586425781e+00
5.102719999999999700e+00 2.317227363586425781e+00
5.107682999999999751e+00 2.317227363586425781e+00
5.112771999999999650e+00 2.317227363586425781e+00
5.119741000000000319e+00 2.317227363586425781e+00
5.124962000000000018e+00 2.317227363586425781e+00
5.129939000000000249e+00 2.317227363586425781e+00
5.134928000000000381e+00 2.322402000427246094e+00
5.139899999999999913e+00 2.322402000427246094e+00
5.144909000000000177e+00 2.327576637268066406e+00
5.149905999999999651e+00 2.327576637268066406e+00
5.154942000000000135e+00 2.327576637268066406e+00
5.160069000000000017e+00 2.322402000427246094e+00
5.165290999999999855e+00 2.327576637268066406e+00
5.170334000000000430e+00 2.327576637268066406e+00
5.175398999999999639e+00 2.322402000427246094e+00
5.180377000000000010e+00 2.322402000427246094e+00
5.184358999999999718e+00 2.317227363586425781e+00
5.187959000000000209e+00 2.317227363586425781e+00
5.193012999999999657e+00 2.317227363586425781e+00
5.198013000000000439e+00 2.317227363586425781e+00
5.201533999999999658e+00 2.317227363586425781e+00
5.206571000000000282e+00 2.317227363586425781e+00
5.211554999999999715e+00 2.317227363586425781e+00
5.216669999999999696e+00 2.317227363586425781e+00
5.221661000000000108e+00 2.317227363586425781e+00
5.226688000000000223e+00 2.317227363586425781e+00
5.234035999999999689e+00 2.322402000427246094e+00
5.239335999999999771e+00 2.322402000427246094e+00
5.242955000000000254e+00 2.327576637268066406e+00
5.247933999999999877e+00 2.327576637268066406e+00
5.252978999999999843e+00 2.322402000427246094e+00
5.258098000000000383e+00 2.327576637268066406e+00
5.263166000000000011e+00 2.322402000427246094e+00
5.268155000000000143e+00 2.322402000427246094e+00
5.273174000000000028e+00 2.322402000427246094e+00
5.278195000000000192e+00 2.322402000427246094e+00
5.283233000000000068e+00 2.322402000427246094e+00
5.288248000000000282e+00 2.317227363586425781e+00
5.293296999999999919e+00 2.312052726745605469e+00
5.298315999999999804e+00 2.317227363586425781e+00
5.303327999999999598e+00 2.317227363586425781e+00
5.308449999999999669e+00 2.322402000427246094e+00
5.313464999999999883e+00 2.317227363586425781e+00
5.318491999999999997e+00 2.317227363586425781e+00
5.323535999999999824e+00 2.317227363586425781e+00
5.327170999999999879e+00 2.317227363586425781e+00
5.332245999999999597e+00 2.322402000427246094e+00
5.337258000000000280e+00 2.327576637268066406e+00
5.342427999999999955e+00 2.322402000427246094e+00
5.349739999999999718e+00 2.322402000427246094e+00
5.355020999999999809e+00 2.327576637268066406e+00
5.360719999999999708e+00 2.322402000427246094e+00
5.367144999999999833e+00 2.322402000427246094e+00
5.373568999999999818e+00 2.322402000427246094e+00
5.379923999999999928e+00 2.322402000427246094e+00
5.386350000000000193e+00 2.317227363586425781e+00
5.392859999999999765e+00 2.317227363586425781e+00
5.399448999999999721e+00 2.317227363586425781e+00
5.405878000000000405e+00 2.317227363586425781e+00
5.412310999999999872e+00 2.322402000427246094e+00
5.418669999999999654e+00 2.317227363586425781e+00
5.425087000000000437e+00 2.317227363586425781e+00
5.431439000000000128e+00 2.317227363586425781e+00
5.437885999999999775e+00 2.322402000427246094e+00
5.444226999999999705e+00 2.322402000427246094e+00
5.450586999999999627e+00 2.322402000427246094e+00
5.457599000000000089e+00 2.322402000427246094e+00
5.466922000000000281e+00 2.322402000427246094e+00
5.472046999999999883e+00 2.322402000427246094e+00
5.477101000000000219e+00 2.322402000427246094e+00
5.482209000000000110e+00 2.327576637268066406e+00
5.487273000000000067e+00 2.317227363586425781e+00
5.490992999999999569e+00 2.317227363586425781e+00
5.496150000000000091e+00 2.317227363586425781e+00
5.501228000000000229e+00 2.317227363586425781e+00
5.506440999999999697e+00 2.322402000427246094e+00
5.511514000000000024e+00 2.312052726745605469e+00
5.516670999999999658e+00 2.317227363586425781e+00
5.521874999999999645e+00 2.317227363586425781e+00
5.526971999999999774e+00 2.312052726745605469e+00
5.530593999999999788e+00 2.317227363586425781e+00
5.535730000000000040e+00 2.317227363586425781e+00
5.540834000000000259e+00 2.322402000427246094e+00
5.545982999999999663e+00 2.317227363586425781e+00
5.549596000000000195e+00 2.322402000427246094e+00
5.554723000000000077e+00 2.327576637268066406e+00
5.559815000000000396e+00 2.322402000427246094e+00
5.564979000000000120e+00 2.327576637268066406e+00
5.570058000000000398e+00 2.322402000427246094e+00
5.577504000000000239e+00 2.327576637268066406e+00
5.582968000000000153e+00 2.322402000427246094e+00
5.588070000000000093e+00 2.322402000427246094e+00
5.593226999999999727e+00 2.317227363586425781e+00
5.598545999999999800e+00 2.312052726745605469e+00
5.602170000000000094e+00 2.317227363586425781e+00
5.607434999999999725e+00 2.317227363586425781e+00
5.612598000000000198e+00 2.312052726745605469e+00
5.617708000000000368e+00 2.312052726745605469e+00
5.621360000000000134e+00 2.317227363586425781e+00
5.626522999999999719e+00 2.312052726745605469e+00
5.631624000000000407e+00 2.317227363586425781e+00
5.636779999999999902e+00 2.327576637268066406e+00
5.641956999999999667e+00 2.410369873046875000e+00
5.647062000000000026e+00 4.764809608459472656e+00
5.652224000000000359e+00 4.790682792663574219e+00
5.657329999999999970e+00 4.785508155822753906e+00
5.662487999999999744e+00 4.790682792663574219e+00
5.667595000000000383e+00 4.790682792663574219e+00
5.672755999999999688e+00 4.790682792663574219e+00
5.677855000000000096e+00 4.790682792663574219e+00
5.683069999999999844e+00 4.785508155822753906e+00
5.690152999999999572e+00 4.780333518981933594e+00
5.695392000000000010e+00 4.780333518981933594e+00
5.699492000000000225e+00 4.785508155822753906e+00
5.704958000000000418e+00 4.785508155822753906e+00
5.710111999999999632e+00 4.785508155822753906e+00
5.715296999999999628e+00 4.785508155822753906e+00
5.720425999999999789e+00 4.785508155822753906e+00
5.725653999999999577e+00 4.785508155822753906e+00
5.730794000000000388e+00 4.785508155822753906e+00
5.736007999999999996e+00 4.790682792663574219e+00
5.741169000000000189e+00 4.785508155822753906e+00
5.746474000000000082e+00 4.785508155822753906e+00
5.751640000000000086e+00 4.790682792663574219e+00
5.755366999999999678e+00 4.790682792663574219e+00
5.760508999999999880e+00 4.790682792663574219e+00
5.765755000000000408e+00 4.785508155822753906e+00
5.773337999999999859e+00 4.785508155822753906e+00
5.780371999999999844e+00 4.785508155822753906e+00
5.790462999999999916e+00 4.785508155822753906e+00
5.801281000000000354e+00 4.780333518981933594e+00
5.809052000000000326e+00 4.785508155822753906e+00
5.822591000000000072e+00 4.785508155822753906e+00
5.833293000000000283e+00 4.785508155822753906e+00
5.847261999999999738e+00 4.790682792663574219e+00
5.852854999999999919e+00 4.785508155822753906e+00
5.858037000000000383e+00 4.785508155822753906e+00
5.863319999999999865e+00 4.790682792663574219e+00
5.868509999999999671e+00 4.790682792663574219e+00
5.873731000000000257e+00 4.785508155822753906e+00
5.877368999999999843e+00 4.785508155822753906e+00
5.882606000000000002e+00 4.780333518981933594e+00
5.887777999999999956e+00 4.780333518981933594e+00
5.893113999999999741e+00 4.785508155822753906e+00
5.898309000000000246e+00 4.785508155822753906e+00
5.901983999999999675e+00 4.785508155822753906e+00
5.905761000000000038e+00 4.785508155822753906e+00
5.910927000000000042e+00 4.785508155822753906e+00
5.916225999999999985e+00 4.785508155822753906e+00
5.923640999999999934e+00 4.785508155822753906e+00
5.928905999999999565e+00 4.785508155822753906e+00
5.934134000000000242e+00 4.785508155822753906e+00
5.939320999999999628e+00 4.790682792663574219e+00
5.944581000000000337e+00 4.785508155822753906e+00
5.949815000000000076e+00 4.785508155822753906e+00
5.955059999999999576e+00 4.785508155822753906e+00
5.960379999999999789e+00 4.785508155822753906e+00
5.965652999999999651e+00 4.785508155822753906e+00
5.970850999999999686e+00 4.790682792663574219e+00
5.976376000000000133e+00 2.431068420410156250e+00
5.981594000000000300e+00 2.431068420410156250e+00
5.986869999999999692e+00 2.374148368835449219e+00
5.992174999999999585e+00 3.781637191772460938e+00
5.997399999999999842e+00 1.458245277404785156e+00
6.002658000000000271e+00 4.278398513793945312e+00
6.007924000000000042e+00 1.509990692138671875e+00
6.013249000000000066e+00 2.462116241455078125e+00
6.018474000000000323e+00 2.777766227722167969e+00
6.023737999999999815e+00 4.630270957946777344e+00
6.028952999999999562e+00 1.251261711120605469e+00
6.036080000000000112e+00 2.208560943603515625e+00
6.041603000000000279e+00 2.560433387756347656e+00
6.046908000000000172e+00 2.876083374023437500e+00
6.050564999999999749e+00 9.200878143310546875e-01
6.055837999999999610e+00 3.879954338073730469e+00
6.061176999999999815e+00 2.084370613098144531e+00
6.066519999999999690e+00 1.861863136291503906e+00
6.071767999999999610e+00 2.306878089904785156e+00
6.077086000000000432e+00 2.958876609802246094e+00
6.080765000000000420e+00 1.349578857421875000e+00
6.086054999999999993e+00 2.167163848876953125e+00
6.091299000000000241e+00 2.027450561523437500e+00
6.096627999999999936e+00 1.132246017456054688e+00
6.101932999999999829e+00 1.908434867858886719e+00
6.107415999999999734e+00 1.385800361633300781e+00
6.112864000000000075e+00 2.017101287841796875e+00
6.116583999999999577e+00 2.684623718261718750e+00
6.121871999999999758e+00 2.989924430847167969e+00
6.127241999999999855e+00 4.195604324340820312e+00
6.132551999999999559e+00 1.478943824768066406e+00
6.137786000000000186e+00 2.368973731994628906e+00
6.143098000000000170e+00 2.343100547790527344e+00
6.150455000000000005e+00 2.436243057250976562e+00
6.155841999999999814e+00 3.103765487670898438e+00
6.161264000000000074e+00 3.465987205505371094e+00
6.167542000000000080e+00 1.956443786621093750e-01
6.174255999999999744e+00 2.446592330932617188e+00
6.180996000000000379e+00 4.728588104248046875e+00
6.187865999999999644e+00 2.777766227722167969e+00
6.194605000000000139e+00 4.780333518981933594e+00
6.201318999999999804e+00 4.785508155822753906e+00
6.208175999999999917e+00 4.780333518981933594e+00
6.215184999999999960e+00 4.785508155822753906e+00
6.221969999999999779e+00 4.785508155822753906e+00
6.228680999999999912e+00 4.785508155822753906e+00
6.235473999999999961e+00 4.785508155822753906e+00
6.242281000000000191e+00 4.790682792663574219e+00
6.249029000000000167e+00 4.790682792663574219e+00
6.255842999999999599e+00 4.785508155822753906e+00
6.263751000000000069e+00 4.790682792663574219e+00
6.269465000000000288e+00 4.790682792663574219e+00
6.274835999999999636e+00 4.785508155822753906e+00
6.278595000000000148e+00 4.785508155822753906e+00
6.283897999999999762e+00 4.780333518981933594e+00
6.289195999999999565e+00 4.785508155822753906e+00
6.294624999999999915e+00 4.785508155822753906e+00
6.299929999999999808e+00 4.785508155822753906e+00
6.305329000000000406e+00 4.780333518981933594e+00
6.310630999999999879e+00 4.785508155822753906e+00
6.316036000000000428e+00 4.785508155822753906e+00
6.321366000000000263e+00 4.785508155822753906e+00
6.326853999999999978e+00 4.785508155822753906e+00
6.332226999999999606e+00 4.790682792663574219e+00
6.337549000000000099e+00 4.790682792663574219e+00
6.342942999999999998e+00 4.785508155822753906e+00
6.348271000000000441e+00 4.790682792663574219e+00
6.353588000000000235e+00 4.785508155822753906e+00
6.358914000000000399e+00 4.785508155822753906e+00
6.364257000000000275e+00 4.785508155822753906e+00
6.369603999999999822e+00 4.790682792663574219e+00
6.375353999999999743e+00 4.790682792663574219e+00
6.383208999999999911e+00 4.780333518981933594e+00
6.388581000000000287e+00 4.780333518981933594e+00
6.394002000000000407e+00 4.780333518981933594e+00
6.397775000000000212e+00 4.785508155822753906e+00
6.403213000000000044e+00 4.785508155822753906e+00
6.408622000000000263e+00 4.785508155822753906e+00
6.412416000000000338e+00 4.785508155822753906e+00
6.417836999999999570e+00 4.785508155822753906e+00
6.423326000000000313e+00 4.785508155822753906e+00
6.428828000000000209e+00 4.785508155822753906e+00
6.434223000000000248e+00 4.785508155822753906e+00
6.439612000000000336e+00 4.790682792663574219e+00
6.445116999999999763e+00 4.785508155822753906e+00
6.450520000000000032e+00 4.790682792663574219e+00
6.455968000000000373e+00 4.785508155822753906e+00
6.461349000000000231e+00 4.785508155822753906e+00
6.466814000000000284e+00 4.785508155822753906e+00
6.470581000000000138e+00 4.785508155822753906e+00
6.476009999999999600e+00 4.790682792663574219e+00
6.481362999999999985e+00 4.790682792663574219e+00
6.486800999999999817e+00 4.785508155822753906e+00
6.494394999999999918e+00 4.785508155822753906e+00
6.500053000000000303e+00 4.785508155822753906e+00
6.505524000000000306e+00 4.785508155822753906e+00
6.510900000000000354e+00 4.785508155822753906e+00
6.516337000000000046e+00 4.785508155822753906e+00
6.521789000000000058e+00 4.785508155822753906e+00
6.527198000000000278e+00 4.780333518981933594e+00
6.532644999999999591e+00 4.785508155822753906e+00
6.538026999999999589e+00 4.785508155822753906e+00
6.541831000000000174e+00 4.785508155822753906e+00
6.545573000000000086e+00 4.785508155822753906e+00
6.550962000000000174e+00 4.785508155822753906e+00
6.556434000000000317e+00 4.785508155822753906e+00
6.561906999999999712e+00 4.790682792663574219e+00
6.567332000000000392e+00 4.785508155822753906e+00
6.572786999999999935e+00 4.785508155822753906e+00
6.576570000000000249e+00 4.790682792663574219e+00
6.582047000000000203e+00 4.785508155822753906e+00
6.587451999999999863e+00 4.785508155822753906e+00
6.592896999999999785e+00 4.785508155822753906e+00
6.598321000000000325e+00 4.785508155822753906e+00
6.603901999999999717e+00 4.785508155822753906e+00
6.611384000000000150e+00 4.785508155822753906e+00
6.617085000000000328e+00 4.780333518981933594e+00
6.622586000000000084e+00 4.785508155822753906e+00
6.628003999999999785e+00 4.785508155822753906e+00
6.633445000000000036e+00 4.785508155822753906e+00
6.638850999999999836e+00 4.785508155822753906e+00
6.644313999999999609e+00 4.790682792663574219e+00
6.649747999999999770e+00 4.790682792663574219e+00
6.653507000000000282e+00 4.790682792663574219e+00
6.658943999999999974e+00 4.790682792663574219e+00
6.664405999999999608e+00 4.785508155822753906e+00
6.669849000000000139e+00 4.790682792663574219e+00
6.673769000000000062e+00 4.790682792663574219e+00
6.679247000000000156e+00 4.785508155822753906e+00
6.684745999999999633e+00 4.785508155822753906e+00
6.690235000000000376e+00 4.785508155822753906e+00
6.695763000000000353e+00 4.780333518981933594e+00
6.699599000000000082e+00 4.780333518981933594e+00
6.705098999999999698e+00 4.785508155822753906e+00
6.710571999999999981e+00 4.785508155822753906e+00
6.716105999999999909e+00 4.785508155822753906e+00
6.723703000000000429e+00 4.785508155822753906e+00
6.729668000000000205e+00 4.785508155822753906e+00
6.735223999999999656e+00 4.790682792663574219e+00
6.740715999999999930e+00 4.790682792663574219e+00
6.746285999999999561e+00 4.790682792663574219e+00
6.751771999999999885e+00 4.790682792663574219e+00
6.757284000000000290e+00 4.785508155822753906e+00
6.762914000000000314e+00 4.790682792663574219e+00
6.766778999999999655e+00 4.790682792663574219e+00
6.775374000000000230e+00 4.785508155822753906e+00
6.784733000000000125e+00 4.785508155822753906e+00
6.793984000000000023e+00 4.785508155822753906e+00
6.804561999999999777e+00 4.785508155822753906e+00
6.817766999999999911e+00 4.785508155822753906e+00
6.829056999999999711e+00 4.785508155822753906e+00
6.839642000000000444e+00 4.785508155822753906e+00
6.847620000000000040e+00 4.790682792663574219e+00
6.853582000000000285e+00 4.785508155822753906e+00
6.859083000000000041e+00 4.785508155822753906e+00
6.864685999999999844e+00 4.785508155822753906e+00
6.870217000000000240e+00 4.790682792663574219e+00
6.875784000000000340e+00 4.790682792663574219e+00
6.881282999999999817e+00 4.785508155822753906e+00
6.886923000000000350e+00 4.785508155822753906e+00
6.890778000000000070e+00 4.785508155822753906e+00
6.896378999999999593e+00 4.785508155822753906e+00
6.901987000000000094e+00 4.780333518981933594e+00
6.907522000000000162e+00 4.785508155822753906e+00
6.913105999999999973e+00 4.785508155822753906e+00
6.918642000000000181e+00 4.785508155822753906e+00
6.924191000000000429e+00 4.785508155822753906e+00
6.929706000000000365e+00 4.785508155822753906e+00
6.935303000000000218e+00 4.795857429504394531e+00
6.940813999999999595e+00 4.790682792663574219e+00
6.946406999999999776e+00 4.785508155822753906e+00
6.951997000000000426e+00 4.785508155822753906e+00
6.959575000000000067e+00 4.785508155822753906e+00
6.965440000000000076e+00 4.785508155822753906e+00
6.971033000000000257e+00 4.785508155822753906e+00
6.976664000000000421e+00 4.785508155822753906e+00
6.982267000000000223e+00 4.785508155822753906e+00
6.987835999999999714e+00 4.785508155822753906e+00
6.993456000000000117e+00 4.785508155822753906e+00
6.999003000000000085e+00 4.785508155822753906e+00
7.004635999999999640e+00 4.785508155822753906e+00
7.010187000000000168e+00 4.785508155822753906e+00
7.015818000000000332e+00 4.785508155822753906e+00
7.021372999999999642e+00 4.785508155822753906e+00
7.027006000000000085e+00 4.785508155822753906e+00
7.032617000000000118e+00 4.785508155822753906e+00
7.038316000000000017e+00 4.785508155822753906e+00
7.043899999999999828e+00 4.785508155822753906e+00
