7.089999999999999948e-03 2.415544509887695312e+00
1.124799999999999932e-02 2.425893783569335938e+00
1.471599999999999991e-02 2.420719146728515625e+00
1.831599999999999895e-02 2.425893783569335938e+00
2.954700000000000035e-02 2.425893783569335938e+00
3.849099999999999744e-02 2.425893783569335938e+00
4.254000000000000142e-02 2.431068420410156250e+00
4.812700000000000311e-02 2.425893783569335938e+00
5.157599999999999685e-02 2.425893783569335938e+00
5.504599999999999771e-02 2.425893783569335938e+00
5.849499999999999839e-02 2.425893783569335938e+00
6.180599999999999983e-02 2.425893783569335938e+00
6.525499999999999357e-02 2.425893783569335938e+00
6.870500000000000218e-02 2.425893783569335938e+00
7.199899999999999356e-02 2.425893783569335938e+00
7.568300000000000027e-02 2.431068420410156250e+00
7.910100000000000464e-02 2.425893783569335938e+00
8.238700000000000190e-02 2.425893783569335938e+00
8.603600000000000136e-02 2.420719146728515625e+00
8.948399999999999410e-02 2.420719146728515625e+00
9.278000000000000136e-02 2.420719146728515625e+00
9.622100000000000097e-02 2.420719146728515625e+00
9.967299999999999771e-02 2.420719146728515625e+00
1.030240000000000045e-01 2.420719146728515625e+00
1.064279999999999948e-01 2.425893783569335938e+00
1.098709999999999964e-01 2.425893783569335938e+00
1.133259999999999962e-01 2.420719146728515625e+00
1.231789999999999968e-01 2.420719146728515625e+00
1.269649999999999945e-01 2.420719146728515625e+00
1.304029999999999911e-01 2.420719146728515625e+00
1.338660000000000128e-01 2.420719146728515625e+00
1.373080000000000134e-01 2.420719146728515625e+00
1.406010000000000038e-01 2.425893783569335938e+00
1.440579999999999916e-01 2.425893783569335938e+00
1.475080000000000002e-01 2.420719146728515625e+00
1.508029999999999926e-01 2.425893783569335938e+00
1.542560000000000042e-01 2.425893783569335938e+00
1.577099999999999891e-01 2.425893783569335938e+00
1.613179999999999892e-01 2.425893783569335938e+00
1.646090000000000053e-01 2.425893783569335938e+00
1.680669999999999942e-01 2.425893783569335938e+00
1.715190000000000048e-01 2.425893783569335938e+00
1.748149999999999982e-01 2.431068420410156250e+00
1.782660000000000078e-01 2.431068420410156250e+00
1.817499999999999949e-01 2.425893783569335938e+00
1.852090000000000125e-01 2.425893783569335938e+00
1.886569999999999914e-01 2.425893783569335938e+00
1.919589999999999907e-01 2.420719146728515625e+00
1.954100000000000004e-01 2.420719146728515625e+00
1.988429999999999920e-01 2.420719146728515625e+00
2.023020000000000096e-01 2.420719146728515625e+00
2.059179999999999899e-01 2.420719146728515625e+00
2.092080000000000051e-01 2.425893783569335938e+00
2.126619999999999899e-01 2.425893783569335938e+00
2.162650000000000128e-01 2.415544509887695312e+00
2.197119999999999906e-01 2.420719146728515625e+00
2.230709999999999915e-01 2.415544509887695312e+00
2.264690000000000036e-01 2.415544509887695312e+00
2.297569999999999890e-01 2.415544509887695312e+00
2.332120000000000026e-01 2.415544509887695312e+00
2.424159999999999926e-01 2.425893783569335938e+00
2.463960000000000039e-01 2.425893783569335938e+00
2.498329999999999995e-01 2.425893783569335938e+00
2.532940000000000191e-01 2.425893783569335938e+00
2.565839999999999788e-01 2.425893783569335938e+00
2.600439999999999974e-01 2.431068420410156250e+00
2.634989999999999832e-01 2.431068420410156250e+00
2.667809999999999904e-01 2.425893783569335938e+00
2.702269999999999950e-01 2.425893783569335938e+00
2.736830000000000096e-01 2.431068420410156250e+00
2.777879999999999794e-01 2.431068420410156250e+00
2.812310000000000088e-01 2.425893783569335938e+00
2.848450000000000149e-01 2.425893783569335938e+00
2.883009999999999740e-01 2.425893783569335938e+00
2.915840000000000098e-01 2.420719146728515625e+00
2.950340000000000185e-01 2.420719146728515625e+00
2.984850000000000003e-01 2.420719146728515625e+00
3.017770000000000175e-01 2.415544509887695312e+00
3.052400000000000113e-01 2.420719146728515625e+00
3.088350000000000262e-01 2.420719146728515625e+00
3.122869999999999813e-01 2.420719146728515625e+00
3.158880000000000021e-01 2.420719146728515625e+00
3.193429999999999880e-01 2.420719146728515625e+00
3.227869999999999906e-01 2.415544509887695312e+00
3.262479999999999825e-01 2.415544509887695312e+00
3.296970000000000178e-01 2.415544509887695312e+00
3.330429999999999779e-01 2.415544509887695312e+00
3.364369999999999861e-01 2.425893783569335938e+00
3.398930000000000007e-01 2.425893783569335938e+00
3.432009999999999783e-01 2.431068420410156250e+00
3.466489999999999849e-01 2.431068420410156250e+00
3.500900000000000123e-01 2.425893783569335938e+00
3.533939999999999859e-01 2.431068420410156250e+00
3.630450000000000066e-01 2.425893783569335938e+00
3.665430000000000077e-01 2.425893783569335938e+00
3.700109999999999788e-01 2.425893783569335938e+00
3.735089999999999799e-01 2.425893783569335938e+00
3.767889999999999850e-01 2.431068420410156250e+00
3.802449999999999997e-01 2.425893783569335938e+00
3.837070000000000203e-01 2.425893783569335938e+00
3.873280000000000056e-01 2.420719146728515625e+00
3.909110000000000085e-01 2.415544509887695312e+00
3.942069999999999741e-01 2.420719146728515625e+00
3.976520000000000055e-01 2.415544509887695312e+00
4.011049999999999893e-01 2.415544509887695312e+00
4.044099999999999917e-01 2.420719146728515625e+00
4.078499999999999903e-01 2.415544509887695312e+00
4.113120000000000109e-01 2.420719146728515625e+00
4.146070000000000033e-01 2.415544509887695312e+00
4.180519999999999792e-01 2.420719146728515625e+00
4.215039999999999898e-01 2.415544509887695312e+00
4.248060000000000169e-01 2.420719146728515625e+00
4.282569999999999988e-01 2.420719146728515625e+00
4.317079999999999806e-01 2.420719146728515625e+00
4.350069999999999770e-01 2.425893783569335938e+00
4.384540000000000104e-01 2.431068420410156250e+00
4.419060000000000210e-01 2.431068420410156250e+00
4.452059999999999906e-01 2.431068420410156250e+00
4.486550000000000260e-01 2.431068420410156250e+00
4.521060000000000079e-01 2.431068420410156250e+00
4.557280000000000220e-01 2.431068420410156250e+00
4.590090000000000003e-01 2.425893783569335938e+00
4.624679999999999902e-01 2.431068420410156250e+00
4.660619999999999763e-01 2.431068420410156250e+00
4.693950000000000067e-01 2.431068420410156250e+00
4.728370000000000073e-01 2.425893783569335938e+00
4.823549999999999782e-01 2.425893783569335938e+00
4.860039999999999916e-01 2.425893783569335938e+00
4.894950000000000134e-01 2.420719146728515625e+00
4.927639999999999798e-01 2.420719146728515625e+00
4.962230000000000252e-01 2.415544509887695312e+00
4.996669999999999723e-01 2.415544509887695312e+00
5.030130000000000434e-01 2.420719146728515625e+00
5.064089999999999980e-01 2.415544509887695312e+00
5.098709999999999631e-01 2.420719146728515625e+00
5.133250000000000313e-01 2.420719146728515625e+00
5.167589999999999684e-01 2.420719146728515625e+00
5.202369999999999495e-01 2.425893783569335938e+00
5.236699999999999688e-01 2.425893783569335938e+00
5.271109999999999962e-01 2.425893783569335938e+00
5.307290000000000063e-01 2.420719146728515625e+00
5.341740000000000377e-01 2.425893783569335938e+00
5.376229999999999620e-01 2.431068420410156250e+00
5.410700000000000509e-01 2.431068420410156250e+00
5.445219999999999505e-01 2.431068420410156250e+00
5.478349999999999609e-01 2.431068420410156250e+00
5.512749999999999595e-01 2.425893783569335938e+00
5.545959999999999779e-01 2.425893783569335938e+00
5.580289999999999973e-01 2.425893783569335938e+00
5.614789999999999504e-01 2.425893783569335938e+00
5.651260000000000172e-01 2.425893783569335938e+00
5.685639999999999583e-01 2.431068420410156250e+00
5.720049999999999857e-01 2.431068420410156250e+00
5.754620000000000291e-01 2.425893783569335938e+00
5.789229999999999654e-01 2.431068420410156250e+00
5.823660000000000503e-01 2.425893783569335938e+00
5.858139999999999459e-01 2.425893783569335938e+00
5.893850000000000477e-01 2.420719146728515625e+00
5.930790000000000228e-01 2.425893783569335938e+00
6.030600000000000405e-01 2.425893783569335938e+00
6.063349999999999573e-01 2.425893783569335938e+00
6.097879999999999967e-01 2.425893783569335938e+00
6.132480000000000153e-01 2.425893783569335938e+00
6.166939999999999644e-01 2.425893783569335938e+00
6.199829999999999508e-01 2.425893783569335938e+00
6.234469999999999734e-01 2.425893783569335938e+00
6.268949999999999800e-01 2.425893783569335938e+00
6.301909999999999457e-01 2.425893783569335938e+00
6.336389999999999523e-01 2.425893783569335938e+00
6.370879999999999876e-01 2.425893783569335938e+00
6.403790000000000315e-01 2.431068420410156250e+00
6.439989999999999881e-01 2.431068420410156250e+00
6.474469999999999947e-01 2.425893783569335938e+00
6.508909999999999973e-01 2.431068420410156250e+00
6.541879999999999917e-01 2.431068420410156250e+00
6.576779999999999848e-01 2.425893783569335938e+00
6.609669999999999712e-01 2.425893783569335938e+00
6.644250000000000433e-01 2.425893783569335938e+00
6.678690000000000460e-01 2.431068420410156250e+00
6.711620000000000363e-01 2.431068420410156250e+00
6.746119999999999894e-01 2.431068420410156250e+00
6.780669999999999753e-01 2.431068420410156250e+00
6.815210000000000434e-01 2.431068420410156250e+00
6.849610000000000420e-01 2.431068420410156250e+00
6.884209999999999496e-01 2.425893783569335938e+00
6.918760000000000465e-01 2.425893783569335938e+00
6.953209999999999669e-01 2.425893783569335938e+00
6.987609999999999655e-01 2.425893783569335938e+00
7.022059999999999969e-01 2.425893783569335938e+00
7.056609999999999827e-01 2.425893783569335938e+00
7.091159999999999686e-01 2.425893783569335938e+00
7.183979999999999810e-01 2.425893783569335938e+00
7.221549999999999914e-01 2.425893783569335938e+00
7.258970000000000145e-01 2.425893783569335938e+00
7.292039999999999633e-01 2.420719146728515625e+00
7.326420000000000154e-01 2.420719146728515625e+00
7.362830000000000208e-01 2.425893783569335938e+00
7.398609999999999909e-01 2.431068420410156250e+00
7.433199999999999807e-01 2.431068420410156250e+00
7.466089999999999671e-01 2.425893783569335938e+00
7.500569999999999737e-01 2.431068420410156250e+00
7.533919999999999506e-01 2.431068420410156250e+00
7.568340000000000067e-01 2.431068420410156250e+00
7.602849999999999886e-01 2.431068420410156250e+00
7.635899999999999910e-01 2.436243057250976562e+00
7.670320000000000471e-01 2.431068420410156250e+00
7.704820000000000002e-01 2.436243057250976562e+00
7.739470000000000516e-01 2.436243057250976562e+00
7.773870000000000502e-01 2.436243057250976562e+00
7.808420000000000361e-01 2.436243057250976562e+00
7.844419999999999726e-01 2.431068420410156250e+00
7.878870000000000040e-01 2.431068420410156250e+00
7.911780000000000479e-01 2.431068420410156250e+00
7.946569999999999467e-01 2.431068420410156250e+00
7.980920000000000236e-01 2.425893783569335938e+00
8.013909999999999645e-01 2.425893783569335938e+00
8.048429999999999751e-01 2.425893783569335938e+00
8.082909999999999817e-01 2.420719146728515625e+00
8.115900000000000336e-01 2.420719146728515625e+00
8.150389999999999580e-01 2.420719146728515625e+00
8.184810000000000141e-01 2.425893783569335938e+00
8.217689999999999717e-01 2.425893783569335938e+00
8.252260000000000151e-01 2.425893783569335938e+00
8.286750000000000504e-01 2.425893783569335938e+00
8.375829999999999664e-01 2.425893783569335938e+00
8.414040000000000408e-01 2.431068420410156250e+00
8.448529999999999651e-01 2.431068420410156250e+00
8.481779999999999875e-01 2.431068420410156250e+00
8.516319999999999446e-01 2.436243057250976562e+00
8.550769999999999760e-01 2.436243057250976562e+00
8.583739999999999704e-01 2.436243057250976562e+00
8.618270000000000097e-01 2.436243057250976562e+00
8.652840000000000531e-01 2.431068420410156250e+00
8.688879999999999937e-01 2.436243057250976562e+00
8.721710000000000296e-01 2.436243057250976562e+00
8.756220000000000114e-01 2.436243057250976562e+00
8.790750000000000508e-01 2.436243057250976562e+00
8.823710000000000164e-01 2.431068420410156250e+00
8.859759999999999858e-01 2.431068420410156250e+00
8.894159999999999844e-01 2.425893783569335938e+00
8.928719999999999990e-01 2.425893783569335938e+00
8.964640000000000386e-01 2.425893783569335938e+00
8.999359999999999582e-01 2.425893783569335938e+00
9.033849999999999936e-01 2.425893783569335938e+00
9.068239999999999634e-01 2.420719146728515625e+00
9.102820000000000356e-01 2.425893783569335938e+00
9.135820000000000052e-01 2.425893783569335938e+00
9.170120000000000493e-01 2.425893783569335938e+00
9.204700000000000104e-01 2.425893783569335938e+00
9.239450000000000163e-01 2.425893783569335938e+00
9.273679999999999701e-01 2.425893783569335938e+00
9.308159999999999767e-01 2.425893783569335938e+00
9.342690000000000161e-01 2.425893783569335938e+00
9.377199999999999980e-01 2.436243057250976562e+00
9.410140000000000171e-01 2.436243057250976562e+00
9.445029999999999815e-01 2.436243057250976562e+00
9.533570000000000100e-01 2.436243057250976562e+00
9.570670000000000011e-01 2.436243057250976562e+00
9.606719999999999704e-01 2.436243057250976562e+00
9.641290000000000138e-01 2.436243057250976562e+00
9.675679999999999836e-01 2.436243057250976562e+00
9.710149999999999615e-01 2.436243057250976562e+00
9.744639999999999969e-01 2.436243057250976562e+00
9.777709999999999457e-01 2.436243057250976562e+00
9.812170000000000059e-01 2.431068420410156250e+00
9.846719999999999917e-01 2.431068420410156250e+00
9.881229999999999736e-01 2.425893783569335938e+00
9.915629999999999722e-01 2.425893783569335938e+00
9.950299999999999701e-01 2.425893783569335938e+00
9.984819999999999807e-01 2.425893783569335938e+00
1.002034000000000091e+00 2.425893783569335938e+00
1.006351999999999913e+00 2.425893783569335938e+00
1.010453999999999963e+00 2.420719146728515625e+00
1.014591000000000021e+00 2.431068420410156250e+00
1.018683999999999923e+00 2.431068420410156250e+00
1.028820000000000068e+00 2.425893783569335938e+00
1.036894999999999900e+00 2.431068420410156250e+00
1.045978000000000074e+00 2.436243057250976562e+00
1.050286000000000053e+00 2.436243057250976562e+00
1.054432000000000036e+00 2.436243057250976562e+00
1.058531000000000111e+00 2.431068420410156250e+00
1.068905999999999912e+00 2.431068420410156250e+00
1.077183999999999919e+00 2.431068420410156250e+00
1.081738000000000088e+00 2.431068420410156250e+00
1.085947999999999913e+00 2.431068420410156250e+00
1.090038999999999980e+00 2.431068420410156250e+00
1.094162999999999997e+00 2.425893783569335938e+00
1.098314999999999930e+00 2.425893783569335938e+00
1.102400999999999964e+00 2.431068420410156250e+00
1.106689999999999952e+00 2.431068420410156250e+00
1.110800000000000010e+00 2.431068420410156250e+00
1.114937999999999985e+00 2.425893783569335938e+00
1.119032000000000027e+00 2.431068420410156250e+00
1.123224000000000000e+00 2.431068420410156250e+00
1.127375000000000016e+00 2.431068420410156250e+00
1.131507999999999958e+00 2.425893783569335938e+00
1.135729999999999906e+00 2.431068420410156250e+00
1.139842999999999940e+00 2.436243057250976562e+00
1.143968000000000096e+00 2.436243057250976562e+00
1.148114000000000079e+00 2.431068420410156250e+00
1.152403000000000066e+00 2.436243057250976562e+00
1.156695000000000029e+00 2.431068420410156250e+00
1.161648000000000014e+00 2.431068420410156250e+00
1.166068000000000104e+00 2.436243057250976562e+00
1.170417999999999958e+00 2.431068420410156250e+00
1.174792000000000058e+00 2.436243057250976562e+00
1.179129000000000094e+00 2.436243057250976562e+00
1.184025000000000105e+00 2.436243057250976562e+00
1.196155000000000079e+00 2.431068420410156250e+00
1.200951000000000102e+00 2.425893783569335938e+00
1.205240000000000089e+00 2.431068420410156250e+00
1.209397000000000055e+00 2.431068420410156250e+00
1.213673000000000002e+00 2.431068420410156250e+00
1.217896000000000090e+00 2.425893783569335938e+00
1.222072999999999965e+00 2.431068420410156250e+00
1.226355000000000084e+00 2.425893783569335938e+00
1.230345999999999940e+00 2.425893783569335938e+00
1.233940999999999955e+00 2.425893783569335938e+00
1.237490999999999897e+00 2.436243057250976562e+00
1.241052999999999962e+00 2.431068420410156250e+00
1.244645999999999919e+00 2.436243057250976562e+00
1.248224999999999918e+00 2.431068420410156250e+00
1.252493000000000078e+00 2.431068420410156250e+00
1.256186000000000025e+00 2.436243057250976562e+00
1.259770999999999974e+00 2.436243057250976562e+00
1.263427999999999995e+00 2.436243057250976562e+00
1.267012000000000027e+00 2.436243057250976562e+00
1.270583999999999936e+00 2.441417694091796875e+00
1.274184999999999901e+00 2.436243057250976562e+00
1.277762999999999982e+00 2.441417694091796875e+00
1.281334999999999891e+00 2.436243057250976562e+00
1.285007999999999928e+00 2.431068420410156250e+00
1.288605000000000000e+00 2.431068420410156250e+00
1.292197000000000040e+00 2.431068420410156250e+00
1.295844999999999914e+00 2.431068420410156250e+00
1.299522999999999984e+00 2.431068420410156250e+00
1.303361999999999910e+00 2.431068420410156250e+00
1.311806999999999945e+00 2.425893783569335938e+00
1.316106999999999916e+00 2.425893783569335938e+00
1.319709000000000021e+00 2.425893783569335938e+00
1.323369000000000018e+00 2.420719146728515625e+00
1.326969999999999983e+00 2.425893783569335938e+00
1.330572000000000088e+00 2.425893783569335938e+00
1.334203000000000028e+00 2.431068420410156250e+00
1.337803999999999993e+00 2.436243057250976562e+00
1.341418999999999917e+00 2.431068420410156250e+00
1.345094999999999930e+00 2.431068420410156250e+00
1.348697000000000035e+00 2.436243057250976562e+00
1.352292999999999967e+00 2.441417694091796875e+00
1.356038000000000077e+00 2.441417694091796875e+00
1.359650999999999943e+00 2.436243057250976562e+00
1.363323000000000063e+00 2.441417694091796875e+00
1.366916999999999938e+00 2.436243057250976562e+00
1.370540000000000092e+00 2.441417694091796875e+00
1.374195000000000055e+00 2.436243057250976562e+00
1.377812999999999954e+00 2.441417694091796875e+00
1.381424999999999903e+00 2.441417694091796875e+00
1.385150000000000103e+00 2.436243057250976562e+00
1.388791000000000109e+00 2.431068420410156250e+00
1.392422999999999966e+00 2.431068420410156250e+00
1.396217000000000041e+00 2.425893783569335938e+00
1.399872000000000005e+00 2.425893783569335938e+00
1.403697999999999890e+00 2.425893783569335938e+00
1.407332999999999945e+00 2.425893783569335938e+00
1.410967000000000082e+00 2.425893783569335938e+00
1.414641999999999955e+00 2.425893783569335938e+00
1.418298999999999976e+00 2.425893783569335938e+00
1.421945000000000014e+00 2.425893783569335938e+00
1.430355999999999961e+00 2.425893783569335938e+00
1.434129999999999905e+00 2.431068420410156250e+00
1.437861000000000056e+00 2.436243057250976562e+00
1.441537999999999986e+00 2.436243057250976562e+00
1.445276000000000005e+00 2.441417694091796875e+00
1.448963000000000001e+00 2.436243057250976562e+00
1.452631999999999923e+00 2.441417694091796875e+00
1.456379000000000090e+00 2.436243057250976562e+00
1.460058999999999996e+00 2.441417694091796875e+00
1.463811999999999891e+00 2.441417694091796875e+00
1.467626000000000097e+00 2.436243057250976562e+00
1.471327999999999969e+00 2.441417694091796875e+00
1.475112999999999897e+00 2.436243057250976562e+00
1.478817999999999966e+00 2.436243057250976562e+00
1.482515999999999945e+00 2.436243057250976562e+00
1.486332999999999904e+00 2.431068420410156250e+00
1.490042000000000089e+00 2.425893783569335938e+00
1.493770000000000042e+00 2.425893783569335938e+00
1.497484000000000037e+00 2.431068420410156250e+00
1.501190000000000024e+00 2.425893783569335938e+00
1.505098999999999965e+00 2.425893783569335938e+00
1.508817000000000075e+00 2.425893783569335938e+00
1.512532999999999905e+00 2.431068420410156250e+00
1.516354999999999897e+00 2.431068420410156250e+00
1.520083999999999991e+00 2.425893783569335938e+00
1.523814999999999920e+00 2.431068420410156250e+00
1.527527999999999997e+00 2.431068420410156250e+00
1.531253999999999893e+00 2.431068420410156250e+00
1.535074000000000050e+00 2.436243057250976562e+00
1.538821999999999912e+00 2.441417694091796875e+00
1.550243999999999955e+00 2.441417694091796875e+00
1.555050999999999961e+00 2.441417694091796875e+00
1.558880000000000043e+00 2.441417694091796875e+00
1.562629000000000046e+00 2.441417694091796875e+00
1.566457999999999906e+00 2.436243057250976562e+00
1.570184999999999942e+00 2.441417694091796875e+00
1.573946999999999985e+00 2.436243057250976562e+00
1.577676999999999996e+00 2.436243057250976562e+00
1.581412999999999958e+00 2.436243057250976562e+00
1.585242000000000040e+00 2.431068420410156250e+00
1.588996000000000075e+00 2.431068420410156250e+00
1.592756000000000061e+00 2.431068420410156250e+00
1.596535999999999955e+00 2.431068420410156250e+00
1.600287999999999933e+00 2.425893783569335938e+00
1.604163999999999923e+00 2.431068420410156250e+00
1.608149000000000051e+00 2.431068420410156250e+00
1.611884000000000094e+00 2.431068420410156250e+00
1.615685000000000038e+00 2.431068420410156250e+00
1.619464999999999932e+00 2.431068420410156250e+00
1.623293000000000097e+00 2.431068420410156250e+00
1.627064000000000066e+00 2.431068420410156250e+00
1.630843000000000043e+00 2.431068420410156250e+00
1.634633000000000003e+00 2.436243057250976562e+00
1.638404999999999889e+00 2.441417694091796875e+00
1.642176999999999998e+00 2.436243057250976562e+00
1.646031999999999940e+00 2.436243057250976562e+00
1.649815999999999949e+00 2.436243057250976562e+00
1.653674000000000088e+00 2.436243057250976562e+00
1.657446999999999893e+00 2.436243057250976562e+00
1.661238999999999910e+00 2.436243057250976562e+00
1.670055000000000067e+00 2.436243057250976562e+00
1.674066000000000054e+00 2.436243057250976562e+00
1.677845999999999949e+00 2.436243057250976562e+00
1.681635999999999909e+00 2.436243057250976562e+00
1.685486000000000040e+00 2.436243057250976562e+00
1.689267999999999992e+00 2.436243057250976562e+00
1.693124999999999991e+00 2.431068420410156250e+00
1.696933000000000025e+00 2.431068420410156250e+00
1.700746000000000091e+00 2.431068420410156250e+00
1.704582999999999959e+00 2.431068420410156250e+00
1.708504999999999940e+00 2.431068420410156250e+00
1.712307000000000023e+00 2.436243057250976562e+00
1.716301999999999994e+00 2.436243057250976562e+00
1.720105999999999913e+00 2.431068420410156250e+00
1.723923000000000094e+00 2.431068420410156250e+00
1.727743999999999946e+00 2.431068420410156250e+00
1.731575000000000086e+00 2.425893783569335938e+00
1.735457000000000027e+00 2.431068420410156250e+00
1.739287999999999945e+00 2.436243057250976562e+00
1.743176999999999977e+00 2.436243057250976562e+00
1.747019000000000100e+00 2.436243057250976562e+00
1.750853999999999910e+00 2.436243057250976562e+00
1.754699999999999926e+00 2.436243057250976562e+00
1.758556000000000008e+00 2.436243057250976562e+00
1.762391000000000041e+00 2.436243057250976562e+00
1.766310000000000047e+00 2.436243057250976562e+00
1.770121999999999973e+00 2.436243057250976562e+00
1.773975999999999997e+00 2.436243057250976562e+00
1.777900000000000036e+00 2.441417694091796875e+00
1.786496000000000084e+00 2.441417694091796875e+00
1.790445999999999982e+00 2.431068420410156250e+00
1.794391999999999987e+00 2.431068420410156250e+00
1.798251000000000044e+00 2.436243057250976562e+00
1.802119999999999944e+00 2.431068420410156250e+00
1.806025999999999909e+00 2.436243057250976562e+00
1.810046000000000044e+00 2.431068420410156250e+00
1.813919000000000059e+00 2.431068420410156250e+00
1.817798000000000025e+00 2.431068420410156250e+00
1.821663999999999950e+00 2.425893783569335938e+00
1.825590000000000046e+00 2.425893783569335938e+00
1.829461999999999922e+00 2.425893783569335938e+00
1.833409999999999984e+00 2.425893783569335938e+00
1.837299999999999933e+00 2.436243057250976562e+00
1.841166000000000080e+00 2.436243057250976562e+00
1.845131000000000077e+00 2.441417694091796875e+00
1.849007999999999985e+00 2.436243057250976562e+00
1.852878999999999943e+00 2.441417694091796875e+00
1.856794999999999973e+00 2.436243057250976562e+00
1.860673999999999939e+00 2.436243057250976562e+00
1.864568000000000003e+00 2.441417694091796875e+00
1.868462000000000067e+00 2.436243057250976562e+00
1.872354000000000074e+00 2.441417694091796875e+00
1.876354000000000077e+00 2.441417694091796875e+00
1.880239999999999911e+00 2.441417694091796875e+00
1.884133000000000058e+00 2.441417694091796875e+00
1.888028000000000040e+00 2.431068420410156250e+00
1.891928999999999972e+00 2.431068420410156250e+00
1.895828999999999986e+00 2.431068420410156250e+00
1.904976000000000003e+00 2.425893783569335938e+00
1.909110000000000085e+00 2.425893783569335938e+00
1.912287999999999988e+00 2.425893783569335938e+00
1.916280999999999901e+00 2.425893783569335938e+00
1.920225000000000071e+00 2.425893783569335938e+00
1.924166000000000043e+00 2.425893783569335938e+00
1.928077000000000041e+00 2.425893783569335938e+00
1.931980999999999948e+00 2.425893783569335938e+00
1.936409000000000047e+00 2.431068420410156250e+00
1.941157000000000021e+00 2.436243057250976562e+00
1.945964000000000027e+00 2.436243057250976562e+00
1.950692000000000093e+00 2.441417694091796875e+00
1.955545000000000089e+00 2.441417694091796875e+00
1.960315999999999947e+00 2.436243057250976562e+00
1.965062000000000086e+00 2.441417694091796875e+00
1.969788000000000094e+00 2.436243057250976562e+00
1.973343000000000069e+00 2.441417694091796875e+00
1.978132000000000001e+00 2.441417694091796875e+00
1.982879999999999976e+00 2.436243057250976562e+00
1.987721999999999989e+00 2.431068420410156250e+00
1.992501999999999995e+00 2.431068420410156250e+00
1.997362000000000082e+00 2.425893783569335938e+00
2.002117000000000147e+00 2.425893783569335938e+00
2.006959999999999855e+00 2.431068420410156250e+00
2.011773999999999951e+00 2.425893783569335938e+00
2.022682999999999787e+00 2.425893783569335938e+00
2.036243999999999943e+00 2.431068420410156250e+00
2.046450000000000102e+00 2.436243057250976562e+00
2.055900999999999978e+00 2.441417694091796875e+00
2.060833999999999833e+00 2.441417694091796875e+00
2.066174999999999873e+00 2.436243057250976562e+00
2.073742999999999892e+00 2.436243057250976562e+00
2.078594999999999970e+00 2.436243057250976562e+00
2.083496999999999932e+00 2.436243057250976562e+00
2.088372999999999813e+00 2.431068420410156250e+00
2.093271999999999800e+00 2.425893783569335938e+00
2.098069999999999879e+00 2.425893783569335938e+00
2.102911000000000197e+00 2.431068420410156250e+00
2.107924999999999827e+00 2.431068420410156250e+00
2.112750999999999824e+00 2.431068420410156250e+00
2.117821999999999871e+00 2.431068420410156250e+00
2.122685000000000155e+00 2.431068420410156250e+00
2.127635000000000165e+00 2.431068420410156250e+00
2.132516999999999996e+00 2.431068420410156250e+00
2.141966000000000037e+00 2.436243057250976562e+00
2.148527000000000076e+00 2.436243057250976562e+00
2.153509999999999813e+00 2.436243057250976562e+00
2.158401000000000014e+00 2.436243057250976562e+00
2.164169999999999927e+00 2.436243057250976562e+00
2.169024999999999981e+00 2.436243057250976562e+00
2.173948000000000214e+00 2.436243057250976562e+00
2.178834000000000160e+00 2.436243057250976562e+00
2.183787999999999840e+00 2.436243057250976562e+00
2.188657000000000075e+00 2.431068420410156250e+00
2.193608999999999920e+00 2.431068420410156250e+00
2.198504999999999932e+00 2.431068420410156250e+00
2.203494000000000064e+00 2.431068420410156250e+00
2.208359000000000183e+00 2.431068420410156250e+00
2.211945000000000050e+00 2.431068420410156250e+00
2.216905999999999821e+00 2.431068420410156250e+00
2.221975000000000033e+00 2.425893783569335938e+00
2.226935999999999805e+00 2.436243057250976562e+00
2.231796000000000113e+00 2.431068420410156250e+00
2.236530000000000129e+00 2.431068420410156250e+00
2.239663000000000181e+00 2.436243057250976562e+00
2.243736999999999870e+00 2.436243057250976562e+00
2.246859999999999857e+00 2.436243057250976562e+00
2.250916000000000139e+00 2.431068420410156250e+00
2.255116999999999816e+00 2.436243057250976562e+00
2.263882999999999868e+00 2.436243057250976562e+00
2.268013999999999974e+00 2.436243057250976562e+00
2.272154000000000007e+00 2.441417694091796875e+00
2.276264999999999983e+00 2.436243057250976562e+00
2.280352999999999852e+00 2.441417694091796875e+00
2.284416999999999920e+00 2.441417694091796875e+00
2.288486999999999938e+00 2.436243057250976562e+00
2.292546000000000195e+00 2.436243057250976562e+00
2.296683999999999948e+00 2.436243057250976562e+00
2.300733000000000139e+00 2.436243057250976562e+00
2.304816000000000198e+00 2.431068420410156250e+00
2.308905000000000207e+00 2.431068420410156250e+00
2.313019999999999854e+00 2.431068420410156250e+00
2.317079000000000111e+00 2.425893783569335938e+00
2.321207999999999938e+00 2.431068420410156250e+00
2.325352000000000086e+00 2.425893783569335938e+00
2.329419000000000128e+00 2.431068420410156250e+00
2.333559000000000161e+00 2.425893783569335938e+00
2.336653000000000091e+00 2.436243057250976562e+00
2.340743999999999936e+00 2.436243057250976562e+00
2.344837000000000060e+00 2.431068420410156250e+00
2.348945000000000061e+00 2.436243057250976562e+00
2.353101000000000109e+00 2.436243057250976562e+00
2.357200999999999880e+00 2.436243057250976562e+00
2.361298000000000119e+00 2.441417694091796875e+00
2.364475000000000104e+00 2.441417694091796875e+00
2.368535000000000057e+00 2.441417694091796875e+00
2.371682999999999986e+00 2.441417694091796875e+00
2.375853000000000215e+00 2.441417694091796875e+00
2.384905999999999970e+00 2.441417694091796875e+00
2.389332000000000011e+00 2.436243057250976562e+00
2.393498000000000125e+00 2.431068420410156250e+00
2.397637000000000018e+00 2.425893783569335938e+00
2.401765000000000150e+00 2.425893783569335938e+00
2.405952999999999786e+00 2.425893783569335938e+00
2.409121999999999986e+00 2.425893783569335938e+00
2.412266999999999939e+00 2.425893783569335938e+00
2.416482999999999937e+00 2.431068420410156250e+00
2.420615999999999879e+00 2.425893783569335938e+00
2.424910000000000121e+00 2.425893783569335938e+00
2.428055000000000074e+00 2.425893783569335938e+00
2.432192000000000132e+00 2.425893783569335938e+00
2.436380999999999908e+00 2.431068420410156250e+00
2.440522000000000080e+00 2.431068420410156250e+00
2.443709999999999827e+00 2.441417694091796875e+00
2.447858999999999785e+00 2.441417694091796875e+00
2.451999999999999957e+00 2.441417694091796875e+00
2.455277999999999849e+00 2.441417694091796875e+00
2.459436999999999873e+00 2.441417694091796875e+00
2.463652000000000175e+00 2.441417694091796875e+00
2.466848999999999847e+00 2.436243057250976562e+00
2.470994000000000135e+00 2.441417694091796875e+00
2.475233999999999934e+00 2.436243057250976562e+00
2.479413999999999785e+00 2.446592330932617188e+00
2.483630999999999922e+00 2.436243057250976562e+00
2.487801999999999847e+00 2.431068420410156250e+00
2.492002999999999968e+00 2.431068420410156250e+00
2.495372000000000146e+00 2.425893783569335938e+00
2.504747000000000057e+00 2.425893783569335938e+00
2.509025999999999978e+00 2.425893783569335938e+00
2.513281999999999794e+00 2.431068420410156250e+00
2.516465999999999870e+00 2.425893783569335938e+00
2.520699000000000023e+00 2.425893783569335938e+00
2.524947000000000052e+00 2.431068420410156250e+00
2.529139999999999944e+00 2.431068420410156250e+00
2.533427000000000096e+00 2.431068420410156250e+00
2.537624000000000102e+00 2.441417694091796875e+00
2.540855000000000086e+00 2.441417694091796875e+00
2.545116000000000156e+00 2.441417694091796875e+00
2.549336999999999964e+00 2.441417694091796875e+00
2.553606999999999960e+00 2.441417694091796875e+00
2.557841999999999949e+00 2.441417694091796875e+00
2.562056000000000111e+00 2.441417694091796875e+00
2.566370000000000040e+00 2.436243057250976562e+00
2.570578999999999947e+00 2.436243057250976562e+00
2.574829999999999952e+00 2.436243057250976562e+00
2.579041000000000139e+00 2.431068420410156250e+00
2.582281000000000049e+00 2.431068420410156250e+00
2.586564999999999781e+00 2.431068420410156250e+00
2.590810999999999975e+00 2.425893783569335938e+00
2.595044000000000128e+00 2.425893783569335938e+00
2.599292999999999854e+00 2.425893783569335938e+00
2.603594000000000186e+00 2.431068420410156250e+00
2.607852999999999977e+00 2.431068420410156250e+00
2.612394000000000105e+00 2.431068420410156250e+00
2.621806999999999999e+00 2.436243057250976562e+00
2.626203999999999983e+00 2.431068420410156250e+00
2.630450999999999873e+00 2.431068420410156250e+00
2.634723000000000148e+00 2.431068420410156250e+00
2.638971000000000178e+00 2.436243057250976562e+00
2.643279999999999852e+00 2.436243057250976562e+00
2.646525000000000016e+00 2.441417694091796875e+00
2.650762999999999980e+00 2.436243057250976562e+00
2.655031000000000141e+00 2.436243057250976562e+00
2.658250999999999920e+00 2.436243057250976562e+00
2.662526000000000170e+00 2.441417694091796875e+00
2.666920000000000179e+00 2.436243057250976562e+00
2.671190000000000175e+00 2.436243057250976562e+00
2.675533999999999857e+00 2.436243057250976562e+00
2.679816999999999894e+00 2.436243057250976562e+00
2.684093999999999980e+00 2.436243057250976562e+00
2.688377000000000017e+00 2.431068420410156250e+00
2.692644000000000037e+00 2.431068420410156250e+00
2.697011999999999965e+00 2.431068420410156250e+00
2.701290000000000191e+00 2.431068420410156250e+00
2.705652999999999864e+00 2.431068420410156250e+00
2.708861000000000185e+00 2.431068420410156250e+00
2.713208999999999982e+00 2.431068420410156250e+00
2.717509000000000174e+00 2.431068420410156250e+00
2.721808999999999923e+00 2.431068420410156250e+00
2.726183999999999941e+00 2.431068420410156250e+00
2.730516999999999861e+00 2.431068420410156250e+00
2.739644000000000190e+00 2.436243057250976562e+00
2.744143000000000221e+00 2.436243057250976562e+00
2.748450000000000060e+00 2.431068420410156250e+00
2.751698999999999895e+00 2.436243057250976562e+00
2.756075000000000053e+00 2.436243057250976562e+00
2.760381999999999891e+00 2.436243057250976562e+00
2.764707000000000026e+00 2.436243057250976562e+00
2.769031000000000020e+00 2.431068420410156250e+00
2.773419000000000079e+00 2.431068420410156250e+00
2.777747000000000188e+00 2.436243057250976562e+00
2.782055999999999862e+00 2.436243057250976562e+00
2.786452999999999847e+00 2.436243057250976562e+00
2.789683999999999831e+00 2.431068420410156250e+00
2.794052999999999898e+00 2.436243057250976562e+00
2.798360999999999876e+00 2.431068420410156250e+00
2.802686000000000011e+00 2.431068420410156250e+00
2.807077000000000044e+00 2.431068420410156250e+00
2.811423000000000005e+00 2.431068420410156250e+00
2.815800999999999998e+00 2.425893783569335938e+00
2.820165999999999951e+00 2.425893783569335938e+00
2.824519000000000002e+00 2.431068420410156250e+00
2.828955999999999804e+00 2.431068420410156250e+00
2.833345000000000002e+00 2.425893783569335938e+00
2.837693999999999939e+00 2.431068420410156250e+00
2.842042999999999875e+00 2.431068420410156250e+00
2.846477000000000146e+00 2.436243057250976562e+00
2.856003999999999987e+00 2.436243057250976562e+00
2.860555000000000181e+00 2.436243057250976562e+00
2.864942000000000100e+00 2.436243057250976562e+00
2.869318999999999953e+00 2.436243057250976562e+00
2.873772000000000215e+00 2.441417694091796875e+00
2.878139000000000003e+00 2.441417694091796875e+00
2.882498000000000005e+00 2.436243057250976562e+00
2.887016000000000027e+00 2.431068420410156250e+00
2.891429000000000027e+00 2.431068420410156250e+00
2.895849000000000117e+00 2.431068420410156250e+00
2.900217000000000045e+00 2.431068420410156250e+00
2.904617000000000004e+00 2.425893783569335938e+00
2.909027000000000029e+00 2.425893783569335938e+00
2.912294000000000160e+00 2.425893783569335938e+00
2.916758999999999880e+00 2.425893783569335938e+00
2.921146999999999938e+00 2.425893783569335938e+00
2.924484000000000083e+00 2.425893783569335938e+00
2.928892999999999969e+00 2.431068420410156250e+00
2.933352999999999877e+00 2.425893783569335938e+00
2.936656999999999851e+00 2.436243057250976562e+00
2.941314999999999902e+00 2.436243057250976562e+00
2.946753999999999873e+00 2.436243057250976562e+00
2.952138000000000151e+00 2.441417694091796875e+00
2.957645999999999997e+00 2.441417694091796875e+00
2.963168000000000024e+00 2.441417694091796875e+00
2.972717999999999972e+00 2.436243057250976562e+00
2.981589000000000045e+00 2.436243057250976562e+00
2.987156999999999840e+00 2.436243057250976562e+00
2.992609999999999992e+00 2.425893783569335938e+00
2.998209999999999820e+00 2.425893783569335938e+00
3.003762000000000043e+00 2.425893783569335938e+00
3.009195000000000064e+00 2.425893783569335938e+00
3.014679000000000109e+00 2.425893783569335938e+00
3.020141000000000187e+00 2.425893783569335938e+00
3.025735000000000063e+00 2.425893783569335938e+00
3.035988000000000131e+00 2.436243057250976562e+00
3.044245000000000090e+00 2.441417694091796875e+00
3.052096999999999838e+00 2.441417694091796875e+00
3.056789999999999896e+00 2.441417694091796875e+00
3.062602000000000046e+00 2.441417694091796875e+00
3.067432000000000158e+00 2.436243057250976562e+00
3.073637000000000175e+00 2.436243057250976562e+00
3.078167999999999793e+00 2.436243057250976562e+00
3.082675000000000054e+00 2.431068420410156250e+00
3.091995999999999967e+00 2.425893783569335938e+00
3.096776000000000195e+00 2.425893783569335938e+00
3.101226000000000038e+00 2.425893783569335938e+00
3.105799000000000198e+00 2.425893783569335938e+00
3.110291999999999835e+00 2.425893783569335938e+00
3.114781999999999940e+00 2.425893783569335938e+00
3.118107999999999880e+00 2.431068420410156250e+00
3.122551000000000077e+00 2.431068420410156250e+00
3.127171000000000145e+00 2.431068420410156250e+00
3.131692000000000142e+00 2.431068420410156250e+00
3.136216999999999810e+00 2.436243057250976562e+00
3.140706999999999915e+00 2.441417694091796875e+00
3.144047000000000036e+00 2.436243057250976562e+00
3.148515000000000175e+00 2.441417694091796875e+00
3.151860999999999802e+00 2.441417694091796875e+00
3.155318999999999985e+00 2.436243057250976562e+00
3.159802000000000000e+00 2.431068420410156250e+00
3.164947000000000177e+00 2.436243057250976562e+00
3.168257000000000101e+00 2.436243057250976562e+00
3.172753000000000156e+00 2.436243057250976562e+00
3.177331999999999823e+00 2.436243057250976562e+00
3.181833999999999829e+00 2.436243057250976562e+00
3.185277000000000136e+00 2.431068420410156250e+00
3.189763999999999822e+00 2.425893783569335938e+00
3.193099000000000132e+00 2.425893783569335938e+00
3.197592000000000212e+00 2.431068420410156250e+00
3.207015999999999867e+00 2.431068420410156250e+00
3.211701000000000139e+00 2.431068420410156250e+00
3.216328999999999994e+00 2.431068420410156250e+00
3.219681000000000015e+00 2.431068420410156250e+00
3.224254999999999871e+00 2.431068420410156250e+00
3.228782999999999959e+00 2.431068420410156250e+00
3.233413999999999788e+00 2.431068420410156250e+00
3.237944000000000155e+00 2.436243057250976562e+00
3.241255999999999915e+00 2.436243057250976562e+00
3.245855999999999852e+00 2.431068420410156250e+00
3.250412999999999997e+00 2.431068420410156250e+00
3.254980999999999902e+00 2.436243057250976562e+00
3.259545000000000137e+00 2.436243057250976562e+00
3.264155999999999835e+00 2.436243057250976562e+00
3.267475999999999825e+00 2.431068420410156250e+00
3.272053999999999796e+00 2.441417694091796875e+00
3.276685000000000070e+00 2.436243057250976562e+00
3.281261999999999901e+00 2.436243057250976562e+00
3.285890000000000200e+00 2.436243057250976562e+00
3.290462999999999916e+00 2.431068420410156250e+00
3.295034999999999936e+00 2.425893783569335938e+00
3.299628999999999923e+00 2.431068420410156250e+00
3.304212999999999845e+00 2.431068420410156250e+00
3.308780000000000054e+00 2.431068420410156250e+00
3.313403999999999794e+00 2.436243057250976562e+00
3.318284999999999929e+00 2.425893783569335938e+00
3.327366000000000046e+00 2.425893783569335938e+00
3.332126000000000143e+00 2.425893783569335938e+00
3.335579000000000072e+00 2.431068420410156250e+00
3.340149999999999952e+00 2.436243057250976562e+00
3.344751000000000030e+00 2.436243057250976562e+00
3.348072000000000159e+00 2.436243057250976562e+00
3.352644999999999875e+00 2.436243057250976562e+00
3.357276000000000149e+00 2.436243057250976562e+00
3.361883000000000177e+00 2.436243057250976562e+00
3.366530000000000022e+00 2.441417694091796875e+00
3.369924000000000142e+00 2.436243057250976562e+00
3.374533000000000005e+00 2.441417694091796875e+00
3.379145999999999983e+00 2.436243057250976562e+00
3.383802000000000199e+00 2.436243057250976562e+00
3.388393999999999906e+00 2.431068420410156250e+00
3.393034999999999801e+00 2.431068420410156250e+00
3.397661999999999960e+00 2.431068420410156250e+00
3.402268999999999988e+00 2.431068420410156250e+00
3.406957999999999931e+00 2.425893783569335938e+00
3.411559000000000008e+00 2.425893783569335938e+00
3.416255000000000042e+00 2.425893783569335938e+00
3.419671000000000127e+00 2.425893783569335938e+00
3.424287000000000081e+00 2.425893783569335938e+00
3.427672999999999970e+00 2.425893783569335938e+00
3.432282999999999973e+00 2.425893783569335938e+00
3.437225999999999893e+00 2.431068420410156250e+00
3.447579000000000171e+00 2.431068420410156250e+00
3.452303000000000122e+00 2.436243057250976562e+00
3.457043999999999784e+00 2.441417694091796875e+00
3.461654999999999927e+00 2.441417694091796875e+00
3.466362999999999861e+00 2.441417694091796875e+00
3.471003000000000061e+00 2.441417694091796875e+00
3.474505000000000177e+00 2.436243057250976562e+00
3.479128999999999916e+00 2.441417694091796875e+00
3.483836999999999851e+00 2.436243057250976562e+00
3.488487999999999811e+00 2.431068420410156250e+00
3.493186999999999820e+00 2.425893783569335938e+00
3.497837000000000085e+00 2.425893783569335938e+00
3.502488000000000046e+00 2.425893783569335938e+00
3.507252999999999954e+00 2.425893783569335938e+00
3.510689000000000171e+00 2.425893783569335938e+00
3.515403000000000056e+00 2.425893783569335938e+00
3.520054000000000016e+00 2.425893783569335938e+00
3.523528000000000215e+00 2.425893783569335938e+00
3.528163999999999856e+00 2.425893783569335938e+00
3.532947000000000060e+00 2.425893783569335938e+00
3.537711999999999968e+00 2.436243057250976562e+00
3.542394999999999960e+00 2.436243057250976562e+00
3.547144999999999992e+00 2.441417694091796875e+00
3.551827999999999985e+00 2.441417694091796875e+00
3.561449999999999783e+00 2.441417694091796875e+00
3.566384999999999916e+00 2.441417694091796875e+00
3.571060000000000123e+00 2.441417694091796875e+00
3.575803000000000065e+00 2.436243057250976562e+00
3.580535999999999941e+00 2.431068420410156250e+00
3.585242000000000040e+00 2.431068420410156250e+00
3.589923000000000197e+00 2.425893783569335938e+00
3.594627000000000017e+00 2.425893783569335938e+00
3.598092999999999986e+00 2.425893783569335938e+00
3.602786000000000044e+00 2.425893783569335938e+00
3.607527000000000150e+00 2.425893783569335938e+00
3.612235000000000085e+00 2.425893783569335938e+00
3.617033000000000165e+00 2.425893783569335938e+00
3.621754999999999836e+00 2.431068420410156250e+00
3.625265000000000182e+00 2.431068420410156250e+00
3.628712000000000160e+00 2.431068420410156250e+00
3.633474000000000093e+00 2.425893783569335938e+00
3.638224000000000125e+00 2.436243057250976562e+00
3.641669999999999963e+00 2.441417694091796875e+00
3.646405000000000118e+00 2.436243057250976562e+00
3.651126999999999789e+00 2.441417694091796875e+00
3.655902000000000207e+00 2.436243057250976562e+00
3.660609000000000002e+00 2.436243057250976562e+00
3.664127999999999830e+00 2.436243057250976562e+00
3.668826000000000143e+00 2.436243057250976562e+00
3.678558000000000217e+00 2.431068420410156250e+00
3.683568000000000175e+00 2.431068420410156250e+00
3.688314999999999788e+00 2.431068420410156250e+00
3.693121999999999794e+00 2.425893783569335938e+00
3.697862999999999900e+00 2.425893783569335938e+00
3.702624000000000137e+00 2.431068420410156250e+00
3.707491999999999788e+00 2.431068420410156250e+00
3.712260000000000115e+00 2.431068420410156250e+00
3.717122999999999955e+00 2.431068420410156250e+00
3.721871999999999847e+00 2.431068420410156250e+00
3.726684999999999803e+00 2.425893783569335938e+00
3.731463999999999892e+00 2.425893783569335938e+00
3.736279999999999824e+00 2.431068420410156250e+00
3.741084999999999994e+00 2.436243057250976562e+00
3.745992000000000210e+00 2.436243057250976562e+00
3.751984000000000208e+00 2.431068420410156250e+00
3.758026999999999784e+00 2.431068420410156250e+00
3.764044999999999863e+00 2.431068420410156250e+00
3.769975000000000076e+00 2.436243057250976562e+00
3.776006000000000196e+00 2.431068420410156250e+00
3.781967999999999996e+00 2.436243057250976562e+00
3.793944999999999901e+00 2.431068420410156250e+00
3.801210999999999895e+00 2.425893783569335938e+00
3.807279999999999998e+00 2.431068420410156250e+00
3.813289999999999846e+00 2.431068420410156250e+00
3.819268000000000107e+00 2.431068420410156250e+00
3.825228000000000073e+00 2.431068420410156250e+00
3.831205000000000194e+00 2.425893783569335938e+00
3.837220999999999993e+00 2.431068420410156250e+00
3.843337000000000003e+00 2.431068420410156250e+00
3.848765000000000214e+00 2.436243057250976562e+00
3.853629000000000193e+00 2.431068420410156250e+00
3.858416000000000068e+00 2.431068420410156250e+00
3.861863000000000046e+00 2.431068420410156250e+00
3.866664000000000101e+00 2.436243057250976562e+00
3.871477000000000057e+00 2.441417694091796875e+00
3.876320000000000210e+00 2.436243057250976562e+00
3.881152999999999853e+00 2.436243057250976562e+00
3.886022999999999783e+00 2.436243057250976562e+00
3.890848000000000084e+00 2.425893783569335938e+00
3.895690999999999793e+00 2.425893783569335938e+00
3.900510000000000144e+00 2.431068420410156250e+00
3.905342000000000091e+00 2.431068420410156250e+00
3.915115999999999818e+00 2.431068420410156250e+00
3.920116000000000156e+00 2.425893783569335938e+00
3.924974999999999881e+00 2.425893783569335938e+00
3.928497000000000128e+00 2.425893783569335938e+00
3.933381999999999934e+00 2.425893783569335938e+00
3.938207999999999931e+00 2.431068420410156250e+00
3.943134999999999835e+00 2.436243057250976562e+00
3.947951000000000210e+00 2.431068420410156250e+00
3.952805999999999820e+00 2.431068420410156250e+00
3.957672000000000079e+00 2.436243057250976562e+00
3.962508999999999837e+00 2.436243057250976562e+00
3.966057000000000166e+00 2.431068420410156250e+00
3.970914000000000055e+00 2.441417694091796875e+00
3.974489999999999856e+00 2.436243057250976562e+00
3.979315000000000158e+00 2.441417694091796875e+00
3.984227000000000185e+00 2.436243057250976562e+00
3.989075000000000149e+00 2.431068420410156250e+00
3.993961000000000094e+00 2.431068420410156250e+00
3.998810000000000198e+00 2.425893783569335938e+00
4.002259999999999707e+00 2.425893783569335938e+00
4.005861000000000338e+00 2.425893783569335938e+00
4.010702000000000211e+00 2.425893783569335938e+00
4.014287000000000383e+00 2.425893783569335938e+00
4.019124999999999837e+00 2.431068420410156250e+00
4.024294000000000260e+00 2.425893783569335938e+00
4.034396000000000093e+00 2.425893783569335938e+00
4.047627999999999560e+00 2.441417694091796875e+00
4.056511999999999674e+00 2.436243057250976562e+00
4.064174999999999649e+00 2.436243057250976562e+00
4.070681000000000438e+00 2.436243057250976562e+00
4.075736000000000026e+00 2.441417694091796875e+00
4.079290000000000305e+00 2.436243057250976562e+00
4.084276000000000018e+00 2.431068420410156250e+00
4.087875999999999621e+00 2.425893783569335938e+00
4.092793999999999599e+00 2.425893783569335938e+00
4.097814999999999763e+00 2.425893783569335938e+00
4.102758999999999823e+00 2.425893783569335938e+00
4.107783000000000406e+00 2.425893783569335938e+00
4.112777000000000349e+00 2.425893783569335938e+00
4.117964999999999876e+00 2.425893783569335938e+00
4.122899999999999565e+00 2.431068420410156250e+00
4.127907999999999689e+00 2.431068420410156250e+00
4.132862000000000258e+00 2.425893783569335938e+00
4.137880000000000003e+00 2.431068420410156250e+00
4.142809999999999881e+00 2.436243057250976562e+00
4.153223999999999805e+00 2.436243057250976562e+00
4.158422999999999981e+00 2.436243057250976562e+00
4.163470000000000226e+00 2.436243057250976562e+00
4.168374000000000024e+00 2.431068420410156250e+00
4.173358000000000345e+00 2.431068420410156250e+00
4.176902000000000115e+00 2.436243057250976562e+00
4.180498000000000047e+00 2.431068420410156250e+00
4.184112999999999971e+00 2.431068420410156250e+00
4.189040000000000319e+00 2.431068420410156250e+00
4.194020000000000081e+00 2.425893783569335938e+00
4.198978999999999573e+00 2.425893783569335938e+00
4.203953000000000273e+00 2.425893783569335938e+00
4.207514999999999894e+00 2.425893783569335938e+00
4.211114000000000246e+00 2.425893783569335938e+00
4.216153000000000262e+00 2.425893783569335938e+00
4.219689999999999941e+00 2.436243057250976562e+00
4.224649999999999572e+00 2.425893783569335938e+00
4.228269000000000055e+00 2.431068420410156250e+00
4.233261999999999858e+00 2.431068420410156250e+00
4.238186999999999927e+00 2.436243057250976562e+00
4.243243999999999794e+00 2.436243057250976562e+00
4.248223999999999556e+00 2.431068420410156250e+00
4.253237000000000378e+00 2.436243057250976562e+00
4.258172000000000068e+00 2.431068420410156250e+00
4.263345000000000162e+00 2.436243057250976562e+00
4.273107999999999684e+00 2.436243057250976562e+00
4.278458999999999790e+00 2.431068420410156250e+00
4.283501000000000225e+00 2.431068420410156250e+00
4.287088999999999928e+00 2.431068420410156250e+00
4.290687000000000140e+00 2.431068420410156250e+00
4.294284000000000212e+00 2.425893783569335938e+00
4.299247000000000263e+00 2.425893783569335938e+00
4.304308999999999941e+00 2.431068420410156250e+00
4.309323000000000015e+00 2.431068420410156250e+00
4.314370000000000260e+00 2.431068420410156250e+00
4.319351000000000163e+00 2.431068420410156250e+00
4.324410000000000309e+00 2.431068420410156250e+00
4.329413999999999874e+00 2.431068420410156250e+00
4.334440999999999988e+00 2.425893783569335938e+00
4.339423000000000030e+00 2.431068420410156250e+00
4.344440999999999775e+00 2.436243057250976562e+00
4.349492999999999832e+00 2.431068420410156250e+00
4.353159999999999918e+00 2.431068420410156250e+00
4.358219000000000065e+00 2.436243057250976562e+00
4.361883999999999872e+00 2.431068420410156250e+00
4.366945000000000299e+00 2.436243057250976562e+00
4.371934000000000431e+00 2.436243057250976562e+00
4.376977000000000118e+00 2.436243057250976562e+00
4.381990000000000052e+00 2.436243057250976562e+00
4.391886000000000401e+00 2.431068420410156250e+00
4.397263999999999839e+00 2.425893783569335938e+00
4.402251999999999832e+00 2.431068420410156250e+00
4.407359999999999722e+00 2.425893783569335938e+00
4.412373999999999796e+00 2.431068420410156250e+00
4.417504000000000097e+00 2.425893783569335938e+00
4.422507999999999662e+00 2.425893783569335938e+00
4.427660000000000373e+00 2.425893783569335938e+00
4.431270999999999738e+00 2.425893783569335938e+00
4.434876000000000040e+00 2.431068420410156250e+00
4.438481999999999594e+00 2.431068420410156250e+00
4.442078999999999667e+00 2.436243057250976562e+00
4.447211000000000247e+00 2.431068420410156250e+00
4.452450999999999937e+00 2.431068420410156250e+00
4.457584999999999908e+00 2.436243057250976562e+00
4.462623999999999924e+00 2.441417694091796875e+00
4.467766000000000126e+00 2.436243057250976562e+00
4.472785000000000011e+00 2.436243057250976562e+00
4.477852999999999639e+00 2.436243057250976562e+00
4.481506999999999685e+00 2.431068420410156250e+00
4.486635999999999846e+00 2.431068420410156250e+00
4.491659000000000290e+00 2.431068420410156250e+00
4.496766000000000041e+00 2.431068420410156250e+00
4.506742000000000026e+00 2.425893783569335938e+00
4.512050000000000338e+00 2.420719146728515625e+00
4.517165999999999570e+00 2.425893783569335938e+00
4.522225999999999857e+00 2.425893783569335938e+00
4.527357000000000298e+00 2.425893783569335938e+00
4.532430999999999877e+00 2.425893783569335938e+00
4.537608999999999781e+00 2.431068420410156250e+00
4.542697999999999681e+00 2.436243057250976562e+00
4.547897999999999996e+00 2.436243057250976562e+00
4.553024999999999878e+00 2.436243057250976562e+00
4.558120999999999867e+00 2.436243057250976562e+00
4.563278999999999641e+00 2.436243057250976562e+00
4.568366000000000149e+00 2.436243057250976562e+00
4.573483999999999661e+00 2.441417694091796875e+00
4.578585000000000349e+00 2.436243057250976562e+00
4.583750000000000213e+00 2.431068420410156250e+00
4.588875999999999955e+00 2.431068420410156250e+00
4.594000999999999557e+00 2.425893783569335938e+00
4.599105999999999916e+00 2.425893783569335938e+00
4.604273000000000060e+00 2.425893783569335938e+00
4.607870000000000132e+00 2.425893783569335938e+00
4.612925999999999860e+00 2.425893783569335938e+00
4.622732000000000063e+00 2.425893783569335938e+00
4.628121000000000151e+00 2.425893783569335938e+00
4.633291999999999966e+00 2.431068420410156250e+00
4.638389000000000095e+00 2.436243057250976562e+00
4.643576000000000370e+00 2.436243057250976562e+00
4.648693999999999882e+00 2.436243057250976562e+00
4.653917999999999999e+00 2.436243057250976562e+00
4.659012999999999849e+00 2.436243057250976562e+00
4.664254999999999818e+00 2.436243057250976562e+00
4.667917000000000094e+00 2.436243057250976562e+00
4.673142999999999603e+00 2.436243057250976562e+00
4.678250000000000242e+00 2.436243057250976562e+00
4.681936000000000320e+00 2.431068420410156250e+00
4.687071000000000431e+00 2.431068420410156250e+00
4.692206999999999795e+00 2.425893783569335938e+00
4.697391999999999790e+00 2.425893783569335938e+00
4.702520999999999951e+00 2.425893783569335938e+00
4.707755999999999830e+00 2.425893783569335938e+00
4.712919000000000302e+00 2.431068420410156250e+00
4.718073999999999657e+00 2.431068420410156250e+00
4.723279999999999923e+00 2.431068420410156250e+00
4.726944999999999730e+00 2.431068420410156250e+00
4.732371999999999801e+00 2.431068420410156250e+00
4.742640999999999885e+00 2.436243057250976562e+00
4.747912999999999606e+00 2.436243057250976562e+00
4.753096000000000210e+00 2.436243057250976562e+00
4.758339999999999570e+00 2.431068420410156250e+00
4.763538999999999746e+00 2.436243057250976562e+00
4.768684000000000367e+00 2.431068420410156250e+00
4.773881000000000263e+00 2.431068420410156250e+00
4.779046000000000127e+00 2.436243057250976562e+00
4.784254999999999924e+00 2.431068420410156250e+00
4.789400999999999797e+00 2.425893783569335938e+00
4.794571000000000360e+00 2.431068420410156250e+00
4.799735000000000085e+00 2.431068420410156250e+00
4.804890999999999579e+00 2.431068420410156250e+00
4.810038999999999731e+00 2.431068420410156250e+00
4.815319999999999823e+00 2.431068420410156250e+00
4.820490000000000386e+00 2.425893783569335938e+00
4.825721999999999845e+00 2.431068420410156250e+00
4.830891000000000268e+00 2.425893783569335938e+00
4.836139000000000188e+00 2.431068420410156250e+00
4.841306999999999583e+00 2.431068420410156250e+00
4.846551999999999971e+00 2.431068420410156250e+00
4.856634999999999813e+00 2.431068420410156250e+00
4.862256000000000355e+00 2.431068420410156250e+00
4.867549999999999599e+00 2.436243057250976562e+00
4.872783000000000087e+00 2.436243057250976562e+00
4.878047999999999718e+00 2.436243057250976562e+00
4.883310999999999957e+00 2.436243057250976562e+00
4.888511000000000273e+00 2.431068420410156250e+00
4.894166000000000238e+00 2.431068420410156250e+00
4.899399999999999977e+00 2.431068420410156250e+00
4.903114999999999668e+00 2.425893783569335938e+00
4.908313999999999844e+00 2.425893783569335938e+00
4.913609000000000115e+00 2.431068420410156250e+00
4.918840000000000323e+00 2.425893783569335938e+00
4.924139000000000266e+00 2.425893783569335938e+00
4.929363999999999635e+00 2.425893783569335938e+00
4.934613999999999834e+00 2.425893783569335938e+00
4.939869999999999983e+00 2.431068420410156250e+00
4.945130999999999943e+00 2.431068420410156250e+00
4.950351999999999641e+00 2.431068420410156250e+00
4.955643000000000242e+00 2.431068420410156250e+00
4.960907999999999873e+00 2.431068420410156250e+00
4.966415999999999720e+00 2.436243057250976562e+00
4.976709999999999745e+00 2.436243057250976562e+00
4.982281999999999655e+00 2.431068420410156250e+00
4.987631999999999621e+00 2.431068420410156250e+00
4.992873000000000339e+00 2.431068420410156250e+00
4.998210000000000264e+00 2.431068420410156250e+00
5.003540000000000099e+00 2.425893783569335938e+00
5.008790000000000298e+00 2.425893783569335938e+00
5.014136999999999844e+00 2.420719146728515625e+00
5.017871000000000414e+00 2.425893783569335938e+00
5.023204999999999920e+00 2.425893783569335938e+00
5.028513000000000233e+00 2.425893783569335938e+00
5.039430000000000298e+00 2.431068420410156250e+00
5.050286999999999971e+00 2.436243057250976562e+00
5.056758000000000308e+00 2.436243057250976562e+00
5.064296999999999827e+00 2.436243057250976562e+00
5.069975000000000342e+00 2.436243057250976562e+00
5.074869999999999770e+00 2.436243057250976562e+00
5.078782999999999603e+00 2.436243057250976562e+00
5.082698999999999856e+00 2.441417694091796875e+00
5.093103000000000158e+00 2.431068420410156250e+00
5.098679999999999879e+00 2.425893783569335938e+00
5.104116999999999571e+00 2.420719146728515625e+00
5.109467999999999677e+00 2.425893783569335938e+00
5.114818999999999782e+00 2.425893783569335938e+00
5.120133000000000045e+00 2.425893783569335938e+00
5.125499999999999723e+00 2.420719146728515625e+00
5.130851999999999968e+00 2.425893783569335938e+00
5.136243000000000336e+00 2.431068420410156250e+00
5.141573000000000171e+00 2.436243057250976562e+00
5.147012000000000143e+00 2.436243057250976562e+00
5.152358000000000438e+00 2.436243057250976562e+00
5.157888999999999946e+00 2.436243057250976562e+00
5.163313999999999737e+00 2.436243057250976562e+00
5.168694000000000344e+00 2.436243057250976562e+00
5.174095000000000333e+00 2.431068420410156250e+00
5.177855000000000096e+00 2.431068420410156250e+00
5.183296999999999599e+00 2.431068420410156250e+00
5.187053999999999832e+00 2.431068420410156250e+00
5.192382000000000275e+00 2.425893783569335938e+00
5.197860000000000369e+00 2.425893783569335938e+00
5.203350999999999615e+00 2.425893783569335938e+00
5.214120000000000310e+00 2.425893783569335938e+00
5.219484999999999708e+00 2.431068420410156250e+00
5.224834000000000422e+00 2.431068420410156250e+00
5.230189000000000199e+00 2.431068420410156250e+00
5.235584000000000238e+00 2.431068420410156250e+00
5.240922000000000303e+00 2.436243057250976562e+00
5.246343000000000423e+00 2.436243057250976562e+00
5.251694999999999780e+00 2.436243057250976562e+00
5.255443999999999782e+00 2.436243057250976562e+00
5.261801000000000172e+00 2.436243057250976562e+00
5.268928999999999974e+00 2.436243057250976562e+00
5.276004000000000360e+00 2.431068420410156250e+00
5.282799999999999940e+00 2.431068420410156250e+00
5.289716000000000307e+00 2.425893783569335938e+00
5.296617000000000353e+00 2.425893783569335938e+00
5.303588999999999665e+00 2.431068420410156250e+00
5.310425999999999647e+00 2.431068420410156250e+00
5.317318000000000211e+00 2.425893783569335938e+00
5.330078000000000316e+00 2.425893783569335938e+00
5.338330000000000020e+00 2.431068420410156250e+00
5.345291999999999710e+00 2.436243057250976562e+00
5.352198999999999707e+00 2.431068420410156250e+00
5.356950999999999574e+00 2.431068420410156250e+00
5.362673000000000023e+00 2.436243057250976562e+00
5.368146000000000306e+00 2.436243057250976562e+00
5.373613999999999891e+00 2.436243057250976562e+00
5.379007999999999790e+00 2.431068420410156250e+00
5.384466999999999892e+00 2.436243057250976562e+00
5.389859000000000400e+00 2.431068420410156250e+00
5.395260999999999640e+00 2.431068420410156250e+00
5.399064000000000085e+00 2.431068420410156250e+00
5.404535000000000089e+00 2.431068420410156250e+00
5.409949000000000119e+00 2.431068420410156250e+00
5.415347999999999828e+00 2.431068420410156250e+00
5.420719000000000065e+00 2.431068420410156250e+00
5.426153000000000226e+00 2.425893783569335938e+00
5.431561000000000305e+00 2.425893783569335938e+00
5.437009999999999899e+00 2.425893783569335938e+00
5.442391999999999896e+00 2.431068420410156250e+00
5.452785000000000437e+00 2.431068420410156250e+00
5.458480999999999916e+00 2.431068420410156250e+00
5.463973000000000191e+00 2.431068420410156250e+00
5.469411000000000023e+00 2.436243057250976562e+00
5.474910999999999639e+00 2.436243057250976562e+00
5.480351999999999890e+00 2.436243057250976562e+00
5.484257000000000382e+00 2.436243057250976562e+00
5.489666999999999852e+00 2.431068420410156250e+00
5.495142000000000415e+00 2.431068420410156250e+00
5.500589999999999868e+00 2.425893783569335938e+00
5.504500000000000171e+00 2.431068420410156250e+00
5.509938000000000002e+00 2.425893783569335938e+00
5.515416000000000096e+00 2.420719146728515625e+00
5.520868000000000109e+00 2.425893783569335938e+00
5.526381999999999906e+00 2.425893783569335938e+00
5.531823000000000157e+00 2.425893783569335938e+00
5.537327000000000332e+00 2.431068420410156250e+00
5.542768999999999835e+00 2.436243057250976562e+00
5.548301000000000371e+00 2.436243057250976562e+00
5.553800999999999988e+00 2.436243057250976562e+00
5.559281999999999613e+00 2.441417694091796875e+00
5.571165999999999840e+00 2.436243057250976562e+00
5.577951999999999799e+00 2.441417694091796875e+00
5.583548000000000400e+00 2.436243057250976562e+00
5.589025000000000354e+00 2.431068420410156250e+00
5.594560999999999673e+00 2.425893783569335938e+00
5.600023000000000195e+00 2.425893783569335938e+00
5.605519000000000140e+00 2.425893783569335938e+00
5.610985999999999585e+00 2.425893783569335938e+00
5.616518000000000121e+00 2.425893783569335938e+00
5.621959000000000373e+00 2.425893783569335938e+00
5.625877000000000017e+00 2.425893783569335938e+00
5.631359999999999921e+00 2.425893783569335938e+00
5.636873999999999718e+00 2.431068420410156250e+00
5.642382999999999704e+00 2.436243057250976562e+00
5.648012999999999728e+00 2.436243057250976562e+00
5.651874000000000287e+00 2.436243057250976562e+00
5.657423999999999786e+00 2.436243057250976562e+00
5.662892000000000259e+00 2.436243057250976562e+00
5.668523000000000422e+00 2.436243057250976562e+00
5.674085999999999963e+00 2.436243057250976562e+00
5.677870000000000417e+00 2.431068420410156250e+00
5.683406999999999876e+00 2.431068420410156250e+00
5.693865999999999872e+00 2.431068420410156250e+00
5.699548000000000059e+00 2.425893783569335938e+00
5.705046000000000284e+00 2.425893783569335938e+00
5.708887999999999963e+00 2.425893783569335938e+00
5.714489999999999625e+00 2.425893783569335938e+00
5.720000999999999891e+00 2.425893783569335938e+00
5.725488000000000355e+00 2.425893783569335938e+00
5.731021000000000143e+00 2.431068420410156250e+00
5.736615999999999715e+00 2.431068420410156250e+00
5.740491999999999706e+00 2.431068420410156250e+00
5.746065999999999896e+00 2.436243057250976562e+00
5.751591000000000342e+00 2.436243057250976562e+00
5.757204999999999906e+00 2.436243057250976562e+00
5.762758999999999965e+00 2.436243057250976562e+00
5.768341999999999636e+00 2.436243057250976562e+00
5.773964000000000318e+00 2.436243057250976562e+00
5.779589999999999783e+00 2.431068420410156250e+00
5.785078000000000387e+00 2.431068420410156250e+00
5.790593000000000323e+00 2.425893783569335938e+00
5.796191000000000315e+00 2.420719146728515625e+00
5.801722999999999963e+00 2.425893783569335938e+00
5.812348000000000070e+00 2.431068420410156250e+00
5.818277000000000143e+00 2.425893783569335938e+00
5.823923999999999879e+00 2.431068420410156250e+00
5.829457999999999807e+00 2.431068420410156250e+00
5.835043999999999897e+00 2.431068420410156250e+00
5.838875999999999955e+00 2.436243057250976562e+00
5.844496999999999609e+00 2.436243057250976562e+00
5.850051999999999808e+00 2.431068420410156250e+00
5.855658000000000030e+00 2.431068420410156250e+00
5.861214999999999620e+00 2.436243057250976562e+00
5.866873000000000005e+00 2.431068420410156250e+00
5.872436999999999685e+00 2.436243057250976562e+00
5.878262000000000320e+00 2.431068420410156250e+00
5.883912999999999727e+00 2.431068420410156250e+00
5.889498999999999818e+00 2.431068420410156250e+00
5.895076000000000427e+00 2.431068420410156250e+00
5.900684000000000040e+00 2.431068420410156250e+00
5.906324999999999825e+00 2.431068420410156250e+00
5.911931000000000047e+00 2.425893783569335938e+00
5.915873000000000381e+00 2.425893783569335938e+00
5.921452999999999633e+00 2.431068420410156250e+00
5.932249999999999801e+00 2.431068420410156250e+00
5.938638000000000083e+00 2.425893783569335938e+00
5.944340000000000401e+00 2.431068420410156250e+00
5.949952999999999825e+00 2.431068420410156250e+00
5.953870000000000218e+00 2.431068420410156250e+00
5.959475000000000300e+00 2.431068420410156250e+00
5.965112000000000414e+00 2.431068420410156250e+00
5.970742000000000438e+00 2.436243057250976562e+00
5.976480999999999710e+00 2.436243057250976562e+00
5.982147000000000325e+00 2.436243057250976562e+00
5.988052999999999848e+00 2.431068420410156250e+00
5.993725999999999665e+00 2.431068420410156250e+00
5.999362999999999779e+00 2.425893783569335938e+00
6.005003999999999564e+00 2.431068420410156250e+00
6.010655999999999999e+00 2.431068420410156250e+00
6.016350000000000087e+00 2.425893783569335938e+00
6.020256999999999969e+00 2.425893783569335938e+00
6.025949999999999918e+00 2.425893783569335938e+00
6.031606000000000023e+00 2.425893783569335938e+00
6.040741999999999834e+00 2.431068420410156250e+00
6.048767999999999923e+00 2.431068420410156250e+00
6.066360000000000419e+00 2.436243057250976562e+00
6.074804999999999566e+00 2.436243057250976562e+00
6.080625999999999642e+00 2.436243057250976562e+00
6.086392000000000024e+00 2.431068420410156250e+00
6.092058999999999891e+00 2.431068420410156250e+00
6.097775999999999641e+00 2.425893783569335938e+00
6.101726000000000205e+00 2.425893783569335938e+00
6.107439000000000284e+00 2.425893783569335938e+00
6.113185999999999787e+00 2.425893783569335938e+00
6.118831000000000131e+00 2.425893783569335938e+00
6.124564999999999593e+00 2.420719146728515625e+00
6.130224000000000117e+00 2.425893783569335938e+00
6.135995000000000310e+00 2.431068420410156250e+00
6.141638999999999626e+00 2.436243057250976562e+00
6.147382000000000346e+00 2.436243057250976562e+00
6.151310999999999751e+00 2.436243057250976562e+00
6.157047999999999632e+00 2.436243057250976562e+00
6.162734000000000378e+00 2.436243057250976562e+00
6.168484000000000300e+00 2.436243057250976562e+00
6.174209000000000280e+00 2.436243057250976562e+00
6.184828000000000436e+00 2.436243057250976562e+00
6.190739999999999910e+00 2.420719146728515625e+00
6.196551999999999616e+00 2.425893783569335938e+00
6.202210000000000001e+00 2.425893783569335938e+00
6.207980000000000054e+00 2.425893783569335938e+00
6.213726000000000305e+00 2.425893783569335938e+00
6.219380000000000130e+00 2.425893783569335938e+00
6.225050000000000416e+00 2.425893783569335938e+00
6.230710000000000193e+00 2.431068420410156250e+00
6.236485000000000056e+00 2.431068420410156250e+00
6.242155000000000342e+00 2.436243057250976562e+00
6.247894999999999754e+00 2.436243057250976562e+00
6.251997000000000249e+00 2.441417694091796875e+00
6.258080999999999783e+00 2.436243057250976562e+00
6.263855000000000395e+00 2.436243057250976562e+00
6.269546000000000063e+00 2.431068420410156250e+00
6.275299999999999656e+00 2.431068420410156250e+00
6.281036000000000286e+00 2.431068420410156250e+00
6.286787999999999599e+00 2.431068420410156250e+00
6.292462999999999695e+00 2.425893783569335938e+00
6.303550000000000431e+00 2.425893783569335938e+00
6.309523999999999688e+00 2.425893783569335938e+00
6.313464999999999883e+00 2.431068420410156250e+00
6.319176999999999822e+00 2.425893783569335938e+00
6.323119000000000156e+00 2.431068420410156250e+00
6.328813000000000244e+00 2.431068420410156250e+00
6.334608000000000239e+00 2.425893783569335938e+00
6.340348999999999791e+00 2.436243057250976562e+00
6.346138999999999974e+00 2.441417694091796875e+00
6.351863999999999955e+00 2.431068420410156250e+00
6.355909999999999727e+00 2.431068420410156250e+00
6.361629999999999896e+00 2.431068420410156250e+00
6.367427000000000170e+00 2.431068420410156250e+00
6.373219999999999885e+00 2.431068420410156250e+00
6.378960000000000186e+00 2.431068420410156250e+00
6.384731999999999630e+00 2.431068420410156250e+00
6.390439999999999898e+00 2.425893783569335938e+00
6.396228999999999942e+00 2.431068420410156250e+00
6.401985999999999954e+00 2.431068420410156250e+00
6.407797000000000409e+00 2.425893783569335938e+00
6.413643999999999679e+00 2.431068420410156250e+00
6.424325999999999759e+00 2.425893783569335938e+00
6.430391000000000190e+00 2.425893783569335938e+00
6.436255000000000059e+00 2.425893783569335938e+00
6.442084000000000366e+00 2.431068420410156250e+00
6.447947000000000095e+00 2.431068420410156250e+00
6.451903999999999861e+00 2.431068420410156250e+00
6.457735999999999699e+00 2.431068420410156250e+00
6.463645999999999781e+00 2.431068420410156250e+00
6.469458999999999627e+00 2.436243057250976562e+00
6.475265000000000271e+00 2.431068420410156250e+00
6.481046000000000085e+00 2.436243057250976562e+00
6.486926000000000414e+00 2.436243057250976562e+00
6.492707000000000228e+00 2.431068420410156250e+00
6.498566000000000287e+00 2.431068420410156250e+00
6.504459999999999908e+00 2.431068420410156250e+00
6.510243000000000002e+00 2.431068420410156250e+00
6.516123999999999583e+00 2.425893783569335938e+00
6.521943000000000268e+00 2.425893783569335938e+00
6.527771000000000434e+00 2.420719146728515625e+00
6.533656999999999826e+00 2.420719146728515625e+00
6.544399000000000299e+00 2.431068420410156250e+00
6.550443999999999711e+00 2.431068420410156250e+00
6.556301000000000379e+00 2.431068420410156250e+00
6.560304000000000357e+00 2.436243057250976562e+00
6.566197999999999979e+00 2.436243057250976562e+00
6.572052000000000227e+00 2.441417694091796875e+00
6.577922000000000047e+00 2.436243057250976562e+00
6.583775000000000155e+00 2.436243057250976562e+00
6.589612999999999943e+00 2.436243057250976562e+00
6.595435000000000159e+00 2.431068420410156250e+00
6.601237000000000243e+00 2.425893783569335938e+00
6.607351999999999670e+00 2.425893783569335938e+00
6.613264000000000031e+00 2.431068420410156250e+00
6.619068999999999647e+00 2.420719146728515625e+00
6.624876000000000431e+00 2.425893783569335938e+00
6.630721000000000309e+00 2.420719146728515625e+00
6.636669000000000374e+00 2.425893783569335938e+00
6.642503999999999742e+00 2.436243057250976562e+00
6.648401999999999923e+00 2.436243057250976562e+00
6.654441000000000273e+00 2.441417694091796875e+00
6.664996000000000365e+00 2.436243057250976562e+00
6.671073999999999948e+00 2.436243057250976562e+00
6.676993999999999652e+00 2.436243057250976562e+00
6.682853999999999850e+00 2.436243057250976562e+00
6.688873000000000069e+00 2.431068420410156250e+00
6.694816999999999574e+00 2.425893783569335938e+00
6.700698000000000043e+00 2.420719146728515625e+00
6.706731999999999694e+00 2.425893783569335938e+00
6.712684000000000317e+00 2.425893783569335938e+00
6.718657000000000323e+00 2.425893783569335938e+00
6.724591000000000207e+00 2.425893783569335938e+00
6.730508000000000379e+00 2.425893783569335938e+00
6.736507999999999718e+00 2.431068420410156250e+00
6.742378999999999678e+00 2.436243057250976562e+00
6.746540000000000425e+00 2.436243057250976562e+00
6.752391000000000254e+00 2.436243057250976562e+00
6.758418999999999954e+00 2.436243057250976562e+00
6.764381000000000199e+00 2.431068420410156250e+00
6.770749999999999602e+00 2.436243057250976562e+00
6.784743999999999886e+00 2.431068420410156250e+00
6.796318000000000303e+00 2.425893783569335938e+00
6.803969999999999629e+00 2.425893783569335938e+00
6.811613000000000362e+00 2.431068420410156250e+00
6.819276999999999589e+00 2.431068420410156250e+00
6.826978999999999687e+00 2.425893783569335938e+00
6.834643999999999942e+00 2.425893783569335938e+00
6.842216999999999771e+00 2.436243057250976562e+00
6.849960000000000271e+00 2.436243057250976562e+00
6.857689999999999841e+00 2.436243057250976562e+00
6.865337000000000245e+00 2.431068420410156250e+00
6.872380999999999851e+00 2.436243057250976562e+00
6.878391999999999840e+00 2.431068420410156250e+00
6.884362000000000315e+00 2.431068420410156250e+00
6.890245000000000175e+00 2.425893783569335938e+00
6.896208999999999811e+00 2.431068420410156250e+00
6.907189999999999941e+00 2.425893783569335938e+00
6.913510999999999740e+00 2.431068420410156250e+00
6.919419000000000430e+00 2.425893783569335938e+00
6.925365000000000215e+00 2.425893783569335938e+00
6.931290999999999869e+00 2.431068420410156250e+00
6.937299999999999578e+00 2.425893783569335938e+00
6.943291999999999575e+00 2.431068420410156250e+00
6.949211000000000027e+00 2.425893783569335938e+00
6.955167999999999573e+00 2.436243057250976562e+00
6.961102000000000345e+00 2.431068420410156250e+00
6.967073000000000071e+00 2.431068420410156250e+00
6.973171999999999926e+00 2.431068420410156250e+00
6.979097000000000328e+00 2.436243057250976562e+00
6.985038000000000302e+00 2.436243057250976562e+00
6.990954999999999586e+00 2.431068420410156250e+00
6.995064000000000171e+00 2.431068420410156250e+00
7.000957999999999792e+00 2.425893783569335938e+00
7.006985000000000241e+00 2.431068420410156250e+00
7.013049999999999784e+00 2.431068420410156250e+00
7.023907999999999596e+00 2.431068420410156250e+00
7.030084000000000444e+00 2.425893783569335938e+00
7.034284999999999677e+00 2.425893783569335938e+00
7.040365999999999680e+00 2.431068420410156250e+00
7.051947000000000187e+00 2.436243057250976562e+00
7.063901999999999681e+00 2.436243057250976562e+00
7.070905999999999914e+00 2.436243057250976562e+00
7.079283000000000214e+00 2.436243057250976562e+00
7.085505000000000386e+00 2.436243057250976562e+00
7.091473999999999833e+00 2.431068420410156250e+00
7.097532000000000174e+00 2.431068420410156250e+00
7.103564000000000433e+00 2.431068420410156250e+00
7.109553000000000011e+00 2.425893783569335938e+00
7.115593999999999753e+00 2.420719146728515625e+00
7.121584000000000358e+00 2.425893783569335938e+00
7.125727999999999618e+00 2.425893783569335938e+00
7.131737000000000215e+00 2.425893783569335938e+00
7.142501000000000211e+00 2.431068420410156250e+00
7.148902999999999786e+00 2.431068420410156250e+00
7.154897000000000062e+00 2.441417694091796875e+00
7.160902000000000100e+00 2.436243057250976562e+00
7.167502999999999957e+00 2.431068420410156250e+00
7.173601999999999812e+00 2.436243057250976562e+00
7.179570000000000007e+00 2.441417694091796875e+00
7.185613000000000028e+00 2.436243057250976562e+00
7.191580000000000084e+00 2.431068420410156250e+00
7.197620999999999825e+00 2.534560203552246094e+00
7.203725999999999630e+00 2.726019859313964844e+00
7.209696000000000105e+00 4.759634971618652344e+00
7.215773999999999688e+00 4.790682792663574219e+00
7.221805999999999948e+00 4.785508155822753906e+00
7.227936999999999834e+00 4.790682792663574219e+00
7.233994000000000035e+00 4.795857429504394531e+00
7.238100000000000200e+00 4.795857429504394531e+00
7.244196999999999775e+00 4.795857429504394531e+00
7.250214999999999854e+00 4.801032066345214844e+00
7.261112999999999928e+00 4.801032066345214844e+00
7.267472999999999850e+00 4.795857429504394531e+00
7.273538000000000281e+00 4.795857429504394531e+00
7.279558999999999891e+00 4.801032066345214844e+00
7.285580999999999641e+00 4.795857429504394531e+00
7.291636999999999702e+00 4.790682792663574219e+00
7.297699999999999854e+00 4.790682792663574219e+00
7.303810000000000358e+00 4.790682792663574219e+00
7.309809999999999697e+00 4.790682792663574219e+00
7.316235999999999962e+00 4.795857429504394531e+00
7.322364999999999569e+00 4.795857429504394531e+00
7.328577000000000119e+00 4.790682792663574219e+00
7.334652000000000172e+00 4.790682792663574219e+00
7.340818999999999761e+00 4.801032066345214844e+00
7.346935000000000215e+00 4.795857429504394531e+00
7.353029000000000259e+00 4.801032066345214844e+00
7.359130000000000393e+00 4.795857429504394531e+00
7.365244999999999820e+00 4.795857429504394531e+00
7.378353999999999857e+00 4.801032066345214844e+00
7.384546000000000276e+00 4.795857429504394531e+00
7.390608000000000288e+00 4.790682792663574219e+00
7.396700000000000053e+00 4.790682792663574219e+00
7.402746999999999744e+00 4.790682792663574219e+00
7.408870000000000289e+00 4.795857429504394531e+00
7.414930000000000021e+00 4.795857429504394531e+00
7.421021999999999785e+00 4.790682792663574219e+00
7.427176000000000222e+00 4.790682792663574219e+00
7.431270999999999738e+00 4.795857429504394531e+00
7.437433000000000405e+00 4.801032066345214844e+00
7.443550000000000111e+00 4.795857429504394531e+00
7.449616999999999933e+00 4.795857429504394531e+00
7.455701000000000356e+00 4.795857429504394531e+00
7.461772999999999989e+00 4.795857429504394531e+00
7.467869000000000312e+00 4.795857429504394531e+00
7.473978999999999928e+00 4.795857429504394531e+00
7.480053999999999981e+00 4.795857429504394531e+00
7.486174000000000106e+00 4.790682792663574219e+00
7.497112000000000442e+00 4.795857429504394531e+00
7.503510000000000346e+00 4.795857429504394531e+00
7.509675999999999796e+00 4.795857429504394531e+00
7.515774999999999650e+00 4.795857429504394531e+00
7.521901999999999866e+00 4.795857429504394531e+00
7.528092000000000006e+00 4.790682792663574219e+00
7.534258000000000344e+00 4.790682792663574219e+00
7.540358000000000338e+00 4.801032066345214844e+00
