1.209000000000000005e-03 2.689798355102539062e+00
4.520999999999999845e-03 2.684623718261718750e+00
7.659000000000000009e-03 2.689798355102539062e+00
1.080500000000000037e-02 2.689798355102539062e+00
1.409799999999999942e-02 2.689798355102539062e+00
1.723699999999999885e-02 2.684623718261718750e+00
2.055799999999999988e-02 2.684623718261718750e+00
2.384199999999999861e-02 2.684623718261718750e+00
2.697799999999999851e-02 2.684623718261718750e+00
3.027499999999999983e-02 2.684623718261718750e+00
3.342300000000000132e-02 2.689798355102539062e+00
3.672099999999999670e-02 2.689798355102539062e+00
3.987799999999999678e-02 2.689798355102539062e+00
4.301399999999999668e-02 2.689798355102539062e+00
4.630900000000000294e-02 2.689798355102539062e+00
4.946199999999999902e-02 2.689798355102539062e+00
5.259599999999999692e-02 2.689798355102539062e+00
5.589299999999999824e-02 2.694972991943359375e+00
5.907400000000000151e-02 2.694972991943359375e+00
6.222599999999999659e-02 2.694972991943359375e+00
6.920800000000000562e-02 2.694972991943359375e+00
7.247699999999999976e-02 2.689798355102539062e+00
7.562599999999999878e-02 2.694972991943359375e+00
7.893000000000000016e-02 2.694972991943359375e+00
8.208000000000000018e-02 2.689798355102539062e+00
8.521399999999999808e-02 2.684623718261718750e+00
8.852000000000000146e-02 2.684623718261718750e+00
9.167200000000000348e-02 2.689798355102539062e+00
9.479999999999999538e-02 2.689798355102539062e+00
9.811999999999999889e-02 2.689798355102539062e+00
1.012500000000000067e-01 2.684623718261718750e+00
1.043820000000000026e-01 2.684623718261718750e+00
1.076819999999999999e-01 2.684623718261718750e+00
1.108210000000000028e-01 2.684623718261718750e+00
1.141250000000000042e-01 2.679449081420898438e+00
1.172669999999999962e-01 2.679449081420898438e+00
1.207239999999999980e-01 2.679449081420898438e+00
1.238729999999999970e-01 2.684623718261718750e+00
1.270110000000000128e-01 2.684623718261718750e+00
1.303140000000000132e-01 2.684623718261718750e+00
1.334599999999999953e-01 2.689798355102539062e+00
1.365999999999999992e-01 2.689798355102539062e+00
1.399040000000000006e-01 2.689798355102539062e+00
1.430450000000000055e-01 2.694972991943359375e+00
1.461830000000000074e-01 2.694972991943359375e+00
1.494810000000000028e-01 2.694972991943359375e+00
1.526359999999999939e-01 2.694972991943359375e+00
1.558019999999999960e-01 2.694972991943359375e+00
1.591130000000000044e-01 2.694972991943359375e+00
1.622450000000000003e-01 2.694972991943359375e+00
1.653860000000000052e-01 2.694972991943359375e+00
1.686829999999999996e-01 2.694972991943359375e+00
1.718230000000000035e-01 2.694972991943359375e+00
1.751230000000000009e-01 2.694972991943359375e+00
1.817439999999999889e-01 2.694972991943359375e+00
1.849179999999999990e-01 2.689798355102539062e+00
1.882290000000000074e-01 2.684623718261718750e+00
1.913549999999999973e-01 2.684623718261718750e+00
1.946740000000000137e-01 2.684623718261718750e+00
1.978169999999999928e-01 2.684623718261718750e+00
2.011100000000000110e-01 2.684623718261718750e+00
2.042519999999999891e-01 2.684623718261718750e+00
2.073909999999999920e-01 2.684623718261718750e+00
2.108559999999999879e-01 2.684623718261718750e+00
2.139880000000000115e-01 2.679449081420898438e+00
2.172850000000000059e-01 2.684623718261718750e+00
2.205809999999999993e-01 2.679449081420898438e+00
2.238839999999999997e-01 2.684623718261718750e+00
2.270069999999999866e-01 2.684623718261718750e+00
2.303320000000000090e-01 2.689798355102539062e+00
2.334749999999999881e-01 2.694972991943359375e+00
2.366169999999999940e-01 2.694972991943359375e+00
2.399149999999999894e-01 2.689798355102539062e+00
2.430589999999999973e-01 2.694972991943359375e+00
2.462000000000000022e-01 2.694972991943359375e+00
2.493759999999999866e-01 2.694972991943359375e+00
2.526749999999999829e-01 2.694972991943359375e+00
2.558190000000000186e-01 2.694972991943359375e+00
2.591200000000000170e-01 2.694972991943359375e+00
2.622599999999999931e-01 2.694972991943359375e+00
2.654009999999999980e-01 2.694972991943359375e+00
2.687019999999999964e-01 2.694972991943359375e+00
2.718499999999999805e-01 2.689798355102539062e+00
2.749789999999999734e-01 2.694972991943359375e+00
2.782899999999999818e-01 2.694972991943359375e+00
2.814280000000000115e-01 2.689798355102539062e+00
2.847259999999999791e-01 2.684623718261718750e+00
2.879140000000000033e-01 2.679449081420898438e+00
2.910130000000000217e-01 2.679449081420898438e+00
2.976809999999999734e-01 2.679449081420898438e+00
3.009760000000000213e-01 2.684623718261718750e+00
3.042739999999999889e-01 2.684623718261718750e+00
3.074129999999999918e-01 2.684623718261718750e+00
3.107119999999999882e-01 2.684623718261718750e+00
3.138619999999999743e-01 2.689798355102539062e+00
3.170000000000000040e-01 2.684623718261718750e+00
3.202949999999999964e-01 2.684623718261718750e+00
3.234460000000000113e-01 2.689798355102539062e+00
3.265830000000000122e-01 2.689798355102539062e+00
3.298829999999999818e-01 2.689798355102539062e+00
3.330259999999999887e-01 2.689798355102539062e+00
3.361649999999999916e-01 2.689798355102539062e+00
3.393129999999999757e-01 2.694972991943359375e+00
3.424590000000000134e-01 2.694972991943359375e+00
3.456359999999999988e-01 2.694972991943359375e+00
3.487750000000000017e-01 2.694972991943359375e+00
3.520780000000000021e-01 2.694972991943359375e+00
3.552179999999999782e-01 2.689798355102539062e+00
3.606139999999999901e-01 2.694972991943359375e+00
3.701079999999999925e-01 2.694972991943359375e+00
3.766189999999999816e-01 2.689798355102539062e+00
3.859839999999999938e-01 2.689798355102539062e+00
3.909980000000000122e-01 2.684623718261718750e+00
4.020949999999999802e-01 2.684623718261718750e+00
4.115280000000000049e-01 2.689798355102539062e+00
4.148029999999999773e-01 2.689798355102539062e+00
4.181090000000000084e-01 2.689798355102539062e+00
4.212420000000000053e-01 2.684623718261718750e+00
4.243890000000000162e-01 2.684623718261718750e+00
4.276820000000000066e-01 2.689798355102539062e+00
4.309819999999999762e-01 2.689798355102539062e+00
4.342820000000000014e-01 2.694972991943359375e+00
4.374170000000000003e-01 2.694972991943359375e+00
4.409339999999999926e-01 2.689798355102539062e+00
4.444029999999999925e-01 2.689798355102539062e+00
4.479509999999999881e-01 2.694972991943359375e+00
4.514779999999999904e-01 2.689798355102539062e+00
4.550779999999999825e-01 2.689798355102539062e+00
4.587019999999999986e-01 2.694972991943359375e+00
4.622970000000000135e-01 2.689798355102539062e+00
4.657399999999999873e-01 2.694972991943359375e+00
4.691890000000000227e-01 2.689798355102539062e+00
4.727850000000000108e-01 2.689798355102539062e+00
4.763870000000000049e-01 2.689798355102539062e+00
4.796839999999999993e-01 2.689798355102539062e+00
4.831280000000000019e-01 2.689798355102539062e+00
4.865809999999999858e-01 2.684623718261718750e+00
4.898879999999999901e-01 2.689798355102539062e+00
4.934819999999999762e-01 2.689798355102539062e+00
4.970870000000000011e-01 2.689798355102539062e+00
5.008439999999999559e-01 2.684623718261718750e+00
5.044570000000000443e-01 2.684623718261718750e+00
5.080740000000000256e-01 2.689798355102539062e+00
5.116720000000000157e-01 2.689798355102539062e+00
5.206169999999999964e-01 2.689798355102539062e+00
5.244330000000000380e-01 2.684623718261718750e+00
5.279979999999999674e-01 2.684623718261718750e+00
5.315919999999999535e-01 2.689798355102539062e+00
5.350740000000000496e-01 2.689798355102539062e+00
5.386840000000000517e-01 2.689798355102539062e+00
5.423280000000000323e-01 2.694972991943359375e+00
5.457089999999999996e-01 2.689798355102539062e+00
5.491589999999999527e-01 2.689798355102539062e+00
5.526259999999999506e-01 2.689798355102539062e+00
5.559129999999999905e-01 2.689798355102539062e+00
5.593650000000000011e-01 2.689798355102539062e+00
5.626600000000000490e-01 2.689798355102539062e+00
5.659570000000000434e-01 2.694972991943359375e+00
5.692469999999999475e-01 2.694972991943359375e+00
5.725500000000000034e-01 2.694972991943359375e+00
5.760039999999999605e-01 2.694972991943359375e+00
5.793030000000000124e-01 2.694972991943359375e+00
5.827390000000000070e-01 2.689798355102539062e+00
5.860469999999999846e-01 2.684623718261718750e+00
5.893429999999999502e-01 2.684623718261718750e+00
5.928069999999999729e-01 2.684623718261718750e+00
5.960929999999999840e-01 2.684623718261718750e+00
5.992380000000000484e-01 2.684623718261718750e+00
6.025359999999999605e-01 2.689798355102539062e+00
6.060010000000000119e-01 2.684623718261718750e+00
6.092849999999999655e-01 2.684623718261718750e+00
6.125840000000000174e-01 2.684623718261718750e+00
6.158810000000000118e-01 2.684623718261718750e+00
6.193330000000000224e-01 2.684623718261718750e+00
6.227789999999999715e-01 2.684623718261718750e+00
6.260750000000000481e-01 2.684623718261718750e+00
6.293769999999999643e-01 2.684623718261718750e+00
6.378099999999999881e-01 2.689798355102539062e+00
6.413659999999999917e-01 2.689798355102539062e+00
6.446650000000000436e-01 2.689798355102539062e+00
6.479690000000000172e-01 2.694972991943359375e+00
6.512539999999999996e-01 2.694972991943359375e+00
6.545600000000000307e-01 2.694972991943359375e+00
6.580089999999999550e-01 2.694972991943359375e+00
6.613010000000000277e-01 2.694972991943359375e+00
6.647520000000000095e-01 2.694972991943359375e+00
6.680490000000000039e-01 2.694972991943359375e+00
6.713470000000000271e-01 2.689798355102539062e+00
6.747980000000000089e-01 2.694972991943359375e+00
6.781089999999999618e-01 2.694972991943359375e+00
6.815489999999999604e-01 2.689798355102539062e+00
6.848290000000000211e-01 2.689798355102539062e+00
6.881549999999999612e-01 2.684623718261718750e+00
6.915999999999999925e-01 2.684623718261718750e+00
6.948919999999999542e-01 2.679449081420898438e+00
6.983369999999999855e-01 2.684623718261718750e+00
7.017959999999999754e-01 2.684623718261718750e+00
7.050889999999999658e-01 2.679449081420898438e+00
7.083970000000000544e-01 2.684623718261718750e+00
7.116820000000000368e-01 2.679449081420898438e+00
7.149780000000000024e-01 2.684623718261718750e+00
7.182800000000000296e-01 2.679449081420898438e+00
7.217270000000000074e-01 2.684623718261718750e+00
7.251779999999999893e-01 2.684623718261718750e+00
7.285110000000000197e-01 2.684623718261718750e+00
7.319620000000000015e-01 2.689798355102539062e+00
7.352539999999999631e-01 2.694972991943359375e+00
7.385720000000000063e-01 2.689798355102539062e+00
7.472239999999999993e-01 2.694972991943359375e+00
7.506629999999999692e-01 2.694972991943359375e+00
7.539569999999999883e-01 2.694972991943359375e+00
7.572539999999999827e-01 2.694972991943359375e+00
7.606950000000000101e-01 2.694972991943359375e+00
7.641520000000000534e-01 2.694972991943359375e+00
7.675999999999999490e-01 2.694972991943359375e+00
7.710510000000000419e-01 2.694972991943359375e+00
7.743470000000000075e-01 2.694972991943359375e+00
7.778030000000000221e-01 2.694972991943359375e+00
7.810949999999999838e-01 2.689798355102539062e+00
7.845370000000000399e-01 2.679449081420898438e+00
7.880129999999999635e-01 2.679449081420898438e+00
7.913010000000000321e-01 2.684623718261718750e+00
7.947520000000000140e-01 2.684623718261718750e+00
7.982129999999999503e-01 2.679449081420898438e+00
8.015060000000000517e-01 2.684623718261718750e+00
8.049520000000000008e-01 2.684623718261718750e+00
8.084090000000000442e-01 2.684623718261718750e+00
8.117079999999999851e-01 2.684623718261718750e+00
8.151519999999999877e-01 2.684623718261718750e+00
8.184510000000000396e-01 2.689798355102539062e+00
8.217459999999999765e-01 2.684623718261718750e+00
8.250760000000000316e-01 2.684623718261718750e+00
8.283909999999999885e-01 2.684623718261718750e+00
8.316729999999999956e-01 2.694972991943359375e+00
8.349739999999999940e-01 2.689798355102539062e+00
8.382699999999999596e-01 2.689798355102539062e+00
8.417149999999999910e-01 2.694972991943359375e+00
8.451600000000000223e-01 2.694972991943359375e+00
8.484570000000000167e-01 2.694972991943359375e+00
8.517580000000000151e-01 2.694972991943359375e+00
8.595099999999999962e-01 2.694972991943359375e+00
8.629289999999999461e-01 2.689798355102539062e+00
8.663999999999999480e-01 2.689798355102539062e+00
8.696920000000000206e-01 2.689798355102539062e+00
8.731440000000000312e-01 2.689798355102539062e+00
8.765990000000000171e-01 2.694972991943359375e+00
8.798949999999999827e-01 2.689798355102539062e+00
8.831919999999999771e-01 2.684623718261718750e+00
8.864779999999999882e-01 2.679449081420898438e+00
8.899369999999999781e-01 2.684623718261718750e+00
8.934109999999999552e-01 2.684623718261718750e+00
8.966960000000000486e-01 2.684623718261718750e+00
9.001449999999999729e-01 2.684623718261718750e+00
9.035980000000000123e-01 2.689798355102539062e+00
9.068869999999999987e-01 2.689798355102539062e+00
9.104860000000000175e-01 2.689798355102539062e+00
9.139399999999999746e-01 2.689798355102539062e+00
9.173940000000000428e-01 2.689798355102539062e+00
9.208739999999999704e-01 2.684623718261718750e+00
9.241740000000000510e-01 2.689798355102539062e+00
9.274729999999999919e-01 2.689798355102539062e+00
9.309199999999999697e-01 2.689798355102539062e+00
9.343730000000000091e-01 2.694972991943359375e+00
9.376649999999999707e-01 2.694972991943359375e+00
9.411410000000000053e-01 2.694972991943359375e+00
9.445820000000000327e-01 2.694972991943359375e+00
9.480260000000000353e-01 2.694972991943359375e+00
9.513160000000000505e-01 2.689798355102539062e+00
9.547679999999999501e-01 2.689798355102539062e+00
9.580650000000000555e-01 2.694972991943359375e+00
9.613549999999999596e-01 2.694972991943359375e+00
9.646489999999999787e-01 2.694972991943359375e+00
9.679569999999999563e-01 2.689798355102539062e+00
9.756449999999999845e-01 2.689798355102539062e+00
9.791320000000000023e-01 2.689798355102539062e+00
9.826019999999999754e-01 2.684623718261718750e+00
9.858759999999999746e-01 2.689798355102539062e+00
9.890370000000000550e-01 2.684623718261718750e+00
9.923349999999999671e-01 2.689798355102539062e+00
9.957850000000000312e-01 2.684623718261718750e+00
9.990839999999999721e-01 2.689798355102539062e+00
1.005019000000000107e+00 2.684623718261718750e+00
1.009325999999999945e+00 2.684623718261718750e+00
1.013363999999999931e+00 2.684623718261718750e+00
1.017392000000000074e+00 2.689798355102539062e+00
1.021773000000000042e+00 2.684623718261718750e+00
1.025805000000000078e+00 2.684623718261718750e+00
1.029925999999999897e+00 2.684623718261718750e+00
1.033968999999999916e+00 2.689798355102539062e+00
1.038111000000000006e+00 2.684623718261718750e+00
1.042213000000000056e+00 2.689798355102539062e+00
1.046254999999999935e+00 2.689798355102539062e+00
1.050389999999999935e+00 2.689798355102539062e+00
1.054419999999999913e+00 2.689798355102539062e+00
1.058623000000000092e+00 2.694972991943359375e+00
1.062677000000000094e+00 2.689798355102539062e+00
1.066729999999999956e+00 2.694972991943359375e+00
1.070861999999999981e+00 2.694972991943359375e+00
1.074928000000000106e+00 2.689798355102539062e+00
1.078985000000000083e+00 2.694972991943359375e+00
1.083082000000000100e+00 2.694972991943359375e+00
1.092754999999999921e+00 2.684623718261718750e+00
1.097197999999999896e+00 2.684623718261718750e+00
1.101696000000000009e+00 2.684623718261718750e+00
1.106017000000000028e+00 2.684623718261718750e+00
1.110346000000000055e+00 2.684623718261718750e+00
1.114630999999999927e+00 2.684623718261718750e+00
1.118915000000000104e+00 2.684623718261718750e+00
1.123061000000000087e+00 2.679449081420898438e+00
1.127329999999999943e+00 2.684623718261718750e+00
1.131558999999999982e+00 2.684623718261718750e+00
1.135656999999999917e+00 2.689798355102539062e+00
1.139806000000000097e+00 2.689798355102539062e+00
1.143920999999999966e+00 2.689798355102539062e+00
1.147466000000000097e+00 2.694972991943359375e+00
1.151075999999999988e+00 2.694972991943359375e+00
1.154643000000000086e+00 2.689798355102539062e+00
1.158266000000000018e+00 2.694972991943359375e+00
1.161842000000000041e+00 2.694972991943359375e+00
1.165402999999999967e+00 2.689798355102539062e+00
1.168970999999999982e+00 2.694972991943359375e+00
1.172542999999999891e+00 2.694972991943359375e+00
1.176109000000000071e+00 2.694972991943359375e+00
1.179770999999999903e+00 2.694972991943359375e+00
1.183332999999999968e+00 2.689798355102539062e+00
1.186954000000000065e+00 2.689798355102539062e+00
1.190549999999999997e+00 2.684623718261718750e+00
1.194129999999999914e+00 2.684623718261718750e+00
1.197710999999999970e+00 2.684623718261718750e+00
1.201362999999999959e+00 2.684623718261718750e+00
1.208259999999999890e+00 2.679449081420898438e+00
1.212120000000000086e+00 2.679449081420898438e+00
1.215715000000000101e+00 2.679449081420898438e+00
1.219316999999999984e+00 2.684623718261718750e+00
1.222922999999999982e+00 2.679449081420898438e+00
1.226526000000000005e+00 2.684623718261718750e+00
1.230193000000000092e+00 2.684623718261718750e+00
1.233791000000000082e+00 2.689798355102539062e+00
1.237416999999999989e+00 2.689798355102539062e+00
1.241060999999999970e+00 2.694972991943359375e+00
1.244666999999999968e+00 2.694972991943359375e+00
1.248326999999999964e+00 2.689798355102539062e+00
1.251973000000000003e+00 2.694972991943359375e+00
1.255595000000000017e+00 2.694972991943359375e+00
1.259228999999999932e+00 2.694972991943359375e+00
1.262863000000000069e+00 2.694972991943359375e+00
1.266518000000000033e+00 2.700147628784179688e+00
1.270199000000000078e+00 2.694972991943359375e+00
1.273822999999999928e+00 2.694972991943359375e+00
1.277449000000000057e+00 2.694972991943359375e+00
1.281098000000000070e+00 2.689798355102539062e+00
1.284774000000000083e+00 2.684623718261718750e+00
1.288639000000000090e+00 2.684623718261718750e+00
1.292272000000000087e+00 2.684623718261718750e+00
1.295927999999999969e+00 2.679449081420898438e+00
1.299606000000000039e+00 2.684623718261718750e+00
1.303255000000000052e+00 2.684623718261718750e+00
1.306896999999999975e+00 2.684623718261718750e+00
1.310559999999999947e+00 2.684623718261718750e+00
1.315045000000000019e+00 2.684623718261718750e+00
1.322820000000000107e+00 2.684623718261718750e+00
1.326451000000000047e+00 2.684623718261718750e+00
1.330208999999999975e+00 2.689798355102539062e+00
1.333869999999999889e+00 2.694972991943359375e+00
1.337533000000000083e+00 2.694972991943359375e+00
1.341196000000000055e+00 2.694972991943359375e+00
1.344870999999999928e+00 2.694972991943359375e+00
1.348608000000000029e+00 2.694972991943359375e+00
1.352306999999999926e+00 2.694972991943359375e+00
1.355981000000000103e+00 2.694972991943359375e+00
1.359725000000000072e+00 2.700147628784179688e+00
1.363782999999999967e+00 2.689798355102539062e+00
1.369531999999999972e+00 2.694972991943359375e+00
1.384441999999999950e+00 2.689798355102539062e+00
1.392571000000000003e+00 2.684623718261718750e+00
1.404098999999999986e+00 2.684623718261718750e+00
1.419113000000000069e+00 2.689798355102539062e+00
1.427731000000000083e+00 2.689798355102539062e+00
1.435656999999999961e+00 2.694972991943359375e+00
1.439734000000000069e+00 2.694972991943359375e+00
1.443448999999999982e+00 2.694972991943359375e+00
1.447157000000000027e+00 2.689798355102539062e+00
1.450925000000000020e+00 2.694972991943359375e+00
1.454630000000000090e+00 2.689798355102539062e+00
1.458431999999999951e+00 2.689798355102539062e+00
1.462145000000000028e+00 2.689798355102539062e+00
1.465850000000000097e+00 2.689798355102539062e+00
1.469584000000000001e+00 2.694972991943359375e+00
1.473297999999999996e+00 2.689798355102539062e+00
1.477009000000000016e+00 2.689798355102539062e+00
1.480758999999999936e+00 2.689798355102539062e+00
1.484472999999999931e+00 2.684623718261718750e+00
1.488301000000000096e+00 2.684623718261718750e+00
1.492027999999999910e+00 2.684623718261718750e+00
1.495125000000000037e+00 2.684623718261718750e+00
1.498804999999999943e+00 2.689798355102539062e+00
1.502596999999999960e+00 2.689798355102539062e+00
1.506339000000000095e+00 2.689798355102539062e+00
1.510135999999999923e+00 2.689798355102539062e+00
1.513875999999999999e+00 2.689798355102539062e+00
1.517651000000000083e+00 2.684623718261718750e+00
1.521398000000000028e+00 2.684623718261718750e+00
1.525133000000000072e+00 2.684623718261718750e+00
1.528893999999999975e+00 2.684623718261718750e+00
1.532655000000000101e+00 2.689798355102539062e+00
1.536399000000000070e+00 2.689798355102539062e+00
1.543803000000000036e+00 2.689798355102539062e+00
1.547825999999999924e+00 2.689798355102539062e+00
1.551644999999999941e+00 2.689798355102539062e+00
1.555406999999999984e+00 2.689798355102539062e+00
1.559188999999999936e+00 2.689798355102539062e+00
1.562964999999999938e+00 2.689798355102539062e+00
1.565949999999999953e+00 2.689798355102539062e+00
1.569709000000000021e+00 2.694972991943359375e+00
1.573479999999999990e+00 2.694972991943359375e+00
1.577258999999999967e+00 2.694972991943359375e+00
1.581059999999999910e+00 2.689798355102539062e+00
1.584843999999999919e+00 2.689798355102539062e+00
1.588700999999999919e+00 2.684623718261718750e+00
1.592481000000000035e+00 2.689798355102539062e+00
1.595577999999999941e+00 2.684623718261718750e+00
1.599309000000000092e+00 2.684623718261718750e+00
1.602330000000000032e+00 2.689798355102539062e+00
1.606044000000000027e+00 2.689798355102539062e+00
1.609952999999999967e+00 2.689798355102539062e+00
1.613758999999999943e+00 2.684623718261718750e+00
1.616748999999999992e+00 2.684623718261718750e+00
1.620552999999999910e+00 2.679449081420898438e+00
1.624384000000000050e+00 2.684623718261718750e+00
1.628247999999999918e+00 2.684623718261718750e+00
1.632057000000000091e+00 2.689798355102539062e+00
1.635922000000000098e+00 2.689798355102539062e+00
1.638981999999999939e+00 2.689798355102539062e+00
1.642714000000000008e+00 2.689798355102539062e+00
1.646536999999999917e+00 2.694972991943359375e+00
1.650403999999999982e+00 2.694972991943359375e+00
1.657666000000000084e+00 2.689798355102539062e+00
1.661575000000000024e+00 2.694972991943359375e+00
1.665399000000000074e+00 2.694972991943359375e+00
1.669259999999999966e+00 2.694972991943359375e+00
1.673084999999999933e+00 2.694972991943359375e+00
1.676921000000000106e+00 2.694972991943359375e+00
1.680743000000000098e+00 2.694972991943359375e+00
1.684593000000000007e+00 2.689798355102539062e+00
1.688506999999999980e+00 2.684623718261718750e+00
1.692350999999999939e+00 2.689798355102539062e+00
1.696342999999999934e+00 2.689798355102539062e+00
1.700255000000000072e+00 2.684623718261718750e+00
1.704099999999999948e+00 2.684623718261718750e+00
1.708002000000000020e+00 2.679449081420898438e+00
1.711853000000000069e+00 2.684623718261718750e+00
1.715700000000000003e+00 2.679449081420898438e+00
1.718747999999999942e+00 2.684623718261718750e+00
1.722533000000000092e+00 2.679449081420898438e+00
1.726421999999999901e+00 2.679449081420898438e+00
1.729560999999999904e+00 2.684623718261718750e+00
1.733359000000000094e+00 2.689798355102539062e+00
1.737214000000000036e+00 2.689798355102539062e+00
1.741066000000000003e+00 2.694972991943359375e+00
1.744928999999999952e+00 2.694972991943359375e+00
1.748839000000000032e+00 2.694972991943359375e+00
1.752709000000000072e+00 2.694972991943359375e+00
1.756580000000000030e+00 2.694972991943359375e+00
1.760510999999999937e+00 2.694972991943359375e+00
1.764399999999999968e+00 2.694972991943359375e+00
1.771754999999999969e+00 2.694972991943359375e+00
1.775900999999999952e+00 2.694972991943359375e+00
1.778964999999999907e+00 2.694972991943359375e+00
1.782791000000000015e+00 2.689798355102539062e+00
1.786761000000000044e+00 2.684623718261718750e+00
1.790715999999999974e+00 2.684623718261718750e+00
1.794618000000000047e+00 2.684623718261718750e+00
1.798735999999999891e+00 2.679449081420898438e+00
1.802643999999999913e+00 2.684623718261718750e+00
1.806554999999999911e+00 2.674274444580078125e+00
1.810526000000000080e+00 2.679449081420898438e+00
1.813546000000000102e+00 2.679449081420898438e+00
1.816537000000000068e+00 2.684623718261718750e+00
1.820464000000000082e+00 2.684623718261718750e+00
1.824402999999999997e+00 2.684623718261718750e+00
1.828372000000000108e+00 2.689798355102539062e+00
1.832295999999999925e+00 2.694972991943359375e+00
1.836211999999999955e+00 2.694972991943359375e+00
1.840230999999999950e+00 2.694972991943359375e+00
1.844162000000000079e+00 2.694972991943359375e+00
1.848233999999999932e+00 2.694972991943359375e+00
1.852907999999999999e+00 2.694972991943359375e+00
1.857577000000000034e+00 2.694972991943359375e+00
1.862373999999999974e+00 2.694972991943359375e+00
1.867056000000000049e+00 2.689798355102539062e+00
1.871803000000000106e+00 2.689798355102539062e+00
1.876476000000000033e+00 2.689798355102539062e+00
1.886754000000000042e+00 2.684623718261718750e+00
1.891787000000000107e+00 2.679449081420898438e+00
1.896525000000000016e+00 2.684623718261718750e+00
1.901659999999999906e+00 2.684623718261718750e+00
1.906546000000000074e+00 2.679449081420898438e+00
1.911718999999999946e+00 2.689798355102539062e+00
1.916328999999999949e+00 2.684623718261718750e+00
1.920095000000000107e+00 2.684623718261718750e+00
1.925111000000000017e+00 2.689798355102539062e+00
1.929899999999999949e+00 2.689798355102539062e+00
1.933634000000000075e+00 2.689798355102539062e+00
1.937249999999999917e+00 2.689798355102539062e+00
1.942433999999999994e+00 2.694972991943359375e+00
1.947057000000000038e+00 2.694972991943359375e+00
1.950777999999999901e+00 2.694972991943359375e+00
1.954914999999999958e+00 2.689798355102539062e+00
1.959059000000000106e+00 2.689798355102539062e+00
1.962199000000000026e+00 2.689798355102539062e+00
1.966223000000000054e+00 2.689798355102539062e+00
1.970359999999999889e+00 2.689798355102539062e+00
1.974515999999999938e+00 2.689798355102539062e+00
1.978650999999999938e+00 2.689798355102539062e+00
1.982706999999999997e+00 2.689798355102539062e+00
1.986766999999999950e+00 2.679449081420898438e+00
1.990070999999999923e+00 2.684623718261718750e+00
1.997516000000000069e+00 2.689798355102539062e+00
2.001710999999999796e+00 2.684623718261718750e+00
2.005748000000000086e+00 2.684623718261718750e+00
2.009818000000000104e+00 2.689798355102539062e+00
2.013866000000000156e+00 2.689798355102539062e+00
2.017965999999999926e+00 2.689798355102539062e+00
2.022019999999999929e+00 2.684623718261718750e+00
2.026044999999999874e+00 2.689798355102539062e+00
2.030199999999999783e+00 2.684623718261718750e+00
2.034281000000000006e+00 2.689798355102539062e+00
2.037361000000000200e+00 2.689798355102539062e+00
2.041511999999999993e+00 2.689798355102539062e+00
2.045584999999999987e+00 2.689798355102539062e+00
2.049701000000000217e+00 2.694972991943359375e+00
2.053774999999999906e+00 2.689798355102539062e+00
2.057894000000000112e+00 2.689798355102539062e+00
2.060983999999999927e+00 2.694972991943359375e+00
2.064977999999999980e+00 2.689798355102539062e+00
2.069075000000000220e+00 2.689798355102539062e+00
2.073155999999999999e+00 2.689798355102539062e+00
2.077237999999999918e+00 2.694972991943359375e+00
2.081306999999999796e+00 2.694972991943359375e+00
2.085408999999999846e+00 2.689798355102539062e+00
2.089538000000000117e+00 2.684623718261718750e+00
2.093646000000000118e+00 2.689798355102539062e+00
2.097726999999999897e+00 2.684623718261718750e+00
2.101881000000000110e+00 2.684623718261718750e+00
2.106094000000000133e+00 2.689798355102539062e+00
2.113570999999999867e+00 2.689798355102539062e+00
2.118065000000000087e+00 2.684623718261718750e+00
2.122180000000000177e+00 2.684623718261718750e+00
2.126314999999999955e+00 2.684623718261718750e+00
2.129541000000000128e+00 2.684623718261718750e+00
2.133624000000000187e+00 2.689798355102539062e+00
2.136747999999999870e+00 2.689798355102539062e+00
2.140877000000000141e+00 2.694972991943359375e+00
2.145038000000000000e+00 2.694972991943359375e+00
2.148175000000000168e+00 2.689798355102539062e+00
2.152277000000000218e+00 2.689798355102539062e+00
2.156435999999999797e+00 2.694972991943359375e+00
2.160670999999999786e+00 2.694972991943359375e+00
2.164830999999999950e+00 2.694972991943359375e+00
2.168994000000000089e+00 2.694972991943359375e+00
2.173140000000000072e+00 2.694972991943359375e+00
2.177281999999999940e+00 2.694972991943359375e+00
2.180562000000000111e+00 2.689798355102539062e+00
2.184651999999999816e+00 2.689798355102539062e+00
2.187765000000000182e+00 2.689798355102539062e+00
2.191917000000000115e+00 2.689798355102539062e+00
2.196076999999999835e+00 2.689798355102539062e+00
2.200276999999999816e+00 2.689798355102539062e+00
2.204711000000000087e+00 2.684623718261718750e+00
2.208917000000000019e+00 2.684623718261718750e+00
2.213080999999999854e+00 2.684623718261718750e+00
2.217245000000000132e+00 2.679449081420898438e+00
2.220432999999999879e+00 2.679449081420898438e+00
2.228076999999999863e+00 2.684623718261718750e+00
2.232603000000000115e+00 2.689798355102539062e+00
2.236766999999999950e+00 2.689798355102539062e+00
2.239888000000000101e+00 2.694972991943359375e+00
2.244044999999999845e+00 2.694972991943359375e+00
2.248302999999999940e+00 2.694972991943359375e+00
2.252501999999999782e+00 2.694972991943359375e+00
2.256733999999999796e+00 2.694972991943359375e+00
2.261019999999999808e+00 2.700147628784179688e+00
2.265235000000000110e+00 2.694972991943359375e+00
2.269479000000000024e+00 2.694972991943359375e+00
2.273699000000000137e+00 2.694972991943359375e+00
2.277949000000000002e+00 2.694972991943359375e+00
2.281168000000000085e+00 2.694972991943359375e+00
2.285301000000000027e+00 2.684623718261718750e+00
2.289514000000000049e+00 2.679449081420898438e+00
2.293731999999999882e+00 2.684623718261718750e+00
2.297953999999999830e+00 2.679449081420898438e+00
2.302127000000000034e+00 2.684623718261718750e+00
2.305537999999999865e+00 2.684623718261718750e+00
2.309680999999999873e+00 2.684623718261718750e+00
2.313896999999999871e+00 2.684623718261718750e+00
2.318166999999999867e+00 2.684623718261718750e+00
2.322385999999999839e+00 2.684623718261718750e+00
2.325563999999999965e+00 2.684623718261718750e+00
2.329721999999999849e+00 2.689798355102539062e+00
2.333953000000000166e+00 2.694972991943359375e+00
2.338490000000000180e+00 2.694972991943359375e+00
2.346870000000000012e+00 2.694972991943359375e+00
2.351157000000000163e+00 2.694972991943359375e+00
2.355374999999999996e+00 2.694972991943359375e+00
2.358633999999999897e+00 2.694972991943359375e+00
2.363910999999999873e+00 2.694972991943359375e+00
2.370896000000000114e+00 2.694972991943359375e+00
2.381555000000000089e+00 2.689798355102539062e+00
2.387593999999999994e+00 2.689798355102539062e+00
2.404377999999999904e+00 2.679449081420898438e+00
2.410950999999999844e+00 2.684623718261718750e+00
2.423487000000000169e+00 2.689798355102539062e+00
2.431645000000000056e+00 2.684623718261718750e+00
2.436414000000000080e+00 2.694972991943359375e+00
2.440787999999999958e+00 2.694972991943359375e+00
2.445068000000000019e+00 2.694972991943359375e+00
2.449399999999999800e+00 2.694972991943359375e+00
2.457390999999999881e+00 2.694972991943359375e+00
2.461993999999999794e+00 2.689798355102539062e+00
2.466289000000000176e+00 2.689798355102539062e+00
2.469597999999999960e+00 2.689798355102539062e+00
2.472738000000000103e+00 2.689798355102539062e+00
2.476945000000000174e+00 2.689798355102539062e+00
2.481244999999999923e+00 2.689798355102539062e+00
2.485539000000000165e+00 2.684623718261718750e+00
2.489857999999999905e+00 2.679449081420898438e+00
2.494149999999999867e+00 2.684623718261718750e+00
2.498475000000000001e+00 2.684623718261718750e+00
2.502781999999999840e+00 2.689798355102539062e+00
2.506003999999999898e+00 2.684623718261718750e+00
2.510391999999999957e+00 2.689798355102539062e+00
2.514793000000000056e+00 2.684623718261718750e+00
2.519118000000000190e+00 2.684623718261718750e+00
2.523398999999999948e+00 2.684623718261718750e+00
2.527699000000000140e+00 2.684623718261718750e+00
2.531985999999999848e+00 2.689798355102539062e+00
2.536306000000000171e+00 2.694972991943359375e+00
2.540617999999999821e+00 2.689798355102539062e+00
2.544937000000000005e+00 2.689798355102539062e+00
2.549230000000000107e+00 2.689798355102539062e+00
2.553548000000000151e+00 2.689798355102539062e+00
2.556763000000000119e+00 2.689798355102539062e+00
2.561078000000000188e+00 2.689798355102539062e+00
2.565488000000000213e+00 2.689798355102539062e+00
2.573221999999999898e+00 2.689798355102539062e+00
2.577898999999999941e+00 2.689798355102539062e+00
2.582230000000000025e+00 2.689798355102539062e+00
2.586580000000000101e+00 2.689798355102539062e+00
2.590987999999999847e+00 2.689798355102539062e+00
2.595333000000000112e+00 2.689798355102539062e+00
2.599708999999999826e+00 2.689798355102539062e+00
2.604058000000000206e+00 2.689798355102539062e+00
2.608481999999999967e+00 2.684623718261718750e+00
2.611832000000000154e+00 2.689798355102539062e+00
2.616232000000000113e+00 2.684623718261718750e+00
2.620629999999999793e+00 2.689798355102539062e+00
2.624995999999999885e+00 2.679449081420898438e+00
2.629345999999999961e+00 2.684623718261718750e+00
2.632554999999999978e+00 2.689798355102539062e+00
2.635742000000000029e+00 2.689798355102539062e+00
2.640105999999999842e+00 2.689798355102539062e+00
2.643394999999999939e+00 2.694972991943359375e+00
2.646532000000000107e+00 2.694972991943359375e+00
2.650857999999999937e+00 2.689798355102539062e+00
2.655711999999999851e+00 2.689798355102539062e+00
2.661045999999999800e+00 2.689798355102539062e+00
2.666294999999999860e+00 2.694972991943359375e+00
2.671670999999999907e+00 2.694972991943359375e+00
2.676976999999999940e+00 2.694972991943359375e+00
2.687825999999999826e+00 2.689798355102539062e+00
2.693388999999999811e+00 2.684623718261718750e+00
2.698745000000000172e+00 2.684623718261718750e+00
2.704013999999999918e+00 2.689798355102539062e+00
2.709401999999999866e+00 2.679449081420898438e+00
2.714803999999999995e+00 2.684623718261718750e+00
2.720145000000000035e+00 2.684623718261718750e+00
2.725407999999999831e+00 2.679449081420898438e+00
2.730805999999999845e+00 2.679449081420898438e+00
2.736085999999999796e+00 2.694972991943359375e+00
2.741515999999999842e+00 2.689798355102539062e+00
2.746815999999999924e+00 2.694972991943359375e+00
2.752320000000000100e+00 2.694972991943359375e+00
2.757330000000000059e+00 2.694972991943359375e+00
2.761779000000000206e+00 2.694972991943359375e+00
2.766167999999999960e+00 2.694972991943359375e+00
2.770671999999999802e+00 2.694972991943359375e+00
2.773953999999999809e+00 2.694972991943359375e+00
2.778363000000000138e+00 2.694972991943359375e+00
2.782770000000000188e+00 2.689798355102539062e+00
2.787186999999999859e+00 2.684623718261718750e+00
2.791659000000000113e+00 2.684623718261718750e+00
2.796088999999999825e+00 2.684623718261718750e+00
2.804145000000000110e+00 2.679449081420898438e+00
2.809022000000000130e+00 2.679449081420898438e+00
2.813454999999999817e+00 2.684623718261718750e+00
2.818029999999999813e+00 2.684623718261718750e+00
2.822449999999999903e+00 2.679449081420898438e+00
2.826893999999999796e+00 2.684623718261718750e+00
2.831345999999999918e+00 2.684623718261718750e+00
2.835768999999999984e+00 2.694972991943359375e+00
2.839135999999999882e+00 2.694972991943359375e+00
2.843506000000000089e+00 2.700147628784179688e+00
2.848012000000000210e+00 2.694972991943359375e+00
2.852463000000000193e+00 2.694972991943359375e+00
2.856930000000000192e+00 2.694972991943359375e+00
2.861399000000000026e+00 2.694972991943359375e+00
2.864740999999999982e+00 2.694972991943359375e+00
2.869126000000000065e+00 2.694972991943359375e+00
2.873569999999999958e+00 2.694972991943359375e+00
2.878093999999999930e+00 2.694972991943359375e+00
2.882557999999999954e+00 2.689798355102539062e+00
2.887030999999999903e+00 2.684623718261718750e+00
2.890343999999999802e+00 2.684623718261718750e+00
2.894757999999999942e+00 2.684623718261718750e+00
2.899249999999999883e+00 2.684623718261718750e+00
2.903720999999999997e+00 2.684623718261718750e+00
2.908247999999999944e+00 2.684623718261718750e+00
2.911563999999999819e+00 2.684623718261718750e+00
2.919932999999999890e+00 2.684623718261718750e+00
2.924605999999999817e+00 2.684623718261718750e+00
2.929084000000000021e+00 2.689798355102539062e+00
2.933527999999999913e+00 2.689798355102539062e+00
2.938073999999999852e+00 2.694972991943359375e+00
2.942556000000000171e+00 2.694972991943359375e+00
2.947007999999999850e+00 2.689798355102539062e+00
2.951459999999999972e+00 2.694972991943359375e+00
2.954746999999999790e+00 2.694972991943359375e+00
2.959248000000000101e+00 2.694972991943359375e+00
2.962555000000000049e+00 2.689798355102539062e+00
2.966953999999999869e+00 2.694972991943359375e+00
2.971433000000000213e+00 2.689798355102539062e+00
2.974737999999999882e+00 2.694972991943359375e+00
2.979157999999999973e+00 2.694972991943359375e+00
2.983664999999999790e+00 2.689798355102539062e+00
2.988214000000000148e+00 2.679449081420898438e+00
2.992716000000000154e+00 2.684623718261718750e+00
2.997199999999999864e+00 2.679449081420898438e+00
3.001748000000000083e+00 2.684623718261718750e+00
3.006260999999999850e+00 2.684623718261718750e+00
3.010807999999999929e+00 2.684623718261718750e+00
3.015296999999999894e+00 2.684623718261718750e+00
3.019795999999999925e+00 2.689798355102539062e+00
3.024360000000000159e+00 2.689798355102539062e+00
3.032487000000000155e+00 2.689798355102539062e+00
3.037284999999999791e+00 2.694972991943359375e+00
3.041847000000000190e+00 2.694972991943359375e+00
3.045223000000000013e+00 2.689798355102539062e+00
3.049685999999999897e+00 2.689798355102539062e+00
3.054187999999999903e+00 2.689798355102539062e+00
3.058771000000000129e+00 2.689798355102539062e+00
3.063296999999999937e+00 2.689798355102539062e+00
3.067889000000000088e+00 2.689798355102539062e+00
3.072382000000000168e+00 2.689798355102539062e+00
3.076897999999999911e+00 2.689798355102539062e+00
3.081447999999999965e+00 2.689798355102539062e+00
3.085977999999999888e+00 2.689798355102539062e+00
3.089358999999999966e+00 2.684623718261718750e+00
3.093830000000000080e+00 2.689798355102539062e+00
3.097175000000000011e+00 2.689798355102539062e+00
3.101725000000000065e+00 2.689798355102539062e+00
3.106269000000000169e+00 2.684623718261718750e+00
3.110859000000000041e+00 2.689798355102539062e+00
3.115387000000000128e+00 2.684623718261718750e+00
3.119956000000000174e+00 2.689798355102539062e+00
3.124533000000000005e+00 2.684623718261718750e+00
3.129075999999999969e+00 2.684623718261718750e+00
3.133621999999999908e+00 2.689798355102539062e+00
3.136986999999999970e+00 2.689798355102539062e+00
3.145091999999999999e+00 2.689798355102539062e+00
3.149884000000000128e+00 2.689798355102539062e+00
3.154441999999999968e+00 2.689798355102539062e+00
3.159110000000000085e+00 2.689798355102539062e+00
3.163657000000000163e+00 2.689798355102539062e+00
3.168274999999999952e+00 2.694972991943359375e+00
3.172832000000000097e+00 2.689798355102539062e+00
3.177408999999999928e+00 2.694972991943359375e+00
3.180762999999999785e+00 2.689798355102539062e+00
3.185255999999999865e+00 2.684623718261718750e+00
3.189849000000000157e+00 2.684623718261718750e+00
3.194446000000000119e+00 2.689798355102539062e+00
3.199081000000000063e+00 2.689798355102539062e+00
3.203650000000000109e+00 2.684623718261718750e+00
3.208276000000000128e+00 2.684623718261718750e+00
3.212858999999999909e+00 2.684623718261718750e+00
3.217436999999999880e+00 2.679449081420898438e+00
3.222059999999999924e+00 2.679449081420898438e+00
3.226866999999999930e+00 2.684623718261718750e+00
3.231456000000000106e+00 2.684623718261718750e+00
3.236051999999999929e+00 2.689798355102539062e+00
3.240714000000000095e+00 2.689798355102539062e+00
3.245300999999999991e+00 2.694972991943359375e+00
3.249921000000000060e+00 2.689798355102539062e+00
3.254539999999999988e+00 2.694972991943359375e+00
3.262716999999999867e+00 2.694972991943359375e+00
3.267580000000000151e+00 2.689798355102539062e+00
3.272378999999999927e+00 2.694972991943359375e+00
3.277302000000000159e+00 2.694972991943359375e+00
3.282019000000000020e+00 2.689798355102539062e+00
3.286659999999999915e+00 2.689798355102539062e+00
3.291399999999999881e+00 2.684623718261718750e+00
3.296037999999999801e+00 2.684623718261718750e+00
3.299538000000000082e+00 2.684623718261718750e+00
3.304111999999999938e+00 2.684623718261718750e+00
3.307532999999999834e+00 2.684623718261718750e+00
3.310991000000000017e+00 2.684623718261718750e+00
3.315566000000000013e+00 2.684623718261718750e+00
3.320304999999999840e+00 2.679449081420898438e+00
3.324959999999999916e+00 2.679449081420898438e+00
3.329708000000000112e+00 2.684623718261718750e+00
3.334331000000000156e+00 2.689798355102539062e+00
3.339043000000000205e+00 2.694972991943359375e+00
3.343723999999999918e+00 2.694972991943359375e+00
3.347163000000000110e+00 2.694972991943359375e+00
3.351802999999999866e+00 2.694972991943359375e+00
3.356449000000000016e+00 2.689798355102539062e+00
3.361156999999999950e+00 2.694972991943359375e+00
3.365822000000000092e+00 2.694972991943359375e+00
3.372851999999999961e+00 2.694972991943359375e+00
3.385801999999999978e+00 2.684623718261718750e+00
3.393676000000000137e+00 2.679449081420898438e+00
3.413480999999999987e+00 2.679449081420898438e+00
3.419963000000000086e+00 2.684623718261718750e+00
3.426899999999999835e+00 2.689798355102539062e+00
3.438609000000000027e+00 2.694972991943359375e+00
3.445486999999999966e+00 2.694972991943359375e+00
3.450242999999999949e+00 2.694972991943359375e+00
3.454927000000000081e+00 2.694972991943359375e+00
3.458352999999999788e+00 2.694972991943359375e+00
3.463766000000000123e+00 2.694972991943359375e+00
3.469885999999999804e+00 2.694972991943359375e+00
3.475168000000000035e+00 2.694972991943359375e+00
3.481373000000000051e+00 2.689798355102539062e+00
3.486511000000000138e+00 2.684623718261718750e+00
3.492704999999999949e+00 2.679449081420898438e+00
3.497933000000000181e+00 2.679449081420898438e+00
3.504052999999999862e+00 2.684623718261718750e+00
3.509383999999999837e+00 2.689798355102539062e+00
3.515503999999999962e+00 2.689798355102539062e+00
3.528138000000000218e+00 2.684623718261718750e+00
3.534196999999999811e+00 2.694972991943359375e+00
3.540022000000000002e+00 2.689798355102539062e+00
3.545812000000000186e+00 2.694972991943359375e+00
3.551702000000000137e+00 2.694972991943359375e+00
3.557538000000000089e+00 2.689798355102539062e+00
3.562946000000000168e+00 2.689798355102539062e+00
3.567655999999999938e+00 2.689798355102539062e+00
3.572414000000000200e+00 2.689798355102539062e+00
3.577170999999999879e+00 2.689798355102539062e+00
3.581916999999999796e+00 2.689798355102539062e+00
3.586641999999999886e+00 2.684623718261718750e+00
3.590157000000000043e+00 2.684623718261718750e+00
3.594838000000000200e+00 2.684623718261718750e+00
3.599569999999999936e+00 2.684623718261718750e+00
3.604293000000000191e+00 2.689798355102539062e+00
3.609102000000000032e+00 2.684623718261718750e+00
3.613844999999999974e+00 2.684623718261718750e+00
3.618638999999999939e+00 2.684623718261718750e+00
3.623381999999999881e+00 2.684623718261718750e+00
3.628203000000000067e+00 2.689798355102539062e+00
3.632944000000000173e+00 2.689798355102539062e+00
3.637824000000000169e+00 2.689798355102539062e+00
3.646164000000000183e+00 2.689798355102539062e+00
3.651371000000000144e+00 2.694972991943359375e+00
3.656302000000000163e+00 2.689798355102539062e+00
3.660842999999999847e+00 2.689798355102539062e+00
3.664441000000000059e+00 2.689798355102539062e+00
3.668051000000000172e+00 2.694972991943359375e+00
3.671648999999999941e+00 2.689798355102539062e+00
3.675244999999999873e+00 2.694972991943359375e+00
3.678856000000000126e+00 2.694972991943359375e+00
3.682459000000000149e+00 2.689798355102539062e+00
3.687384999999999913e+00 2.689798355102539062e+00
3.692007999999999956e+00 2.684623718261718750e+00
3.695605000000000029e+00 2.684623718261718750e+00
3.699202999999999797e+00 2.684623718261718750e+00
3.702803999999999984e+00 2.689798355102539062e+00
3.706409999999999982e+00 2.689798355102539062e+00
3.710020000000000095e+00 2.689798355102539062e+00
3.713617999999999864e+00 2.684623718261718750e+00
3.717219000000000051e+00 2.684623718261718750e+00
3.720819999999999794e+00 2.684623718261718750e+00
3.725579999999999892e+00 2.684623718261718750e+00
3.730452000000000101e+00 2.679449081420898438e+00
3.735243999999999787e+00 2.689798355102539062e+00
3.740218000000000043e+00 2.694972991943359375e+00
3.745007999999999893e+00 2.694972991943359375e+00
3.749836999999999865e+00 2.689798355102539062e+00
3.758253999999999984e+00 2.689798355102539062e+00
3.763363000000000014e+00 2.694972991943359375e+00
3.768257999999999885e+00 2.694972991943359375e+00
3.773093999999999948e+00 2.694972991943359375e+00
3.776536999999999811e+00 2.694972991943359375e+00
3.781356999999999857e+00 2.694972991943359375e+00
3.786169999999999813e+00 2.689798355102539062e+00
3.791072999999999915e+00 2.684623718261718750e+00
3.795887000000000011e+00 2.689798355102539062e+00
3.800787000000000138e+00 2.684623718261718750e+00
3.805610000000000159e+00 2.679449081420898438e+00
3.810567999999999955e+00 2.679449081420898438e+00
3.815396999999999927e+00 2.684623718261718750e+00
3.818964999999999943e+00 2.684623718261718750e+00
3.823749999999999982e+00 2.679449081420898438e+00
3.828641999999999879e+00 2.684623718261718750e+00
3.833495000000000097e+00 2.689798355102539062e+00
3.838440999999999992e+00 2.689798355102539062e+00
3.843300999999999856e+00 2.694972991943359375e+00
3.848212000000000188e+00 2.694972991943359375e+00
3.853054999999999897e+00 2.694972991943359375e+00
3.857956999999999859e+00 2.694972991943359375e+00
3.862817999999999863e+00 2.694972991943359375e+00
3.866335999999999995e+00 2.694972991943359375e+00
3.874601999999999880e+00 2.694972991943359375e+00
3.879760999999999793e+00 2.694972991943359375e+00
3.884624000000000077e+00 2.684623718261718750e+00
3.889565000000000161e+00 2.679449081420898438e+00
3.894455999999999918e+00 2.684623718261718750e+00
3.897974000000000050e+00 2.684623718261718750e+00
3.901569999999999983e+00 2.684623718261718750e+00
3.906391999999999864e+00 2.684623718261718750e+00
3.909994000000000192e+00 2.684623718261718750e+00
3.913600000000000190e+00 2.684623718261718750e+00
3.918568000000000051e+00 2.684623718261718750e+00
3.923471000000000153e+00 2.684623718261718750e+00
3.928462000000000121e+00 2.689798355102539062e+00
3.931977999999999973e+00 2.689798355102539062e+00
3.936897000000000091e+00 2.694972991943359375e+00
3.940558999999999923e+00 2.694972991943359375e+00
3.945409000000000166e+00 2.694972991943359375e+00
3.950378999999999863e+00 2.694972991943359375e+00
3.955268999999999924e+00 2.694972991943359375e+00
3.960183999999999926e+00 2.694972991943359375e+00
3.965101999999999904e+00 2.694972991943359375e+00
3.970028000000000112e+00 2.694972991943359375e+00
3.974931000000000214e+00 2.689798355102539062e+00
3.979880999999999780e+00 2.689798355102539062e+00
3.984821000000000168e+00 2.684623718261718750e+00
3.994403999999999844e+00 2.679449081420898438e+00
3.999337000000000142e+00 2.684623718261718750e+00
4.004272000000000276e+00 2.684623718261718750e+00
4.009244999999999948e+00 2.689798355102539062e+00
4.012787000000000326e+00 2.684623718261718750e+00
4.017667000000000321e+00 2.684623718261718750e+00
4.022605999999999682e+00 2.684623718261718750e+00
4.026188999999999574e+00 2.684623718261718750e+00
4.031132999999999633e+00 2.689798355102539062e+00
4.036082999999999643e+00 2.689798355102539062e+00
4.039738999999999969e+00 2.694972991943359375e+00
4.044633000000000145e+00 2.694972991943359375e+00
4.048173000000000243e+00 2.689798355102539062e+00
4.053088999999999942e+00 2.689798355102539062e+00
4.058106000000000435e+00 2.689798355102539062e+00
4.063098000000000098e+00 2.689798355102539062e+00
4.068100000000000271e+00 2.689798355102539062e+00
4.073044000000000331e+00 2.689798355102539062e+00
4.078035999999999994e+00 2.694972991943359375e+00
4.083002999999999716e+00 2.689798355102539062e+00
4.088001000000000218e+00 2.684623718261718750e+00
4.092963000000000129e+00 2.684623718261718750e+00
4.097995000000000054e+00 2.689798355102539062e+00
4.106672999999999796e+00 2.684623718261718750e+00
4.111801999999999957e+00 2.689798355102539062e+00
4.116765000000000008e+00 2.684623718261718750e+00
4.121793000000000262e+00 2.684623718261718750e+00
4.125404999999999767e+00 2.689798355102539062e+00
4.129002999999999979e+00 2.684623718261718750e+00
4.133909000000000056e+00 2.694972991943359375e+00
4.139075000000000060e+00 2.694972991943359375e+00
4.144277999999999906e+00 2.689798355102539062e+00
4.149405999999999928e+00 2.689798355102539062e+00
4.153920000000000279e+00 2.689798355102539062e+00
4.159135000000000026e+00 2.689798355102539062e+00
4.163772999999999946e+00 2.694972991943359375e+00
4.167359000000000258e+00 2.689798355102539062e+00
4.172551999999999595e+00 2.689798355102539062e+00
4.177579999999999849e+00 2.694972991943359375e+00
4.182604999999999684e+00 2.689798355102539062e+00
4.187593999999999816e+00 2.689798355102539062e+00
4.191203999999999930e+00 2.689798355102539062e+00
4.196132999999999669e+00 2.689798355102539062e+00
4.201220000000000176e+00 2.689798355102539062e+00
4.204763999999999946e+00 2.684623718261718750e+00
4.209712999999999816e+00 2.689798355102539062e+00
4.214713999999999849e+00 2.684623718261718750e+00
4.220123000000000069e+00 2.684623718261718750e+00
4.231451999999999991e+00 2.684623718261718750e+00
4.236437999999999704e+00 2.689798355102539062e+00
4.241570000000000285e+00 2.689798355102539062e+00
4.246767000000000181e+00 2.689798355102539062e+00
4.251832000000000278e+00 2.689798355102539062e+00
4.256846000000000352e+00 2.689798355102539062e+00
4.261894999999999989e+00 2.689798355102539062e+00
4.265558000000000405e+00 2.694972991943359375e+00
4.269795000000000229e+00 2.694972991943359375e+00
4.276087000000000415e+00 2.694972991943359375e+00
4.282429999999999737e+00 2.694972991943359375e+00
4.288795999999999609e+00 2.684623718261718750e+00
4.295073999999999614e+00 2.689798355102539062e+00
4.301440000000000374e+00 2.689798355102539062e+00
4.307743000000000322e+00 2.679449081420898438e+00
4.314125999999999905e+00 2.684623718261718750e+00
4.320424000000000042e+00 2.684623718261718750e+00
4.326711000000000418e+00 2.684623718261718750e+00
4.333053999999999739e+00 2.684623718261718750e+00
4.339474000000000053e+00 2.689798355102539062e+00
4.353303999999999618e+00 2.694972991943359375e+00
4.359831999999999930e+00 2.694972991943359375e+00
4.366238000000000063e+00 2.694972991943359375e+00
4.372010000000000396e+00 2.694972991943359375e+00
4.381226999999999983e+00 2.689798355102539062e+00
4.391168999999999656e+00 2.679449081420898438e+00
4.401830999999999605e+00 2.684623718261718750e+00
4.417315999999999576e+00 2.684623718261718750e+00
4.433124000000000287e+00 2.684623718261718750e+00
4.443577000000000332e+00 2.694972991943359375e+00
4.448978000000000321e+00 2.694972991943359375e+00
4.454137000000000235e+00 2.694972991943359375e+00
4.459388999999999825e+00 2.694972991943359375e+00
4.464516999999999847e+00 2.689798355102539062e+00
4.473050999999999888e+00 2.689798355102539062e+00
4.478479000000000099e+00 2.694972991943359375e+00
4.483609999999999651e+00 2.689798355102539062e+00
4.488771999999999984e+00 2.679449081420898438e+00
4.493870000000000253e+00 2.684623718261718750e+00
4.499064999999999870e+00 2.679449081420898438e+00
4.504196000000000311e+00 2.679449081420898438e+00
4.509380000000000166e+00 2.679449081420898438e+00
4.514510999999999719e+00 2.684623718261718750e+00
4.518152999999999864e+00 2.689798355102539062e+00
4.521745000000000125e+00 2.689798355102539062e+00
4.525342000000000198e+00 2.689798355102539062e+00
4.528947999999999752e+00 2.689798355102539062e+00
4.532543999999999684e+00 2.689798355102539062e+00
4.536145000000000316e+00 2.694972991943359375e+00
4.541284000000000098e+00 2.694972991943359375e+00
4.546406000000000169e+00 2.694972991943359375e+00
4.550359000000000265e+00 2.694972991943359375e+00
4.555566999999999922e+00 2.689798355102539062e+00
4.559414000000000300e+00 2.689798355102539062e+00
4.563163000000000302e+00 2.689798355102539062e+00
4.568519000000000219e+00 2.689798355102539062e+00
4.573286999999999658e+00 2.689798355102539062e+00
4.577041000000000359e+00 2.689798355102539062e+00
4.582230000000000025e+00 2.689798355102539062e+00
4.591047999999999796e+00 2.679449081420898438e+00
4.596370000000000289e+00 2.684623718261718750e+00
4.601626999999999690e+00 2.689798355102539062e+00
4.606796000000000113e+00 2.684623718261718750e+00
4.612001000000000239e+00 2.684623718261718750e+00
4.617187999999999626e+00 2.689798355102539062e+00
4.622430999999999734e+00 2.684623718261718750e+00
4.627601000000000298e+00 2.684623718261718750e+00
4.632807999999999815e+00 2.689798355102539062e+00
4.638067000000000384e+00 2.689798355102539062e+00
4.641757000000000133e+00 2.694972991943359375e+00
4.645355000000000345e+00 2.689798355102539062e+00
4.650578000000000323e+00 2.689798355102539062e+00
4.655937999999999910e+00 2.689798355102539062e+00
4.661184000000000438e+00 2.694972991943359375e+00
4.666374000000000244e+00 2.689798355102539062e+00
4.671598999999999613e+00 2.689798355102539062e+00
4.676801000000000208e+00 2.694972991943359375e+00
4.682051999999999659e+00 2.689798355102539062e+00
4.687257999999999925e+00 2.689798355102539062e+00
4.690959999999999575e+00 2.684623718261718750e+00
4.694556000000000395e+00 2.689798355102539062e+00
4.703092999999999968e+00 2.684623718261718750e+00
4.708591000000000193e+00 2.684623718261718750e+00
4.713837999999999973e+00 2.684623718261718750e+00
4.719135999999999775e+00 2.684623718261718750e+00
4.724387000000000114e+00 2.679449081420898438e+00
4.729661000000000115e+00 2.684623718261718750e+00
4.734887999999999764e+00 2.689798355102539062e+00
4.740141000000000382e+00 2.689798355102539062e+00
4.745410999999999824e+00 2.689798355102539062e+00
4.749163000000000245e+00 2.689798355102539062e+00
4.754393999999999565e+00 2.689798355102539062e+00
4.759672000000000125e+00 2.689798355102539062e+00
4.764931999999999945e+00 2.694972991943359375e+00
4.770202000000000275e+00 2.694972991943359375e+00
4.775432999999999595e+00 2.694972991943359375e+00
4.780688999999999744e+00 2.694972991943359375e+00
4.785936000000000412e+00 2.684623718261718750e+00
4.791216000000000363e+00 2.684623718261718750e+00
4.796446000000000431e+00 2.689798355102539062e+00
4.801746999999999765e+00 2.684623718261718750e+00
4.806989999999999874e+00 2.684623718261718750e+00
4.812230999999999703e+00 2.684623718261718750e+00
4.820884999999999643e+00 2.684623718261718750e+00
4.826382999999999868e+00 2.684623718261718750e+00
4.830213999999999785e+00 2.684623718261718750e+00
4.835391000000000439e+00 2.689798355102539062e+00
4.840715999999999575e+00 2.689798355102539062e+00
4.845952999999999733e+00 2.694972991943359375e+00
4.851300000000000168e+00 2.694972991943359375e+00
4.856682000000000166e+00 2.694972991943359375e+00
4.862002999999999631e+00 2.694972991943359375e+00
4.867252999999999830e+00 2.694972991943359375e+00
4.872602999999999795e+00 2.689798355102539062e+00
4.877894000000000396e+00 2.689798355102539062e+00
4.881560000000000343e+00 2.689798355102539062e+00
4.886764000000000330e+00 2.689798355102539062e+00
4.892108999999999597e+00 2.679449081420898438e+00
4.897375000000000256e+00 2.684623718261718750e+00
4.902665999999999968e+00 2.684623718261718750e+00
4.907989999999999853e+00 2.679449081420898438e+00
4.911776999999999838e+00 2.684623718261718750e+00
4.917037999999999798e+00 2.679449081420898438e+00
4.922317999999999749e+00 2.679449081420898438e+00
4.927575000000000038e+00 2.679449081420898438e+00
4.932915000000000383e+00 2.684623718261718750e+00
4.941812999999999789e+00 2.694972991943359375e+00
4.947231999999999630e+00 2.694972991943359375e+00
4.952681000000000111e+00 2.694972991943359375e+00
4.956555999999999962e+00 2.694972991943359375e+00
4.961883000000000266e+00 2.694972991943359375e+00
4.967160999999999937e+00 2.694972991943359375e+00
4.972508999999999624e+00 2.694972991943359375e+00
4.977791999999999994e+00 2.689798355102539062e+00
4.983146999999999771e+00 2.684623718261718750e+00
4.988571999999999562e+00 2.679449081420898438e+00
4.993862000000000023e+00 2.679449081420898438e+00
4.999227999999999561e+00 2.684623718261718750e+00
5.004565999999999626e+00 2.684623718261718750e+00
5.009888000000000119e+00 2.679449081420898438e+00
5.015215000000000423e+00 2.684623718261718750e+00
5.018942000000000014e+00 2.684623718261718750e+00
5.024207999999999785e+00 2.684623718261718750e+00
5.029541000000000039e+00 2.684623718261718750e+00
5.034843999999999653e+00 2.694972991943359375e+00
5.038629000000000246e+00 2.694972991943359375e+00
5.042356999999999978e+00 2.694972991943359375e+00
5.047604999999999897e+00 2.694972991943359375e+00
5.056619000000000419e+00 2.689798355102539062e+00
5.062199999999999811e+00 2.689798355102539062e+00
5.065949999999999953e+00 2.689798355102539062e+00
5.071308000000000149e+00 2.689798355102539062e+00
5.076652000000000164e+00 2.689798355102539062e+00
5.082042000000000392e+00 2.689798355102539062e+00
5.087382999999999988e+00 2.684623718261718750e+00
5.092852999999999852e+00 2.684623718261718750e+00
5.098264999999999603e+00 2.684623718261718750e+00
5.103607000000000227e+00 2.684623718261718750e+00
5.109054999999999680e+00 2.684623718261718750e+00
5.114398999999999695e+00 2.684623718261718750e+00
5.119768999999999792e+00 2.684623718261718750e+00
5.125110000000000277e+00 2.689798355102539062e+00
5.130497000000000085e+00 2.684623718261718750e+00
5.135848000000000191e+00 2.694972991943359375e+00
5.141267000000000031e+00 2.689798355102539062e+00
5.146633999999999709e+00 2.694972991943359375e+00
5.152072999999999681e+00 2.694972991943359375e+00
5.157428999999999597e+00 2.689798355102539062e+00
5.163059999999999761e+00 2.689798355102539062e+00
5.171829999999999927e+00 2.689798355102539062e+00
5.177494000000000263e+00 2.689798355102539062e+00
5.182998999999999690e+00 2.689798355102539062e+00
5.186768999999999963e+00 2.689798355102539062e+00
5.192118999999999929e+00 2.689798355102539062e+00
5.197535000000000238e+00 2.689798355102539062e+00
5.202963999999999700e+00 2.684623718261718750e+00
5.208426000000000222e+00 2.684623718261718750e+00
5.213808000000000220e+00 2.684623718261718750e+00
5.219299000000000355e+00 2.684623718261718750e+00
5.224694999999999645e+00 2.684623718261718750e+00
5.230114999999999625e+00 2.684623718261718750e+00
5.235501000000000182e+00 2.689798355102539062e+00
5.239378999999999564e+00 2.689798355102539062e+00
5.244701000000000057e+00 2.689798355102539062e+00
5.250126999999999988e+00 2.689798355102539062e+00
5.255563000000000429e+00 2.689798355102539062e+00
5.261120000000000019e+00 2.689798355102539062e+00
5.266562000000000410e+00 2.689798355102539062e+00
5.272021999999999764e+00 2.694972991943359375e+00
5.277435999999999794e+00 2.694972991943359375e+00
5.282932999999999879e+00 2.694972991943359375e+00
5.291784999999999961e+00 2.689798355102539062e+00
5.297443999999999598e+00 2.689798355102539062e+00
5.302957000000000143e+00 2.689798355102539062e+00
5.308422000000000196e+00 2.684623718261718750e+00
5.313886000000000109e+00 2.684623718261718750e+00
5.319383000000000195e+00 2.684623718261718750e+00
5.323179999999999801e+00 2.684623718261718750e+00
5.328593999999999831e+00 2.679449081420898438e+00
5.334185999999999872e+00 2.689798355102539062e+00
5.337977999999999668e+00 2.689798355102539062e+00
5.343353999999999715e+00 2.689798355102539062e+00
5.347165999999999642e+00 2.689798355102539062e+00
5.352637999999999785e+00 2.694972991943359375e+00
5.358139000000000429e+00 2.689798355102539062e+00
5.363705999999999641e+00 2.694972991943359375e+00
5.369222999999999857e+00 2.694972991943359375e+00
5.374705999999999761e+00 2.694972991943359375e+00
5.382515999999999856e+00 2.689798355102539062e+00
5.394763000000000197e+00 2.689798355102539062e+00
5.402789000000000286e+00 2.684623718261718750e+00
5.410211999999999577e+00 2.684623718261718750e+00
5.429617999999999611e+00 2.684623718261718750e+00
5.443274999999999864e+00 2.689798355102539062e+00
5.457631000000000121e+00 2.689798355102539062e+00
5.462487999999999566e+00 2.694972991943359375e+00
5.466400000000000148e+00 2.694972991943359375e+00
5.472116999999999898e+00 2.689798355102539062e+00
5.476976999999999762e+00 2.689798355102539062e+00
5.481049999999999756e+00 2.689798355102539062e+00
5.486684000000000339e+00 2.684623718261718750e+00
5.491474000000000188e+00 2.684623718261718750e+00
5.495368000000000031e+00 2.684623718261718750e+00
5.501122999999999763e+00 2.684623718261718750e+00
5.505983999999999767e+00 2.679449081420898438e+00
5.510048000000000279e+00 2.684623718261718750e+00
5.513954000000000022e+00 2.684623718261718750e+00
5.519675000000000331e+00 2.684623718261718750e+00
5.524525999999999826e+00 2.684623718261718750e+00
5.530254000000000225e+00 2.689798355102539062e+00
5.535108000000000139e+00 2.694972991943359375e+00
5.539170999999999623e+00 2.694972991943359375e+00
5.544865999999999850e+00 2.694972991943359375e+00
5.549733999999999945e+00 2.694972991943359375e+00
5.555438999999999794e+00 2.689798355102539062e+00
5.566310999999999787e+00 2.694972991943359375e+00
5.572213999999999778e+00 2.689798355102539062e+00
5.577022999999999620e+00 2.694972991943359375e+00
5.582730999999999888e+00 2.689798355102539062e+00
5.588414000000000215e+00 2.684623718261718750e+00
5.594025000000000247e+00 2.684623718261718750e+00
5.599675999999999654e+00 2.679449081420898438e+00
5.605265000000000164e+00 2.684623718261718750e+00
5.610975999999999964e+00 2.689798355102539062e+00
5.616583999999999577e+00 2.689798355102539062e+00
5.622237000000000151e+00 2.684623718261718750e+00
5.627828000000000053e+00 2.689798355102539062e+00
5.633441000000000365e+00 2.689798355102539062e+00
5.639083000000000290e+00 2.689798355102539062e+00
5.642961999999999811e+00 2.694972991943359375e+00
5.648577999999999655e+00 2.694972991943359375e+00
5.654238000000000319e+00 2.689798355102539062e+00
5.659869999999999735e+00 2.689798355102539062e+00
5.665786999999999907e+00 2.689798355102539062e+00
5.671624000000000443e+00 2.689798355102539062e+00
5.680761000000000394e+00 2.689798355102539062e+00
5.686720000000000219e+00 2.684623718261718750e+00
5.692419000000000118e+00 2.684623718261718750e+00
5.698121999999999687e+00 2.684623718261718750e+00
5.703762000000000221e+00 2.684623718261718750e+00
5.709492000000000012e+00 2.684623718261718750e+00
5.715094999999999814e+00 2.689798355102539062e+00
5.720778000000000141e+00 2.684623718261718750e+00
5.726409000000000304e+00 2.684623718261718750e+00
5.732122999999999635e+00 2.684623718261718750e+00
5.737732000000000276e+00 2.694972991943359375e+00
5.743368000000000251e+00 2.689798355102539062e+00
5.749115999999999893e+00 2.689798355102539062e+00
5.752969000000000221e+00 2.689798355102539062e+00
5.758594999999999686e+00 2.689798355102539062e+00
5.764237999999999751e+00 2.689798355102539062e+00
5.770236999999999838e+00 2.689798355102539062e+00
5.775871000000000421e+00 2.694972991943359375e+00
5.782544999999999824e+00 2.694972991943359375e+00
5.787223000000000006e+00 2.684623718261718750e+00
5.800201000000000384e+00 2.684623718261718750e+00
5.807933000000000234e+00 2.684623718261718750e+00
5.815100000000000158e+00 2.689798355102539062e+00
5.822320999999999636e+00 2.679449081420898438e+00
5.829602000000000395e+00 2.684623718261718750e+00
5.836866999999999805e+00 2.689798355102539062e+00
5.844106000000000023e+00 2.689798355102539062e+00
5.851277999999999757e+00 2.694972991943359375e+00
5.858533999999999686e+00 2.689798355102539062e+00
5.865718000000000210e+00 2.689798355102539062e+00
5.873033000000000392e+00 2.689798355102539062e+00
5.880207999999999657e+00 2.694972991943359375e+00
5.884159000000000361e+00 2.689798355102539062e+00
5.889796999999999727e+00 2.684623718261718750e+00
5.895470999999999684e+00 2.684623718261718750e+00
5.901188999999999574e+00 2.684623718261718750e+00
5.906871999999999900e+00 2.679449081420898438e+00
5.916184000000000331e+00 2.684623718261718750e+00
5.922166999999999959e+00 2.679449081420898438e+00
5.927900000000000169e+00 2.679449081420898438e+00
5.933595000000000397e+00 2.684623718261718750e+00
5.939340999999999759e+00 2.689798355102539062e+00
5.945020000000000415e+00 2.694972991943359375e+00
5.950763000000000247e+00 2.694972991943359375e+00
5.956475000000000186e+00 2.694972991943359375e+00
5.962259000000000420e+00 2.694972991943359375e+00
5.968010999999999733e+00 2.694972991943359375e+00
5.973736999999999853e+00 2.694972991943359375e+00
5.979500999999999955e+00 2.694972991943359375e+00
5.985257999999999967e+00 2.684623718261718750e+00
5.991017000000000259e+00 2.679449081420898438e+00
5.996754000000000140e+00 2.684623718261718750e+00
6.002532999999999674e+00 2.679449081420898438e+00
6.008347999999999800e+00 2.674274444580078125e+00
6.014071000000000389e+00 2.684623718261718750e+00
6.017922000000000438e+00 2.684623718261718750e+00
6.023532999999999582e+00 2.679449081420898438e+00
6.033131000000000022e+00 2.689798355102539062e+00
6.039251000000000147e+00 2.694972991943359375e+00
6.044933000000000334e+00 2.694972991943359375e+00
6.050711999999999868e+00 2.694972991943359375e+00
6.056466999999999601e+00 2.689798355102539062e+00
6.062312000000000367e+00 2.694972991943359375e+00
6.068088999999999622e+00 2.694972991943359375e+00
6.073864000000000374e+00 2.689798355102539062e+00
6.079711999999999783e+00 2.694972991943359375e+00
6.085459000000000174e+00 2.684623718261718750e+00
6.091285000000000061e+00 2.684623718261718750e+00
6.097023000000000081e+00 2.684623718261718750e+00
6.102897999999999712e+00 2.679449081420898438e+00
6.108691000000000315e+00 2.679449081420898438e+00
6.114419999999999966e+00 2.689798355102539062e+00
6.120157999999999987e+00 2.689798355102539062e+00
6.125920999999999950e+00 2.684623718261718750e+00
6.131766999999999967e+00 2.689798355102539062e+00
6.137508999999999659e+00 2.689798355102539062e+00
6.147111999999999910e+00 2.694972991943359375e+00
6.153393000000000335e+00 2.694972991943359375e+00
6.159262000000000015e+00 2.689798355102539062e+00
6.165060999999999680e+00 2.689798355102539062e+00
6.170923000000000158e+00 2.689798355102539062e+00
6.177073000000000036e+00 2.689798355102539062e+00
6.182906000000000013e+00 2.684623718261718750e+00
6.188786000000000342e+00 2.684623718261718750e+00
6.194524000000000363e+00 2.684623718261718750e+00
6.200368000000000102e+00 2.689798355102539062e+00
6.206171999999999578e+00 2.684623718261718750e+00
6.210160000000000124e+00 2.689798355102539062e+00
6.215927999999999898e+00 2.689798355102539062e+00
6.221867999999999732e+00 2.684623718261718750e+00
6.227647000000000155e+00 2.684623718261718750e+00
6.233454000000000050e+00 2.689798355102539062e+00
6.239358000000000182e+00 2.694972991943359375e+00
6.245165000000000077e+00 2.689798355102539062e+00
6.249164000000000385e+00 2.689798355102539062e+00
6.254978000000000371e+00 2.689798355102539062e+00
6.264517999999999809e+00 2.689798355102539062e+00
6.270851999999999649e+00 2.694972991943359375e+00
6.276749999999999829e+00 2.694972991943359375e+00
6.280694000000000443e+00 2.694972991943359375e+00
6.286507000000000289e+00 2.689798355102539062e+00
6.292415000000000092e+00 2.684623718261718750e+00
6.298332000000000264e+00 2.684623718261718750e+00
6.304208000000000034e+00 2.684623718261718750e+00
6.308212000000000153e+00 2.684623718261718750e+00
6.314026000000000138e+00 2.684623718261718750e+00
6.318018999999999608e+00 2.684623718261718750e+00
6.323819000000000301e+00 2.679449081420898438e+00
6.329665999999999570e+00 2.684623718261718750e+00
6.335542000000000229e+00 2.689798355102539062e+00
6.341406000000000098e+00 2.689798355102539062e+00
6.345380999999999716e+00 2.689798355102539062e+00
6.351223000000000063e+00 2.694972991943359375e+00
6.357127000000000194e+00 2.689798355102539062e+00
6.362999000000000294e+00 2.694972991943359375e+00
6.368854999999999933e+00 2.694972991943359375e+00
6.378689999999999749e+00 2.694972991943359375e+00
6.385378000000000220e+00 2.689798355102539062e+00
6.398075000000000401e+00 2.684623718261718750e+00
6.412749999999999950e+00 2.684623718261718750e+00
6.420588999999999658e+00 2.679449081420898438e+00
6.439681000000000211e+00 2.689798355102539062e+00
6.449809000000000125e+00 2.694972991943359375e+00
6.461015999999999870e+00 2.694972991943359375e+00
6.471429999999999794e+00 2.694972991943359375e+00
6.477236999999999689e+00 2.694972991943359375e+00
6.483253000000000377e+00 2.689798355102539062e+00
6.492576999999999821e+00 2.684623718261718750e+00
6.498778999999999861e+00 2.679449081420898438e+00
6.504582000000000086e+00 2.684623718261718750e+00
6.510424000000000433e+00 2.679449081420898438e+00
6.516271999999999842e+00 2.684623718261718750e+00
6.520351999999999926e+00 2.684623718261718750e+00
6.526126999999999789e+00 2.679449081420898438e+00
6.530158000000000129e+00 2.689798355102539062e+00
6.535993000000000386e+00 2.689798355102539062e+00
6.541907000000000139e+00 2.694972991943359375e+00
6.547736999999999696e+00 2.694972991943359375e+00
6.553584999999999994e+00 2.694972991943359375e+00
6.559524999999999828e+00 2.689798355102539062e+00
6.565363999999999756e+00 2.694972991943359375e+00
6.571251000000000175e+00 2.689798355102539062e+00
6.577092000000000382e+00 2.689798355102539062e+00
6.581163000000000096e+00 2.684623718261718750e+00
6.586975999999999942e+00 2.684623718261718750e+00
6.590950999999999560e+00 2.679449081420898438e+00
6.596757000000000204e+00 2.684623718261718750e+00
6.602726999999999791e+00 2.679449081420898438e+00
6.612046999999999564e+00 2.679449081420898438e+00
6.618303000000000047e+00 2.684623718261718750e+00
6.624176000000000286e+00 2.684623718261718750e+00
6.630023999999999695e+00 2.684623718261718750e+00
6.635914999999999786e+00 2.694972991943359375e+00
6.640024000000000370e+00 2.694972991943359375e+00
6.643958999999999726e+00 2.694972991943359375e+00
6.649793999999999983e+00 2.694972991943359375e+00
6.655706999999999596e+00 2.694972991943359375e+00
6.661647999999999570e+00 2.689798355102539062e+00
6.667512999999999579e+00 2.694972991943359375e+00
6.673435999999999702e+00 2.689798355102539062e+00
6.679407999999999568e+00 2.694972991943359375e+00
6.685512000000000121e+00 2.684623718261718750e+00
6.689491000000000298e+00 2.679449081420898438e+00
6.695325999999999667e+00 2.679449081420898438e+00
6.701283000000000101e+00 2.684623718261718750e+00
6.707169000000000381e+00 2.684623718261718750e+00
6.713110000000000355e+00 2.684623718261718750e+00
6.719063000000000230e+00 2.684623718261718750e+00
6.728564000000000433e+00 2.684623718261718750e+00
6.734772000000000425e+00 2.689798355102539062e+00
6.738826999999999678e+00 2.689798355102539062e+00
6.742759999999999643e+00 2.694972991943359375e+00
6.748693000000000275e+00 2.689798355102539062e+00
6.754592999999999847e+00 2.689798355102539062e+00
6.760496999999999979e+00 2.689798355102539062e+00
6.766384999999999650e+00 2.700147628784179688e+00
6.772382999999999598e+00 2.860559463500976562e+00
6.778367000000000253e+00 3.574653625488281250e+00
6.782389000000000223e+00 4.775158882141113281e+00
6.786586999999999925e+00 4.785508155822753906e+00
6.792558999999999791e+00 4.785508155822753906e+00
6.796554000000000428e+00 4.785508155822753906e+00
6.802487000000000172e+00 4.785508155822753906e+00
6.808461999999999570e+00 4.785508155822753906e+00
6.814403999999999684e+00 4.785508155822753906e+00
6.820362000000000258e+00 4.785508155822753906e+00
6.826289000000000051e+00 4.785508155822753906e+00
6.832254999999999967e+00 4.785508155822753906e+00
6.841718000000000188e+00 4.785508155822753906e+00
6.848003000000000284e+00 4.785508155822753906e+00
6.853968000000000060e+00 4.785508155822753906e+00
6.859945999999999877e+00 4.785508155822753906e+00
6.865937999999999874e+00 4.790682792663574219e+00
6.871970000000000134e+00 4.790682792663574219e+00
6.877960999999999991e+00 4.790682792663574219e+00
6.883935000000000137e+00 4.785508155822753906e+00
6.890170000000000350e+00 4.785508155822753906e+00
6.896139999999999937e+00 4.780333518981933594e+00
6.902175999999999867e+00 4.780333518981933594e+00
6.908206999999999987e+00 4.785508155822753906e+00
6.914780000000000371e+00 4.780333518981933594e+00
6.920772000000000368e+00 4.780333518981933594e+00
6.926725000000000243e+00 4.785508155822753906e+00
6.932769000000000403e+00 4.785508155822753906e+00
6.938824000000000325e+00 4.785508155822753906e+00
6.944802000000000142e+00 4.785508155822753906e+00
6.954730999999999774e+00 4.785508155822753906e+00
6.960912999999999684e+00 4.785508155822753906e+00
6.966927000000000092e+00 4.785508155822753906e+00
6.972961999999999883e+00 4.780333518981933594e+00
6.978998999999999953e+00 4.785508155822753906e+00
6.984995999999999761e+00 4.780333518981933594e+00
6.991145999999999638e+00 4.780333518981933594e+00
6.997118999999999645e+00 4.780333518981933594e+00
7.003165000000000084e+00 4.780333518981933594e+00
7.009269999999999889e+00 4.780333518981933594e+00
7.015286999999999829e+00 4.780333518981933594e+00
7.021359999999999602e+00 4.780333518981933594e+00
7.027352999999999739e+00 4.780333518981933594e+00
7.033456000000000152e+00 4.780333518981933594e+00
7.039545000000000385e+00 4.785508155822753906e+00
7.045544999999999725e+00 4.785508155822753906e+00
7.051636000000000237e+00 4.785508155822753906e+00
7.057650999999999897e+00 4.785508155822753906e+00
7.063742000000000409e+00 4.785508155822753906e+00
7.073197000000000401e+00 4.780333518981933594e+00
7.079585999999999935e+00 4.780333518981933594e+00
7.085605000000000153e+00 4.780333518981933594e+00
7.091808000000000334e+00 4.780333518981933594e+00
7.097914000000000279e+00 4.780333518981933594e+00
7.103931000000000218e+00 4.780333518981933594e+00
7.109969000000000428e+00 4.780333518981933594e+00
7.115992000000000317e+00 4.780333518981933594e+00
7.122131999999999685e+00 4.780333518981933594e+00
7.128224000000000338e+00 4.780333518981933594e+00
7.132368999999999737e+00 4.785508155822753906e+00
7.138404000000000416e+00 4.785508155822753906e+00
7.144481999999999999e+00 4.785508155822753906e+00
