1.150000000000000035e-04 2.638051986694335938e+00
3.917000000000000343e-03 2.638051986694335938e+00
7.383999999999999939e-03 2.638051986694335938e+00
1.068900000000000058e-02 2.638051986694335938e+00
1.416500000000000051e-02 2.632877349853515625e+00
1.745700000000000029e-02 2.632877349853515625e+00
2.076799999999999827e-02 2.632877349853515625e+00
2.406099999999999905e-02 2.632877349853515625e+00
2.735599999999999837e-02 2.638051986694335938e+00
3.081300000000000011e-02 2.632877349853515625e+00
3.410900000000000043e-02 2.632877349853515625e+00
3.754899999999999904e-02 2.632877349853515625e+00
4.101699999999999791e-02 2.632877349853515625e+00
4.430900000000000116e-02 2.632877349853515625e+00
4.791900000000000326e-02 2.632877349853515625e+00
5.135200000000000181e-02 2.632877349853515625e+00
5.464999999999999719e-02 2.632877349853515625e+00
5.794699999999999851e-02 2.632877349853515625e+00
6.140000000000000319e-02 2.638051986694335938e+00
6.469700000000000450e-02 2.638051986694335938e+00
6.814299999999999524e-02 2.638051986694335938e+00
7.159799999999999498e-02 2.632877349853515625e+00
7.489600000000000424e-02 2.632877349853515625e+00
7.835399999999999310e-02 2.638051986694335938e+00
8.686599999999999877e-02 2.638051986694335938e+00
9.036399999999999988e-02 2.638051986694335938e+00
9.377499999999999725e-02 2.638051986694335938e+00
9.706099999999999450e-02 2.638051986694335938e+00
1.004960000000000020e-01 2.643226623535156250e+00
1.039489999999999997e-01 2.638051986694335938e+00
1.074009999999999965e-01 2.643226623535156250e+00
1.107530000000000042e-01 2.638051986694335938e+00
1.142370000000000052e-01 2.632877349853515625e+00
1.178050000000000069e-01 2.638051986694335938e+00
1.212550000000000017e-01 2.632877349853515625e+00
1.245529999999999970e-01 2.632877349853515625e+00
1.280000000000000027e-01 2.632877349853515625e+00
1.313030000000000030e-01 2.632877349853515625e+00
1.347480000000000067e-01 2.632877349853515625e+00
1.380369999999999930e-01 2.632877349853515625e+00
1.415109999999999979e-01 2.632877349853515625e+00
1.449459999999999915e-01 2.632877349853515625e+00
1.483970000000000011e-01 2.632877349853515625e+00
1.517010000000000025e-01 2.632877349853515625e+00
1.551520000000000121e-01 2.627702713012695312e+00
1.585979999999999890e-01 2.632877349853515625e+00
1.618989999999999874e-01 2.638051986694335938e+00
1.653560000000000030e-01 2.638051986694335938e+00
1.688000000000000056e-01 2.638051986694335938e+00
1.720949999999999980e-01 2.638051986694335938e+00
1.755510000000000126e-01 2.638051986694335938e+00
1.790009999999999935e-01 2.638051986694335938e+00
1.822950000000000126e-01 2.638051986694335938e+00
1.857509999999999994e-01 2.638051986694335938e+00
1.896160000000000068e-01 2.643226623535156250e+00
1.975540000000000074e-01 2.643226623535156250e+00
2.010160000000000002e-01 2.643226623535156250e+00
2.043210000000000026e-01 2.638051986694335938e+00
2.077920000000000045e-01 2.643226623535156250e+00
2.112519999999999953e-01 2.638051986694335938e+00
2.147090000000000110e-01 2.632877349853515625e+00
2.181410000000000016e-01 2.638051986694335938e+00
2.216049999999999964e-01 2.632877349853515625e+00
2.248920000000000086e-01 2.632877349853515625e+00
2.283419999999999894e-01 2.632877349853515625e+00
2.317929999999999990e-01 2.632877349853515625e+00
2.351179999999999937e-01 2.632877349853515625e+00
2.385529999999999873e-01 2.627702713012695312e+00
2.420039999999999969e-01 2.632877349853515625e+00
2.452969999999999873e-01 2.632877349853515625e+00
2.487479999999999969e-01 2.627702713012695312e+00
2.521999999999999797e-01 2.632877349853515625e+00
2.554819999999999869e-01 2.627702713012695312e+00
2.589469999999999827e-01 2.632877349853515625e+00
2.624070000000000014e-01 2.638051986694335938e+00
2.656990000000000185e-01 2.638051986694335938e+00
2.691509999999999736e-01 2.643226623535156250e+00
2.726069999999999882e-01 2.638051986694335938e+00
2.758970000000000034e-01 2.643226623535156250e+00
2.793490000000000140e-01 2.643226623535156250e+00
2.828129999999999811e-01 2.643226623535156250e+00
2.861000000000000210e-01 2.643226623535156250e+00
2.895510000000000028e-01 2.638051986694335938e+00
2.931579999999999742e-01 2.643226623535156250e+00
2.967589999999999950e-01 2.638051986694335938e+00
3.000530000000000141e-01 2.643226623535156250e+00
3.037099999999999800e-01 2.643226623535156250e+00
3.112920000000000131e-01 2.632877349853515625e+00
3.147320000000000118e-01 2.632877349853515625e+00
3.181860000000000244e-01 2.627702713012695312e+00
3.214850000000000207e-01 2.627702713012695312e+00
3.249290000000000234e-01 2.632877349853515625e+00
3.283809999999999785e-01 2.632877349853515625e+00
3.316740000000000244e-01 2.632877349853515625e+00
3.351350000000000162e-01 2.632877349853515625e+00
3.385819999999999941e-01 2.632877349853515625e+00
3.418800000000000172e-01 2.632877349853515625e+00
3.453319999999999723e-01 2.632877349853515625e+00
3.487779999999999769e-01 2.632877349853515625e+00
3.520730000000000248e-01 2.632877349853515625e+00
3.555220000000000047e-01 2.632877349853515625e+00
3.589740000000000153e-01 2.638051986694335938e+00
3.622759999999999869e-01 2.638051986694335938e+00
3.657259999999999955e-01 2.638051986694335938e+00
3.691679999999999962e-01 2.643226623535156250e+00
3.724759999999999738e-01 2.638051986694335938e+00
3.759179999999999744e-01 2.643226623535156250e+00
3.793719999999999870e-01 2.643226623535156250e+00
3.828190000000000204e-01 2.638051986694335938e+00
3.861160000000000148e-01 2.643226623535156250e+00
3.895710000000000006e-01 2.638051986694335938e+00
3.931709999999999927e-01 2.638051986694335938e+00
3.964690000000000158e-01 2.638051986694335938e+00
3.998030000000000195e-01 2.638051986694335938e+00
4.034159999999999968e-01 2.638051986694335938e+00
4.068430000000000102e-01 2.638051986694335938e+00
4.101589999999999958e-01 2.638051986694335938e+00
4.134570000000000189e-01 2.632877349853515625e+00
4.212110000000000021e-01 2.632877349853515625e+00
4.246380000000000154e-01 2.632877349853515625e+00
4.279430000000000178e-01 2.632877349853515625e+00
4.313980000000000037e-01 2.632877349853515625e+00
4.346929999999999961e-01 2.632877349853515625e+00
4.381380000000000274e-01 2.632877349853515625e+00
4.415970000000000173e-01 2.632877349853515625e+00
4.448929999999999829e-01 2.632877349853515625e+00
4.483369999999999855e-01 2.632877349853515625e+00
4.517970000000000041e-01 2.638051986694335938e+00
4.615630000000000011e-01 2.632877349853515625e+00
4.763470000000000204e-01 2.643226623535156250e+00
4.935050000000000270e-01 2.638051986694335938e+00
5.020909999999999540e-01 2.638051986694335938e+00
5.135220000000000340e-01 2.627702713012695312e+00
5.169369999999999798e-01 2.632877349853515625e+00
5.204550000000000010e-01 2.632877349853515625e+00
5.237020000000000008e-01 2.632877349853515625e+00
5.271500000000000075e-01 2.632877349853515625e+00
5.355149999999999633e-01 2.632877349853515625e+00
5.389469999999999539e-01 2.632877349853515625e+00
5.422519999999999563e-01 2.632877349853515625e+00
5.455489999999999506e-01 2.638051986694335938e+00
5.490110000000000268e-01 2.638051986694335938e+00
5.523029999999999884e-01 2.638051986694335938e+00
5.557469999999999910e-01 2.632877349853515625e+00
5.592030000000000056e-01 2.638051986694335938e+00
5.625139999999999585e-01 2.643226623535156250e+00
5.659509999999999819e-01 2.638051986694335938e+00
5.692460000000000298e-01 2.638051986694335938e+00
5.725470000000000281e-01 2.638051986694335938e+00
5.760009999999999852e-01 2.638051986694335938e+00
5.792920000000000291e-01 2.638051986694335938e+00
5.827529999999999655e-01 2.638051986694335938e+00
5.862000000000000544e-01 2.632877349853515625e+00
5.895350000000000312e-01 2.632877349853515625e+00
5.929849999999999843e-01 2.643226623535156250e+00
5.962859999999999827e-01 2.638051986694335938e+00
5.997320000000000428e-01 2.638051986694335938e+00
6.031849999999999712e-01 2.643226623535156250e+00
6.064819999999999656e-01 2.643226623535156250e+00
6.099379999999999802e-01 2.638051986694335938e+00
6.134460000000000468e-01 2.638051986694335938e+00
6.169940000000000424e-01 2.632877349853515625e+00
6.203419999999999490e-01 2.638051986694335938e+00
6.237420000000000186e-01 2.632877349853515625e+00
6.271959999999999757e-01 2.638051986694335938e+00
6.305009999999999781e-01 2.638051986694335938e+00
6.339510000000000423e-01 2.632877349853515625e+00
6.373990000000000489e-01 2.632877349853515625e+00
6.454790000000000250e-01 2.632877349853515625e+00
6.488819999999999588e-01 2.632877349853515625e+00
6.523440000000000349e-01 2.632877349853515625e+00
6.557960000000000456e-01 2.627702713012695312e+00
6.590949999999999864e-01 2.632877349853515625e+00
6.625490000000000546e-01 2.638051986694335938e+00
6.660220000000000029e-01 2.643226623535156250e+00
6.692909999999999693e-01 2.638051986694335938e+00
6.727459999999999551e-01 2.638051986694335938e+00
6.762029999999999985e-01 2.638051986694335938e+00
6.794930000000000136e-01 2.643226623535156250e+00
6.829939999999999900e-01 2.643226623535156250e+00
6.862789999999999724e-01 2.643226623535156250e+00
6.897229999999999750e-01 2.643226623535156250e+00
6.931859999999999689e-01 2.643226623535156250e+00
6.964730000000000087e-01 2.643226623535156250e+00
6.999210000000000154e-01 2.643226623535156250e+00
7.033779999999999477e-01 2.648401260375976562e+00
7.066710000000000491e-01 2.643226623535156250e+00
7.101229999999999487e-01 2.643226623535156250e+00
7.137179999999999636e-01 2.638051986694335938e+00
7.171870000000000189e-01 2.638051986694335938e+00
7.205080000000000373e-01 2.638051986694335938e+00
7.239349999999999952e-01 2.632877349853515625e+00
7.273880000000000345e-01 2.638051986694335938e+00
7.306829999999999714e-01 2.638051986694335938e+00
7.341229999999999700e-01 2.632877349853515625e+00
7.375770000000000381e-01 2.632877349853515625e+00
7.408789999999999543e-01 2.632877349853515625e+00
7.441759999999999486e-01 2.632877349853515625e+00
7.474619999999999598e-01 2.632877349853515625e+00
7.507829999999999782e-01 2.632877349853515625e+00
7.585110000000000463e-01 2.632877349853515625e+00
7.619620000000000282e-01 2.638051986694335938e+00
7.652510000000000145e-01 2.638051986694335938e+00
7.686939999999999884e-01 2.643226623535156250e+00
7.721550000000000358e-01 2.643226623535156250e+00
7.754510000000000014e-01 2.643226623535156250e+00
7.787800000000000278e-01 2.643226623535156250e+00
7.820759999999999934e-01 2.643226623535156250e+00
7.855250000000000288e-01 2.648401260375976562e+00
7.889819999999999611e-01 2.643226623535156250e+00
7.922850000000000170e-01 2.648401260375976562e+00
7.957239999999999869e-01 2.643226623535156250e+00
7.991700000000000470e-01 2.643226623535156250e+00
8.024679999999999591e-01 2.648401260375976562e+00
8.059199999999999697e-01 2.643226623535156250e+00
8.093709999999999516e-01 2.643226623535156250e+00
8.126590000000000202e-01 2.638051986694335938e+00
8.159769999999999524e-01 2.632877349853515625e+00
8.192509999999999515e-01 2.632877349853515625e+00
8.225550000000000361e-01 2.632877349853515625e+00
8.258739999999999970e-01 2.632877349853515625e+00
8.292939999999999756e-01 2.632877349853515625e+00
8.327430000000000110e-01 2.632877349853515625e+00
8.361990000000000256e-01 2.632877349853515625e+00
8.394949999999999912e-01 2.632877349853515625e+00
8.429499999999999771e-01 2.632877349853515625e+00
8.462410000000000210e-01 2.632877349853515625e+00
8.495359999999999578e-01 2.632877349853515625e+00
8.528339999999999810e-01 2.632877349853515625e+00
8.561309999999999754e-01 2.632877349853515625e+00
8.595970000000000555e-01 2.638051986694335938e+00
8.631889999999999841e-01 2.643226623535156250e+00
8.714129999999999932e-01 2.643226623535156250e+00
8.748829999999999663e-01 2.643226623535156250e+00
8.783360000000000056e-01 2.648401260375976562e+00
8.817810000000000370e-01 2.648401260375976562e+00
8.850789999999999491e-01 2.648401260375976562e+00
8.885300000000000420e-01 2.643226623535156250e+00
8.919799999999999951e-01 2.643226623535156250e+00
8.952769999999999895e-01 2.643226623535156250e+00
8.987239999999999673e-01 2.643226623535156250e+00
9.021780000000000355e-01 2.638051986694335938e+00
9.054929999999999923e-01 2.638051986694335938e+00
9.089289999999999869e-01 2.638051986694335938e+00
9.123780000000000223e-01 2.638051986694335938e+00
9.156870000000000287e-01 2.632877349853515625e+00
9.191350000000000353e-01 2.632877349853515625e+00
9.225780000000000092e-01 2.632877349853515625e+00
9.258739999999999748e-01 2.632877349853515625e+00
9.291709999999999692e-01 2.632877349853515625e+00
9.324660000000000171e-01 2.632877349853515625e+00
9.357680000000000442e-01 2.632877349853515625e+00
9.390570000000000306e-01 2.632877349853515625e+00
9.425109999999999877e-01 2.638051986694335938e+00
9.459629999999999983e-01 2.638051986694335938e+00
9.492650000000000254e-01 2.632877349853515625e+00
9.526980000000000448e-01 2.638051986694335938e+00
9.561530000000000307e-01 2.638051986694335938e+00
9.594460000000000210e-01 2.638051986694335938e+00
9.628970000000000029e-01 2.648401260375976562e+00
9.663490000000000135e-01 2.648401260375976562e+00
9.696759999999999824e-01 2.648401260375976562e+00
9.731349999999999723e-01 2.648401260375976562e+00
9.765880000000000116e-01 2.648401260375976562e+00
9.849280000000000257e-01 2.643226623535156250e+00
9.883790000000000076e-01 2.638051986694335938e+00
9.916740000000000554e-01 2.643226623535156250e+00
9.951280000000000125e-01 2.643226623535156250e+00
9.985789999999999944e-01 2.638051986694335938e+00
1.001872000000000096e+00 2.643226623535156250e+00
1.006602999999999914e+00 2.638051986694335938e+00
1.010707000000000022e+00 2.638051986694335938e+00
1.014710000000000001e+00 2.632877349853515625e+00
1.018863000000000074e+00 2.632877349853515625e+00
1.023047999999999957e+00 2.632877349853515625e+00
1.027050000000000018e+00 2.638051986694335938e+00
1.031142999999999921e+00 2.638051986694335938e+00
1.035144000000000064e+00 2.638051986694335938e+00
1.039123999999999937e+00 2.638051986694335938e+00
1.043183999999999889e+00 2.638051986694335938e+00
1.047172999999999909e+00 2.638051986694335938e+00
1.051269999999999927e+00 2.638051986694335938e+00
1.055277000000000021e+00 2.632877349853515625e+00
1.059309000000000056e+00 2.638051986694335938e+00
1.063366999999999951e+00 2.643226623535156250e+00
1.067388000000000003e+00 2.643226623535156250e+00
1.071460000000000079e+00 2.648401260375976562e+00
1.075476000000000099e+00 2.648401260375976562e+00
1.079507999999999912e+00 2.648401260375976562e+00
1.083644000000000052e+00 2.643226623535156250e+00
1.087809000000000026e+00 2.643226623535156250e+00
1.091855000000000020e+00 2.638051986694335938e+00
1.103888999999999898e+00 2.643226623535156250e+00
1.109228000000000103e+00 2.643226623535156250e+00
1.113431000000000060e+00 2.638051986694335938e+00
1.117474999999999996e+00 2.638051986694335938e+00
1.121750000000000025e+00 2.638051986694335938e+00
1.125790999999999986e+00 2.638051986694335938e+00
1.129836000000000062e+00 2.643226623535156250e+00
1.133999999999999897e+00 2.638051986694335938e+00
1.138182000000000027e+00 2.638051986694335938e+00
1.142276000000000069e+00 2.638051986694335938e+00
1.146339999999999915e+00 2.638051986694335938e+00
1.150498999999999938e+00 2.638051986694335938e+00
1.154706000000000010e+00 2.632877349853515625e+00
1.158781999999999979e+00 2.632877349853515625e+00
1.162930000000000019e+00 2.643226623535156250e+00
1.167008000000000045e+00 2.643226623535156250e+00
1.171234000000000108e+00 2.638051986694335938e+00
1.175319000000000003e+00 2.643226623535156250e+00
1.179413000000000045e+00 2.643226623535156250e+00
1.183653999999999984e+00 2.643226623535156250e+00
1.187831999999999999e+00 2.643226623535156250e+00
1.191950999999999983e+00 2.643226623535156250e+00
1.196053999999999951e+00 2.648401260375976562e+00
1.200150999999999968e+00 2.648401260375976562e+00
1.204455000000000053e+00 2.648401260375976562e+00
1.208579999999999988e+00 2.643226623535156250e+00
1.212806000000000051e+00 2.638051986694335938e+00
1.217019999999999991e+00 2.638051986694335938e+00
1.226623000000000019e+00 2.643226623535156250e+00
1.231068999999999969e+00 2.643226623535156250e+00
1.235198000000000018e+00 2.638051986694335938e+00
1.239338999999999968e+00 2.632877349853515625e+00
1.243570000000000064e+00 2.638051986694335938e+00
1.247692999999999941e+00 2.632877349853515625e+00
1.251853000000000105e+00 2.638051986694335938e+00
1.255997999999999948e+00 2.632877349853515625e+00
1.260157999999999889e+00 2.638051986694335938e+00
1.264461000000000057e+00 2.643226623535156250e+00
1.268617000000000106e+00 2.643226623535156250e+00
1.272863999999999995e+00 2.643226623535156250e+00
1.277042999999999928e+00 2.648401260375976562e+00
1.281276999999999999e+00 2.648401260375976562e+00
1.285449999999999982e+00 2.648401260375976562e+00
1.289628999999999914e+00 2.643226623535156250e+00
1.293938999999999950e+00 2.648401260375976562e+00
1.298119000000000023e+00 2.648401260375976562e+00
1.302326000000000095e+00 2.648401260375976562e+00
1.306519999999999904e+00 2.648401260375976562e+00
1.310799000000000047e+00 2.648401260375976562e+00
1.314986999999999906e+00 2.638051986694335938e+00
1.319171000000000094e+00 2.638051986694335938e+00
1.323436000000000057e+00 2.632877349853515625e+00
1.327795000000000059e+00 2.638051986694335938e+00
1.332125999999999921e+00 2.638051986694335938e+00
1.336767999999999956e+00 2.632877349853515625e+00
1.347695000000000087e+00 2.632877349853515625e+00
1.352063999999999933e+00 2.638051986694335938e+00
1.356300000000000061e+00 2.632877349853515625e+00
1.360598999999999892e+00 2.638051986694335938e+00
1.364843999999999946e+00 2.643226623535156250e+00
1.369107000000000074e+00 2.648401260375976562e+00
1.373445999999999945e+00 2.648401260375976562e+00
1.377704000000000040e+00 2.648401260375976562e+00
1.381979000000000068e+00 2.648401260375976562e+00
1.386252999999999957e+00 2.648401260375976562e+00
1.390603999999999951e+00 2.643226623535156250e+00
1.394875000000000087e+00 2.653575897216796875e+00
1.399143999999999943e+00 2.653575897216796875e+00
1.403535999999999895e+00 2.648401260375976562e+00
1.407807000000000031e+00 2.643226623535156250e+00
1.412085999999999952e+00 2.638051986694335938e+00
1.416358999999999924e+00 2.638051986694335938e+00
1.419624999999999915e+00 2.632877349853515625e+00
1.424061000000000021e+00 2.632877349853515625e+00
1.428344999999999976e+00 2.632877349853515625e+00
1.432873000000000063e+00 2.638051986694335938e+00
1.437211000000000016e+00 2.638051986694335938e+00
1.441513000000000044e+00 2.638051986694335938e+00
1.445813999999999933e+00 2.638051986694335938e+00
1.450109000000000092e+00 2.638051986694335938e+00
1.454580999999999902e+00 2.638051986694335938e+00
1.465233999999999925e+00 2.648401260375976562e+00
1.473151000000000099e+00 2.648401260375976562e+00
1.488455000000000084e+00 2.648401260375976562e+00
1.495405000000000095e+00 2.643226623535156250e+00
1.503263999999999934e+00 2.643226623535156250e+00
1.518777999999999961e+00 2.638051986694335938e+00
1.529886999999999997e+00 2.638051986694335938e+00
1.548548000000000036e+00 2.643226623535156250e+00
1.553209999999999980e+00 2.638051986694335938e+00
1.557631999999999906e+00 2.638051986694335938e+00
1.562070999999999987e+00 2.643226623535156250e+00
1.566491000000000078e+00 2.648401260375976562e+00
1.570996999999999977e+00 2.648401260375976562e+00
1.575725000000000042e+00 2.643226623535156250e+00
1.584656000000000065e+00 2.643226623535156250e+00
1.589177999999999980e+00 2.643226623535156250e+00
1.593720000000000026e+00 2.643226623535156250e+00
1.598160999999999943e+00 2.643226623535156250e+00
1.602713999999999972e+00 2.648401260375976562e+00
1.607161000000000062e+00 2.648401260375976562e+00
1.611641000000000101e+00 2.643226623535156250e+00
1.616106000000000043e+00 2.638051986694335938e+00
1.619451999999999892e+00 2.643226623535156250e+00
1.624047000000000018e+00 2.638051986694335938e+00
1.628530999999999951e+00 2.643226623535156250e+00
1.633231000000000099e+00 2.643226623535156250e+00
1.637755999999999990e+00 2.643226623535156250e+00
1.642252000000000045e+00 2.638051986694335938e+00
1.646743999999999986e+00 2.643226623535156250e+00
1.651329000000000047e+00 2.638051986694335938e+00
1.655813999999999897e+00 2.638051986694335938e+00
1.660427000000000097e+00 2.638051986694335938e+00
1.664943000000000062e+00 2.643226623535156250e+00
1.669438999999999895e+00 2.643226623535156250e+00
1.674045999999999923e+00 2.643226623535156250e+00
1.678541999999999978e+00 2.648401260375976562e+00
1.683137000000000105e+00 2.648401260375976562e+00
1.687739000000000100e+00 2.643226623535156250e+00
1.697704000000000102e+00 2.648401260375976562e+00
1.702752000000000043e+00 2.648401260375976562e+00
1.707389999999999963e+00 2.648401260375976562e+00
1.711924000000000001e+00 2.648401260375976562e+00
1.716460000000000097e+00 2.643226623535156250e+00
1.721081000000000083e+00 2.643226623535156250e+00
1.725626000000000104e+00 2.638051986694335938e+00
1.730245999999999951e+00 2.638051986694335938e+00
1.734378999999999893e+00 2.643226623535156250e+00
1.738259999999999916e+00 2.632877349853515625e+00
1.742142000000000079e+00 2.638051986694335938e+00
1.745986000000000038e+00 2.638051986694335938e+00
1.749832999999999972e+00 2.632877349853515625e+00
1.753700000000000037e+00 2.638051986694335938e+00
1.757571999999999912e+00 2.632877349853515625e+00
1.761441999999999952e+00 2.643226623535156250e+00
1.765309999999999935e+00 2.643226623535156250e+00
1.769166999999999934e+00 2.648401260375976562e+00
1.773106999999999989e+00 2.643226623535156250e+00
1.776953999999999922e+00 2.643226623535156250e+00
1.780872000000000011e+00 2.648401260375976562e+00
1.784726999999999952e+00 2.648401260375976562e+00
1.788605999999999918e+00 2.648401260375976562e+00
1.792529999999999957e+00 2.648401260375976562e+00
1.796388000000000096e+00 2.648401260375976562e+00
1.800305000000000044e+00 2.648401260375976562e+00
1.807690999999999937e+00 2.648401260375976562e+00
1.811936999999999909e+00 2.643226623535156250e+00
1.814958000000000071e+00 2.643226623535156250e+00
1.818761999999999990e+00 2.643226623535156250e+00
1.822734000000000076e+00 2.638051986694335938e+00
1.825768999999999975e+00 2.638051986694335938e+00
1.829590000000000050e+00 2.638051986694335938e+00
1.833504999999999940e+00 2.638051986694335938e+00
1.837412999999999963e+00 2.638051986694335938e+00
1.841588999999999920e+00 2.632877349853515625e+00
1.845477000000000034e+00 2.638051986694335938e+00
1.849371000000000098e+00 2.638051986694335938e+00
1.853258000000000072e+00 2.638051986694335938e+00
1.857167999999999930e+00 2.632877349853515625e+00
1.861113999999999935e+00 2.643226623535156250e+00
1.865011999999999892e+00 2.648401260375976562e+00
1.868954000000000004e+00 2.648401260375976562e+00
1.872929000000000066e+00 2.648401260375976562e+00
1.876838000000000006e+00 2.648401260375976562e+00
1.880799000000000110e+00 2.648401260375976562e+00
1.884700000000000042e+00 2.648401260375976562e+00
1.888581000000000065e+00 2.648401260375976562e+00
1.892573000000000061e+00 2.648401260375976562e+00
1.896493999999999902e+00 2.648401260375976562e+00
1.900481000000000087e+00 2.648401260375976562e+00
1.904416000000000109e+00 2.648401260375976562e+00
1.908331000000000000e+00 2.643226623535156250e+00
1.912328999999999946e+00 2.643226623535156250e+00
1.920110999999999901e+00 2.638051986694335938e+00
1.924188000000000009e+00 2.632877349853515625e+00
1.928118999999999916e+00 2.638051986694335938e+00
1.931172000000000111e+00 2.632877349853515625e+00
1.935048000000000101e+00 2.638051986694335938e+00
1.939009999999999900e+00 2.638051986694335938e+00
1.943303999999999920e+00 2.638051986694335938e+00
1.947251000000000065e+00 2.638051986694335938e+00
1.951203000000000021e+00 2.643226623535156250e+00
1.955162000000000067e+00 2.643226623535156250e+00
1.959146999999999972e+00 2.638051986694335938e+00
1.963162000000000074e+00 2.648401260375976562e+00
1.967114999999999947e+00 2.648401260375976562e+00
1.971144000000000007e+00 2.648401260375976562e+00
1.975101999999999913e+00 2.648401260375976562e+00
1.979070000000000107e+00 2.648401260375976562e+00
1.982156000000000029e+00 2.648401260375976562e+00
1.986078000000000010e+00 2.648401260375976562e+00
1.990051999999999932e+00 2.643226623535156250e+00
1.994088000000000083e+00 2.648401260375976562e+00
1.998008999999999924e+00 2.643226623535156250e+00
2.002010999999999985e+00 2.643226623535156250e+00
2.005984999999999907e+00 2.643226623535156250e+00
2.009946999999999928e+00 2.643226623535156250e+00
2.013927999999999940e+00 2.638051986694335938e+00
2.017879000000000200e+00 2.638051986694335938e+00
2.021863999999999884e+00 2.632877349853515625e+00
2.026003000000000220e+00 2.632877349853515625e+00
2.034006000000000203e+00 2.638051986694335938e+00
2.037993999999999861e+00 2.638051986694335938e+00
2.042051999999999978e+00 2.638051986694335938e+00
2.046332000000000040e+00 2.643226623535156250e+00
2.050368999999999886e+00 2.643226623535156250e+00
2.054384999999999906e+00 2.643226623535156250e+00
2.058377000000000123e+00 2.638051986694335938e+00
2.062498999999999860e+00 2.648401260375976562e+00
2.065596000000000210e+00 2.648401260375976562e+00
2.069554999999999811e+00 2.648401260375976562e+00
2.075689999999999813e+00 2.648401260375976562e+00
2.079883000000000148e+00 2.648401260375976562e+00
2.083927000000000085e+00 2.648401260375976562e+00
2.087969000000000186e+00 2.643226623535156250e+00
2.092007000000000172e+00 2.643226623535156250e+00
2.096026999999999862e+00 2.643226623535156250e+00
2.100042000000000186e+00 2.643226623535156250e+00
2.104103999999999974e+00 2.643226623535156250e+00
2.108118000000000158e+00 2.643226623535156250e+00
2.111221000000000014e+00 2.643226623535156250e+00
2.115202000000000027e+00 2.638051986694335938e+00
2.119251999999999914e+00 2.638051986694335938e+00
2.122363000000000000e+00 2.638051986694335938e+00
2.126342000000000176e+00 2.638051986694335938e+00
2.130454999999999988e+00 2.638051986694335938e+00
2.134501999999999899e+00 2.643226623535156250e+00
2.138640000000000096e+00 2.638051986694335938e+00
2.145999000000000212e+00 2.643226623535156250e+00
2.150532000000000110e+00 2.638051986694335938e+00
2.154596000000000178e+00 2.643226623535156250e+00
2.158646000000000065e+00 2.638051986694335938e+00
2.162723000000000173e+00 2.648401260375976562e+00
2.166773000000000060e+00 2.643226623535156250e+00
2.170900000000000052e+00 2.648401260375976562e+00
2.174917999999999907e+00 2.643226623535156250e+00
2.178981999999999974e+00 2.643226623535156250e+00
2.182153000000000009e+00 2.648401260375976562e+00
2.185144000000000197e+00 2.648401260375976562e+00
2.189147000000000176e+00 2.643226623535156250e+00
2.193236000000000185e+00 2.648401260375976562e+00
2.197302999999999784e+00 2.643226623535156250e+00
2.200324999999999864e+00 2.648401260375976562e+00
2.204343000000000163e+00 2.648401260375976562e+00
2.208485000000000031e+00 2.648401260375976562e+00
2.212651999999999841e+00 2.643226623535156250e+00
2.216739000000000015e+00 2.638051986694335938e+00
2.220924999999999816e+00 2.638051986694335938e+00
2.225048000000000137e+00 2.638051986694335938e+00
2.228187999999999835e+00 2.643226623535156250e+00
2.232250000000000068e+00 2.643226623535156250e+00
2.236305999999999905e+00 2.643226623535156250e+00
2.240458999999999978e+00 2.638051986694335938e+00
2.244566999999999979e+00 2.638051986694335938e+00
2.248676999999999815e+00 2.632877349853515625e+00
2.253102999999999856e+00 2.632877349853515625e+00
2.260825999999999780e+00 2.632877349853515625e+00
2.265261000000000191e+00 2.643226623535156250e+00
2.269359999999999822e+00 2.648401260375976562e+00
2.273484999999999978e+00 2.643226623535156250e+00
2.277597000000000094e+00 2.643226623535156250e+00
2.281728999999999896e+00 2.643226623535156250e+00
2.285871999999999904e+00 2.648401260375976562e+00
2.290010999999999797e+00 2.643226623535156250e+00
2.294154999999999944e+00 2.648401260375976562e+00
2.298274999999999846e+00 2.648401260375976562e+00
2.302493000000000123e+00 2.648401260375976562e+00
2.306623000000000090e+00 2.648401260375976562e+00
2.310810000000000031e+00 2.648401260375976562e+00
2.314947999999999784e+00 2.643226623535156250e+00
2.319080000000000030e+00 2.643226623535156250e+00
2.323294999999999888e+00 2.638051986694335938e+00
2.327442000000000011e+00 2.638051986694335938e+00
2.331599999999999895e+00 2.638051986694335938e+00
2.335754000000000108e+00 2.638051986694335938e+00
2.339930999999999983e+00 2.638051986694335938e+00
2.344091000000000147e+00 2.638051986694335938e+00
2.348253000000000146e+00 2.638051986694335938e+00
2.352558999999999845e+00 2.638051986694335938e+00
2.356730999999999909e+00 2.632877349853515625e+00
2.360939000000000121e+00 2.638051986694335938e+00
2.365108000000000210e+00 2.643226623535156250e+00
2.369283999999999946e+00 2.648401260375976562e+00
2.377403999999999851e+00 2.648401260375976562e+00
2.381651999999999880e+00 2.648401260375976562e+00
2.384774999999999867e+00 2.648401260375976562e+00
2.388904000000000138e+00 2.648401260375976562e+00
2.393127999999999922e+00 2.648401260375976562e+00
2.397283999999999970e+00 2.648401260375976562e+00
2.401473000000000191e+00 2.648401260375976562e+00
2.405660999999999827e+00 2.648401260375976562e+00
2.409848000000000212e+00 2.643226623535156250e+00
2.414076999999999806e+00 2.638051986694335938e+00
2.418257000000000101e+00 2.638051986694335938e+00
2.422521999999999842e+00 2.638051986694335938e+00
2.426705000000000112e+00 2.638051986694335938e+00
2.430959999999999788e+00 2.638051986694335938e+00
2.435121999999999787e+00 2.638051986694335938e+00
2.439773000000000192e+00 2.638051986694335938e+00
2.444939999999999891e+00 2.638051986694335938e+00
2.450002000000000013e+00 2.638051986694335938e+00
2.455550999999999817e+00 2.638051986694335938e+00
2.462514999999999787e+00 2.638051986694335938e+00
2.471677000000000124e+00 2.648401260375976562e+00
2.481269000000000169e+00 2.648401260375976562e+00
2.493694000000000077e+00 2.648401260375976562e+00
2.516350000000000087e+00 2.638051986694335938e+00
2.530113000000000056e+00 2.638051986694335938e+00
2.552281999999999940e+00 2.638051986694335938e+00
2.559410999999999881e+00 2.638051986694335938e+00
2.564684999999999881e+00 2.643226623535156250e+00
2.569824999999999804e+00 2.648401260375976562e+00
2.575099999999999945e+00 2.648401260375976562e+00
2.580243999999999982e+00 2.643226623535156250e+00
2.585446999999999829e+00 2.643226623535156250e+00
2.590698000000000167e+00 2.643226623535156250e+00
2.595915999999999890e+00 2.643226623535156250e+00
2.601125999999999827e+00 2.643226623535156250e+00
2.606272000000000144e+00 2.643226623535156250e+00
2.611524000000000179e+00 2.643226623535156250e+00
2.616678999999999977e+00 2.638051986694335938e+00
2.621850999999999932e+00 2.638051986694335938e+00
2.627149000000000179e+00 2.638051986694335938e+00
2.632321999999999829e+00 2.643226623535156250e+00
2.637582999999999789e+00 2.638051986694335938e+00
2.642097000000000140e+00 2.638051986694335938e+00
2.646386000000000127e+00 2.638051986694335938e+00
2.650713999999999793e+00 2.638051986694335938e+00
2.655003999999999920e+00 2.638051986694335938e+00
2.659733000000000125e+00 2.638051986694335938e+00
2.667314999999999880e+00 2.643226623535156250e+00
2.671914999999999818e+00 2.643226623535156250e+00
2.676219000000000126e+00 2.643226623535156250e+00
2.680557999999999996e+00 2.643226623535156250e+00
2.683797000000000210e+00 2.648401260375976562e+00
2.688032999999999895e+00 2.643226623535156250e+00
2.692347999999999963e+00 2.643226623535156250e+00
2.695565999999999907e+00 2.648401260375976562e+00
2.699810999999999961e+00 2.643226623535156250e+00
2.704149999999999832e+00 2.648401260375976562e+00
2.708451999999999860e+00 2.648401260375976562e+00
2.712817999999999952e+00 2.643226623535156250e+00
2.717128999999999905e+00 2.643226623535156250e+00
2.721401000000000181e+00 2.638051986694335938e+00
2.725708000000000020e+00 2.638051986694335938e+00
2.728985999999999912e+00 2.638051986694335938e+00
2.733327000000000062e+00 2.638051986694335938e+00
2.737635000000000041e+00 2.638051986694335938e+00
2.741982000000000141e+00 2.638051986694335938e+00
2.746302000000000021e+00 2.638051986694335938e+00
2.750633999999999801e+00 2.632877349853515625e+00
2.754980000000000206e+00 2.638051986694335938e+00
2.758182999999999829e+00 2.632877349853515625e+00
2.762551999999999897e+00 2.643226623535156250e+00
2.766855000000000064e+00 2.643226623535156250e+00
2.771247999999999934e+00 2.643226623535156250e+00
2.775599999999999845e+00 2.643226623535156250e+00
2.783352999999999966e+00 2.643226623535156250e+00
2.788015000000000132e+00 2.648401260375976562e+00
2.792403000000000191e+00 2.648401260375976562e+00
2.796748000000000012e+00 2.648401260375976562e+00
2.799965999999999955e+00 2.648401260375976562e+00
2.804326000000000096e+00 2.648401260375976562e+00
2.808740999999999932e+00 2.648401260375976562e+00
2.813162000000000162e+00 2.643226623535156250e+00
2.817515000000000214e+00 2.638051986694335938e+00
2.821905000000000108e+00 2.638051986694335938e+00
2.826293999999999862e+00 2.638051986694335938e+00
2.830716999999999928e+00 2.638051986694335938e+00
2.835049000000000152e+00 2.638051986694335938e+00
2.839392999999999834e+00 2.638051986694335938e+00
2.843865000000000087e+00 2.632877349853515625e+00
2.848233000000000015e+00 2.632877349853515625e+00
2.852683999999999997e+00 2.632877349853515625e+00
2.857035000000000213e+00 2.632877349853515625e+00
2.861794000000000171e+00 2.638051986694335938e+00
2.866178000000000115e+00 2.643226623535156250e+00
2.870620000000000172e+00 2.643226623535156250e+00
2.875026000000000082e+00 2.643226623535156250e+00
2.879421999999999926e+00 2.648401260375976562e+00
2.883808000000000149e+00 2.648401260375976562e+00
2.888199999999999878e+00 2.648401260375976562e+00
2.892771000000000203e+00 2.648401260375976562e+00
2.900491999999999848e+00 2.648401260375976562e+00
2.905291000000000068e+00 2.648401260375976562e+00
2.909702999999999928e+00 2.643226623535156250e+00
2.914212000000000025e+00 2.638051986694335938e+00
2.918663000000000007e+00 2.638051986694335938e+00
2.921965999999999841e+00 2.632877349853515625e+00
2.926321000000000172e+00 2.638051986694335938e+00
2.930832999999999799e+00 2.638051986694335938e+00
2.935281999999999947e+00 2.638051986694335938e+00
2.939707999999999988e+00 2.632877349853515625e+00
2.944220000000000059e+00 2.638051986694335938e+00
2.948630999999999780e+00 2.632877349853515625e+00
2.953154000000000057e+00 2.632877349853515625e+00
2.957593999999999834e+00 2.638051986694335938e+00
2.962066999999999783e+00 2.648401260375976562e+00
2.966469000000000023e+00 2.643226623535156250e+00
2.970985000000000209e+00 2.648401260375976562e+00
2.975429999999999797e+00 2.643226623535156250e+00
2.979868999999999879e+00 2.648401260375976562e+00
2.983166999999999902e+00 2.643226623535156250e+00
2.987562000000000051e+00 2.648401260375976562e+00
2.992037999999999975e+00 2.643226623535156250e+00
2.995356000000000130e+00 2.648401260375976562e+00
2.999737000000000098e+00 2.643226623535156250e+00
3.004253999999999980e+00 2.643226623535156250e+00
3.008863999999999983e+00 2.643226623535156250e+00
3.016523999999999983e+00 2.632877349853515625e+00
3.021370999999999807e+00 2.632877349853515625e+00
3.025847999999999871e+00 2.632877349853515625e+00
3.030371999999999844e+00 2.632877349853515625e+00
3.034825999999999802e+00 2.632877349853515625e+00
3.039273999999999809e+00 2.638051986694335938e+00
3.042555999999999816e+00 2.632877349853515625e+00
3.046936999999999784e+00 2.638051986694335938e+00
3.051457999999999782e+00 2.638051986694335938e+00
3.055915000000000159e+00 2.638051986694335938e+00
3.060452999999999868e+00 2.643226623535156250e+00
3.065230999999999817e+00 2.648401260375976562e+00
3.069701999999999931e+00 2.648401260375976562e+00
3.074263999999999886e+00 2.648401260375976562e+00
3.078746999999999900e+00 2.648401260375976562e+00
3.083286000000000193e+00 2.643226623535156250e+00
3.086600999999999928e+00 2.643226623535156250e+00
3.091080999999999968e+00 2.638051986694335938e+00
3.094415000000000138e+00 2.643226623535156250e+00
3.098845999999999989e+00 2.643226623535156250e+00
3.103416000000000174e+00 2.643226623535156250e+00
3.107842000000000215e+00 2.643226623535156250e+00
3.112356999999999818e+00 2.638051986694335938e+00
3.116846999999999923e+00 2.632877349853515625e+00
3.120166000000000217e+00 2.632877349853515625e+00
3.124820000000000153e+00 2.632877349853515625e+00
3.132518000000000136e+00 2.638051986694335938e+00
3.137325000000000141e+00 2.638051986694335938e+00
3.141847999999999974e+00 2.638051986694335938e+00
3.146330999999999989e+00 2.638051986694335938e+00
3.150913000000000075e+00 2.638051986694335938e+00
3.155424000000000007e+00 2.638051986694335938e+00
3.159908000000000161e+00 2.638051986694335938e+00
3.164616999999999791e+00 2.643226623535156250e+00
3.169141000000000208e+00 2.643226623535156250e+00
3.173662999999999901e+00 2.643226623535156250e+00
3.178230000000000111e+00 2.643226623535156250e+00
3.182856000000000130e+00 2.643226623535156250e+00
3.186119000000000145e+00 2.643226623535156250e+00
3.190657999999999994e+00 2.638051986694335938e+00
3.195189000000000057e+00 2.643226623535156250e+00
3.199723999999999791e+00 2.643226623535156250e+00
3.204343999999999859e+00 2.643226623535156250e+00
3.208876000000000062e+00 2.643226623535156250e+00
3.213473000000000024e+00 2.638051986694335938e+00
3.218014999999999848e+00 2.638051986694335938e+00
3.222674000000000039e+00 2.638051986694335938e+00
3.227211000000000052e+00 2.638051986694335938e+00
3.230577999999999950e+00 2.638051986694335938e+00
3.235065000000000079e+00 2.638051986694335938e+00
3.239621000000000084e+00 2.638051986694335938e+00
3.247593999999999870e+00 2.638051986694335938e+00
3.252515999999999963e+00 2.632877349853515625e+00
3.257096000000000213e+00 2.632877349853515625e+00
3.261727000000000043e+00 2.638051986694335938e+00
3.266347000000000111e+00 2.643226623535156250e+00
3.271021999999999874e+00 2.638051986694335938e+00
3.274379000000000151e+00 2.638051986694335938e+00
3.278932999999999875e+00 2.643226623535156250e+00
3.283584999999999976e+00 2.643226623535156250e+00
3.288171999999999873e+00 2.643226623535156250e+00
3.291545999999999861e+00 2.643226623535156250e+00
3.296082000000000178e+00 2.648401260375976562e+00
3.300742000000000065e+00 2.643226623535156250e+00
3.305360999999999994e+00 2.643226623535156250e+00
3.309960999999999931e+00 2.643226623535156250e+00
3.314531000000000116e+00 2.638051986694335938e+00
3.319150000000000045e+00 2.638051986694335938e+00
3.323748000000000147e+00 2.632877349853515625e+00
3.328326999999999813e+00 2.638051986694335938e+00
3.332955000000000112e+00 2.632877349853515625e+00
3.337556999999999885e+00 2.638051986694335938e+00
3.342188000000000159e+00 2.632877349853515625e+00
3.346772000000000080e+00 2.632877349853515625e+00
3.351392999999999844e+00 2.632877349853515625e+00
3.356020000000000003e+00 2.632877349853515625e+00
3.364113999999999827e+00 2.638051986694335938e+00
3.368914999999999882e+00 2.643226623535156250e+00
3.373596000000000039e+00 2.638051986694335938e+00
3.376980999999999788e+00 2.648401260375976562e+00
3.381571000000000105e+00 2.648401260375976562e+00
3.384954000000000018e+00 2.643226623535156250e+00
3.389559999999999906e+00 2.648401260375976562e+00
3.394210000000000171e+00 2.643226623535156250e+00
3.397594999999999921e+00 2.643226623535156250e+00
3.402216000000000129e+00 2.648401260375976562e+00
3.405565999999999871e+00 2.643226623535156250e+00
3.410190000000000055e+00 2.643226623535156250e+00
3.414857000000000031e+00 2.638051986694335938e+00
3.419489000000000001e+00 2.632877349853515625e+00
3.424150000000000027e+00 2.627702713012695312e+00
3.427557999999999883e+00 2.632877349853515625e+00
3.432157000000000124e+00 2.632877349853515625e+00
3.436799999999999855e+00 2.632877349853515625e+00
3.440205000000000179e+00 2.632877349853515625e+00
3.444825999999999944e+00 2.632877349853515625e+00
3.449476999999999904e+00 2.632877349853515625e+00
3.454121000000000219e+00 2.632877349853515625e+00
3.461024000000000100e+00 2.632877349853515625e+00
3.468745000000000189e+00 2.643226623535156250e+00
3.481209000000000220e+00 2.648401260375976562e+00
3.495509999999999895e+00 2.643226623535156250e+00
3.505036000000000040e+00 2.643226623535156250e+00
3.513777999999999846e+00 2.632877349853515625e+00
3.526809000000000083e+00 2.632877349853515625e+00
3.534082000000000168e+00 2.632877349853515625e+00
3.538740999999999914e+00 2.632877349853515625e+00
3.543515000000000192e+00 2.632877349853515625e+00
3.548217000000000176e+00 2.632877349853515625e+00
3.552964999999999929e+00 2.638051986694335938e+00
3.557603999999999989e+00 2.638051986694335938e+00
3.560948999999999920e+00 2.643226623535156250e+00
3.565580999999999889e+00 2.643226623535156250e+00
3.570361999999999814e+00 2.648401260375976562e+00
3.575028999999999790e+00 2.643226623535156250e+00
3.579762000000000111e+00 2.643226623535156250e+00
3.584601999999999844e+00 2.643226623535156250e+00
3.587921000000000138e+00 2.638051986694335938e+00
3.592601999999999851e+00 2.638051986694335938e+00
3.597291999999999934e+00 2.643226623535156250e+00
3.602034000000000180e+00 2.638051986694335938e+00
3.606736000000000164e+00 2.638051986694335938e+00
3.611480999999999941e+00 2.638051986694335938e+00
3.616194999999999826e+00 2.632877349853515625e+00
3.620976999999999890e+00 2.632877349853515625e+00
3.624411999999999967e+00 2.632877349853515625e+00
3.629065999999999903e+00 2.632877349853515625e+00
3.634027000000000118e+00 2.638051986694335938e+00
3.644267000000000145e+00 2.638051986694335938e+00
3.648988999999999816e+00 2.638051986694335938e+00
3.653767000000000209e+00 2.638051986694335938e+00
3.658510999999999846e+00 2.632877349853515625e+00
3.663327000000000222e+00 2.643226623535156250e+00
3.666762999999999995e+00 2.643226623535156250e+00
3.671469000000000094e+00 2.643226623535156250e+00
3.676225000000000076e+00 2.638051986694335938e+00
3.681051000000000073e+00 2.643226623535156250e+00
3.685792999999999875e+00 2.643226623535156250e+00
3.690596999999999905e+00 2.638051986694335938e+00
3.695361000000000118e+00 2.638051986694335938e+00
3.700112999999999985e+00 2.638051986694335938e+00
3.704882000000000009e+00 2.643226623535156250e+00
3.708385999999999960e+00 2.638051986694335938e+00
3.713204000000000171e+00 2.638051986694335938e+00
3.717954000000000203e+00 2.638051986694335938e+00
3.722790999999999961e+00 2.632877349853515625e+00
3.727554000000000034e+00 2.638051986694335938e+00
3.732420999999999989e+00 2.632877349853515625e+00
3.737178000000000111e+00 2.632877349853515625e+00
3.741954999999999920e+00 2.638051986694335938e+00
3.746745000000000214e+00 2.632877349853515625e+00
3.754998000000000058e+00 2.638051986694335938e+00
3.760101000000000138e+00 2.638051986694335938e+00
3.764908000000000143e+00 2.643226623535156250e+00
3.769696000000000158e+00 2.638051986694335938e+00
3.774554000000000187e+00 2.638051986694335938e+00
3.779341000000000061e+00 2.638051986694335938e+00
3.783128000000000046e+00 2.638051986694335938e+00
3.786580999999999975e+00 2.643226623535156250e+00
3.791370999999999825e+00 2.638051986694335938e+00
3.796152000000000193e+00 2.643226623535156250e+00
3.800997999999999877e+00 2.643226623535156250e+00
3.805781000000000081e+00 2.643226623535156250e+00
3.810658000000000101e+00 2.638051986694335938e+00
3.815442000000000000e+00 2.638051986694335938e+00
3.820234000000000130e+00 2.632877349853515625e+00
3.825080999999999953e+00 2.632877349853515625e+00
3.829912000000000205e+00 2.638051986694335938e+00
3.833375999999999895e+00 2.632877349853515625e+00
3.838147000000000197e+00 2.632877349853515625e+00
3.843030999999999864e+00 2.627702713012695312e+00
3.847865000000000091e+00 2.632877349853515625e+00
3.852726000000000095e+00 2.632877349853515625e+00
3.857574000000000058e+00 2.632877349853515625e+00
3.862407000000000146e+00 2.638051986694335938e+00
3.870718999999999799e+00 2.638051986694335938e+00
3.875863999999999976e+00 2.638051986694335938e+00
3.880764999999999798e+00 2.643226623535156250e+00
3.885628000000000082e+00 2.643226623535156250e+00
3.890530000000000044e+00 2.643226623535156250e+00
3.895350000000000090e+00 2.643226623535156250e+00
3.900167999999999857e+00 2.643226623535156250e+00
3.905107999999999802e+00 2.643226623535156250e+00
3.909971000000000085e+00 2.643226623535156250e+00
3.914836000000000205e+00 2.638051986694335938e+00
3.919648000000000021e+00 2.638051986694335938e+00
3.923214000000000201e+00 2.632877349853515625e+00
3.928028999999999993e+00 2.632877349853515625e+00
3.932926000000000144e+00 2.632877349853515625e+00
3.937774000000000107e+00 2.632877349853515625e+00
3.942649999999999988e+00 2.632877349853515625e+00
3.946168999999999816e+00 2.632877349853515625e+00
3.951029000000000124e+00 2.632877349853515625e+00
3.955864000000000047e+00 2.627702713012695312e+00
3.960745999999999878e+00 2.632877349853515625e+00
3.965610999999999997e+00 2.643226623535156250e+00
3.970530000000000115e+00 2.643226623535156250e+00
3.975400000000000045e+00 2.643226623535156250e+00
3.984011999999999887e+00 2.643226623535156250e+00
3.989494999999999791e+00 2.643226623535156250e+00
3.994410999999999934e+00 2.643226623535156250e+00
3.999258000000000202e+00 2.643226623535156250e+00
4.004087000000000174e+00 2.643226623535156250e+00
4.008979000000000070e+00 2.638051986694335938e+00
4.013900999999999719e+00 2.632877349853515625e+00
4.018807999999999936e+00 2.632877349853515625e+00
4.023704000000000391e+00 2.632877349853515625e+00
4.028629999999999711e+00 2.632877349853515625e+00
4.033544000000000018e+00 2.632877349853515625e+00
4.038448999999999955e+00 2.632877349853515625e+00
4.043408999999999587e+00 2.627702713012695312e+00
4.048348999999999975e+00 2.632877349853515625e+00
4.053295999999999566e+00 2.632877349853515625e+00
4.058196999999999832e+00 2.632877349853515625e+00
4.063151000000000401e+00 2.638051986694335938e+00
4.068092000000000041e+00 2.643226623535156250e+00
4.073090999999999795e+00 2.643226623535156250e+00
4.078000000000000291e+00 2.643226623535156250e+00
4.081602000000000174e+00 2.643226623535156250e+00
4.086482000000000170e+00 2.643226623535156250e+00
4.090333000000000219e+00 2.638051986694335938e+00
4.095545999999999687e+00 2.638051986694335938e+00
4.104587000000000430e+00 2.638051986694335938e+00
4.108189000000000313e+00 2.638051986694335938e+00
4.113114999999999633e+00 2.632877349853515625e+00
4.118051000000000350e+00 2.632877349853515625e+00
4.123040999999999734e+00 2.627702713012695312e+00
4.127932000000000379e+00 2.632877349853515625e+00
4.132922999999999902e+00 2.627702713012695312e+00
4.137869000000000241e+00 2.632877349853515625e+00
4.142934000000000339e+00 2.632877349853515625e+00
4.147889000000000159e+00 2.632877349853515625e+00
4.152910999999999575e+00 2.638051986694335938e+00
4.157845000000000013e+00 2.632877349853515625e+00
4.162855999999999668e+00 2.643226623535156250e+00
4.167804000000000286e+00 2.643226623535156250e+00
4.172819999999999752e+00 2.638051986694335938e+00
4.177762000000000420e+00 2.643226623535156250e+00
4.182729000000000141e+00 2.638051986694335938e+00
4.187687999999999633e+00 2.632877349853515625e+00
4.192671999999999954e+00 2.632877349853515625e+00
4.197636000000000145e+00 2.638051986694335938e+00
4.201188000000000144e+00 2.638051986694335938e+00
4.206121999999999694e+00 2.638051986694335938e+00
4.214669999999999916e+00 2.632877349853515625e+00
4.220032999999999923e+00 2.632877349853515625e+00
4.225024999999999586e+00 2.632877349853515625e+00
4.228585999999999956e+00 2.632877349853515625e+00
4.232186999999999699e+00 2.632877349853515625e+00
4.237112999999999907e+00 2.632877349853515625e+00
4.242098000000000368e+00 2.632877349853515625e+00
4.247092999999999563e+00 2.632877349853515625e+00
4.252114999999999867e+00 2.632877349853515625e+00
4.257112000000000229e+00 2.632877349853515625e+00
4.262115999999999794e+00 2.632877349853515625e+00
4.267107000000000205e+00 2.638051986694335938e+00
4.272133000000000180e+00 2.638051986694335938e+00
4.277135000000000353e+00 2.638051986694335938e+00
4.282146000000000008e+00 2.638051986694335938e+00
4.287092999999999599e+00 2.638051986694335938e+00
4.292233000000000409e+00 2.632877349853515625e+00
4.297246000000000343e+00 2.638051986694335938e+00
4.302272000000000318e+00 2.638051986694335938e+00
4.307275999999999883e+00 2.638051986694335938e+00
4.312338999999999700e+00 2.638051986694335938e+00
4.317333999999999783e+00 2.632877349853515625e+00
4.322511000000000436e+00 2.632877349853515625e+00
4.333750000000000213e+00 2.632877349853515625e+00
4.338855999999999824e+00 2.632877349853515625e+00
4.343950000000000422e+00 2.632877349853515625e+00
4.349012000000000100e+00 2.632877349853515625e+00
4.354116000000000319e+00 2.632877349853515625e+00
4.359155999999999587e+00 2.627702713012695312e+00
4.364244000000000234e+00 2.638051986694335938e+00
4.369279999999999831e+00 2.638051986694335938e+00
4.374322000000000266e+00 2.638051986694335938e+00
4.379343999999999681e+00 2.638051986694335938e+00
4.384388999999999648e+00 2.638051986694335938e+00
4.389427999999999663e+00 2.638051986694335938e+00
4.394527000000000072e+00 2.638051986694335938e+00
4.399579000000000129e+00 2.638051986694335938e+00
4.403194000000000052e+00 2.638051986694335938e+00
4.408190000000000275e+00 2.638051986694335938e+00
4.413311000000000206e+00 2.632877349853515625e+00
4.418377999999999695e+00 2.632877349853515625e+00
4.423492999999999675e+00 2.632877349853515625e+00
4.428550000000000431e+00 2.632877349853515625e+00
4.432193999999999967e+00 2.632877349853515625e+00
4.437183000000000099e+00 2.627702713012695312e+00
4.445730000000000182e+00 2.627702713012695312e+00
4.451216999999999757e+00 2.627702713012695312e+00
4.456279000000000323e+00 2.627702713012695312e+00
4.461539000000000144e+00 2.632877349853515625e+00
4.469437000000000104e+00 2.638051986694335938e+00
4.479822000000000415e+00 2.643226623535156250e+00
4.487365999999999744e+00 2.638051986694335938e+00
4.503105999999999831e+00 2.638051986694335938e+00
4.512978999999999630e+00 2.632877349853515625e+00
4.522415999999999769e+00 2.627702713012695312e+00
4.529916000000000054e+00 2.627702713012695312e+00
4.535235000000000127e+00 2.627702713012695312e+00
4.540411999999999892e+00 2.627702713012695312e+00
4.545505999999999602e+00 2.632877349853515625e+00
4.550754999999999661e+00 2.632877349853515625e+00
4.559428999999999732e+00 2.627702713012695312e+00
4.564982999999999791e+00 2.638051986694335938e+00
4.570070000000000299e+00 2.638051986694335938e+00
4.575238999999999834e+00 2.632877349853515625e+00
4.580391999999999797e+00 2.638051986694335938e+00
4.585545999999999900e+00 2.638051986694335938e+00
4.590703999999999674e+00 2.638051986694335938e+00
4.594359999999999999e+00 2.638051986694335938e+00
4.599433000000000327e+00 2.638051986694335938e+00
4.604594999999999771e+00 2.638051986694335938e+00
4.609716999999999842e+00 2.632877349853515625e+00
4.614919999999999689e+00 2.627702713012695312e+00
4.620052000000000270e+00 2.627702713012695312e+00
4.625213999999999714e+00 2.627702713012695312e+00
4.630390000000000228e+00 2.632877349853515625e+00
4.635550000000000281e+00 2.632877349853515625e+00
4.640717000000000425e+00 2.632877349853515625e+00
4.644379999999999953e+00 2.627702713012695312e+00
4.649510000000000254e+00 2.632877349853515625e+00
4.654656000000000127e+00 2.632877349853515625e+00
4.659800999999999860e+00 2.632877349853515625e+00
4.665062999999999960e+00 2.638051986694335938e+00
4.673594999999999722e+00 2.638051986694335938e+00
4.678925999999999696e+00 2.638051986694335938e+00
4.684137999999999913e+00 2.632877349853515625e+00
4.687757000000000396e+00 2.632877349853515625e+00
4.692953000000000152e+00 2.632877349853515625e+00
4.698423000000000016e+00 2.638051986694335938e+00
4.703647000000000133e+00 2.632877349853515625e+00
4.708825000000000038e+00 2.632877349853515625e+00
4.714078999999999908e+00 2.632877349853515625e+00
4.719236000000000431e+00 2.627702713012695312e+00
4.724421000000000426e+00 2.632877349853515625e+00
4.729584000000000010e+00 2.632877349853515625e+00
4.733398000000000216e+00 2.632877349853515625e+00
4.738529999999999909e+00 2.632877349853515625e+00
4.743773000000000017e+00 2.632877349853515625e+00
4.748948000000000391e+00 2.632877349853515625e+00
4.754235999999999684e+00 2.632877349853515625e+00
4.759409999999999918e+00 2.632877349853515625e+00
4.764592999999999634e+00 2.632877349853515625e+00
4.769772999999999818e+00 2.638051986694335938e+00
4.773558000000000412e+00 2.632877349853515625e+00
4.777154999999999596e+00 2.638051986694335938e+00
4.780759999999999899e+00 2.632877349853515625e+00
4.784347999999999601e+00 2.632877349853515625e+00
4.793543999999999805e+00 2.632877349853515625e+00
4.798860999999999599e+00 2.632877349853515625e+00
4.804123999999999839e+00 2.638051986694335938e+00
4.809289999999999843e+00 2.638051986694335938e+00
4.812971000000000110e+00 2.632877349853515625e+00
4.818150000000000155e+00 2.632877349853515625e+00
4.823401999999999745e+00 2.627702713012695312e+00
4.828604999999999592e+00 2.632877349853515625e+00
4.833906999999999954e+00 2.632877349853515625e+00
4.837581000000000131e+00 2.627702713012695312e+00
4.842776999999999887e+00 2.632877349853515625e+00
4.848016000000000325e+00 2.627702713012695312e+00
4.851759000000000377e+00 2.627702713012695312e+00
4.855353000000000030e+00 2.627702713012695312e+00
4.860597000000000278e+00 2.627702713012695312e+00
4.865822999999999787e+00 2.632877349853515625e+00
4.871144000000000140e+00 2.638051986694335938e+00
4.876394999999999591e+00 2.632877349853515625e+00
4.881706000000000323e+00 2.638051986694335938e+00
4.886903000000000219e+00 2.632877349853515625e+00
4.890571999999999697e+00 2.638051986694335938e+00
4.895773000000000152e+00 2.643226623535156250e+00
4.904793999999999876e+00 2.638051986694335938e+00
4.910480999999999874e+00 2.632877349853515625e+00
4.914172999999999902e+00 2.632877349853515625e+00
4.919406999999999641e+00 2.627702713012695312e+00
4.924694999999999823e+00 2.627702713012695312e+00
4.929965000000000153e+00 2.627702713012695312e+00
4.935270000000000046e+00 2.627702713012695312e+00
4.940601000000000020e+00 2.627702713012695312e+00
4.945857000000000170e+00 2.627702713012695312e+00
4.951198999999999906e+00 2.627702713012695312e+00
4.956478999999999857e+00 2.632877349853515625e+00
4.961800000000000210e+00 2.632877349853515625e+00
4.967106000000000243e+00 2.632877349853515625e+00
4.972406999999999577e+00 2.638051986694335938e+00
4.977666000000000146e+00 2.632877349853515625e+00
4.983001999999999931e+00 2.643226623535156250e+00
4.988288999999999973e+00 2.638051986694335938e+00
4.993612999999999857e+00 2.638051986694335938e+00
4.998906999999999989e+00 2.638051986694335938e+00
5.004550000000000054e+00 2.638051986694335938e+00
5.009873999999999938e+00 2.638051986694335938e+00
5.013628999999999891e+00 2.627702713012695312e+00
5.022416999999999909e+00 2.627702713012695312e+00
5.028023000000000131e+00 2.627702713012695312e+00
5.033407000000000409e+00 2.622528076171875000e+00
5.038695999999999842e+00 2.627702713012695312e+00
5.044051999999999758e+00 2.627702713012695312e+00
5.049311999999999578e+00 2.627702713012695312e+00
5.054663999999999824e+00 2.627702713012695312e+00
5.058373999999999704e+00 2.627702713012695312e+00
5.063680999999999877e+00 2.638051986694335938e+00
5.068939999999999557e+00 2.638051986694335938e+00
5.074317999999999884e+00 2.632877349853515625e+00
5.079621999999999638e+00 2.638051986694335938e+00
5.085027000000000186e+00 2.638051986694335938e+00
5.090398000000000422e+00 2.632877349853515625e+00
5.095710000000000406e+00 2.638051986694335938e+00
5.101094999999999935e+00 2.632877349853515625e+00
5.106730999999999909e+00 2.638051986694335938e+00
5.112046000000000312e+00 2.632877349853515625e+00
5.115823999999999927e+00 2.627702713012695312e+00
5.121132000000000239e+00 2.627702713012695312e+00
5.126482000000000205e+00 2.622528076171875000e+00
5.131896000000000235e+00 2.627702713012695312e+00
5.140855000000000175e+00 2.627702713012695312e+00
5.146459000000000117e+00 2.627702713012695312e+00
5.151868999999999588e+00 2.627702713012695312e+00
5.155587999999999838e+00 2.627702713012695312e+00
5.160908000000000051e+00 2.632877349853515625e+00
5.166203000000000323e+00 2.638051986694335938e+00
5.169947999999999766e+00 2.638051986694335938e+00
5.175273999999999930e+00 2.638051986694335938e+00
5.180698999999999721e+00 2.638051986694335938e+00
5.185999999999999943e+00 2.638051986694335938e+00
5.191366999999999621e+00 2.632877349853515625e+00
5.196696000000000204e+00 2.632877349853515625e+00
5.202037999999999940e+00 2.632877349853515625e+00
5.207385999999999626e+00 2.632877349853515625e+00
5.212697999999999610e+00 2.627702713012695312e+00
5.218071000000000126e+00 2.627702713012695312e+00
5.223465000000000025e+00 2.627702713012695312e+00
5.227199999999999847e+00 2.627702713012695312e+00
5.232495000000000118e+00 2.632877349853515625e+00
5.237815999999999583e+00 2.627702713012695312e+00
5.243257999999999974e+00 2.627702713012695312e+00
5.252055999999999614e+00 2.632877349853515625e+00
5.257684000000000246e+00 2.632877349853515625e+00
5.263268000000000058e+00 2.632877349853515625e+00
5.268638000000000154e+00 2.632877349853515625e+00
5.274104000000000347e+00 2.632877349853515625e+00
5.279457999999999984e+00 2.632877349853515625e+00
5.284898000000000096e+00 2.632877349853515625e+00
5.290345000000000297e+00 2.632877349853515625e+00
5.295749999999999957e+00 2.632877349853515625e+00
5.301159000000000177e+00 2.632877349853515625e+00
5.306637000000000270e+00 2.632877349853515625e+00
5.312128000000000405e+00 2.632877349853515625e+00
5.317503999999999564e+00 2.627702713012695312e+00
5.322902000000000022e+00 2.632877349853515625e+00
5.328306000000000431e+00 2.627702713012695312e+00
5.332150999999999641e+00 2.627702713012695312e+00
5.337471999999999994e+00 2.632877349853515625e+00
5.342851999999999713e+00 2.627702713012695312e+00
5.348245999999999611e+00 2.627702713012695312e+00
5.353671000000000291e+00 2.627702713012695312e+00
5.359052000000000149e+00 2.622528076171875000e+00
5.367918999999999663e+00 2.632877349853515625e+00
5.373434999999999739e+00 2.632877349853515625e+00
5.378803999999999697e+00 2.632877349853515625e+00
5.384250999999999898e+00 2.632877349853515625e+00
5.389630000000000365e+00 2.632877349853515625e+00
5.395045999999999786e+00 2.638051986694335938e+00
5.400526000000000160e+00 2.638051986694335938e+00
5.405939000000000050e+00 2.632877349853515625e+00
5.411395999999999873e+00 2.632877349853515625e+00
5.415180999999999578e+00 2.627702713012695312e+00
5.420575999999999617e+00 2.627702713012695312e+00
5.424385000000000012e+00 2.627702713012695312e+00
5.429713999999999707e+00 2.632877349853515625e+00
5.433571999999999846e+00 2.627702713012695312e+00
5.438932999999999574e+00 2.627702713012695312e+00
5.444422999999999568e+00 2.627702713012695312e+00
5.448222000000000342e+00 2.627702713012695312e+00
5.451976000000000155e+00 2.627702713012695312e+00
5.457334999999999603e+00 2.627702713012695312e+00
5.463525999999999883e+00 2.627702713012695312e+00
5.468678999999999846e+00 2.632877349853515625e+00
5.478895999999999766e+00 2.643226623535156250e+00
5.489607000000000347e+00 2.638051986694335938e+00
5.508369000000000071e+00 2.632877349853515625e+00
5.519065000000000332e+00 2.627702713012695312e+00
5.543311000000000099e+00 2.627702713012695312e+00
5.560529999999999973e+00 2.622528076171875000e+00
5.579875000000000362e+00 2.632877349853515625e+00
5.590791000000000288e+00 2.638051986694335938e+00
5.598372000000000348e+00 2.638051986694335938e+00
5.605475000000000207e+00 2.632877349853515625e+00
5.612587999999999688e+00 2.627702713012695312e+00
5.619964000000000404e+00 2.627702713012695312e+00
5.627067000000000263e+00 2.622528076171875000e+00
5.634344999999999715e+00 2.627702713012695312e+00
5.646529000000000131e+00 2.622528076171875000e+00
5.654093999999999731e+00 2.627702713012695312e+00
5.661227000000000231e+00 2.627702713012695312e+00
5.666821999999999804e+00 2.638051986694335938e+00
5.672354000000000340e+00 2.638051986694335938e+00
5.676184000000000118e+00 2.632877349853515625e+00
5.679941999999999602e+00 2.632877349853515625e+00
5.685502999999999751e+00 2.632877349853515625e+00
5.691069999999999851e+00 2.632877349853515625e+00
5.696585999999999927e+00 2.632877349853515625e+00
5.702162000000000397e+00 2.632877349853515625e+00
5.707679999999999865e+00 2.627702713012695312e+00
5.713314999999999699e+00 2.627702713012695312e+00
5.718930000000000291e+00 2.627702713012695312e+00
5.724558000000000035e+00 2.622528076171875000e+00
5.730126000000000275e+00 2.627702713012695312e+00
5.735750000000000348e+00 2.627702713012695312e+00
5.741315000000000168e+00 2.627702713012695312e+00
5.746876000000000317e+00 2.627702713012695312e+00
5.752431999999999768e+00 2.627702713012695312e+00
5.761492999999999753e+00 2.627702713012695312e+00
5.767364999999999853e+00 2.632877349853515625e+00
5.772959000000000174e+00 2.632877349853515625e+00
5.776783000000000001e+00 2.632877349853515625e+00
5.782301999999999609e+00 2.627702713012695312e+00
5.787846000000000046e+00 2.632877349853515625e+00
5.793506999999999962e+00 2.632877349853515625e+00
5.799051999999999651e+00 2.632877349853515625e+00
5.804649000000000392e+00 2.632877349853515625e+00
5.810209000000000401e+00 2.627702713012695312e+00
5.815828999999999915e+00 2.627702713012695312e+00
5.821471999999999980e+00 2.627702713012695312e+00
5.827027000000000179e+00 2.627702713012695312e+00
5.832595999999999670e+00 2.627702713012695312e+00
5.838200999999999752e+00 2.627702713012695312e+00
5.843820000000000014e+00 2.627702713012695312e+00
5.849397999999999875e+00 2.627702713012695312e+00
5.855031000000000319e+00 2.627702713012695312e+00
5.860687999999999676e+00 2.622528076171875000e+00
5.866306999999999938e+00 2.632877349853515625e+00
5.872044999999999959e+00 2.632877349853515625e+00
5.881019000000000219e+00 2.632877349853515625e+00
5.886796000000000362e+00 2.632877349853515625e+00
5.892439999999999678e+00 2.627702713012695312e+00
5.898049999999999571e+00 2.632877349853515625e+00
5.903726999999999947e+00 2.632877349853515625e+00
5.909354000000000440e+00 2.632877349853515625e+00
5.915028999999999648e+00 2.632877349853515625e+00
5.920996999999999844e+00 2.627702713012695312e+00
5.926618999999999637e+00 2.622528076171875000e+00
5.932288999999999923e+00 2.627702713012695312e+00
5.937929999999999708e+00 2.627702713012695312e+00
5.943622999999999656e+00 2.622528076171875000e+00
5.949271999999999672e+00 2.622528076171875000e+00
5.954962000000000089e+00 2.622528076171875000e+00
5.960650000000000226e+00 2.622528076171875000e+00
5.966264999999999930e+00 2.632877349853515625e+00
5.971911000000000413e+00 2.632877349853515625e+00
5.975769999999999804e+00 2.627702713012695312e+00
5.981418999999999819e+00 2.632877349853515625e+00
5.987072000000000394e+00 2.632877349853515625e+00
5.996152999999999622e+00 2.632877349853515625e+00
6.002036000000000371e+00 2.632877349853515625e+00
6.007698999999999678e+00 2.632877349853515625e+00
6.013415000000000177e+00 2.627702713012695312e+00
6.019034000000000439e+00 2.627702713012695312e+00
6.024804999999999744e+00 2.622528076171875000e+00
6.030545000000000044e+00 2.622528076171875000e+00
6.036203000000000429e+00 2.622528076171875000e+00
6.041923999999999850e+00 2.622528076171875000e+00
6.047614000000000267e+00 2.622528076171875000e+00
6.051579000000000264e+00 2.622528076171875000e+00
6.057204999999999728e+00 2.622528076171875000e+00
6.062891999999999726e+00 2.627702713012695312e+00
6.068590000000000373e+00 2.632877349853515625e+00
6.074268000000000001e+00 2.632877349853515625e+00
6.078165000000000262e+00 2.632877349853515625e+00
6.083827999999999570e+00 2.632877349853515625e+00
6.089498999999999995e+00 2.632877349853515625e+00
6.095189000000000412e+00 2.632877349853515625e+00
6.100895999999999653e+00 2.632877349853515625e+00
6.106677000000000355e+00 2.632877349853515625e+00
6.115657999999999817e+00 2.627702713012695312e+00
6.121876999999999569e+00 2.622528076171875000e+00
6.126159000000000354e+00 2.622528076171875000e+00
6.131885999999999726e+00 2.622528076171875000e+00
6.137623999999999747e+00 2.622528076171875000e+00
6.143449999999999633e+00 2.622528076171875000e+00
6.149168000000000411e+00 2.627702713012695312e+00
6.154926999999999815e+00 2.627702713012695312e+00
6.160737000000000130e+00 2.627702713012695312e+00
6.166447999999999929e+00 2.632877349853515625e+00
6.172175000000000189e+00 2.632877349853515625e+00
6.177906000000000120e+00 2.632877349853515625e+00
6.183697999999999695e+00 2.632877349853515625e+00
6.189428000000000374e+00 2.632877349853515625e+00
6.195231999999999850e+00 2.627702713012695312e+00
6.200954000000000299e+00 2.627702713012695312e+00
6.206709000000000032e+00 2.632877349853515625e+00
6.212411999999999601e+00 2.627702713012695312e+00
6.218143999999999672e+00 2.617353439331054688e+00
6.224035999999999902e+00 2.622528076171875000e+00
6.233505000000000074e+00 2.622528076171875000e+00
6.239639999999999631e+00 2.622528076171875000e+00
6.245455999999999896e+00 2.622528076171875000e+00
6.251236999999999711e+00 2.627702713012695312e+00
6.256966000000000250e+00 2.627702713012695312e+00
6.262700999999999851e+00 2.632877349853515625e+00
6.268428000000000111e+00 2.632877349853515625e+00
6.274202999999999975e+00 2.627702713012695312e+00
6.279968000000000217e+00 2.632877349853515625e+00
6.285713999999999579e+00 2.627702713012695312e+00
6.291489999999999583e+00 2.627702713012695312e+00
6.297214000000000311e+00 2.627702713012695312e+00
6.302970000000000184e+00 2.627702713012695312e+00
6.308694000000000024e+00 2.627702713012695312e+00
6.314477000000000118e+00 2.622528076171875000e+00
6.318367000000000289e+00 2.627702713012695312e+00
6.324148000000000103e+00 2.627702713012695312e+00
6.329943000000000097e+00 2.622528076171875000e+00
6.335721000000000380e+00 2.627702713012695312e+00
6.341701999999999728e+00 2.627702713012695312e+00
6.351045000000000051e+00 2.622528076171875000e+00
6.357153000000000276e+00 2.622528076171875000e+00
6.362921000000000049e+00 2.627702713012695312e+00
6.368694999999999773e+00 2.632877349853515625e+00
6.374549000000000021e+00 2.627702713012695312e+00
6.380397999999999570e+00 2.627702713012695312e+00
6.386188999999999893e+00 2.627702713012695312e+00
6.392013999999999641e+00 2.627702713012695312e+00
6.395985999999999727e+00 2.627702713012695312e+00
6.401792999999999623e+00 2.627702713012695312e+00
6.407535000000000203e+00 2.632877349853515625e+00
6.411570000000000213e+00 2.627702713012695312e+00
6.417334999999999567e+00 2.627702713012695312e+00
6.423130999999999702e+00 2.627702713012695312e+00
6.428943000000000296e+00 2.622528076171875000e+00
6.433175000000000310e+00 2.622528076171875000e+00
6.438962000000000074e+00 2.627702713012695312e+00
6.442988999999999855e+00 2.622528076171875000e+00
6.448738999999999777e+00 2.622528076171875000e+00
6.454542000000000002e+00 2.622528076171875000e+00
6.463875999999999955e+00 2.617353439331054688e+00
6.470032999999999923e+00 2.627702713012695312e+00
6.478138000000000396e+00 2.622528076171875000e+00
6.486602999999999675e+00 2.627702713012695312e+00
6.500676000000000343e+00 2.632877349853515625e+00
6.508905000000000385e+00 2.627702713012695312e+00
6.516719000000000150e+00 2.627702713012695312e+00
6.531081000000000358e+00 2.617353439331054688e+00
6.538922999999999597e+00 2.617353439331054688e+00
6.551141999999999577e+00 2.617353439331054688e+00
6.557447999999999944e+00 2.617353439331054688e+00
6.563369999999999926e+00 2.627702713012695312e+00
6.569201999999999764e+00 2.632877349853515625e+00
6.578490999999999644e+00 2.627702713012695312e+00
6.584756999999999749e+00 2.627702713012695312e+00
6.590667999999999971e+00 2.627702713012695312e+00
6.596498999999999668e+00 2.632877349853515625e+00
6.602358999999999867e+00 2.632877349853515625e+00
6.608198999999999934e+00 2.632877349853515625e+00
6.614150000000000418e+00 2.622528076171875000e+00
6.619968000000000075e+00 2.617353439331054688e+00
6.625967000000000162e+00 2.617353439331054688e+00
6.631855999999999973e+00 2.617353439331054688e+00
6.637883000000000422e+00 2.617353439331054688e+00
6.643958999999999726e+00 2.617353439331054688e+00
6.649822999999999595e+00 2.617353439331054688e+00
6.655737000000000236e+00 2.622528076171875000e+00
6.661628999999999579e+00 2.622528076171875000e+00
6.667519999999999669e+00 2.632877349853515625e+00
6.673492999999999675e+00 2.632877349853515625e+00
6.679354000000000013e+00 2.632877349853515625e+00
6.685410000000000075e+00 2.627702713012695312e+00
6.694588999999999679e+00 2.627702713012695312e+00
6.700864000000000154e+00 2.627702713012695312e+00
6.706815999999999889e+00 2.627702713012695312e+00
6.712760000000000282e+00 2.622528076171875000e+00
6.718638000000000332e+00 2.617353439331054688e+00
6.724590000000000067e+00 2.617353439331054688e+00
6.730514999999999581e+00 2.617353439331054688e+00
6.734593000000000274e+00 2.622528076171875000e+00
6.740535000000000387e+00 2.622528076171875000e+00
6.746451000000000420e+00 2.622528076171875000e+00
6.752347000000000321e+00 2.627702713012695312e+00
6.758225000000000371e+00 2.622528076171875000e+00
6.764242999999999562e+00 2.627702713012695312e+00
6.770154999999999923e+00 2.632877349853515625e+00
6.776112999999999609e+00 2.627702713012695312e+00
6.782055999999999862e+00 2.627702713012695312e+00
6.787974000000000174e+00 2.627702713012695312e+00
6.793934000000000140e+00 2.622528076171875000e+00
6.799812000000000189e+00 2.627702713012695312e+00
6.809192000000000355e+00 2.627702713012695312e+00
6.815450000000000230e+00 2.617353439331054688e+00
6.821454000000000129e+00 2.622528076171875000e+00
6.827346999999999611e+00 2.617353439331054688e+00
6.833291000000000004e+00 2.622528076171875000e+00
6.839188000000000045e+00 2.622528076171875000e+00
6.845177999999999763e+00 2.622528076171875000e+00
6.849351999999999663e+00 2.622528076171875000e+00
6.855222999999999622e+00 2.622528076171875000e+00
6.861182999999999588e+00 2.622528076171875000e+00
6.867123000000000310e+00 2.627702713012695312e+00
6.873041999999999874e+00 2.627702713012695312e+00
6.879133000000000386e+00 2.622528076171875000e+00
6.885125999999999635e+00 2.627702713012695312e+00
6.889174999999999827e+00 2.627702713012695312e+00
6.895135999999999932e+00 2.627702713012695312e+00
6.901114999999999888e+00 2.627702713012695312e+00
6.907008000000000258e+00 2.627702713012695312e+00
6.912963000000000413e+00 2.622528076171875000e+00
6.916987999999999914e+00 2.622528076171875000e+00
6.926282999999999745e+00 2.622528076171875000e+00
6.932584000000000302e+00 2.622528076171875000e+00
6.938546999999999798e+00 2.622528076171875000e+00
6.944556999999999647e+00 2.617353439331054688e+00
6.950630000000000308e+00 2.617353439331054688e+00
6.956650999999999918e+00 2.617353439331054688e+00
6.962622999999999784e+00 2.622528076171875000e+00
6.968549000000000326e+00 2.627702713012695312e+00
6.974569999999999936e+00 2.627702713012695312e+00
6.980592999999999826e+00 2.622528076171875000e+00
6.986572999999999922e+00 2.622528076171875000e+00
6.992526999999999937e+00 2.627702713012695312e+00
6.998554999999999637e+00 2.627702713012695312e+00
7.004566999999999766e+00 2.627702713012695312e+00
7.010665000000000369e+00 2.627702713012695312e+00
7.016613999999999685e+00 2.622528076171875000e+00
7.022603000000000151e+00 2.622528076171875000e+00
7.028563000000000116e+00 2.622528076171875000e+00
7.034717999999999805e+00 2.617353439331054688e+00
7.044025999999999677e+00 2.617353439331054688e+00
7.050169000000000352e+00 2.617353439331054688e+00
7.056211000000000233e+00 2.617353439331054688e+00
7.062198000000000420e+00 2.617353439331054688e+00
7.068233000000000210e+00 2.622528076171875000e+00
7.072386999999999979e+00 2.627702713012695312e+00
7.076416000000000039e+00 2.627702713012695312e+00
7.080699000000000076e+00 2.627702713012695312e+00
7.086787000000000170e+00 2.632877349853515625e+00
7.092797000000000018e+00 2.627702713012695312e+00
7.098777000000000115e+00 2.627702713012695312e+00
7.103346000000000160e+00 2.627702713012695312e+00
7.109353999999999729e+00 2.627702713012695312e+00
7.115397999999999890e+00 2.617353439331054688e+00
7.121462000000000181e+00 2.612179756164550781e+00
7.125568000000000346e+00 2.612179756164550781e+00
7.131674000000000291e+00 2.617353439331054688e+00
7.137716000000000172e+00 2.617353439331054688e+00
7.143779000000000323e+00 2.617353439331054688e+00
7.149797999999999654e+00 2.617353439331054688e+00
7.154199000000000197e+00 2.617353439331054688e+00
7.163883000000000223e+00 2.627702713012695312e+00
7.169991999999999699e+00 2.627702713012695312e+00
7.176036999999999999e+00 2.627702713012695312e+00
7.182146000000000363e+00 2.627702713012695312e+00
7.188221000000000416e+00 2.627702713012695312e+00
7.194336999999999982e+00 2.627702713012695312e+00
7.200414000000000314e+00 2.627702713012695312e+00
7.206464999999999677e+00 2.627702713012695312e+00
7.212508999999999837e+00 2.617353439331054688e+00
7.218544999999999767e+00 2.617353439331054688e+00
7.224641000000000091e+00 2.617353439331054688e+00
7.230749000000000315e+00 2.617353439331054688e+00
7.236835000000000129e+00 2.684623718261718750e+00
7.242880999999999680e+00 3.103765487670898438e+00
7.246971000000000274e+00 4.764809608459472656e+00
7.253000000000000114e+00 4.785508155822753906e+00
7.259075000000000166e+00 4.780333518981933594e+00
7.265444999999999709e+00 4.785508155822753906e+00
7.271689000000000291e+00 4.785508155822753906e+00
7.281149000000000093e+00 4.785508155822753906e+00
7.287436999999999721e+00 4.785508155822753906e+00
7.293582999999999927e+00 4.785508155822753906e+00
7.299635999999999569e+00 4.785508155822753906e+00
7.305824000000000318e+00 4.785508155822753906e+00
7.311963000000000434e+00 4.780333518981933594e+00
7.318022000000000027e+00 4.785508155822753906e+00
7.324155000000000193e+00 4.785508155822753906e+00
7.330305000000000071e+00 4.785508155822753906e+00
7.334368000000000443e+00 4.785508155822753906e+00
7.340465000000000018e+00 4.785508155822753906e+00
7.346523999999999610e+00 4.785508155822753906e+00
7.352655000000000385e+00 4.785508155822753906e+00
7.358807999999999794e+00 4.780333518981933594e+00
7.365013000000000254e+00 4.785508155822753906e+00
7.371134999999999771e+00 4.790682792663574219e+00
7.377272999999999747e+00 4.785508155822753906e+00
7.383445000000000036e+00 4.785508155822753906e+00
7.389547999999999561e+00 4.785508155822753906e+00
7.399239999999999817e+00 4.785508155822753906e+00
7.405598000000000347e+00 4.785508155822753906e+00
7.411768999999999608e+00 4.785508155822753906e+00
7.417887000000000342e+00 4.785508155822753906e+00
7.424066999999999972e+00 4.785508155822753906e+00
7.430207000000000228e+00 4.785508155822753906e+00
7.436346000000000345e+00 4.785508155822753906e+00
7.442504999999999704e+00 4.780333518981933594e+00
7.448637999999999870e+00 4.785508155822753906e+00
7.454847000000000001e+00 4.785508155822753906e+00
7.460969999999999658e+00 4.785508155822753906e+00
7.467112000000000194e+00 4.785508155822753906e+00
7.473241999999999940e+00 4.785508155822753906e+00
7.477349000000000245e+00 4.785508155822753906e+00
7.486454000000000164e+00 4.785508155822753906e+00
7.499640999999999558e+00 4.790682792663574219e+00
7.510110000000000063e+00 4.785508155822753906e+00
7.525808999999999749e+00 4.785508155822753906e+00
7.538732999999999684e+00 4.780333518981933594e+00
7.550373999999999697e+00 4.785508155822753906e+00
7.562835999999999892e+00 4.780333518981933594e+00
7.569683000000000384e+00 4.785508155822753906e+00
7.576254999999999740e+00 4.785508155822753906e+00
7.582465000000000011e+00 4.785508155822753906e+00
7.588949999999999640e+00 4.785508155822753906e+00
7.595549000000000106e+00 4.785508155822753906e+00
7.599736000000000047e+00 4.785508155822753906e+00
7.606042999999999665e+00 4.785508155822753906e+00
7.610164000000000151e+00 4.785508155822753906e+00
7.614372000000000362e+00 4.780333518981933594e+00
7.620586000000000304e+00 4.780333518981933594e+00
7.624793000000000376e+00 4.785508155822753906e+00
7.631046000000000440e+00 4.785508155822753906e+00
7.637265000000000192e+00 4.780333518981933594e+00
7.643529000000000018e+00 4.785508155822753906e+00
7.649720000000000297e+00 4.785508155822753906e+00
