1.028999999999999967e-03 2.467290878295898438e+00
4.425000000000000114e-03 2.467290878295898438e+00
7.712000000000000105e-03 2.467290878295898438e+00
1.101099999999999995e-02 2.467290878295898438e+00
1.415600000000000018e-02 2.467290878295898438e+00
1.745599999999999929e-02 2.462116241455078125e+00
2.044400000000000037e-02 2.462116241455078125e+00
2.358800000000000133e-02 2.462116241455078125e+00
2.672799999999999829e-02 2.462116241455078125e+00
2.984600000000000100e-02 2.462116241455078125e+00
3.617399999999999782e-02 2.462116241455078125e+00
3.943900000000000183e-02 2.462116241455078125e+00
4.275899999999999840e-02 2.462116241455078125e+00
4.605900000000000272e-02 2.467290878295898438e+00
5.255599999999999855e-02 2.462116241455078125e+00
5.855699999999999794e-02 2.462116241455078125e+00
6.283900000000000596e-02 2.467290878295898438e+00
6.799199999999999688e-02 2.467290878295898438e+00
7.126300000000000689e-02 2.467290878295898438e+00
7.459699999999999664e-02 2.467290878295898438e+00
7.803300000000000514e-02 2.467290878295898438e+00
8.121299999999999353e-02 2.467290878295898438e+00
8.435299999999999743e-02 2.467290878295898438e+00
8.753800000000000470e-02 2.467290878295898438e+00
9.083299999999999708e-02 2.467290878295898438e+00
9.397500000000000298e-02 2.467290878295898438e+00
9.711500000000000687e-02 2.467290878295898438e+00
1.004110000000000003e-01 2.462116241455078125e+00
1.035539999999999933e-01 2.462116241455078125e+00
1.068540000000000045e-01 2.462116241455078125e+00
1.101509999999999989e-01 2.462116241455078125e+00
1.134560000000000013e-01 2.462116241455078125e+00
1.165979999999999933e-01 2.462116241455078125e+00
1.197379999999999972e-01 2.462116241455078125e+00
1.230389999999999956e-01 2.462116241455078125e+00
1.261799999999999866e-01 2.462116241455078125e+00
1.293189999999999895e-01 2.467290878295898438e+00
1.326170000000000126e-01 2.462116241455078125e+00
1.357639999999999958e-01 2.462116241455078125e+00
1.389019999999999977e-01 2.462116241455078125e+00
1.422009999999999941e-01 2.462116241455078125e+00
1.453689999999999982e-01 2.467290878295898438e+00
1.519969999999999932e-01 2.462116241455078125e+00
1.552920000000000134e-01 2.462116241455078125e+00
1.586009999999999920e-01 2.462116241455078125e+00
1.617429999999999979e-01 2.462116241455078125e+00
1.650409999999999933e-01 2.462116241455078125e+00
1.683350000000000124e-01 2.467290878295898438e+00
1.716350000000000098e-01 2.467290878295898438e+00
1.747769999999999879e-01 2.467290878295898438e+00
1.782320000000000015e-01 2.467290878295898438e+00
1.814030000000000087e-01 2.467290878295898438e+00
1.847030000000000061e-01 2.462116241455078125e+00
1.882350000000000134e-01 2.462116241455078125e+00
1.916019999999999945e-01 2.467290878295898438e+00
1.947530000000000094e-01 2.467290878295898438e+00
1.980449999999999988e-01 2.467290878295898438e+00
2.011910000000000087e-01 2.467290878295898438e+00
2.043339999999999879e-01 2.467290878295898438e+00
2.076349999999999862e-01 2.472465515136718750e+00
2.108520000000000116e-01 2.472465515136718750e+00
2.143059999999999965e-01 2.467290878295898438e+00
2.179020000000000123e-01 2.462116241455078125e+00
2.215020000000000044e-01 2.462116241455078125e+00
2.251009999999999955e-01 2.462116241455078125e+00
2.287140000000000006e-01 2.467290878295898438e+00
2.323050000000000115e-01 2.462116241455078125e+00
2.360250000000000126e-01 2.467290878295898438e+00
2.395029999999999937e-01 2.462116241455078125e+00
2.431000000000000105e-01 2.462116241455078125e+00
2.466889999999999916e-01 2.462116241455078125e+00
2.503059999999999730e-01 2.462116241455078125e+00
2.538989999999999858e-01 2.462116241455078125e+00
2.575000000000000067e-01 2.462116241455078125e+00
2.667080000000000006e-01 2.462116241455078125e+00
2.710060000000000247e-01 2.467290878295898438e+00
2.755299999999999971e-01 2.467290878295898438e+00
2.791649999999999965e-01 2.467290878295898438e+00
2.827459999999999973e-01 2.467290878295898438e+00
2.865030000000000077e-01 2.472465515136718750e+00
2.901070000000000038e-01 2.467290878295898438e+00
2.937000000000000166e-01 2.467290878295898438e+00
2.973049999999999859e-01 2.467290878295898438e+00
3.009009999999999740e-01 2.467290878295898438e+00
3.045059999999999989e-01 2.467290878295898438e+00
3.080999999999999850e-01 2.467290878295898438e+00
3.116599999999999926e-01 2.467290878295898438e+00
3.151249999999999885e-01 2.467290878295898438e+00
3.187249999999999805e-01 2.467290878295898438e+00
3.220160000000000244e-01 2.462116241455078125e+00
3.254730000000000123e-01 2.467290878295898438e+00
3.289190000000000169e-01 2.462116241455078125e+00
3.322120000000000073e-01 2.462116241455078125e+00
3.356910000000000172e-01 2.456941604614257812e+00
3.391310000000000158e-01 2.462116241455078125e+00
3.424050000000000149e-01 2.462116241455078125e+00
3.458820000000000228e-01 2.462116241455078125e+00
3.493080000000000074e-01 2.462116241455078125e+00
3.526079999999999770e-01 2.462116241455078125e+00
3.560980000000000256e-01 2.456941604614257812e+00
3.595090000000000230e-01 2.462116241455078125e+00
3.628029999999999866e-01 2.462116241455078125e+00
3.662679999999999825e-01 2.467290878295898438e+00
3.697010000000000018e-01 2.467290878295898438e+00
3.730490000000000195e-01 2.467290878295898438e+00
3.764819999999999833e-01 2.467290878295898438e+00
3.852809999999999846e-01 2.467290878295898438e+00
3.890489999999999782e-01 2.467290878295898438e+00
3.924790000000000223e-01 2.467290878295898438e+00
3.958160000000000012e-01 2.467290878295898438e+00
3.992600000000000038e-01 2.467290878295898438e+00
4.026879999999999904e-01 2.467290878295898438e+00
4.060099999999999820e-01 2.467290878295898438e+00
4.094729999999999759e-01 2.472465515136718750e+00
4.128870000000000040e-01 2.467290878295898438e+00
4.163419999999999899e-01 2.462116241455078125e+00
4.196349999999999802e-01 2.462116241455078125e+00
4.230880000000000196e-01 2.456941604614257812e+00
4.265539999999999887e-01 2.462116241455078125e+00
4.298319999999999919e-01 2.462116241455078125e+00
4.332829999999999737e-01 2.456941604614257812e+00
4.367429999999999923e-01 2.462116241455078125e+00
4.400569999999999760e-01 2.462116241455078125e+00
4.434859999999999913e-01 2.462116241455078125e+00
4.467760000000000065e-01 2.462116241455078125e+00
4.499150000000000094e-01 2.462116241455078125e+00
4.532089999999999730e-01 2.467290878295898438e+00
4.566680000000000184e-01 2.462116241455078125e+00
4.601169999999999982e-01 2.462116241455078125e+00
4.634139999999999926e-01 2.462116241455078125e+00
4.669229999999999769e-01 2.467290878295898438e+00
4.701919999999999988e-01 2.467290878295898438e+00
4.736489999999999867e-01 2.467290878295898438e+00
4.770949999999999913e-01 2.472465515136718750e+00
4.803870000000000084e-01 2.467290878295898438e+00
4.838439999999999963e-01 2.467290878295898438e+00
4.872920000000000029e-01 2.467290878295898438e+00
4.907429999999999848e-01 2.467290878295898438e+00
4.989830000000000099e-01 2.467290878295898438e+00
5.023699999999999832e-01 2.462116241455078125e+00
5.058460000000000178e-01 2.467290878295898438e+00
5.092919999999999670e-01 2.467290878295898438e+00
5.125920000000000476e-01 2.462116241455078125e+00
5.160580000000000167e-01 2.462116241455078125e+00
5.194819999999999993e-01 2.462116241455078125e+00
5.229399999999999604e-01 2.462116241455078125e+00
5.264020000000000366e-01 2.462116241455078125e+00
5.298570000000000224e-01 2.462116241455078125e+00
5.332909999999999595e-01 2.462116241455078125e+00
5.365820000000000034e-01 2.462116241455078125e+00
5.400270000000000348e-01 2.467290878295898438e+00
5.435020000000000406e-01 2.467290878295898438e+00
5.469330000000000025e-01 2.462116241455078125e+00
5.502259999999999929e-01 2.462116241455078125e+00
5.536820000000000075e-01 2.467290878295898438e+00
5.571399999999999686e-01 2.462116241455078125e+00
5.604339999999999877e-01 2.467290878295898438e+00
5.639220000000000343e-01 2.467290878295898438e+00
5.672169999999999712e-01 2.467290878295898438e+00
5.706740000000000146e-01 2.472465515136718750e+00
5.741429999999999589e-01 2.467290878295898438e+00
5.774329999999999741e-01 2.467290878295898438e+00
5.808680000000000510e-01 2.467290878295898438e+00
5.843230000000000368e-01 2.467290878295898438e+00
5.876400000000000512e-01 2.467290878295898438e+00
5.910659999999999803e-01 2.462116241455078125e+00
5.943389999999999507e-01 2.467290878295898438e+00
5.978080000000000060e-01 2.467290878295898438e+00
6.012579999999999592e-01 2.467290878295898438e+00
6.047090000000000520e-01 2.467290878295898438e+00
6.083159999999999679e-01 2.467290878295898438e+00
6.169679999999999609e-01 2.462116241455078125e+00
6.207270000000000287e-01 2.462116241455078125e+00
6.240259999999999696e-01 2.467290878295898438e+00
6.274750000000000050e-01 2.462116241455078125e+00
6.309320000000000483e-01 2.467290878295898438e+00
6.342240000000000100e-01 2.462116241455078125e+00
6.376690000000000413e-01 2.467290878295898438e+00
6.411280000000000312e-01 2.462116241455078125e+00
6.444199999999999928e-01 2.467290878295898438e+00
6.478969999999999452e-01 2.467290878295898438e+00
6.513309999999999933e-01 2.462116241455078125e+00
6.546260000000000412e-01 2.467290878295898438e+00
6.580880000000000063e-01 2.462116241455078125e+00
6.613980000000000414e-01 2.467290878295898438e+00
6.648539999999999450e-01 2.462116241455078125e+00
6.684620000000000006e-01 2.467290878295898438e+00
6.719119999999999537e-01 2.462116241455078125e+00
6.752120000000000344e-01 2.467290878295898438e+00
6.786609999999999587e-01 2.467290878295898438e+00
6.821089999999999653e-01 2.467290878295898438e+00
6.854780000000000317e-01 2.467290878295898438e+00
6.888680000000000359e-01 2.462116241455078125e+00
6.923390000000000377e-01 2.467290878295898438e+00
6.957400000000000251e-01 2.467290878295898438e+00
6.990520000000000067e-01 2.467290878295898438e+00
7.025010000000000421e-01 2.467290878295898438e+00
7.058189999999999742e-01 2.472465515136718750e+00
7.092559999999999976e-01 2.467290878295898438e+00
7.126989999999999714e-01 2.467290878295898438e+00
7.160170000000000146e-01 2.462116241455078125e+00
7.194359999999999644e-01 2.467290878295898438e+00
7.229060000000000485e-01 2.462116241455078125e+00
7.317059999999999675e-01 2.462116241455078125e+00
7.353060000000000151e-01 2.467290878295898438e+00
7.389210000000000500e-01 2.462116241455078125e+00
7.422119999999999829e-01 2.462116241455078125e+00
7.456669999999999687e-01 2.462116241455078125e+00
7.491139999999999466e-01 2.462116241455078125e+00
7.524469999999999770e-01 2.462116241455078125e+00
7.559169999999999501e-01 2.462116241455078125e+00
7.591869999999999452e-01 2.456941604614257812e+00
7.626399999999999846e-01 2.462116241455078125e+00
7.660930000000000240e-01 2.467290878295898438e+00
7.693849999999999856e-01 2.467290878295898438e+00
7.728329999999999922e-01 2.467290878295898438e+00
7.762890000000000068e-01 2.467290878295898438e+00
7.797549999999999759e-01 2.467290878295898438e+00
7.830289999999999750e-01 2.462116241455078125e+00
7.864830000000000432e-01 2.467290878295898438e+00
7.899350000000000538e-01 2.467290878295898438e+00
7.932299999999999907e-01 2.467290878295898438e+00
7.966649999999999565e-01 2.467290878295898438e+00
8.001350000000000406e-01 2.467290878295898438e+00
8.034329999999999528e-01 2.467290878295898438e+00
8.069030000000000369e-01 2.467290878295898438e+00
8.103369999999999740e-01 2.472465515136718750e+00
8.136349999999999971e-01 2.467290878295898438e+00
8.170889999999999542e-01 2.467290878295898438e+00
8.205489999999999728e-01 2.462116241455078125e+00
8.238400000000000167e-01 2.467290878295898438e+00
8.272880000000000233e-01 2.467290878295898438e+00
8.307419999999999805e-01 2.462116241455078125e+00
8.340389999999999748e-01 2.462116241455078125e+00
8.375329999999999719e-01 2.462116241455078125e+00
8.457510000000000305e-01 2.462116241455078125e+00
8.493159999999999599e-01 2.462116241455078125e+00
8.529369999999999452e-01 2.462116241455078125e+00
8.564180000000000126e-01 2.462116241455078125e+00
8.598360000000000447e-01 2.462116241455078125e+00
8.632910000000000306e-01 2.462116241455078125e+00
8.665810000000000457e-01 2.467290878295898438e+00
8.700290000000000523e-01 2.467290878295898438e+00
8.734779999999999767e-01 2.467290878295898438e+00
8.769369999999999665e-01 2.472465515136718750e+00
8.802309999999999857e-01 2.472465515136718750e+00
8.836870000000000003e-01 2.467290878295898438e+00
8.871310000000000029e-01 2.467290878295898438e+00
8.904450000000000420e-01 2.467290878295898438e+00
8.938819999999999544e-01 2.467290878295898438e+00
8.971660000000000190e-01 2.467290878295898438e+00
9.006239999999999801e-01 2.472465515136718750e+00
9.041000000000000147e-01 2.472465515136718750e+00
9.075290000000000301e-01 2.472465515136718750e+00
9.108209999999999917e-01 2.472465515136718750e+00
9.142719999999999736e-01 2.467290878295898438e+00
9.177330000000000210e-01 2.462116241455078125e+00
9.210279999999999578e-01 2.462116241455078125e+00
9.245029999999999637e-01 2.456941604614257812e+00
9.280810000000000448e-01 2.462116241455078125e+00
9.315360000000000307e-01 2.462116241455078125e+00
9.348490000000000411e-01 2.462116241455078125e+00
9.382979999999999654e-01 2.462116241455078125e+00
9.417550000000000088e-01 2.462116241455078125e+00
9.450439999999999952e-01 2.462116241455078125e+00
9.485190000000000010e-01 2.462116241455078125e+00
9.518189999999999706e-01 2.462116241455078125e+00
9.552589999999999693e-01 2.462116241455078125e+00
9.640619999999999745e-01 2.467290878295898438e+00
9.678250000000000464e-01 2.467290878295898438e+00
9.712760000000000282e-01 2.467290878295898438e+00
9.747320000000000428e-01 2.467290878295898438e+00
9.783330000000000082e-01 2.467290878295898438e+00
9.816310000000000313e-01 2.467290878295898438e+00
9.850959999999999717e-01 2.467290878295898438e+00
9.886920000000000153e-01 2.467290878295898438e+00
9.921590000000000131e-01 2.467290878295898438e+00
9.954889999999999572e-01 2.472465515136718750e+00
9.988730000000000109e-01 2.467290878295898438e+00
1.003112999999999921e+00 2.467290878295898438e+00
1.007225000000000037e+00 2.467290878295898438e+00
1.011292999999999997e+00 2.467290878295898438e+00
1.015371999999999941e+00 2.462116241455078125e+00
1.019492000000000065e+00 2.462116241455078125e+00
1.023530000000000051e+00 2.462116241455078125e+00
1.027670000000000083e+00 2.462116241455078125e+00
1.031740000000000101e+00 2.462116241455078125e+00
1.035832000000000086e+00 2.462116241455078125e+00
1.039909999999999890e+00 2.462116241455078125e+00
1.043989000000000056e+00 2.462116241455078125e+00
1.048097999999999974e+00 2.462116241455078125e+00
1.058661999999999992e+00 2.462116241455078125e+00
1.079736000000000029e+00 2.472465515136718750e+00
1.088025999999999938e+00 2.467290878295898438e+00
1.092700999999999922e+00 2.467290878295898438e+00
1.096856000000000053e+00 2.467290878295898438e+00
1.101129000000000024e+00 2.467290878295898438e+00
1.105234999999999967e+00 2.467290878295898438e+00
1.109450000000000047e+00 2.467290878295898438e+00
1.113580999999999932e+00 2.467290878295898438e+00
1.117798000000000069e+00 2.462116241455078125e+00
1.121904999999999930e+00 2.462116241455078125e+00
1.126068000000000069e+00 2.462116241455078125e+00
1.130169999999999897e+00 2.467290878295898438e+00
1.134252999999999956e+00 2.462116241455078125e+00
1.138446000000000069e+00 2.462116241455078125e+00
1.142511000000000054e+00 2.462116241455078125e+00
1.146646000000000054e+00 2.467290878295898438e+00
1.150732000000000088e+00 2.467290878295898438e+00
1.154862000000000055e+00 2.467290878295898438e+00
1.159146999999999927e+00 2.467290878295898438e+00
1.163289000000000017e+00 2.467290878295898438e+00
1.167540999999999940e+00 2.467290878295898438e+00
1.170722999999999958e+00 2.467290878295898438e+00
1.174865999999999966e+00 2.467290878295898438e+00
1.179111999999999938e+00 2.467290878295898438e+00
1.183227000000000029e+00 2.467290878295898438e+00
1.187373999999999929e+00 2.467290878295898438e+00
1.191480000000000095e+00 2.467290878295898438e+00
1.201435999999999948e+00 2.467290878295898438e+00
1.206063000000000107e+00 2.462116241455078125e+00
1.210226999999999942e+00 2.467290878295898438e+00
1.214407999999999932e+00 2.467290878295898438e+00
1.218642000000000003e+00 2.467290878295898438e+00
1.222833999999999977e+00 2.462116241455078125e+00
1.227039999999999909e+00 2.467290878295898438e+00
1.231233999999999940e+00 2.467290878295898438e+00
1.235438999999999954e+00 2.467290878295898438e+00
1.239629000000000092e+00 2.462116241455078125e+00
1.243822999999999901e+00 2.462116241455078125e+00
1.248075999999999963e+00 2.467290878295898438e+00
1.252272999999999969e+00 2.462116241455078125e+00
1.256469000000000058e+00 2.456941604614257812e+00
1.260674999999999990e+00 2.462116241455078125e+00
1.264839000000000047e+00 2.462116241455078125e+00
1.269215999999999900e+00 2.467290878295898438e+00
1.273373000000000088e+00 2.467290878295898438e+00
1.277743999999999991e+00 2.467290878295898438e+00
1.281916000000000055e+00 2.467290878295898438e+00
1.286230999999999902e+00 2.467290878295898438e+00
1.290475999999999956e+00 2.467290878295898438e+00
1.294721000000000011e+00 2.467290878295898438e+00
1.299088000000000021e+00 2.467290878295898438e+00
1.303323999999999927e+00 2.467290878295898438e+00
1.307660000000000045e+00 2.467290878295898438e+00
1.318521000000000054e+00 2.472465515136718750e+00
1.323145000000000016e+00 2.467290878295898438e+00
1.327423999999999937e+00 2.467290878295898438e+00
1.331642999999999910e+00 2.462116241455078125e+00
1.335955999999999921e+00 2.462116241455078125e+00
1.340211000000000041e+00 2.462116241455078125e+00
1.344464000000000103e+00 2.462116241455078125e+00
1.348810000000000064e+00 2.462116241455078125e+00
1.353062999999999905e+00 2.462116241455078125e+00
1.357329000000000008e+00 2.456941604614257812e+00
1.361602999999999897e+00 2.462116241455078125e+00
1.365952000000000055e+00 2.462116241455078125e+00
1.370235000000000092e+00 2.467290878295898438e+00
1.374484999999999957e+00 2.467290878295898438e+00
1.378907000000000105e+00 2.467290878295898438e+00
1.383172000000000068e+00 2.467290878295898438e+00
1.387464999999999948e+00 2.472465515136718750e+00
1.391755999999999993e+00 2.472465515136718750e+00
1.396117000000000052e+00 2.467290878295898438e+00
1.401180000000000092e+00 2.472465515136718750e+00
1.405500999999999889e+00 2.467290878295898438e+00
1.409975999999999896e+00 2.467290878295898438e+00
1.414288999999999907e+00 2.467290878295898438e+00
1.418558999999999903e+00 2.462116241455078125e+00
1.422191999999999901e+00 2.462116241455078125e+00
1.425902000000000003e+00 2.462116241455078125e+00
1.433211999999999930e+00 2.462116241455078125e+00
1.436971999999999916e+00 2.456941604614257812e+00
1.440658999999999912e+00 2.456941604614257812e+00
1.444315000000000015e+00 2.462116241455078125e+00
1.448059999999999903e+00 2.462116241455078125e+00
1.451729000000000047e+00 2.462116241455078125e+00
1.455438000000000009e+00 2.462116241455078125e+00
1.459095000000000031e+00 2.462116241455078125e+00
1.462766999999999928e+00 2.467290878295898438e+00
1.466460000000000097e+00 2.467290878295898438e+00
1.470123999999999986e+00 2.472465515136718750e+00
1.473799999999999999e+00 2.472465515136718750e+00
1.477548000000000084e+00 2.472465515136718750e+00
1.481225000000000014e+00 2.467290878295898438e+00
1.484898000000000051e+00 2.467290878295898438e+00
1.488701999999999970e+00 2.472465515136718750e+00
1.492385000000000073e+00 2.472465515136718750e+00
1.496124999999999927e+00 2.467290878295898438e+00
1.499810000000000088e+00 2.467290878295898438e+00
1.503492999999999968e+00 2.467290878295898438e+00
1.507198000000000038e+00 2.467290878295898438e+00
1.510232000000000019e+00 2.467290878295898438e+00
1.513905999999999974e+00 2.462116241455078125e+00
1.517646999999999968e+00 2.462116241455078125e+00
1.521331999999999907e+00 2.462116241455078125e+00
1.525030000000000108e+00 2.462116241455078125e+00
1.528761999999999954e+00 2.462116241455078125e+00
1.532458000000000098e+00 2.462116241455078125e+00
1.536165999999999920e+00 2.462116241455078125e+00
1.539854000000000056e+00 2.462116241455078125e+00
1.543571000000000026e+00 2.462116241455078125e+00
1.550637999999999961e+00 2.462116241455078125e+00
1.554397000000000029e+00 2.462116241455078125e+00
1.558338000000000001e+00 2.467290878295898438e+00
1.562073000000000045e+00 2.467290878295898438e+00
1.565844000000000014e+00 2.467290878295898438e+00
1.569555000000000033e+00 2.467290878295898438e+00
1.573275999999999897e+00 2.467290878295898438e+00
1.577031000000000072e+00 2.472465515136718750e+00
1.580759000000000025e+00 2.467290878295898438e+00
1.584484999999999921e+00 2.472465515136718750e+00
1.588252999999999915e+00 2.462116241455078125e+00
1.591987000000000041e+00 2.467290878295898438e+00
1.595819000000000099e+00 2.467290878295898438e+00
1.599552000000000085e+00 2.467290878295898438e+00
1.603291999999999939e+00 2.467290878295898438e+00
1.607034000000000074e+00 2.467290878295898438e+00
1.610819999999999919e+00 2.467290878295898438e+00
1.614576999999999929e+00 2.462116241455078125e+00
1.618394000000000110e+00 2.462116241455078125e+00
1.622135000000000105e+00 2.462116241455078125e+00
1.625950999999999924e+00 2.462116241455078125e+00
1.629694999999999894e+00 2.462116241455078125e+00
1.633443999999999896e+00 2.467290878295898438e+00
1.637192999999999898e+00 2.467290878295898438e+00
1.640954000000000024e+00 2.462116241455078125e+00
1.644719000000000042e+00 2.462116241455078125e+00
1.648522000000000043e+00 2.462116241455078125e+00
1.652285000000000004e+00 2.462116241455078125e+00
1.656115000000000004e+00 2.467290878295898438e+00
1.665785000000000071e+00 2.462116241455078125e+00
1.669947999999999988e+00 2.467290878295898438e+00
1.673712000000000089e+00 2.467290878295898438e+00
1.677553999999999990e+00 2.467290878295898438e+00
1.681319999999999926e+00 2.467290878295898438e+00
1.685089999999999977e+00 2.467290878295898438e+00
1.688878000000000101e+00 2.467290878295898438e+00
1.692644999999999955e+00 2.467290878295898438e+00
1.696439999999999948e+00 2.467290878295898438e+00
1.700228000000000073e+00 2.467290878295898438e+00
1.704015999999999975e+00 2.467290878295898438e+00
1.707851000000000008e+00 2.467290878295898438e+00
1.711683000000000066e+00 2.467290878295898438e+00
1.715519000000000016e+00 2.462116241455078125e+00
1.719313000000000091e+00 2.462116241455078125e+00
1.723108000000000084e+00 2.462116241455078125e+00
1.726895999999999987e+00 2.467290878295898438e+00
1.730685999999999947e+00 2.462116241455078125e+00
1.734474000000000071e+00 2.467290878295898438e+00
1.738312999999999997e+00 2.467290878295898438e+00
1.742107000000000072e+00 2.467290878295898438e+00
1.745967000000000047e+00 2.462116241455078125e+00
1.749762999999999957e+00 2.462116241455078125e+00
1.753573999999999966e+00 2.462116241455078125e+00
1.757428999999999908e+00 2.462116241455078125e+00
1.761241000000000057e+00 2.462116241455078125e+00
1.765050000000000008e+00 2.462116241455078125e+00
1.768922000000000105e+00 2.467290878295898438e+00
1.772726999999999942e+00 2.467290878295898438e+00
1.779957000000000011e+00 2.467290878295898438e+00
1.783883000000000107e+00 2.462116241455078125e+00
1.787881999999999971e+00 2.467290878295898438e+00
1.791714999999999947e+00 2.467290878295898438e+00
1.795603999999999978e+00 2.467290878295898438e+00
1.799447000000000019e+00 2.472465515136718750e+00
1.803288000000000002e+00 2.472465515136718750e+00
1.807155999999999985e+00 2.467290878295898438e+00
1.811088000000000031e+00 2.472465515136718750e+00
1.815129999999999910e+00 2.467290878295898438e+00
1.819034999999999958e+00 2.467290878295898438e+00
1.822888999999999982e+00 2.462116241455078125e+00
1.826778999999999931e+00 2.462116241455078125e+00
1.830635999999999930e+00 2.462116241455078125e+00
1.834494999999999987e+00 2.462116241455078125e+00
1.838386000000000076e+00 2.462116241455078125e+00
1.842252999999999918e+00 2.462116241455078125e+00
1.846181000000000072e+00 2.462116241455078125e+00
1.850044000000000022e+00 2.462116241455078125e+00
1.853911000000000087e+00 2.462116241455078125e+00
1.857833999999999985e+00 2.462116241455078125e+00
1.861706000000000083e+00 2.462116241455078125e+00
1.865641000000000105e+00 2.467290878295898438e+00
1.869523000000000046e+00 2.467290878295898438e+00
1.873397999999999897e+00 2.467290878295898438e+00
1.877281999999999895e+00 2.467290878295898438e+00
1.881159999999999943e+00 2.467290878295898438e+00
1.885034000000000098e+00 2.467290878295898438e+00
1.888978000000000046e+00 2.467290878295898438e+00
1.896301999999999932e+00 2.467290878295898438e+00
1.900344000000000033e+00 2.472465515136718750e+00
1.904304999999999914e+00 2.472465515136718750e+00
1.908285000000000009e+00 2.472465515136718750e+00
1.912182000000000048e+00 2.472465515136718750e+00
1.916290999999999967e+00 2.467290878295898438e+00
1.920198999999999989e+00 2.467290878295898438e+00
1.924107999999999929e+00 2.462116241455078125e+00
1.928088000000000024e+00 2.462116241455078125e+00
1.932004000000000055e+00 2.462116241455078125e+00
1.935980999999999952e+00 2.462116241455078125e+00
1.939912999999999998e+00 2.462116241455078125e+00
1.943821000000000021e+00 2.462116241455078125e+00
1.947815000000000074e+00 2.462116241455078125e+00
1.951737000000000055e+00 2.462116241455078125e+00
1.955719999999999903e+00 2.462116241455078125e+00
1.959645999999999999e+00 2.462116241455078125e+00
1.963575000000000070e+00 2.467290878295898438e+00
1.967580000000000107e+00 2.467290878295898438e+00
1.971511999999999931e+00 2.467290878295898438e+00
1.975486000000000075e+00 2.467290878295898438e+00
1.979421000000000097e+00 2.467290878295898438e+00
1.983365999999999962e+00 2.467290878295898438e+00
1.987319999999999975e+00 2.472465515136718750e+00
1.991271000000000013e+00 2.467290878295898438e+00
1.995217999999999936e+00 2.472465515136718750e+00
1.999196999999999891e+00 2.467290878295898438e+00
2.003146000000000093e+00 2.472465515136718750e+00
2.007137999999999867e+00 2.467290878295898438e+00
2.014440000000000008e+00 2.467290878295898438e+00
2.018879000000000090e+00 2.462116241455078125e+00
2.022863000000000078e+00 2.462116241455078125e+00
2.026848999999999901e+00 2.462116241455078125e+00
2.030800999999999856e+00 2.462116241455078125e+00
2.034768999999999828e+00 2.462116241455078125e+00
2.038787000000000127e+00 2.462116241455078125e+00
2.042739000000000082e+00 2.462116241455078125e+00
2.046717999999999815e+00 2.462116241455078125e+00
2.050679000000000141e+00 2.467290878295898438e+00
2.058586000000000027e+00 2.462116241455078125e+00
2.064575000000000049e+00 2.467290878295898438e+00
2.070197999999999983e+00 2.467290878295898438e+00
2.078542000000000112e+00 2.467290878295898438e+00
2.082609999999999850e+00 2.472465515136718750e+00
2.086628999999999845e+00 2.467290878295898438e+00
2.090610999999999997e+00 2.467290878295898438e+00
2.094615000000000116e+00 2.467290878295898438e+00
2.098720999999999837e+00 2.467290878295898438e+00
2.102707999999999799e+00 2.467290878295898438e+00
2.106710999999999778e+00 2.467290878295898438e+00
2.110698000000000185e+00 2.467290878295898438e+00
2.114679000000000197e+00 2.467290878295898438e+00
2.118813999999999975e+00 2.462116241455078125e+00
2.128082000000000029e+00 2.462116241455078125e+00
2.133236999999999828e+00 2.462116241455078125e+00
2.138202000000000158e+00 2.462116241455078125e+00
2.143069000000000113e+00 2.467290878295898438e+00
2.147994000000000181e+00 2.462116241455078125e+00
2.152877000000000152e+00 2.462116241455078125e+00
2.157735000000000181e+00 2.462116241455078125e+00
2.162618000000000151e+00 2.467290878295898438e+00
2.167527000000000204e+00 2.472465515136718750e+00
2.172432999999999836e+00 2.472465515136718750e+00
2.177309999999999857e+00 2.467290878295898438e+00
2.182185000000000041e+00 2.467290878295898438e+00
2.187100000000000044e+00 2.467290878295898438e+00
2.191980000000000040e+00 2.467290878295898438e+00
2.196874999999999911e+00 2.467290878295898438e+00
2.201818999999999971e+00 2.467290878295898438e+00
2.206719999999999793e+00 2.467290878295898438e+00
2.211606999999999879e+00 2.467290878295898438e+00
2.216577000000000019e+00 2.462116241455078125e+00
2.221709999999999852e+00 2.467290878295898438e+00
2.226192999999999866e+00 2.467290878295898438e+00
2.230367000000000210e+00 2.467290878295898438e+00
2.233569000000000138e+00 2.462116241455078125e+00
2.241068999999999978e+00 2.462116241455078125e+00
2.245617000000000196e+00 2.462116241455078125e+00
2.249706999999999901e+00 2.462116241455078125e+00
2.253772000000000109e+00 2.462116241455078125e+00
2.257911000000000001e+00 2.462116241455078125e+00
2.261975000000000069e+00 2.462116241455078125e+00
2.266109000000000151e+00 2.467290878295898438e+00
2.270169999999999799e+00 2.467290878295898438e+00
2.274236000000000146e+00 2.467290878295898438e+00
2.278354000000000212e+00 2.467290878295898438e+00
2.281499999999999861e+00 2.467290878295898438e+00
2.285603000000000051e+00 2.467290878295898438e+00
2.288705999999999907e+00 2.467290878295898438e+00
2.292739000000000082e+00 2.472465515136718750e+00
2.296818000000000026e+00 2.467290878295898438e+00
2.300904000000000060e+00 2.467290878295898438e+00
2.304990999999999790e+00 2.467290878295898438e+00
2.309109999999999996e+00 2.467290878295898438e+00
2.313257999999999814e+00 2.467290878295898438e+00
2.317420999999999953e+00 2.462116241455078125e+00
2.321552000000000060e+00 2.462116241455078125e+00
2.325721999999999845e+00 2.467290878295898438e+00
2.329816000000000109e+00 2.462116241455078125e+00
2.333919999999999995e+00 2.462116241455078125e+00
2.337298999999999793e+00 2.462116241455078125e+00
2.341473999999999833e+00 2.467290878295898438e+00
2.345654000000000128e+00 2.462116241455078125e+00
2.349791000000000185e+00 2.462116241455078125e+00
2.357457000000000136e+00 2.462116241455078125e+00
2.362051000000000123e+00 2.462116241455078125e+00
2.365352000000000121e+00 2.462116241455078125e+00
2.369638000000000133e+00 2.467290878295898438e+00
2.373794000000000182e+00 2.467290878295898438e+00
2.377988000000000213e+00 2.467290878295898438e+00
2.382162999999999808e+00 2.467290878295898438e+00
2.386382999999999921e+00 2.467290878295898438e+00
2.390549000000000035e+00 2.467290878295898438e+00
2.393673000000000162e+00 2.467290878295898438e+00
2.397918999999999912e+00 2.467290878295898438e+00
2.402722999999999942e+00 2.467290878295898438e+00
2.406913999999999998e+00 2.467290878295898438e+00
2.410069000000000017e+00 2.472465515136718750e+00
2.414210999999999885e+00 2.467290878295898438e+00
2.418452999999999964e+00 2.462116241455078125e+00
2.421947999999999990e+00 2.467290878295898438e+00
2.426216999999999846e+00 2.462116241455078125e+00
2.430429000000000173e+00 2.462116241455078125e+00
2.434628000000000014e+00 2.462116241455078125e+00
2.438973999999999975e+00 2.462116241455078125e+00
2.443165000000000031e+00 2.462116241455078125e+00
2.447344000000000186e+00 2.462116241455078125e+00
2.451518999999999782e+00 2.462116241455078125e+00
2.455792999999999893e+00 2.462116241455078125e+00
2.459966999999999793e+00 2.462116241455078125e+00
2.464151999999999898e+00 2.462116241455078125e+00
2.468475999999999893e+00 2.467290878295898438e+00
2.476458000000000048e+00 2.467290878295898438e+00
2.480315000000000047e+00 2.472465515136718750e+00
2.484536999999999995e+00 2.472465515136718750e+00
2.488834000000000213e+00 2.472465515136718750e+00
2.493040999999999840e+00 2.472465515136718750e+00
2.497275000000000134e+00 2.467290878295898438e+00
2.500484000000000151e+00 2.467290878295898438e+00
2.504696000000000033e+00 2.472465515136718750e+00
2.509085999999999927e+00 2.467290878295898438e+00
2.513332999999999817e+00 2.467290878295898438e+00
2.517624000000000084e+00 2.462116241455078125e+00
2.521834999999999827e+00 2.462116241455078125e+00
2.526124999999999954e+00 2.462116241455078125e+00
2.530358999999999803e+00 2.462116241455078125e+00
2.534597000000000211e+00 2.462116241455078125e+00
2.538933999999999802e+00 2.462116241455078125e+00
2.543156999999999890e+00 2.462116241455078125e+00
2.547448000000000157e+00 2.462116241455078125e+00
2.551686000000000121e+00 2.462116241455078125e+00
2.556000000000000050e+00 2.462116241455078125e+00
2.560246999999999939e+00 2.462116241455078125e+00
2.564500999999999920e+00 2.467290878295898438e+00
2.568811999999999873e+00 2.472465515136718750e+00
2.572080000000000144e+00 2.467290878295898438e+00
2.576404999999999834e+00 2.472465515136718750e+00
2.580671000000000159e+00 2.472465515136718750e+00
2.588471999999999884e+00 2.467290878295898438e+00
2.593024999999999913e+00 2.467290878295898438e+00
2.597297999999999885e+00 2.467290878295898438e+00
2.601557999999999815e+00 2.467290878295898438e+00
2.605919000000000096e+00 2.467290878295898438e+00
2.610182000000000002e+00 2.467290878295898438e+00
2.614437999999999818e+00 2.467290878295898438e+00
2.618735000000000035e+00 2.462116241455078125e+00
2.623043000000000013e+00 2.462116241455078125e+00
2.627368000000000148e+00 2.467290878295898438e+00
2.631650000000000045e+00 2.462116241455078125e+00
2.634916000000000036e+00 2.462116241455078125e+00
2.639352000000000142e+00 2.462116241455078125e+00
2.643629999999999924e+00 2.467290878295898438e+00
2.647963999999999984e+00 2.467290878295898438e+00
2.652248000000000161e+00 2.462116241455078125e+00
2.656540000000000123e+00 2.462116241455078125e+00
2.660817999999999905e+00 2.462116241455078125e+00
2.665083999999999786e+00 2.467290878295898438e+00
2.669436999999999838e+00 2.472465515136718750e+00
2.673725000000000129e+00 2.467290878295898438e+00
2.678100000000000147e+00 2.467290878295898438e+00
2.682382000000000044e+00 2.467290878295898438e+00
2.686671000000000031e+00 2.467290878295898438e+00
2.689909000000000106e+00 2.467290878295898438e+00
2.694189000000000167e+00 2.467290878295898438e+00
2.698573000000000111e+00 2.467290878295898438e+00
2.706379999999999786e+00 2.467290878295898438e+00
2.710986999999999814e+00 2.467290878295898438e+00
2.715289999999999981e+00 2.462116241455078125e+00
2.719720000000000137e+00 2.462116241455078125e+00
2.724051999999999918e+00 2.462116241455078125e+00
2.728460000000000107e+00 2.462116241455078125e+00
2.731675000000000075e+00 2.467290878295898438e+00
2.736072000000000060e+00 2.462116241455078125e+00
2.739352999999999927e+00 2.462116241455078125e+00
2.743609999999999882e+00 2.467290878295898438e+00
2.747956999999999983e+00 2.462116241455078125e+00
2.752286999999999928e+00 2.467290878295898438e+00
2.756619000000000153e+00 2.462116241455078125e+00
2.760918999999999901e+00 2.467290878295898438e+00
2.765216000000000118e+00 2.462116241455078125e+00
2.769632000000000094e+00 2.467290878295898438e+00
2.773962000000000039e+00 2.467290878295898438e+00
2.778325999999999851e+00 2.467290878295898438e+00
2.782662999999999887e+00 2.467290878295898438e+00
2.785927000000000042e+00 2.467290878295898438e+00
2.790254000000000012e+00 2.467290878295898438e+00
2.794591000000000047e+00 2.467290878295898438e+00
2.798961999999999950e+00 2.467290878295898438e+00
2.803326999999999902e+00 2.467290878295898438e+00
2.806703000000000170e+00 2.472465515136718750e+00
2.811075000000000212e+00 2.472465515136718750e+00
2.815463999999999967e+00 2.467290878295898438e+00
2.823420000000000041e+00 2.462116241455078125e+00
2.828062000000000076e+00 2.467290878295898438e+00
2.832517000000000174e+00 2.462116241455078125e+00
2.836901000000000117e+00 2.467290878295898438e+00
2.841308999999999862e+00 2.467290878295898438e+00
2.845718000000000192e+00 2.462116241455078125e+00
2.850086999999999815e+00 2.462116241455078125e+00
2.854442999999999842e+00 2.462116241455078125e+00
2.858874000000000137e+00 2.462116241455078125e+00
2.863217999999999819e+00 2.462116241455078125e+00
2.867645000000000000e+00 2.467290878295898438e+00
2.872005000000000141e+00 2.467290878295898438e+00
2.876485999999999876e+00 2.467290878295898438e+00
2.880869000000000124e+00 2.467290878295898438e+00
2.885238000000000191e+00 2.467290878295898438e+00
2.889644999999999797e+00 2.467290878295898438e+00
2.894003000000000103e+00 2.472465515136718750e+00
2.898540000000000116e+00 2.472465515136718750e+00
2.902912999999999855e+00 2.472465515136718750e+00
2.907278999999999947e+00 2.467290878295898438e+00
2.911652999999999825e+00 2.472465515136718750e+00
2.914832000000000090e+00 2.462116241455078125e+00
2.919354999999999922e+00 2.462116241455078125e+00
2.923814999999999831e+00 2.467290878295898438e+00
2.928338000000000108e+00 2.467290878295898438e+00
2.934260999999999786e+00 2.462116241455078125e+00
2.945206999999999908e+00 2.462116241455078125e+00
2.950699999999999878e+00 2.462116241455078125e+00
2.956240000000000201e+00 2.462116241455078125e+00
2.961701999999999835e+00 2.462116241455078125e+00
2.967153999999999847e+00 2.462116241455078125e+00
2.972566000000000042e+00 2.467290878295898438e+00
2.977987000000000162e+00 2.472465515136718750e+00
2.983534000000000130e+00 2.467290878295898438e+00
2.989091000000000165e+00 2.472465515136718750e+00
2.994507000000000030e+00 2.467290878295898438e+00
2.999986999999999959e+00 2.472465515136718750e+00
3.005546999999999969e+00 2.467290878295898438e+00
3.010988000000000220e+00 2.467290878295898438e+00
3.016478999999999910e+00 2.462116241455078125e+00
3.021914000000000211e+00 2.462116241455078125e+00
3.027474000000000220e+00 2.462116241455078125e+00
3.032172999999999785e+00 2.462116241455078125e+00
3.036728999999999790e+00 2.462116241455078125e+00
3.041148000000000184e+00 2.462116241455078125e+00
3.045647000000000215e+00 2.462116241455078125e+00
3.050101999999999869e+00 2.462116241455078125e+00
3.058066000000000173e+00 2.462116241455078125e+00
3.066835000000000200e+00 2.467290878295898438e+00
3.076797000000000004e+00 2.467290878295898438e+00
3.081456999999999891e+00 2.467290878295898438e+00
3.086287000000000003e+00 2.472465515136718750e+00
3.092296999999999851e+00 2.467290878295898438e+00
3.096861000000000086e+00 2.472465515136718750e+00
3.101380999999999943e+00 2.467290878295898438e+00
3.105926999999999882e+00 2.462116241455078125e+00
3.110428000000000193e+00 2.467290878295898438e+00
3.114892000000000216e+00 2.462116241455078125e+00
3.119552000000000103e+00 2.462116241455078125e+00
3.122875000000000068e+00 2.462116241455078125e+00
3.127393000000000089e+00 2.462116241455078125e+00
3.130692999999999948e+00 2.462116241455078125e+00
3.135200000000000209e+00 2.462116241455078125e+00
3.139886999999999873e+00 2.462116241455078125e+00
3.144382999999999928e+00 2.462116241455078125e+00
3.148969000000000129e+00 2.462116241455078125e+00
3.152264000000000177e+00 2.467290878295898438e+00
3.156788000000000149e+00 2.467290878295898438e+00
3.161328000000000138e+00 2.462116241455078125e+00
3.169284000000000212e+00 2.467290878295898438e+00
3.173875999999999920e+00 2.467290878295898438e+00
3.178440000000000154e+00 2.472465515136718750e+00
3.182951999999999781e+00 2.472465515136718750e+00
3.187552000000000163e+00 2.467290878295898438e+00
3.192136999999999780e+00 2.462116241455078125e+00
3.196676000000000073e+00 2.467290878295898438e+00
3.201211999999999946e+00 2.467290878295898438e+00
3.205830999999999875e+00 2.467290878295898438e+00
3.210369000000000028e+00 2.467290878295898438e+00
3.213656999999999986e+00 2.467290878295898438e+00
3.218246000000000162e+00 2.462116241455078125e+00
3.222907999999999884e+00 2.462116241455078125e+00
3.227453000000000127e+00 2.467290878295898438e+00
3.231981000000000215e+00 2.467290878295898438e+00
3.236594000000000193e+00 2.467290878295898438e+00
3.241175999999999835e+00 2.462116241455078125e+00
3.245779000000000192e+00 2.467290878295898438e+00
3.250312999999999786e+00 2.462116241455078125e+00
3.254872000000000209e+00 2.467290878295898438e+00
3.258306999999999842e+00 2.467290878295898438e+00
3.262836000000000070e+00 2.467290878295898438e+00
3.267373000000000083e+00 2.467290878295898438e+00
3.271930999999999923e+00 2.467290878295898438e+00
3.275323000000000206e+00 2.467290878295898438e+00
3.283450999999999897e+00 2.467290878295898438e+00
3.288152999999999881e+00 2.467290878295898438e+00
3.292714000000000141e+00 2.467290878295898438e+00
3.297283000000000186e+00 2.467290878295898438e+00
3.300689000000000206e+00 2.467290878295898438e+00
3.305226999999999915e+00 2.467290878295898438e+00
3.309861000000000164e+00 2.467290878295898438e+00
3.314402999999999988e+00 2.467290878295898438e+00
3.319020000000000081e+00 2.467290878295898438e+00
3.323568999999999996e+00 2.467290878295898438e+00
3.328203999999999940e+00 2.467290878295898438e+00
3.332755999999999830e+00 2.467290878295898438e+00
3.337349999999999817e+00 2.467290878295898438e+00
3.341949000000000058e+00 2.462116241455078125e+00
3.346600000000000019e+00 2.467290878295898438e+00
3.351170999999999900e+00 2.462116241455078125e+00
3.355853999999999893e+00 2.462116241455078125e+00
3.360424000000000078e+00 2.462116241455078125e+00
3.365025999999999851e+00 2.462116241455078125e+00
3.369682000000000066e+00 2.467290878295898438e+00
3.373076999999999881e+00 2.467290878295898438e+00
3.376532000000000089e+00 2.467290878295898438e+00
3.381129000000000051e+00 2.467290878295898438e+00
3.384497999999999784e+00 2.467290878295898438e+00
3.389148000000000049e+00 2.467290878295898438e+00
3.392465000000000064e+00 2.467290878295898438e+00
3.400544000000000011e+00 2.472465515136718750e+00
3.405210999999999988e+00 2.467290878295898438e+00
3.409835000000000171e+00 2.472465515136718750e+00
3.414436999999999944e+00 2.467290878295898438e+00
3.419070000000000054e+00 2.467290878295898438e+00
3.423668999999999851e+00 2.462116241455078125e+00
3.428348999999999869e+00 2.467290878295898438e+00
3.432946999999999971e+00 2.467290878295898438e+00
3.437572999999999990e+00 2.462116241455078125e+00
3.442207999999999934e+00 2.462116241455078125e+00
3.446835000000000093e+00 2.462116241455078125e+00
3.451443999999999956e+00 2.462116241455078125e+00
3.456163000000000096e+00 2.462116241455078125e+00
3.460799000000000181e+00 2.462116241455078125e+00
3.465470999999999968e+00 2.462116241455078125e+00
3.470114999999999839e+00 2.467290878295898438e+00
3.473523999999999834e+00 2.467290878295898438e+00
3.478187999999999835e+00 2.472465515136718750e+00
3.482800000000000118e+00 2.467290878295898438e+00
3.487429999999999808e+00 2.472465515136718750e+00
3.492131000000000096e+00 2.472465515136718750e+00
3.496764999999999901e+00 2.472465515136718750e+00
3.501409000000000216e+00 2.472465515136718750e+00
3.506135000000000002e+00 2.467290878295898438e+00
3.514826999999999924e+00 2.472465515136718750e+00
3.519657000000000036e+00 2.462116241455078125e+00
3.524334000000000078e+00 2.467290878295898438e+00
3.529123999999999928e+00 2.462116241455078125e+00
3.533784999999999954e+00 2.462116241455078125e+00
3.538510000000000044e+00 2.462116241455078125e+00
3.543213999999999864e+00 2.462116241455078125e+00
3.547957999999999945e+00 2.462116241455078125e+00
3.552639000000000102e+00 2.462116241455078125e+00
3.557398000000000060e+00 2.462116241455078125e+00
3.562075000000000102e+00 2.462116241455078125e+00
3.566788999999999987e+00 2.472465515136718750e+00
3.571486000000000161e+00 2.467290878295898438e+00
3.576217000000000201e+00 2.472465515136718750e+00
3.580902000000000029e+00 2.467290878295898438e+00
3.585659000000000152e+00 2.472465515136718750e+00
3.590342000000000144e+00 2.472465515136718750e+00
3.595040000000000013e+00 2.472465515136718750e+00
3.599842000000000208e+00 2.472465515136718750e+00
3.603336000000000094e+00 2.472465515136718750e+00
3.608089999999999797e+00 2.467290878295898438e+00
3.612791000000000086e+00 2.467290878295898438e+00
3.617500000000000160e+00 2.462116241455078125e+00
3.622211000000000070e+00 2.462116241455078125e+00
3.630314999999999959e+00 2.462116241455078125e+00
3.635137999999999980e+00 2.462116241455078125e+00
3.639928999999999970e+00 2.462116241455078125e+00
3.644687999999999928e+00 2.462116241455078125e+00
3.649547000000000097e+00 2.467290878295898438e+00
3.654282999999999948e+00 2.467290878295898438e+00
3.659066000000000152e+00 2.467290878295898438e+00
3.662533999999999956e+00 2.467290878295898438e+00
3.667311999999999905e+00 2.467290878295898438e+00
3.672064999999999912e+00 2.472465515136718750e+00
3.676845000000000141e+00 2.472465515136718750e+00
3.681624999999999925e+00 2.472465515136718750e+00
3.686460999999999988e+00 2.472465515136718750e+00
3.691216999999999970e+00 2.467290878295898438e+00
3.696045999999999943e+00 2.467290878295898438e+00
3.699483999999999995e+00 2.467290878295898438e+00
3.704277999999999960e+00 2.467290878295898438e+00
3.709105000000000096e+00 2.467290878295898438e+00
3.713856999999999964e+00 2.467290878295898438e+00
3.718691999999999886e+00 2.462116241455078125e+00
3.723479999999999901e+00 2.462116241455078125e+00
3.728305000000000202e+00 2.462116241455078125e+00
3.733112999999999904e+00 2.467290878295898438e+00
3.738013000000000030e+00 2.462116241455078125e+00
3.742922000000000082e+00 2.467290878295898438e+00
3.752094000000000040e+00 2.467290878295898438e+00
3.756940000000000168e+00 2.467290878295898438e+00
3.761753000000000124e+00 2.467290878295898438e+00
3.766623000000000054e+00 2.467290878295898438e+00
3.771444999999999936e+00 2.472465515136718750e+00
3.776320000000000121e+00 2.467290878295898438e+00
3.781137000000000192e+00 2.467290878295898438e+00
3.786014000000000213e+00 2.467290878295898438e+00
3.790840999999999905e+00 2.467290878295898438e+00
3.795727999999999991e+00 2.462116241455078125e+00
3.800558999999999799e+00 2.467290878295898438e+00
3.805429999999999868e+00 2.467290878295898438e+00
3.810257000000000005e+00 2.467290878295898438e+00
3.815075000000000216e+00 2.467290878295898438e+00
3.819964000000000137e+00 2.467290878295898438e+00
3.824924999999999908e+00 2.467290878295898438e+00
3.829845999999999862e+00 2.462116241455078125e+00
3.834670000000000023e+00 2.467290878295898438e+00
3.838271000000000210e+00 2.462116241455078125e+00
3.843103000000000158e+00 2.467290878295898438e+00
3.846696000000000115e+00 2.467290878295898438e+00
3.851574999999999971e+00 2.462116241455078125e+00
3.856475999999999793e+00 2.462116241455078125e+00
3.864707999999999810e+00 2.462116241455078125e+00
3.869958000000000009e+00 2.467290878295898438e+00
3.874786999999999981e+00 2.467290878295898438e+00
3.879750000000000032e+00 2.467290878295898438e+00
3.884571999999999914e+00 2.467290878295898438e+00
3.889476999999999851e+00 2.467290878295898438e+00
3.894321999999999839e+00 2.467290878295898438e+00
3.897896999999999945e+00 2.467290878295898438e+00
3.902749000000000024e+00 2.467290878295898438e+00
3.907605000000000217e+00 2.467290878295898438e+00
3.912447999999999926e+00 2.467290878295898438e+00
3.917321999999999971e+00 2.467290878295898438e+00
3.922162999999999844e+00 2.467290878295898438e+00
3.925676999999999861e+00 2.462116241455078125e+00
3.930559999999999832e+00 2.462116241455078125e+00
3.934091000000000005e+00 2.467290878295898438e+00
3.938991999999999827e+00 2.467290878295898438e+00
3.942521999999999860e+00 2.462116241455078125e+00
3.947372000000000103e+00 2.462116241455078125e+00
3.952275000000000205e+00 2.462116241455078125e+00
3.957165999999999961e+00 2.462116241455078125e+00
3.962021000000000015e+00 2.462116241455078125e+00
3.966883999999999855e+00 2.467290878295898438e+00
3.971757999999999900e+00 2.467290878295898438e+00
3.976830999999999783e+00 2.467290878295898438e+00
3.985628000000000171e+00 2.467290878295898438e+00
3.990508000000000166e+00 2.467290878295898438e+00
3.995425000000000004e+00 2.472465515136718750e+00
4.000328999999999802e+00 2.472465515136718750e+00
4.003871000000000180e+00 2.472465515136718750e+00
4.007473000000000063e+00 2.472465515136718750e+00
4.012368999999999630e+00 2.472465515136718750e+00
4.015897999999999968e+00 2.467290878295898438e+00
4.020796999999999954e+00 2.467290878295898438e+00
4.025749000000000244e+00 2.462116241455078125e+00
4.029303999999999775e+00 2.462116241455078125e+00
4.034192000000000000e+00 2.462116241455078125e+00
4.039159999999999862e+00 2.462116241455078125e+00
4.042707000000000050e+00 2.462116241455078125e+00
4.047626000000000168e+00 2.462116241455078125e+00
4.052578999999999709e+00 2.467290878295898438e+00
4.057502999999999638e+00 2.462116241455078125e+00
4.066327000000000247e+00 2.462116241455078125e+00
4.072296999999999834e+00 2.472465515136718750e+00
4.081808999999999799e+00 2.472465515136718750e+00
4.089502000000000415e+00 2.467290878295898438e+00
4.098416000000000281e+00 2.472465515136718750e+00
4.103638000000000119e+00 2.472465515136718750e+00
4.108629999999999782e+00 2.467290878295898438e+00
4.113533999999999580e+00 2.462116241455078125e+00
4.118521999999999572e+00 2.467290878295898438e+00
4.123429999999999929e+00 2.462116241455078125e+00
4.128452000000000233e+00 2.462116241455078125e+00
4.133377000000000301e+00 2.462116241455078125e+00
4.138367999999999824e+00 2.462116241455078125e+00
4.143328999999999596e+00 2.462116241455078125e+00
4.148321000000000147e+00 2.462116241455078125e+00
4.151912000000000269e+00 2.462116241455078125e+00
4.156889999999999752e+00 2.462116241455078125e+00
4.161825000000000330e+00 2.467290878295898438e+00
4.166770999999999781e+00 2.467290878295898438e+00
4.171710000000000029e+00 2.472465515136718750e+00
4.175284000000000439e+00 2.467290878295898438e+00
4.178892000000000273e+00 2.472465515136718750e+00
4.182488000000000206e+00 2.472465515136718750e+00
4.187477999999999589e+00 2.472465515136718750e+00
4.192419000000000118e+00 2.467290878295898438e+00
4.197366999999999848e+00 2.467290878295898438e+00
4.202300000000000146e+00 2.467290878295898438e+00
4.210727999999999582e+00 2.467290878295898438e+00
4.216052999999999606e+00 2.462116241455078125e+00
4.221008000000000315e+00 2.462116241455078125e+00
4.226020000000000110e+00 2.462116241455078125e+00
4.230973999999999791e+00 2.462116241455078125e+00
4.235968999999999873e+00 2.467290878295898438e+00
4.240949999999999775e+00 2.462116241455078125e+00
4.245949999999999669e+00 2.467290878295898438e+00
4.250903000000000098e+00 2.467290878295898438e+00
4.256105999999999945e+00 2.467290878295898438e+00
4.261059000000000374e+00 2.462116241455078125e+00
4.266062999999999938e+00 2.467290878295898438e+00
4.269657999999999731e+00 2.472465515136718750e+00
4.274598000000000120e+00 2.472465515136718750e+00
4.279612000000000194e+00 2.467290878295898438e+00
4.284562000000000204e+00 2.467290878295898438e+00
4.289639000000000202e+00 2.467290878295898438e+00
4.294590000000000352e+00 2.472465515136718750e+00
4.299616000000000327e+00 2.467290878295898438e+00
4.304586999999999719e+00 2.467290878295898438e+00
4.309607999999999883e+00 2.467290878295898438e+00
4.314566000000000123e+00 2.467290878295898438e+00
4.319650000000000212e+00 2.467290878295898438e+00
4.328176000000000023e+00 2.467290878295898438e+00
4.333254000000000161e+00 2.467290878295898438e+00
4.336927000000000199e+00 2.467290878295898438e+00
4.340523000000000131e+00 2.467290878295898438e+00
4.345547999999999966e+00 2.467290878295898438e+00
4.350563000000000180e+00 2.467290878295898438e+00
4.355668999999999791e+00 2.467290878295898438e+00
4.360687000000000424e+00 2.462116241455078125e+00
4.365766999999999953e+00 2.467290878295898438e+00
4.370815000000000339e+00 2.467290878295898438e+00
4.375885000000000247e+00 2.467290878295898438e+00
4.380906999999999663e+00 2.467290878295898438e+00
4.384476000000000262e+00 2.467290878295898438e+00
4.389590000000000103e+00 2.467290878295898438e+00
4.394624000000000308e+00 2.467290878295898438e+00
4.399860000000000326e+00 2.467290878295898438e+00
4.405024000000000051e+00 2.472465515136718750e+00
4.410148999999999653e+00 2.472465515136718750e+00
4.415179000000000187e+00 2.467290878295898438e+00
4.420295999999999559e+00 2.462116241455078125e+00
4.423867000000000438e+00 2.462116241455078125e+00
4.428983999999999810e+00 2.462116241455078125e+00
4.434012000000000064e+00 2.462116241455078125e+00
4.442662000000000333e+00 2.467290878295898438e+00
4.447828000000000337e+00 2.462116241455078125e+00
4.452869999999999884e+00 2.462116241455078125e+00
4.458037000000000027e+00 2.462116241455078125e+00
4.463096000000000174e+00 2.462116241455078125e+00
4.468217000000000105e+00 2.467290878295898438e+00
4.471923999999999566e+00 2.467290878295898438e+00
4.475531000000000148e+00 2.467290878295898438e+00
4.480559000000000403e+00 2.472465515136718750e+00
4.485721999999999987e+00 2.467290878295898438e+00
4.490795999999999566e+00 2.467290878295898438e+00
4.495912999999999826e+00 2.472465515136718750e+00
4.499558999999999642e+00 2.472465515136718750e+00
4.504615000000000258e+00 2.472465515136718750e+00
4.508295999999999637e+00 2.472465515136718750e+00
4.511889000000000038e+00 2.472465515136718750e+00
4.515492000000000061e+00 2.467290878295898438e+00
4.519095000000000084e+00 2.467290878295898438e+00
4.524258999999999808e+00 2.467290878295898438e+00
4.529436999999999713e+00 2.462116241455078125e+00
4.534525999999999613e+00 2.462116241455078125e+00
4.539667999999999815e+00 2.462116241455078125e+00
4.544748000000000232e+00 2.462116241455078125e+00
4.549941999999999709e+00 2.462116241455078125e+00
4.558517000000000152e+00 2.462116241455078125e+00
4.563705999999999818e+00 2.467290878295898438e+00
4.568838000000000399e+00 2.467290878295898438e+00
4.574012999999999884e+00 2.472465515136718750e+00
4.579142000000000046e+00 2.472465515136718750e+00
4.584207000000000143e+00 2.472465515136718750e+00
4.587887000000000270e+00 2.472465515136718750e+00
4.591477000000000253e+00 2.472465515136718750e+00
4.595076999999999856e+00 2.472465515136718750e+00
4.600211999999999968e+00 2.472465515136718750e+00
4.605310000000000237e+00 2.472465515136718750e+00
4.610471999999999682e+00 2.472465515136718750e+00
4.614084000000000074e+00 2.462116241455078125e+00
4.617688000000000237e+00 2.462116241455078125e+00
4.621286999999999701e+00 2.462116241455078125e+00
4.624886000000000053e+00 2.462116241455078125e+00
4.630066000000000237e+00 2.462116241455078125e+00
4.635182999999999609e+00 2.462116241455078125e+00
4.640405999999999587e+00 2.462116241455078125e+00
4.645567999999999920e+00 2.462116241455078125e+00
4.650687999999999711e+00 2.462116241455078125e+00
4.654333000000000276e+00 2.462116241455078125e+00
4.659469999999999779e+00 2.467290878295898438e+00
4.664628000000000441e+00 2.467290878295898438e+00
4.669838999999999629e+00 2.472465515136718750e+00
4.678463999999999956e+00 2.467290878295898438e+00
4.683671000000000362e+00 2.472465515136718750e+00
4.688886000000000109e+00 2.467290878295898438e+00
4.694022000000000361e+00 2.472465515136718750e+00
4.699238000000000248e+00 2.472465515136718750e+00
4.702862999999999793e+00 2.472465515136718750e+00
4.708109999999999573e+00 2.467290878295898438e+00
4.713256000000000334e+00 2.467290878295898438e+00
4.718475999999999893e+00 2.462116241455078125e+00
4.723633000000000415e+00 2.462116241455078125e+00
4.728855000000000253e+00 2.462116241455078125e+00
4.734016999999999697e+00 2.462116241455078125e+00
4.739238000000000284e+00 2.467290878295898438e+00
4.742862999999999829e+00 2.467290878295898438e+00
4.748059999999999725e+00 2.467290878295898438e+00
4.753224999999999589e+00 2.462116241455078125e+00
4.758441999999999616e+00 2.462116241455078125e+00
4.763607999999999620e+00 2.467290878295898438e+00
4.768873000000000140e+00 2.472465515136718750e+00
4.774117999999999640e+00 2.467290878295898438e+00
4.779374999999999929e+00 2.467290878295898438e+00
4.783061000000000007e+00 2.467290878295898438e+00
4.788261000000000323e+00 2.467290878295898438e+00
4.795729999999999826e+00 2.467290878295898438e+00
4.801296999999999926e+00 2.467290878295898438e+00
4.806526999999999994e+00 2.467290878295898438e+00
4.811711999999999989e+00 2.467290878295898438e+00
4.816879000000000133e+00 2.462116241455078125e+00
4.822072999999999610e+00 2.467290878295898438e+00
4.827276000000000344e+00 2.467290878295898438e+00
4.832562000000000246e+00 2.462116241455078125e+00
4.837735999999999592e+00 2.467290878295898438e+00
4.842927000000000426e+00 2.467290878295898438e+00
4.846669000000000338e+00 2.467290878295898438e+00
4.851848999999999634e+00 2.467290878295898438e+00
4.857045000000000279e+00 2.467290878295898438e+00
4.860731000000000357e+00 2.467290878295898438e+00
4.865966000000000236e+00 2.467290878295898438e+00
4.871309000000000111e+00 2.467290878295898438e+00
4.876592999999999734e+00 2.467290878295898438e+00
4.881791999999999909e+00 2.467290878295898438e+00
4.885491000000000028e+00 2.467290878295898438e+00
4.890671000000000213e+00 2.467290878295898438e+00
4.895921999999999663e+00 2.467290878295898438e+00
4.901125999999999650e+00 2.467290878295898438e+00
4.906429000000000151e+00 2.467290878295898438e+00
4.915091999999999572e+00 2.472465515136718750e+00
4.920719000000000065e+00 2.467290878295898438e+00
4.926032000000000188e+00 2.462116241455078125e+00
4.931280000000000108e+00 2.467290878295898438e+00
4.936575000000000379e+00 2.467290878295898438e+00
4.941944999999999588e+00 2.462116241455078125e+00
4.947230000000000238e+00 2.467290878295898438e+00
4.952488999999999919e+00 2.462116241455078125e+00
4.957760999999999640e+00 2.462116241455078125e+00
4.961536999999999864e+00 2.462116241455078125e+00
4.965295000000000236e+00 2.467290878295898438e+00
4.970634000000000441e+00 2.467290878295898438e+00
4.975966999999999807e+00 2.467290878295898438e+00
4.981230000000000047e+00 2.467290878295898438e+00
4.986563000000000301e+00 2.467290878295898438e+00
4.991965000000000430e+00 2.467290878295898438e+00
4.997296999999999656e+00 2.472465515136718750e+00
5.001082000000000249e+00 2.467290878295898438e+00
5.006422999999999845e+00 2.467290878295898438e+00
5.011724000000000068e+00 2.472465515136718750e+00
5.017042000000000002e+00 2.467290878295898438e+00
5.022357000000000404e+00 2.462116241455078125e+00
5.031641999999999726e+00 2.467290878295898438e+00
5.037149000000000321e+00 2.462116241455078125e+00
5.042556000000000260e+00 2.462116241455078125e+00
5.047894999999999577e+00 2.462116241455078125e+00
5.053218000000000210e+00 2.462116241455078125e+00
5.057153999999999705e+00 2.462116241455078125e+00
5.061180000000000234e+00 2.462116241455078125e+00
5.070509000000000377e+00 2.467290878295898438e+00
5.083039999999999559e+00 2.472465515136718750e+00
5.088905999999999707e+00 2.472465515136718750e+00
5.097386000000000195e+00 2.472465515136718750e+00
5.102672000000000097e+00 2.472465515136718750e+00
5.107974999999999710e+00 2.472465515136718750e+00
5.113260000000000360e+00 2.472465515136718750e+00
5.118617999999999668e+00 2.462116241455078125e+00
5.123910999999999660e+00 2.462116241455078125e+00
5.129310000000000258e+00 2.462116241455078125e+00
5.134602000000000110e+00 2.462116241455078125e+00
5.140043000000000362e+00 2.462116241455078125e+00
5.148863999999999663e+00 2.467290878295898438e+00
5.154257000000000311e+00 2.462116241455078125e+00
5.158090999999999759e+00 2.462116241455078125e+00
5.163414000000000392e+00 2.467290878295898438e+00
5.167286999999999964e+00 2.467290878295898438e+00
5.172577000000000425e+00 2.467290878295898438e+00
5.177978999999999665e+00 2.472465515136718750e+00
5.183320000000000149e+00 2.472465515136718750e+00
5.188731999999999900e+00 2.472465515136718750e+00
5.192489000000000132e+00 2.472465515136718750e+00
5.197827000000000197e+00 2.472465515136718750e+00
5.203185999999999645e+00 2.467290878295898438e+00
5.208610000000000184e+00 2.467290878295898438e+00
5.213916000000000217e+00 2.467290878295898438e+00
5.219350000000000378e+00 2.462116241455078125e+00
5.224723000000000006e+00 2.462116241455078125e+00
5.230209999999999582e+00 2.462116241455078125e+00
5.235622000000000220e+00 2.462116241455078125e+00
5.241009000000000029e+00 2.462116241455078125e+00
5.246434999999999960e+00 2.467290878295898438e+00
5.251801999999999637e+00 2.462116241455078125e+00
5.257202999999999626e+00 2.462116241455078125e+00
5.266212000000000337e+00 2.467290878295898438e+00
5.271895999999999916e+00 2.472465515136718750e+00
5.275763000000000424e+00 2.472465515136718750e+00
5.281195999999999557e+00 2.472465515136718750e+00
5.286627000000000187e+00 2.467290878295898438e+00
5.291983000000000104e+00 2.467290878295898438e+00
5.297372000000000192e+00 2.467290878295898438e+00
5.302741000000000149e+00 2.467290878295898438e+00
5.308168000000000220e+00 2.467290878295898438e+00
5.313571999999999740e+00 2.467290878295898438e+00
5.319016000000000410e+00 2.462116241455078125e+00
5.324397000000000268e+00 2.462116241455078125e+00
5.329847000000000001e+00 2.462116241455078125e+00
5.335219000000000378e+00 2.467290878295898438e+00
5.340679999999999872e+00 2.462116241455078125e+00
5.346119999999999983e+00 2.467290878295898438e+00
5.349890000000000256e+00 2.467290878295898438e+00
5.355243999999999893e+00 2.467290878295898438e+00
5.359084000000000181e+00 2.467290878295898438e+00
5.364453000000000138e+00 2.467290878295898438e+00
5.368286000000000335e+00 2.467290878295898438e+00
5.373680000000000234e+00 2.467290878295898438e+00
5.382588000000000150e+00 2.472465515136718750e+00
5.388068999999999775e+00 2.472465515136718750e+00
5.393538999999999639e+00 2.467290878295898438e+00
5.399041000000000423e+00 2.472465515136718750e+00
5.404576999999999742e+00 2.467290878295898438e+00
5.408513000000000126e+00 2.467290878295898438e+00
5.412272999999999890e+00 2.467290878295898438e+00
5.417730999999999852e+00 2.467290878295898438e+00
5.423156999999999783e+00 2.467290878295898438e+00
5.428637000000000157e+00 2.467290878295898438e+00
5.432498999999999967e+00 2.462116241455078125e+00
5.437960000000000349e+00 2.467290878295898438e+00
5.441881999999999664e+00 2.462116241455078125e+00
5.447295999999999694e+00 2.462116241455078125e+00
5.451075999999999588e+00 2.462116241455078125e+00
5.456623999999999697e+00 2.462116241455078125e+00
5.462072000000000038e+00 2.467290878295898438e+00
5.465881000000000434e+00 2.467290878295898438e+00
5.471332999999999558e+00 2.467290878295898438e+00
5.476969999999999672e+00 2.467290878295898438e+00
5.482450000000000045e+00 2.472465515136718750e+00
5.487930999999999671e+00 2.467290878295898438e+00
5.492034999999999556e+00 2.472465515136718750e+00
5.501599999999999824e+00 2.472465515136718750e+00
5.507128999999999941e+00 2.472465515136718750e+00
5.512595000000000134e+00 2.472465515136718750e+00
5.518081999999999709e+00 2.467290878295898438e+00
5.523549000000000042e+00 2.467290878295898438e+00
5.529081999999999830e+00 2.467290878295898438e+00
5.532888999999999946e+00 2.462116241455078125e+00
5.538443000000000005e+00 2.462116241455078125e+00
5.544033999999999907e+00 2.462116241455078125e+00
5.549583000000000155e+00 2.462116241455078125e+00
5.555060000000000109e+00 2.462116241455078125e+00
5.560678000000000232e+00 2.462116241455078125e+00
5.564470000000000027e+00 2.467290878295898438e+00
5.570007999999999626e+00 2.467290878295898438e+00
5.575542999999999694e+00 2.467290878295898438e+00
5.581021999999999927e+00 2.472465515136718750e+00
5.586547000000000374e+00 2.472465515136718750e+00
5.592083999999999833e+00 2.472465515136718750e+00
5.595898000000000039e+00 2.472465515136718750e+00
5.601397000000000403e+00 2.472465515136718750e+00
5.606935000000000002e+00 2.472465515136718750e+00
5.616217999999999932e+00 2.472465515136718750e+00
5.622876999999999903e+00 2.462116241455078125e+00
5.628529000000000337e+00 2.462116241455078125e+00
5.634014999999999773e+00 2.462116241455078125e+00
5.639573000000000391e+00 2.462116241455078125e+00
5.645071999999999868e+00 2.462116241455078125e+00
5.650669999999999860e+00 2.467290878295898438e+00
5.654494999999999827e+00 2.462116241455078125e+00
5.660063000000000066e+00 2.462116241455078125e+00
5.665621999999999936e+00 2.467290878295898438e+00
5.671128000000000391e+00 2.472465515136718750e+00
5.676705000000000112e+00 2.472465515136718750e+00
5.682218999999999909e+00 2.472465515136718750e+00
5.687742000000000075e+00 2.472465515136718750e+00
5.693298999999999666e+00 2.472465515136718750e+00
5.698872999999999855e+00 2.472465515136718750e+00
5.702706000000000053e+00 2.472465515136718750e+00
5.708275000000000432e+00 2.467290878295898438e+00
5.713803000000000409e+00 2.467290878295898438e+00
5.719370999999999761e+00 2.462116241455078125e+00
5.724903000000000297e+00 2.462116241455078125e+00
5.728880000000000194e+00 2.462116241455078125e+00
5.738031000000000326e+00 2.462116241455078125e+00
5.743653000000000119e+00 2.462116241455078125e+00
5.749249999999999972e+00 2.467290878295898438e+00
5.753086999999999840e+00 2.467290878295898438e+00
5.758685999999999972e+00 2.467290878295898438e+00
5.764219999999999899e+00 2.467290878295898438e+00
5.769816999999999751e+00 2.472465515136718750e+00
5.775425000000000253e+00 2.472465515136718750e+00
5.780994999999999884e+00 2.472465515136718750e+00
5.786599999999999966e+00 2.467290878295898438e+00
5.792159999999999975e+00 2.467290878295898438e+00
5.797845999999999833e+00 2.472465515136718750e+00
5.803378000000000370e+00 2.467290878295898438e+00
5.809012000000000064e+00 2.472465515136718750e+00
5.814578000000000024e+00 2.570782661437988281e+00
5.820195000000000007e+00 4.785508155822753906e+00
5.825834000000000401e+00 4.790682792663574219e+00
5.831400000000000361e+00 4.790682792663574219e+00
5.837031999999999776e+00 4.790682792663574219e+00
5.842610999999999777e+00 4.785508155822753906e+00
5.848253999999999841e+00 4.790682792663574219e+00
5.857389000000000401e+00 4.790682792663574219e+00
5.863063999999999609e+00 4.790682792663574219e+00
5.868737000000000315e+00 4.795857429504394531e+00
5.874335000000000306e+00 4.795857429504394531e+00
5.879987999999999992e+00 4.790682792663574219e+00
5.885680999999999941e+00 4.795857429504394531e+00
5.891303999999999874e+00 4.795857429504394531e+00
5.897066999999999837e+00 4.790682792663574219e+00
5.902816999999999759e+00 4.790682792663574219e+00
5.908513000000000126e+00 4.795857429504394531e+00
5.914138999999999591e+00 4.790682792663574219e+00
5.919821999999999917e+00 4.795857429504394531e+00
5.923745000000000260e+00 4.790682792663574219e+00
5.929439999999999600e+00 4.790682792663574219e+00
5.933257000000000225e+00 4.790682792663574219e+00
5.938947999999999894e+00 4.795857429504394531e+00
5.944580000000000197e+00 4.790682792663574219e+00
5.950281999999999627e+00 4.790682792663574219e+00
5.956000000000000405e+00 4.785508155822753906e+00
5.961738999999999677e+00 4.790682792663574219e+00
5.967406000000000432e+00 4.790682792663574219e+00
5.976577999999999946e+00 4.795857429504394531e+00
5.982293999999999556e+00 4.790682792663574219e+00
5.987945999999999991e+00 4.795857429504394531e+00
5.993591000000000335e+00 4.795857429504394531e+00
5.999289000000000094e+00 4.795857429504394531e+00
6.004970000000000141e+00 4.795857429504394531e+00
6.010715000000000252e+00 4.795857429504394531e+00
6.016415000000000290e+00 4.790682792663574219e+00
6.020285999999999582e+00 4.790682792663574219e+00
6.025987999999999900e+00 4.790682792663574219e+00
6.031648999999999816e+00 4.790682792663574219e+00
6.037346999999999575e+00 4.790682792663574219e+00
6.041279000000000288e+00 4.785508155822753906e+00
6.046985000000000277e+00 4.790682792663574219e+00
6.052865999999999858e+00 4.790682792663574219e+00
6.058589999999999698e+00 4.790682792663574219e+00
6.062503999999999671e+00 4.795857429504394531e+00
6.071887000000000256e+00 4.795857429504394531e+00
6.079730999999999774e+00 4.795857429504394531e+00
6.094784999999999897e+00 4.795857429504394531e+00
6.103182000000000329e+00 4.795857429504394531e+00
6.109352999999999589e+00 4.795857429504394531e+00
6.113312999999999775e+00 4.790682792663574219e+00
6.119136000000000131e+00 4.795857429504394531e+00
6.123120000000000118e+00 4.785508155822753906e+00
6.128975999999999758e+00 4.785508155822753906e+00
6.132932000000000272e+00 4.790682792663574219e+00
